0.000000 24034882.150000 11436.960000 5658.840000
0.010000 0.000000 0.000000 0.000000
0.020000 0.000000 0.000000 0.000000
0.030000 24034882.150000 11436.960000 5658.840000
0.040000 32453922.780000 91.480000 0.000000
0.050000 32330020.280000 91.290000 0.000000
0.060000 32343366.270000 90.780000 0.000000
0.070000 32352080.760000 92.380000 0.030000
0.080000 32442820.440000 41093.450000 94.780000
0.090000 37505746.890000 121851.990000 107.260000
0.100000 31702415.150000 16198.660000 3.650000
0.110000 31090478.020000 24434.550000 5.300000
0.120000 30790137.820000 29022.870000 8.260000
0.130000 30711626.730000 32234.580000 7.480000
0.140000 30489837.630000 34819.760000 9.020000
0.150000 30384105.580000 36879.900000 13.370000
0.160000 30430037.840000 35318.410000 14.670000
0.170000 30463119.300000 36479.190000 19.290000
0.180000 30342895.380000 37577.810000 18.740000
0.190000 30450303.030000 38829.760000 20.650000
0.200000 30400961.350000 39918.560000 21.870000
0.210000 30328164.510000 41057.540000 22.910000
0.220000 30211505.110000 41933.330000 31.190000
0.230000 30203485.140000 43229.020000 30.810000
0.240000 30127450.820000 43852.310000 41.060000
0.250000 30231048.010000 45609.280000 40.430000
0.260000 30170352.980000 46854.950000 39.020000
0.270000 30091122.410000 47424.400000 57.050000
0.280000 29975398.690000 48422.050000 56.150000
0.290000 29861343.150000 48463.810000 53.500000
0.300000 29872897.160000 49570.700000 57.280000
0.310000 29863360.300000 50049.270000 79.030000
0.320000 29858682.210000 51697.330000 71.520000
0.330000 29822639.560000 52719.210000 84.670000
0.340000 29753332.600000 53029.460000 92.430000
0.350000 29731508.580000 53728.070000 88.340000
0.360000 29701766.980000 54541.890000 99.470000
0.370000 29686304.430000 55203.540000 106.330000
0.380000 29857893.980000 56365.860000 129.930000
0.390000 29990055.130000 57340.250000 139.680000
0.400000 29957069.300000 58075.380000 127.840000
0.410000 29923391.730000 59005.290000 143.910000
0.420000 29824317.440000 59567.660000 141.700000
0.430000 29830764.530000 60674.250000 148.770000
0.440000 29838135.530000 60711.930000 141.280000
0.450000 29721005.640000 62444.020000 148.300000
0.460000 29664563.380000 62715.250000 155.550000
0.470000 29614888.060000 63410.650000 158.360000
0.480000 29600682.560000 64261.990000 195.260000
0.490000 29629798.200000 64282.640000 171.870000
0.500000 29542319.950000 65105.140000 184.440000
0.510000 29409086.390000 65718.910000 179.570000
0.520000 29469024.680000 66554.570000 189.550000
0.530000 29475843.790000 67044.380000 194.780000
0.540000 29411303.030000 67293.830000 195.390000
0.550000 29416160.330000 67760.880000 195.550000
0.560000 29353857.590000 68196.810000 200.280000
0.570000 29279441.250000 68959.910000 216.890000
0.580000 29281439.230000 69722.660000 222.770000
0.590000 29271833.440000 70037.890000 229.470000
0.600000 29238846.220000 70466.830000 224.650000
0.610000 29151250.230000 71042.440000 239.540000
0.620000 29027808.830000 71551.890000 240.660000
0.630000 29045272.540000 72137.720000 234.120000
0.640000 28945986.020000 72144.190000 227.130000
0.650000 28946053.940000 72740.330000 235.890000
0.660000 28896682.480000 73573.280000 254.980000
0.670000 28856088.100000 73898.380000 242.440000
0.680000 28979492.070000 74066.780000 259.520000
0.690000 28862338.480000 74273.830000 263.940000
0.700000 28784628.780000 74681.150000 260.890000
0.710000 28728735.810000 75325.310000 256.830000
0.720000 28700220.320000 75731.400000 277.890000
0.730000 28613709.900000 75600.960000 272.980000
0.740000 28678906.880000 76660.900000 275.130000
0.750000 28554745.250000 76282.790000 294.340000
0.760000 28598044.190000 77394.090000 284.740000
0.770000 28646049.920000 77892.700000 294.120000
0.780000 28637626.090000 77908.130000 295.320000
0.790000 28706961.010000 77912.930000 289.850000
0.800000 28614119.960000 78443.450000 290.240000
0.810000 28575099.760000 78758.220000 307.430000
0.820000 28602833.270000 78982.710000 308.560000
0.830000 28595234.460000 79475.090000 292.870000
0.840000 28492547.560000 79180.390000 301.210000
0.850000 28529134.980000 80253.100000 308.850000
0.860000 28477466.290000 79894.040000 332.430000
0.870000 28501299.210000 79562.110000 320.560000
0.880000 28397092.270000 80884.380000 305.800000
0.890000 28499547.490000 80772.500000 323.940000
0.900000 28432648.790000 81288.440000 315.480000
0.910000 28444165.130000 81523.280000 312.910000
0.920000 28447249.570000 81778.160000 326.890000
0.930000 28403245.000000 81837.080000 319.680000
0.940000 28431596.590000 82156.310000 332.840000
0.950000 28373675.710000 82025.800000 323.520000
0.960000 28390897.220000 82111.760000 343.130000
0.970000 28289751.320000 81896.870000 355.890000
0.980000 28233945.790000 81756.520000 355.200000
0.990000 28334614.560000 81571.840000 375.970000
1.000000 28301802.680000 81868.700000 366.430000
1.010000 28327689.550000 82278.680000 362.030000
1.020000 28252144.160000 82284.600000 352.540000
1.030000 28190678.360000 82062.060000 368.900000
1.040000 28215258.300000 82396.930000 381.030000
1.050000 28215518.960000 82831.610000 387.520000
1.060000 28248433.540000 82905.180000 379.100000
1.070000 28215667.520000 82838.240000 380.420000
1.080000 28234986.300000 83006.670000 396.070000
1.090000 28215731.090000 82712.540000 390.260000
1.100000 28221465.190000 83261.330000 393.450000
1.110000 28162124.920000 82969.320000 398.970000
1.120000 28069778.660000 82785.040000 396.320000
1.130000 28054215.060000 83045.000000 410.600000
1.140000 28112886.720000 83604.370000 425.050000
1.150000 28049995.410000 84001.710000 418.760000
1.160000 28011105.640000 83829.440000 396.780000
1.170000 27992632.670000 83663.330000 423.750000
1.180000 28084838.780000 83284.280000 433.100000
1.190000 28068444.610000 83414.390000 445.060000
1.200000 28019313.270000 83359.210000 435.040000
1.210000 27945536.830000 83335.200000 452.000000
1.220000 28040231.610000 84166.260000 464.050000
1.230000 28045587.400000 84336.770000 477.120000
1.240000 27987402.930000 84138.400000 489.800000
1.250000 27992667.480000 84176.720000 497.290000
1.260000 27952753.400000 84776.150000 491.350000
1.270000 27927484.980000 84201.260000 502.950000
1.280000 27939400.030000 84217.020000 502.160000
1.290000 27925397.480000 84361.740000 500.630000
1.300000 27931085.220000 84761.860000 512.870000
1.310000 27930028.140000 84608.320000 515.240000
1.320000 27872890.450000 84744.190000 519.540000
1.330000 27791511.030000 84790.990000 513.330000
1.340000 27038825.340000 149009.670000 12588.050000
1.350000 27455294.720000 185964.350000 7402.780000
1.360000 20261967.510000 492347.630000 6557.100000
1.370000 23584173.900000 364898.700000 15447.640000
1.380000 25554060.950000 259888.750000 21119.530000
1.390000 16234686.910000 136608.870000 30981.980000
1.400000 9338362.060000 64055.460000 27330.400000
1.410000 1786074.300000 15437.810000 2719.590000
1.420000 958983.340000 7224.830000 1914.590000
1.430000 407775.840000 1868.360000 1358.470000
1.440000 0.000000 0.000000 0.000000
1.450000 0.000000 0.000000 0.000000
1.460000 0.000000 0.000000 0.000000
1.470000 0.000000 0.000000 0.000000
1.480000 0.000000 0.000000 0.000000
1.490000 0.000000 0.000000 0.000000
1.500000 0.000000 0.000000 0.000000
