0.000000 33653479.460000 11552.020000 5733.530000
0.010000 0.000000 0.000000 0.000000
0.020000 0.000000 0.000000 0.000000
0.030000 24476087.630000 10745.670000 5330.860000
0.040000 30958823.060000 196.590000 57.560000
0.050000 32603054.920000 313.510000 114.200000
0.060000 35407876.710000 432.130000 173.000000
0.070000 33424148.000000 1574.730000 72.550000
0.080000 33060800.260000 54529.080000 376.140000
0.090000 36752967.980000 108434.550000 231.710000
0.100000 31594901.260000 17181.990000 19.030000
0.110000 31007989.970000 24874.170000 19.240000
0.120000 30741377.300000 29341.040000 20.820000
0.130000 30645420.070000 32430.980000 22.980000
0.140000 30427334.750000 34915.410000 28.090000
0.150000 29739767.560000 35986.630000 35.030000
0.160000 30382737.400000 35299.310000 34.990000
0.170000 30398828.650000 36509.090000 45.270000
0.180000 30298579.940000 37573.900000 47.960000
0.190000 30404651.800000 38834.170000 57.470000
0.200000 30352472.590000 39939.140000 62.230000
0.210000 30271321.390000 41016.720000 70.170000
0.220000 30169361.790000 41998.150000 77.180000
0.230000 30150829.890000 43134.950000 74.580000
0.240000 30086284.060000 43893.160000 92.080000
0.250000 30179254.880000 45593.750000 94.360000
0.260000 29825763.740000 46338.860000 87.400000
0.270000 30040347.390000 47411.590000 123.440000
0.280000 29916329.650000 48347.450000 127.480000
0.290000 29813031.610000 48448.810000 132.260000
0.300000 29827917.800000 49535.800000 136.250000
0.310000 29516393.360000 49576.210000 152.890000
0.320000 29813434.190000 51638.470000 162.180000
0.330000 29776309.920000 52670.310000 158.530000
0.340000 29403212.250000 52425.350000 164.970000
0.350000 29684323.250000 53686.840000 184.800000
0.360000 29655543.470000 54512.010000 195.100000
0.370000 29639017.370000 55125.610000 227.190000
0.380000 29823231.170000 56306.850000 223.080000
0.390000 29942739.120000 57338.260000 231.740000
0.400000 29914477.780000 57995.000000 241.570000
0.410000 29880942.420000 58958.250000 251.870000
0.420000 29476968.850000 58917.920000 261.790000
0.430000 29787195.390000 60600.400000 280.240000
0.440000 29786050.980000 60643.510000 293.270000
0.450000 29671146.390000 62391.590000 291.660000
0.460000 29622378.340000 62644.330000 300.830000
0.470000 29269501.570000 62719.900000 309.710000
0.480000 29561546.010000 64180.290000 320.880000
0.490000 29584180.080000 64197.930000 321.930000
0.500000 29501493.150000 65050.710000 323.790000
0.510000 29361585.620000 65624.100000 355.830000
0.520000 29424753.710000 66474.950000 340.700000
0.530000 29435250.600000 66979.270000 365.460000
0.540000 29078072.440000 66518.650000 365.950000
0.550000 29374971.830000 67671.930000 375.690000
0.560000 29311576.320000 68101.130000 374.330000
0.570000 29235554.760000 68937.400000 389.910000
0.580000 29244234.260000 69608.540000 390.620000
0.590000 29226608.680000 69889.010000 414.090000
0.600000 28896148.500000 69727.860000 405.300000
0.610000 29110787.310000 70985.360000 409.890000
0.620000 28989229.810000 71420.890000 424.180000
0.630000 28999732.090000 72008.900000 431.580000
0.640000 28901668.480000 72114.610000 433.300000
0.650000 28890538.850000 72695.290000 437.480000
0.660000 28853893.220000 73378.070000 465.830000
0.670000 28810823.800000 73775.070000 453.400000
0.680000 28924618.810000 73989.970000 463.320000
0.690000 28818771.410000 74141.770000 476.320000
0.700000 28729394.620000 74605.950000 504.950000
0.710000 28680473.950000 75133.150000 473.750000
0.720000 28654451.560000 75579.120000 506.450000
0.730000 28560756.820000 75524.690000 512.820000
0.740000 28634996.480000 76562.540000 512.440000
0.750000 28507673.020000 76235.860000 513.550000
0.760000 28548933.350000 77147.430000 529.690000
0.770000 28609185.960000 77693.270000 532.340000
0.780000 28568529.340000 77841.960000 538.230000
0.790000 28647187.950000 77863.220000 545.570000
0.800000 28551216.950000 78298.170000 564.490000
0.810000 28520476.580000 78597.930000 577.570000
0.820000 28547807.570000 78930.890000 561.270000
0.830000 28548399.920000 79238.540000 577.260000
0.840000 28441151.050000 78948.960000 589.420000
0.850000 28472848.270000 79955.010000 603.910000
0.860000 28413526.130000 80104.870000 621.270000
0.870000 28437355.030000 79427.970000 629.750000
0.880000 28350346.020000 80617.350000 598.960000
0.890000 28421859.370000 80672.200000 654.820000
0.900000 28379333.720000 81088.280000 638.030000
0.910000 28365402.080000 81298.740000 635.380000
0.920000 28375270.420000 81595.780000 658.470000
0.930000 28351279.010000 81551.290000 661.020000
0.940000 28370872.450000 81747.710000 673.710000
0.950000 28310380.480000 81893.660000 673.610000
0.960000 28311975.320000 82061.150000 698.530000
0.970000 28243700.650000 81656.010000 698.050000
0.980000 28160688.390000 81648.770000 707.610000
0.990000 28245160.240000 81627.610000 744.360000
1.000000 28236265.730000 81766.420000 739.620000
1.010000 28249293.310000 82113.240000 747.470000
1.020000 28191378.220000 82091.130000 743.960000
1.030000 28115643.210000 81916.540000 751.910000
1.040000 28143047.150000 82089.180000 774.050000
1.050000 28162736.380000 82436.960000 780.290000
1.060000 28179842.520000 82523.620000 790.520000
1.070000 28143337.020000 82795.400000 798.200000
1.080000 28159818.110000 82816.630000 819.380000
1.090000 28120627.850000 82768.660000 828.960000
1.100000 28131978.180000 83209.260000 838.770000
1.110000 28090578.020000 82900.650000 845.770000
1.120000 28003093.330000 82593.160000 844.600000
1.130000 27979057.350000 82748.450000 867.350000
1.140000 28043010.290000 83164.840000 900.040000
1.150000 27997483.060000 83514.260000 907.260000
1.160000 27914810.970000 83762.800000 886.930000
1.170000 27901207.700000 83493.000000 925.160000
1.180000 27984527.020000 83371.480000 954.500000
1.190000 27991431.180000 83320.510000 977.630000
1.200000 27953969.900000 83251.240000 960.070000
1.210000 27859899.130000 82967.620000 988.640000
1.220000 27929505.330000 83522.000000 1006.820000
1.230000 27963895.680000 83962.630000 1021.430000
1.240000 27904898.540000 84028.240000 1055.500000
1.250000 27886193.960000 83949.360000 1075.580000
1.260000 27856287.910000 84625.570000 1063.390000
1.270000 27809472.370000 84089.900000 1106.810000
1.280000 27844524.220000 84089.920000 1108.830000
1.290000 27828025.560000 83913.910000 1096.980000
1.300000 27825038.010000 84270.770000 1109.090000
1.310000 27843262.340000 84141.980000 1118.010000
1.320000 27791165.210000 84214.170000 1140.000000
1.330000 27693535.860000 84481.700000 1137.040000
1.340000 26664428.530000 126490.430000 14866.450000
1.350000 26769973.730000 181559.730000 15134.890000
1.360000 22743670.170000 346044.460000 11958.150000
1.370000 19422234.370000 460440.980000 24752.890000
1.380000 22550901.660000 253819.210000 36740.610000
1.390000 22132166.260000 199756.140000 50394.170000
1.400000 8333361.130000 53194.950000 25388.570000
1.410000 1822480.570000 21056.790000 4557.630000
1.420000 725411.450000 5774.540000 689.220000
1.430000 708338.700000 6014.340000 1055.890000
1.440000 690329.750000 4804.030000 1487.020000
1.450000 198650.040000 4586.960000 127.010000
1.460000 205511.930000 4100.490000 290.350000
1.470000 226036.610000 2284.530000 413.210000
1.480000 217322.710000 1813.260000 571.390000
1.490000 0.000000 0.000000 0.000000
1.500000 0.000000 0.000000 0.000000
