0.000000 36767121.430000 12869.930000 6987.520000
0.010000 0.000000 0.000000 0.000000
0.020000 0.000000 0.000000 0.000000
0.030000 23342282.810000 10046.160000 5181.640000
0.040000 31087418.940000 424.840000 175.590000
0.050000 33882098.920000 543.740000 235.070000
0.060000 32124182.380000 205.740000 61.260000
0.070000 34169641.240000 716.550000 446.020000
0.080000 26487697.840000 28551.720000 23821.050000
0.090000 24217474.340000 86464.330000 67133.790000
0.100000 27542731.650000 51618.590000 31518.560000
0.110000 31047017.910000 18707.690000 2813.070000
0.120000 30205568.240000 25169.760000 2656.190000
0.130000 30301014.000000 29445.490000 2768.260000
0.140000 30193071.840000 32380.990000 2749.780000
0.150000 29683749.310000 34226.470000 2726.140000
0.160000 29928206.370000 36220.940000 2840.210000
0.170000 29987961.660000 34792.440000 2832.390000
0.180000 29956995.350000 36065.080000 2918.730000
0.190000 29552118.170000 36764.150000 2910.240000
0.200000 29967570.540000 38321.530000 3034.820000
0.210000 29885693.040000 39379.620000 3132.170000
0.220000 29790558.030000 40407.000000 3240.370000
0.230000 29666266.160000 41334.130000 3414.810000
0.240000 29619481.020000 42431.770000 3548.680000
0.250000 29531659.960000 43037.050000 3720.000000
0.260000 29587892.310000 44653.230000 3963.270000
0.270000 29522535.690000 45802.850000 4077.740000
0.280000 29417984.530000 46444.450000 4294.570000
0.290000 29267104.050000 47322.250000 4545.920000
0.300000 29157042.350000 47295.300000 4667.620000
0.310000 29091610.340000 48285.160000 4865.190000
0.320000 29073013.350000 48709.290000 5114.030000
0.330000 29024549.550000 50229.240000 5329.540000
0.340000 28944415.390000 50929.030000 5682.460000
0.350000 28882519.220000 51513.700000 5881.070000
0.360000 28760942.910000 52072.200000 6213.090000
0.370000 28731481.250000 52481.690000 6351.960000
0.380000 28398330.050000 52743.490000 6533.960000
0.390000 28684284.860000 54146.160000 7004.000000
0.400000 28874535.490000 54837.760000 7189.150000
0.410000 28827928.560000 55947.730000 7504.190000
0.420000 28761100.820000 56331.850000 7659.450000
0.430000 28701075.040000 56973.040000 8021.740000
0.440000 28540938.130000 57858.700000 8232.850000
0.450000 28532568.090000 58163.740000 8581.890000
0.460000 28450525.680000 58809.020000 8663.420000
0.470000 28339275.800000 59855.080000 9071.000000
0.480000 28266933.810000 60071.400000 9151.400000
0.490000 28199783.960000 60802.100000 9410.470000
0.500000 28157639.380000 61328.100000 9701.070000
0.510000 28129304.480000 61378.290000 9902.420000
0.520000 28024663.090000 62080.730000 10068.580000
0.530000 27894115.890000 62535.340000 10154.810000
0.540000 27906312.100000 63291.680000 10471.560000
0.550000 27639969.260000 63215.710000 10441.170000
0.560000 27812508.700000 63728.520000 10949.290000
0.570000 27811384.440000 64158.830000 10957.550000
0.580000 27753767.370000 64392.210000 11133.680000
0.590000 27581568.900000 65401.820000 11373.290000
0.600000 27597260.470000 65843.930000 11690.600000
0.610000 27586497.530000 65636.410000 11689.590000
0.620000 27253084.950000 65880.780000 11666.500000
0.630000 27476854.760000 67050.540000 12003.610000
0.640000 27004289.830000 66764.140000 12143.560000
0.650000 27294126.650000 67240.690000 12253.540000
0.660000 26978863.840000 67256.310000 12281.420000
0.670000 27120924.810000 68099.350000 12547.350000
0.680000 27117855.250000 68681.930000 12689.880000
0.690000 27075569.590000 69261.930000 12807.300000
0.700000 27029682.310000 69475.270000 12911.830000
0.710000 26826850.500000 68980.320000 13012.730000
0.720000 27009608.730000 69670.660000 13112.590000
0.730000 26874003.150000 70039.180000 13464.450000
0.740000 26862075.600000 70508.750000 13324.350000
0.750000 26562847.710000 69572.600000 13465.020000
0.760000 26706997.470000 70925.050000 13620.670000
0.770000 26668543.310000 71885.970000 14046.430000
0.780000 26672413.080000 72192.190000 13905.620000
0.790000 26612052.530000 71861.140000 13929.740000
0.800000 26647324.410000 72394.690000 14182.420000
0.810000 26688282.850000 72458.250000 14170.030000
0.820000 26638289.840000 72726.950000 14336.400000
0.830000 26703568.010000 72871.500000 14376.330000
0.840000 26584794.360000 73366.790000 14492.740000
0.850000 26539010.810000 73689.350000 14692.450000
0.860000 26561758.790000 73867.340000 14682.750000
0.870000 26560696.640000 73914.460000 14664.970000
0.880000 26478948.540000 73645.940000 14652.620000
0.890000 26489614.080000 74063.700000 14777.170000
0.900000 26409598.240000 74677.640000 15038.760000
0.910000 26433392.410000 74289.680000 14856.980000
0.920000 26405405.010000 74790.160000 14993.550000
0.930000 26356783.160000 75435.630000 14925.150000
0.940000 26413001.380000 75472.210000 15145.010000
0.950000 26070625.210000 75267.820000 15107.690000
0.960000 26317050.570000 76077.920000 15389.930000
0.970000 26340485.570000 76200.110000 15376.000000
0.980000 26282523.220000 75990.110000 15436.960000
0.990000 26332612.690000 76141.480000 15433.060000
1.000000 26268585.250000 76124.710000 15365.130000
1.010000 26257556.560000 76233.560000 15566.430000
1.020000 26219929.760000 75995.930000 15506.610000
1.030000 26113329.010000 76044.750000 15614.720000
1.040000 26124618.620000 75972.870000 15750.680000
1.050000 26189943.560000 75923.530000 15641.960000
1.060000 26145831.130000 76375.050000 15931.940000
1.070000 26123628.870000 76669.090000 16015.880000
1.080000 25773795.210000 75663.140000 15794.390000
1.090000 26009359.680000 76260.250000 15921.870000
1.100000 26088990.620000 76667.120000 15853.100000
1.110000 26060283.090000 76701.500000 15890.470000
1.120000 26067236.260000 76729.800000 16049.840000
1.130000 26066888.300000 76643.170000 15951.750000
1.140000 26049933.570000 76959.890000 16024.540000
1.150000 26029963.610000 76940.270000 16093.090000
1.160000 26019482.230000 77298.410000 16135.960000
1.170000 25996628.220000 77353.380000 16198.760000
1.180000 25902758.390000 76967.690000 16222.880000
1.190000 25870640.980000 77028.040000 16189.800000
1.200000 25903870.550000 77222.160000 16101.010000
1.210000 25927393.140000 77496.170000 16208.860000
1.220000 25836226.650000 77396.570000 16409.480000
1.230000 25849801.930000 77655.480000 16220.420000
1.240000 25795682.070000 77653.610000 16320.560000
1.250000 25892581.610000 77311.990000 16231.540000
1.260000 25870682.340000 77298.500000 16495.450000
1.270000 25846425.700000 77592.100000 16374.110000
1.280000 25763605.740000 77182.000000 16288.700000
1.290000 25813692.750000 77517.830000 16343.400000
1.300000 25850822.580000 78051.610000 16504.740000
1.310000 25818539.000000 77579.420000 16518.740000
1.320000 25780764.730000 77755.560000 16521.420000
1.330000 25769404.730000 78120.240000 16484.810000
1.340000 25716275.740000 78552.530000 16666.010000
1.350000 25713129.320000 78014.430000 16650.120000
1.360000 25725306.060000 78003.860000 16640.840000
1.370000 25714725.950000 78091.140000 16616.690000
1.380000 25722906.390000 78516.950000 16667.360000
1.390000 25740448.900000 77999.440000 16594.320000
1.400000 25688804.210000 78248.700000 16648.680000
1.410000 25633131.030000 78249.830000 16633.920000
1.420000 24455983.810000 91258.700000 29480.770000
1.430000 21475454.650000 146598.680000 63970.620000
1.440000 17733076.500000 120793.820000 72791.270000
1.450000 16047679.830000 136934.990000 78895.440000
1.460000 6453719.770000 320998.420000 99413.660000
1.470000 7234812.350000 260162.280000 100413.140000
1.480000 12764674.150000 147067.730000 98657.840000
1.490000 13414692.280000 138257.790000 100635.130000
1.500000 13433406.170000 139034.890000 101162.210000
