32634068.000000 11299.000000 50.000000
33086927.000000 12518.000000 77.000000
32570500.000000 13113.000000 24.000000
32687191.000000 11284.000000 93.000000
33152958.000000 10335.000000 19.000000
33272461.000000 10589.000000 28.000000
32636878.000000 10229.000000 26.000000
32438286.000000 12354.000000 23.000000
32771905.000000 12465.000000 21.000000
32561078.000000 11390.000000 104.000000
31757086.000000 12756.000000 24.000000
32521172.000000 13745.000000 21.000000
32212569.000000 14427.000000 20.000000
32103630.000000 15772.000000 76.000000
32720253.000000 12079.000000 21.000000
32476999.000000 11192.000000 23.000000
32776952.000000 10492.000000 120.000000
32844221.000000 11019.000000 22.000000
32804566.000000 10140.000000 74.000000
32534324.000000 16484.000000 110.000000
32657758.000000 10636.000000 105.000000
32720297.000000 10693.000000 175.000000
33102542.000000 13023.000000 87.000000
32888035.000000 10157.000000 67.000000
32764081.000000 10213.000000 31.000000
32584127.000000 13371.000000 17.000000
32595244.000000 12155.000000 96.000000
32831694.000000 11229.000000 112.000000
32786664.000000 11547.000000 51.000000
32630904.000000 14643.000000 20.000000
32442271.000000 11457.000000 205.000000
33227631.000000 10113.000000 16.000000
32783893.000000 11660.000000 149.000000
32829367.000000 12029.000000 21.000000
32676465.000000 11351.000000 14.000000
32734355.000000 11518.000000 17.000000
33157495.000000 12170.000000 21.000000
32565588.000000 11923.000000 26.000000
32675361.000000 10604.000000 27.000000
33155485.000000 10913.000000 56.000000
32561931.000000 11245.000000 21.000000
32632201.000000 11279.000000 77.000000
32501638.000000 14602.000000 90.000000
32529186.000000 12145.000000 19.000000
32567657.000000 12660.000000 21.000000
32818188.000000 11697.000000 132.000000
32852469.000000 10741.000000 25.000000
32735374.000000 12932.000000 18.000000
32819099.000000 10116.000000 205.000000
32669560.000000 13116.000000 20.000000
32647866.000000 13479.000000 141.000000
32710899.000000 11871.000000 65.000000
32843583.000000 11123.000000 92.000000
32747236.000000 11038.000000 19.000000
32373673.000000 15121.000000 72.000000
32548352.000000 14161.000000 38.000000
32965309.000000 9995.000000 32.000000
32751516.000000 10150.000000 171.000000
33379014.000000 11739.000000 12.000000
32815174.000000 11797.000000 19.000000
32569281.000000 12692.000000 25.000000
33057422.000000 11044.000000 82.000000
32364659.000000 14529.000000 26.000000
32619064.000000 12264.000000 94.000000
32524655.000000 12307.000000 166.000000
32692342.000000 11117.000000 191.000000
32108952.000000 15061.000000 26.000000
32688970.000000 10745.000000 14.000000
32817790.000000 12137.000000 26.000000
33050703.000000 10855.000000 330.000000
33155478.000000 10041.000000 22.000000
32694940.000000 14247.000000 21.000000
32700574.000000 13446.000000 22.000000
32475329.000000 11428.000000 19.000000
32582962.000000 11147.000000 170.000000
32438942.000000 11673.000000 15.000000
33073414.000000 11420.000000 144.000000
32935223.000000 10183.000000 12.000000
32478435.000000 13285.000000 76.000000
32636011.000000 12835.000000 108.000000
32868573.000000 13011.000000 19.000000
32604981.000000 14086.000000 314.000000
32590724.000000 10932.000000 59.000000
32661184.000000 12806.000000 34.000000
32779202.000000 11109.000000 73.000000
33288601.000000 12299.000000 181.000000
32768565.000000 9978.000000 136.000000
32862897.000000 10200.000000 23.000000
32330435.000000 13553.000000 77.000000
32765213.000000 10626.000000 31.000000
33398287.000000 10303.000000 39.000000
32743812.000000 10632.000000 21.000000
32761258.000000 12891.000000 80.000000
32967588.000000 10543.000000 94.000000
32943587.000000 12912.000000 48.000000
32713372.000000 14434.000000 24.000000
32831992.000000 10815.000000 243.000000
32819984.000000 12405.000000 21.000000
32784084.000000 10919.000000 19.000000
32762931.000000 11650.000000 43.000000
