32872782.000000 10829.000000 3.000000
33349606.000000 10805.000000 0.000000
32584481.000000 11443.000000 3.000000
32767851.000000 12322.000000 3.000000
33297365.000000 11273.000000 2.000000
32611748.000000 12874.000000 1.000000
32833948.000000 15353.000000 2.000000
32592503.000000 10352.000000 2.000000
33216700.000000 12035.000000 0.000000
33073453.000000 10529.000000 1.000000
32530590.000000 9807.000000 4.000000
33262802.000000 14402.000000 5.000000
32614198.000000 14554.000000 8.000000
33174374.000000 9724.000000 3.000000
33012320.000000 12682.000000 0.000000
33037667.000000 13457.000000 6.000000
32737667.000000 12840.000000 2.000000
33319890.000000 12890.000000 2.000000
33482054.000000 11970.000000 2.000000
32895574.000000 12517.000000 3.000000
33565729.000000 10967.000000 0.000000
33503715.000000 12518.000000 3.000000
32993933.000000 11284.000000 0.000000
33229425.000000 15334.000000 5.000000
33490715.000000 12975.000000 1.000000
33072497.000000 10155.000000 2.000000
33212915.000000 16488.000000 2.000000
32879330.000000 11840.000000 0.000000
32507631.000000 12968.000000 3.000000
32681443.000000 12044.000000 5.000000
32855844.000000 11119.000000 1.000000
32966454.000000 11966.000000 5.000000
32978963.000000 12265.000000 0.000000
33141894.000000 10802.000000 1.000000
33260043.000000 12654.000000 3.000000
33275741.000000 11755.000000 2.000000
32703016.000000 11487.000000 5.000000
33157160.000000 11503.000000 1.000000
33670821.000000 12119.000000 0.000000
32617368.000000 11399.000000 0.000000
32891864.000000 13942.000000 0.000000
32718369.000000 12246.000000 4.000000
33415521.000000 12199.000000 5.000000
32756581.000000 8354.000000 4.000000
33104464.000000 11874.000000 3.000000
32522432.000000 12207.000000 4.000000
32929598.000000 14593.000000 5.000000
33660050.000000 12150.000000 1.000000
32808069.000000 10192.000000 2.000000
33375408.000000 13480.000000 1.000000
32272504.000000 12879.000000 1.000000
33473828.000000 9955.000000 1.000000
33229122.000000 12743.000000 3.000000
33323620.000000 11726.000000 2.000000
33460470.000000 16956.000000 3.000000
33029232.000000 13199.000000 1.000000
32922204.000000 12524.000000 0.000000
32764462.000000 18441.000000 5.000000
32921479.000000 13183.000000 1.000000
32605445.000000 11264.000000 2.000000
33145918.000000 11445.000000 3.000000
32152144.000000 11978.000000 0.000000
32597805.000000 12330.000000 2.000000
33300695.000000 13352.000000 5.000000
32536753.000000 10652.000000 1.000000
33287009.000000 14364.000000 3.000000
33086748.000000 13161.000000 4.000000
32546386.000000 11061.000000 2.000000
32796362.000000 13728.000000 3.000000
33609264.000000 11906.000000 1.000000
33468313.000000 10641.000000 0.000000
32797953.000000 14738.000000 0.000000
33387310.000000 11103.000000 3.000000
33293269.000000 15511.000000 1.000000
32995296.000000 12655.000000 2.000000
32809405.000000 10162.000000 3.000000
32887264.000000 10133.000000 4.000000
32762058.000000 10101.000000 1.000000
32891817.000000 14755.000000 8.000000
33378549.000000 12509.000000 2.000000
33151354.000000 13551.000000 2.000000
33223533.000000 11083.000000 3.000000
33162437.000000 9912.000000 1.000000
33113472.000000 19315.000000 2.000000
33436475.000000 13721.000000 0.000000
32878048.000000 12506.000000 2.000000
33651951.000000 13431.000000 2.000000
33461629.000000 9796.000000 3.000000
33048903.000000 11785.000000 2.000000
33425437.000000 10149.000000 5.000000
33440244.000000 12127.000000 0.000000
33242376.000000 10362.000000 0.000000
32908276.000000 14333.000000 12.000000
33161463.000000 10437.000000 3.000000
32832907.000000 11184.000000 4.000000
33628576.000000 12198.000000 3.000000
32705333.000000 11456.000000 1.000000
32900074.000000 14840.000000 2.000000
33364328.000000 10616.000000 3.000000
33506494.000000 12838.000000 1.000000
