27110806.000000 8712.000000 943.000000
26897271.000000 6876.000000 1140.000000
26951348.000000 7528.000000 736.000000
27000385.000000 7664.000000 637.000000
26949878.000000 8251.000000 659.000000
26945955.000000 8451.000000 598.000000
27017364.000000 7631.000000 621.000000
27068734.000000 6938.000000 848.000000
27225630.000000 6680.000000 605.000000
27191419.000000 6238.000000 488.000000
26830613.000000 7685.000000 809.000000
26839883.000000 8346.000000 869.000000
26966155.000000 7359.000000 573.000000
26972195.000000 7482.000000 734.000000
26994017.000000 7404.000000 610.000000
26823339.000000 7918.000000 948.000000
27004628.000000 7133.000000 607.000000
26931359.000000 8109.000000 772.000000
26967774.000000 7203.000000 897.000000
26906163.000000 8237.000000 552.000000
26920100.000000 8323.000000 471.000000
27079555.000000 8296.000000 577.000000
26906150.000000 7552.000000 817.000000
27086835.000000 6908.000000 904.000000
26920711.000000 8384.000000 627.000000
26977462.000000 8054.000000 711.000000
26965816.000000 7573.000000 715.000000
27003026.000000 7579.000000 595.000000
27180654.000000 7725.000000 611.000000
26859672.000000 8054.000000 906.000000
27111327.000000 8041.000000 853.000000
26969810.000000 8093.000000 384.000000
26973108.000000 7055.000000 1018.000000
27010450.000000 6983.000000 839.000000
26892809.000000 8015.000000 547.000000
27016503.000000 6986.000000 854.000000
26978198.000000 7209.000000 756.000000
26963156.000000 7674.000000 746.000000
27153621.000000 6878.000000 720.000000
26944172.000000 6551.000000 838.000000
26878727.000000 7816.000000 665.000000
26968695.000000 8438.000000 661.000000
27064973.000000 7263.000000 647.000000
26943210.000000 8572.000000 686.000000
27173125.000000 6761.000000 658.000000
26932460.000000 6743.000000 585.000000
26930041.000000 8296.000000 695.000000
26918102.000000 7807.000000 869.000000
27009879.000000 7756.000000 1020.000000
27028227.000000 6928.000000 541.000000
26964688.000000 7574.000000 681.000000
27165114.000000 6810.000000 656.000000
26949724.000000 7599.000000 698.000000
26887306.000000 7973.000000 646.000000
26868870.000000 8213.000000 787.000000
26932784.000000 7273.000000 895.000000
26908899.000000 8168.000000 754.000000
27072052.000000 6977.000000 780.000000
26859204.000000 8818.000000 717.000000
26952694.000000 9044.000000 609.000000
27166449.000000 7433.000000 763.000000
27045291.000000 7982.000000 744.000000
26979865.000000 7803.000000 940.000000
27176936.000000 7023.000000 697.000000
27108838.000000 6554.000000 775.000000
27121139.000000 7384.000000 662.000000
26974266.000000 9219.000000 828.000000
27152934.000000 6868.000000 505.000000
27075107.000000 8627.000000 582.000000
26895451.000000 8859.000000 722.000000
26994391.000000 7453.000000 640.000000
27202705.000000 6701.000000 682.000000
27029550.000000 8210.000000 427.000000
26798318.000000 7853.000000 898.000000
26958936.000000 7645.000000 936.000000
27045437.000000 6696.000000 972.000000
27070054.000000 8572.000000 919.000000
26935312.000000 8321.000000 813.000000
26886193.000000 6948.000000 924.000000
27143455.000000 6371.000000 744.000000
26855683.000000 8142.000000 1051.000000
26967745.000000 7142.000000 477.000000
26958186.000000 7677.000000 718.000000
26935460.000000 8162.000000 790.000000
27019903.000000 8266.000000 444.000000
27019647.000000 7071.000000 776.000000
26765797.000000 7591.000000 965.000000
27046279.000000 7789.000000 759.000000
26764128.000000 7658.000000 613.000000
26851500.000000 8410.000000 898.000000
27033570.000000 6749.000000 517.000000
27025270.000000 8525.000000 612.000000
26791118.000000 8971.000000 819.000000
26911937.000000 9369.000000 523.000000
26988482.000000 7430.000000 605.000000
26983588.000000 6897.000000 813.000000
26967633.000000 7875.000000 749.000000
26845232.000000 8554.000000 859.000000
27147827.000000 6991.000000 737.000000
27150454.000000 6767.000000 753.000000
