32182555.000000 9441.000000 2230.000000
32367629.000000 11116.000000 1855.000000
30241629.000000 8966.000000 1975.000000
32184598.000000 10447.000000 2295.000000
32191045.000000 12087.000000 2253.000000
32014465.000000 11050.000000 2337.000000
32238139.000000 10556.000000 2254.000000
32068452.000000 10833.000000 2274.000000
32312662.000000 10273.000000 2197.000000
32233977.000000 10801.000000 2291.000000
32205309.000000 10392.000000 2038.000000
32002138.000000 12426.000000 2377.000000
32201704.000000 12624.000000 2092.000000
30022846.000000 9238.000000 2025.000000
32240405.000000 11016.000000 2317.000000
32205773.000000 11275.000000 2220.000000
32222489.000000 10722.000000 2324.000000
32187785.000000 11312.000000 2326.000000
32228003.000000 9811.000000 2285.000000
32192160.000000 9963.000000 2271.000000
32147818.000000 15175.000000 2233.000000
32359303.000000 9948.000000 2206.000000
32208946.000000 10646.000000 2235.000000
32385262.000000 9852.000000 2187.000000
32118654.000000 15514.000000 2213.000000
32276040.000000 10319.000000 1873.000000
31955055.000000 11646.000000 2239.000000
97842891.000000 32224.000000 7050.000000
32282647.000000 10138.000000 2269.000000
32195406.000000 11503.000000 2228.000000
32033651.000000 11356.000000 2226.000000
32122287.000000 12892.000000 2281.000000
32172144.000000 10307.000000 2298.000000
32169598.000000 11261.000000 2276.000000
31360346.000000 11125.000000 2208.000000
32167946.000000 12002.000000 2291.000000
32346365.000000 9255.000000 2224.000000
32199710.000000 11686.000000 2215.000000
32189503.000000 10576.000000 2253.000000
32053645.000000 20513.000000 2176.000000
32173745.000000 10715.000000 2336.000000
32145887.000000 8775.000000 2303.000000
32221301.000000 10927.000000 2206.000000
32224713.000000 11390.000000 2275.000000
31738333.000000 9841.000000 2172.000000
32171287.000000 10350.000000 2360.000000
32168224.000000 13340.000000 2281.000000
32089469.000000 12596.000000 2274.000000
32253567.000000 9693.000000 2295.000000
32011024.000000 11372.000000 2265.000000
31945577.000000 10934.000000 2279.000000
32167237.000000 10767.000000 2316.000000
32225448.000000 10610.000000 2297.000000
32074009.000000 12700.000000 2339.000000
31993653.000000 10270.000000 2314.000000
32039531.000000 13666.000000 2256.000000
32011706.000000 9927.000000 2334.000000
32168160.000000 10191.000000 2291.000000
31821031.000000 12203.000000 2318.000000
32202388.000000 11584.000000 2219.000000
32195467.000000 11419.000000 2169.000000
32150496.000000 11375.000000 2333.000000
32165363.000000 11083.000000 2296.000000
32168170.000000 11986.000000 2063.000000
32168157.000000 12534.000000 2338.000000
32207873.000000 10070.000000 2347.000000
32019033.000000 17401.000000 2254.000000
32187833.000000 11214.000000 2259.000000
30732397.000000 10430.000000 2078.000000
32176042.000000 11392.000000 2106.000000
32208519.000000 11770.000000 2272.000000
31858136.000000 15881.000000 2144.000000
32009825.000000 15941.000000 2345.000000
31102427.000000 15197.000000 2112.000000
32255752.000000 11575.000000 2197.000000
31962236.000000 10915.000000 2281.000000
32162019.000000 13593.000000 2325.000000
32093395.000000 16102.000000 2244.000000
32186792.000000 11150.000000 2300.000000
31914741.000000 13452.000000 2196.000000
32168168.000000 10137.000000 2232.000000
32243161.000000 12549.000000 2305.000000
32186814.000000 9855.000000 2239.000000
32196954.000000 11653.000000 2251.000000
32081350.000000 14869.000000 2261.000000
32307388.000000 9508.000000 2302.000000
32206683.000000 11126.000000 2185.000000
32273952.000000 10908.000000 2362.000000
32117092.000000 13113.000000 2231.000000
32163801.000000 13318.000000 2228.000000
32306380.000000 9843.000000 2126.000000
32203918.000000 12357.000000 2001.000000
32172749.000000 10203.000000 2196.000000
32267686.000000 10693.000000 2037.000000
32166011.000000 11822.000000 2260.000000
32278509.000000 11410.000000 2231.000000
32206374.000000 11011.000000 2244.000000
99237913.000000 32143.000000 7277.000000
32120320.000000 12937.000000 2221.000000
32148854.000000 12475.000000 2376.000000
