32322792.000000 12020.000000 6.000000
32666128.000000 11070.000000 0.000000
32704858.000000 10072.000000 2.000000
32781675.000000 10979.000000 1.000000
32414306.000000 10499.000000 1.000000
32287570.000000 10114.000000 1.000000
32647694.000000 10427.000000 1.000000
33085558.000000 11303.000000 0.000000
32618023.000000 12499.000000 2.000000
33080514.000000 13429.000000 2.000000
32853996.000000 11681.000000 30.000000
32669862.000000 11314.000000 0.000000
33039397.000000 9546.000000 49.000000
32781909.000000 13935.000000 6.000000
32395381.000000 11929.000000 3.000000
32841743.000000 13484.000000 7.000000
33121453.000000 11164.000000 1.000000
32465330.000000 10024.000000 1.000000
32579504.000000 9496.000000 1.000000
32860701.000000 11189.000000 4.000000
32746742.000000 13374.000000 3.000000
32416454.000000 12160.000000 2.000000
32964722.000000 10295.000000 1.000000
32974898.000000 10114.000000 1.000000
33075973.000000 10730.000000 2.000000
32741244.000000 13142.000000 0.000000
32438146.000000 11132.000000 2.000000
32479752.000000 10439.000000 0.000000
32567455.000000 10792.000000 3.000000
31639315.000000 16278.000000 0.000000
32737805.000000 11754.000000 0.000000
32669133.000000 12402.000000 7.000000
32244291.000000 12054.000000 1.000000
32910256.000000 10248.000000 1.000000
32867302.000000 10997.000000 1.000000
32661349.000000 10832.000000 1.000000
32431919.000000 10510.000000 0.000000
32760641.000000 12641.000000 2.000000
32091156.000000 12992.000000 0.000000
32068479.000000 13123.000000 2.000000
33043970.000000 13859.000000 3.000000
32434169.000000 9557.000000 3.000000
32838689.000000 10799.000000 0.000000
32799613.000000 10500.000000 1.000000
32620345.000000 10118.000000 5.000000
32584173.000000 10304.000000 2.000000
32561183.000000 9707.000000 4.000000
32740996.000000 11134.000000 0.000000
32479341.000000 10142.000000 6.000000
32453732.000000 12485.000000 2.000000
32807126.000000 11487.000000 3.000000
32922896.000000 12271.000000 2.000000
32501645.000000 10041.000000 1.000000
32595528.000000 12063.000000 1.000000
33026754.000000 11854.000000 1.000000
32847113.000000 11588.000000 2.000000
32491995.000000 10064.000000 2.000000
33089489.000000 11286.000000 2.000000
32694809.000000 10399.000000 2.000000
32381319.000000 12736.000000 1.000000
32541277.000000 14484.000000 44.000000
32898180.000000 10591.000000 3.000000
32697412.000000 10770.000000 3.000000
33135914.000000 10141.000000 2.000000
32407341.000000 13668.000000 4.000000
33185200.000000 12185.000000 2.000000
32746048.000000 11592.000000 49.000000
32142428.000000 11444.000000 2.000000
32632489.000000 10613.000000 1.000000
32960853.000000 11958.000000 7.000000
32491389.000000 12457.000000 2.000000
32696503.000000 10104.000000 104.000000
32718707.000000 12563.000000 44.000000
32589713.000000 10756.000000 6.000000
33033920.000000 11618.000000 1.000000
33018907.000000 13688.000000 0.000000
32377974.000000 10483.000000 40.000000
32682767.000000 11678.000000 1.000000
32246551.000000 12628.000000 2.000000
32502840.000000 11120.000000 2.000000
32821598.000000 13271.000000 1.000000
32852179.000000 13613.000000 1.000000
32871518.000000 12976.000000 3.000000
32319706.000000 11696.000000 35.000000
33119513.000000 10753.000000 3.000000
32651053.000000 9500.000000 3.000000
32468641.000000 12791.000000 2.000000
33064626.000000 10573.000000 1.000000
33111282.000000 14449.000000 1.000000
32250214.000000 13495.000000 46.000000
32574167.000000 13651.000000 7.000000
32622310.000000 14557.000000 0.000000
32440863.000000 12559.000000 2.000000
32458444.000000 12164.000000 1.000000
33099007.000000 12896.000000 25.000000
32691165.000000 13166.000000 6.000000
32591488.000000 9546.000000 0.000000
32470663.000000 15909.000000 0.000000
32758887.000000 14798.000000 1.000000
33312046.000000 10838.000000 0.000000
