28672483.000000 15910.000000 8984.000000
31473172.000000 13689.000000 6780.000000
30319709.000000 28594.000000 20162.000000
29356827.000000 17294.000000 8256.000000
30974384.000000 16877.000000 7382.000000
30309190.000000 15443.000000 5943.000000
29586524.000000 14275.000000 4111.000000
24823568.000000 18667.000000 12450.000000
28037576.000000 17126.000000 10276.000000
30967429.000000 13484.000000 3158.000000
31757903.000000 12385.000000 3472.000000
29956997.000000 13714.000000 6702.000000
31771488.000000 14366.000000 6523.000000
30422725.000000 15918.000000 7300.000000
32705863.000000 11597.000000 3790.000000
30041013.000000 19809.000000 8240.000000
31753828.000000 12608.000000 4554.000000
31887702.000000 11164.000000 3134.000000
31529369.000000 13710.000000 5080.000000
29061795.000000 22987.000000 12677.000000
32599260.000000 21822.000000 9511.000000
28657444.000000 18724.000000 10604.000000
30297793.000000 19175.000000 8915.000000
31509206.000000 13945.000000 4887.000000
30800955.000000 14155.000000 5343.000000
30147748.000000 15984.000000 5226.000000
29339970.000000 12105.000000 3458.000000
31082251.000000 15631.000000 7220.000000
29807685.000000 25125.000000 17681.000000
32102626.000000 12283.000000 4620.000000
30359731.000000 19695.000000 11902.000000
29981315.000000 21027.000000 9627.000000
29780769.000000 19345.000000 9589.000000
31096472.000000 12603.000000 4320.000000
28917240.000000 16543.000000 7881.000000
28232154.000000 37543.000000 30006.000000
26885105.000000 32789.000000 22725.000000
31601348.000000 20091.000000 8845.000000
30482948.000000 17445.000000 9822.000000
28534319.000000 10951.000000 3133.000000
28368974.000000 17572.000000 8944.000000
32099446.000000 12137.000000 3243.000000
30860770.000000 20194.000000 10556.000000
31392365.000000 13705.000000 3724.000000
31787946.000000 17103.000000 7987.000000
30369782.000000 17066.000000 7797.000000
32454934.000000 14069.000000 3329.000000
32666009.000000 14246.000000 5149.000000
33177031.000000 14283.000000 5103.000000
31413868.000000 12907.000000 2857.000000
30742964.000000 16251.000000 7438.000000
32455255.000000 15026.000000 4886.000000
32334400.000000 12811.000000 3002.000000
32597176.000000 14988.000000 5856.000000
32352245.000000 14317.000000 5557.000000
29854547.000000 14250.000000 6818.000000
29302985.000000 17718.000000 7871.000000
28328778.000000 31531.000000 24181.000000
31000991.000000 21383.000000 12065.000000
31990003.000000 15262.000000 6321.000000
29075587.000000 13645.000000 4683.000000
29043830.000000 18941.000000 9925.000000
32343067.000000 11950.000000 4014.000000
31566189.000000 11779.000000 4369.000000
31069023.000000 10697.000000 3431.000000
31054039.000000 12740.000000 4202.000000
1368885.000000 94094.000000 92904.000000
30887268.000000 19956.000000 8962.000000
29991880.000000 11446.000000 4428.000000
27895600.000000 27429.000000 16629.000000
30123778.000000 12584.000000 3840.000000
30877889.000000 20667.000000 11973.000000
30732404.000000 11632.000000 3613.000000
26169425.000000 21825.000000 15089.000000
30554296.000000 21843.000000 10809.000000
30006243.000000 12983.000000 4637.000000
32128275.000000 11390.000000 3400.000000
27461744.000000 23645.000000 16822.000000
28855824.000000 17309.000000 9726.000000
30415491.000000 12964.000000 4555.000000
29445759.000000 15807.000000 7574.000000
28257712.000000 20882.000000 11579.000000
29745457.000000 17111.000000 9218.000000
32146555.000000 12175.000000 3496.000000
28699620.000000 15091.000000 6256.000000
30462671.000000 13246.000000 5099.000000
29153427.000000 15350.000000 7614.000000
29169134.000000 23650.000000 16126.000000
29259623.000000 21669.000000 12981.000000
29731720.000000 15425.000000 5747.000000
31271360.000000 14842.000000 5814.000000
29005319.000000 22153.000000 13720.000000
29988733.000000 15393.000000 4542.000000
29706039.000000 21146.000000 12906.000000
29451777.000000 13395.000000 4965.000000
31803309.000000 14549.000000 4471.000000
31492483.000000 14940.000000 6556.000000
27340247.000000 29936.000000 23523.000000
31462628.000000 16309.000000 5696.000000
30095366.000000 10478.000000 2700.000000
