27313114.000000 7625.000000 65.000000
27410306.000000 7546.000000 1.000000
27372690.000000 8016.000000 8.000000
27392630.000000 7641.000000 62.000000
27089625.000000 7755.000000 4.000000
27514099.000000 7142.000000 5.000000
27338262.000000 8457.000000 14.000000
27370488.000000 8054.000000 2.000000
27385865.000000 9405.000000 2.000000
27368066.000000 7771.000000 16.000000
27448560.000000 7297.000000 8.000000
27379936.000000 7538.000000 1.000000
27075833.000000 10397.000000 66.000000
27272221.000000 7453.000000 0.000000
27426248.000000 7229.000000 1.000000
27410898.000000 7813.000000 3.000000
27079248.000000 9117.000000 25.000000
27469064.000000 7609.000000 0.000000
27397065.000000 7852.000000 3.000000
27421152.000000 7344.000000 3.000000
27454891.000000 6960.000000 1.000000
27445034.000000 7436.000000 0.000000
27396778.000000 7346.000000 1.000000
27431428.000000 6694.000000 2.000000
27380256.000000 8199.000000 2.000000
27469904.000000 7333.000000 1.000000
27351049.000000 9255.000000 0.000000
27439255.000000 7037.000000 0.000000
27396037.000000 7779.000000 2.000000
27447566.000000 7989.000000 16.000000
27372342.000000 7875.000000 0.000000
27444876.000000 7543.000000 1.000000
27398187.000000 7716.000000 111.000000
27378413.000000 7358.000000 0.000000
27532534.000000 7451.000000 0.000000
27463143.000000 7234.000000 6.000000
27370381.000000 7771.000000 1.000000
27303203.000000 7890.000000 3.000000
27371178.000000 7947.000000 2.000000
27070433.000000 6968.000000 0.000000
27169943.000000 9870.000000 1.000000
27344556.000000 9630.000000 0.000000
27382635.000000 8265.000000 0.000000
27240914.000000 9132.000000 7.000000
27396778.000000 7399.000000 0.000000
27247985.000000 7246.000000 5.000000
27383765.000000 7506.000000 1.000000
27393301.000000 7808.000000 1.000000
27454858.000000 7164.000000 1.000000
27420784.000000 8147.000000 1.000000
27337061.000000 8172.000000 2.000000
27338618.000000 8439.000000 9.000000
27493933.000000 7706.000000 14.000000
27373086.000000 7465.000000 1.000000
27352785.000000 9177.000000 2.000000
27416353.000000 6912.000000 9.000000
27354778.000000 8326.000000 16.000000
27381034.000000 7504.000000 2.000000
27420623.000000 7195.000000 2.000000
27317295.000000 8110.000000 35.000000
27445592.000000 6666.000000 2.000000
27361108.000000 8210.000000 11.000000
27470149.000000 7058.000000 15.000000
26856266.000000 8559.000000 2.000000
27448901.000000 7106.000000 11.000000
27417964.000000 7406.000000 0.000000
27329890.000000 7023.000000 6.000000
27397216.000000 7067.000000 2.000000
27373315.000000 8087.000000 1.000000
27388362.000000 8367.000000 0.000000
27110641.000000 7764.000000 12.000000
27373339.000000 8392.000000 52.000000
27339091.000000 8900.000000 29.000000
27331093.000000 7896.000000 7.000000
27413771.000000 8642.000000 0.000000
27410341.000000 6977.000000 27.000000
27380624.000000 8112.000000 1.000000
27345068.000000 7994.000000 3.000000
27328119.000000 8371.000000 3.000000
27426083.000000 6995.000000 3.000000
27338689.000000 7713.000000 5.000000
27388750.000000 7947.000000 4.000000
27490957.000000 7138.000000 4.000000
27358373.000000 8402.000000 2.000000
27430621.000000 7467.000000 2.000000
27378314.000000 6943.000000 1.000000
27415017.000000 7148.000000 1.000000
27476820.000000 6839.000000 0.000000
27317975.000000 8374.000000 5.000000
27394029.000000 8264.000000 1.000000
27397819.000000 7993.000000 3.000000
27442824.000000 7947.000000 0.000000
27439987.000000 6942.000000 0.000000
27366315.000000 7047.000000 0.000000
27372710.000000 7198.000000 2.000000
27437544.000000 6722.000000 4.000000
245963060.000000 77828.000000 125.000000
27096249.000000 9612.000000 3.000000
27519805.000000 6978.000000 1.000000
