27225628.000000 7038.000000 1467.000000
26905655.000000 7759.000000 1696.000000
26941298.000000 8348.000000 1579.000000
26897436.000000 7110.000000 1678.000000
27202100.000000 7680.000000 1495.000000
27235061.000000 7085.000000 1488.000000
27178579.000000 8072.000000 1671.000000
27167810.000000 9159.000000 1485.000000
27099634.000000 8171.000000 1496.000000
27118663.000000 8388.000000 1694.000000
27097304.000000 7533.000000 1335.000000
27293696.000000 7426.000000 1076.000000
27014262.000000 6917.000000 1454.000000
27027547.000000 7898.000000 1548.000000
26931918.000000 7372.000000 1640.000000
26992887.000000 6941.000000 1466.000000
27179750.000000 7985.000000 1716.000000
27045748.000000 7348.000000 1769.000000
27133572.000000 7087.000000 1650.000000
27000986.000000 7183.000000 1530.000000
26383735.000000 7362.000000 1509.000000
27080806.000000 6510.000000 1815.000000
27116868.000000 7699.000000 1634.000000
26970260.000000 7270.000000 1591.000000
27173781.000000 7721.000000 1599.000000
26990534.000000 7827.000000 1504.000000
26886592.000000 7117.000000 1686.000000
27145354.000000 7258.000000 1472.000000
27248176.000000 7952.000000 1984.000000
26966056.000000 6807.000000 1659.000000
26985991.000000 6327.000000 1609.000000
26920478.000000 8083.000000 1637.000000
27104305.000000 7589.000000 1808.000000
26910761.000000 6508.000000 1814.000000
27109757.000000 8924.000000 1707.000000
27351116.000000 8012.000000 1617.000000
27150517.000000 7908.000000 1623.000000
27034767.000000 6618.000000 1233.000000
26987012.000000 9471.000000 1445.000000
26855215.000000 7038.000000 1494.000000
26876062.000000 7532.000000 1042.000000
26830778.000000 7188.000000 991.000000
27029192.000000 7285.000000 1020.000000
27131988.000000 8388.000000 870.000000
27229600.000000 7506.000000 1107.000000
26899545.000000 7796.000000 1194.000000
26918083.000000 8358.000000 1215.000000
26950888.000000 8703.000000 933.000000
26854042.000000 7218.000000 1189.000000
26898437.000000 8000.000000 1372.000000
26937019.000000 7775.000000 1261.000000
26876996.000000 6643.000000 1032.000000
26914269.000000 6982.000000 1186.000000
27143896.000000 7301.000000 885.000000
26949887.000000 7092.000000 772.000000
26841904.000000 6436.000000 1128.000000
27204979.000000 7932.000000 897.000000
26860013.000000 6672.000000 1180.000000
26874952.000000 8320.000000 940.000000
27181513.000000 7064.000000 1205.000000
26923054.000000 7979.000000 1018.000000
26842790.000000 6668.000000 1203.000000
27145347.000000 8029.000000 957.000000
26810166.000000 7385.000000 1081.000000
26791106.000000 7000.000000 1120.000000
26853233.000000 7862.000000 1033.000000
26884459.000000 7028.000000 1204.000000
27384948.000000 6889.000000 976.000000
27072083.000000 7119.000000 862.000000
26941334.000000 7665.000000 958.000000
27028715.000000 7333.000000 988.000000
27004827.000000 6735.000000 949.000000
27011378.000000 7813.000000 919.000000
27088352.000000 7646.000000 976.000000
26992245.000000 9446.000000 812.000000
26852055.000000 8440.000000 1273.000000
26950508.000000 7927.000000 884.000000
26892335.000000 8890.000000 1131.000000
27141072.000000 6817.000000 1067.000000
26802929.000000 7019.000000 1325.000000
26824281.000000 6969.000000 1226.000000
26938743.000000 7074.000000 946.000000
26903782.000000 6683.000000 1059.000000
26873741.000000 8520.000000 757.000000
26911675.000000 8246.000000 872.000000
26864309.000000 7754.000000 1097.000000
26822776.000000 6864.000000 949.000000
26930247.000000 8306.000000 1095.000000
26844869.000000 7651.000000 1213.000000
26971159.000000 8241.000000 976.000000
26952398.000000 7356.000000 964.000000
26960268.000000 7719.000000 799.000000
26796250.000000 7720.000000 959.000000
26915898.000000 8198.000000 1039.000000
26986547.000000 7227.000000 1339.000000
26850140.000000 7370.000000 1193.000000
27673935.000000 6899.000000 1078.000000
27154902.000000 8936.000000 1002.000000
26903498.000000 7464.000000 979.000000
26957549.000000 6873.000000 896.000000
