33540667.000000 12686.000000 1121.000000
34005001.000000 13412.000000 1078.000000
33825212.000000 12814.000000 542.000000
34117757.000000 12620.000000 568.000000
34054753.000000 13777.000000 942.000000
34106006.000000 14120.000000 790.000000
33858566.000000 13007.000000 727.000000
33788341.000000 15496.000000 641.000000
33957326.000000 13374.000000 792.000000
33772596.000000 13257.000000 856.000000
33654356.000000 12379.000000 792.000000
33456579.000000 13711.000000 768.000000
33627732.000000 13537.000000 498.000000
34041633.000000 11759.000000 527.000000
34065729.000000 13800.000000 495.000000
33522810.000000 13418.000000 975.000000
34050440.000000 13446.000000 676.000000
33554515.000000 16270.000000 1543.000000
33392130.000000 12377.000000 952.000000
33733521.000000 12953.000000 691.000000
34066119.000000 11934.000000 726.000000
33501442.000000 12964.000000 1153.000000
34082175.000000 11529.000000 693.000000
33506293.000000 13967.000000 828.000000
33602041.000000 14672.000000 953.000000
33947079.000000 12879.000000 586.000000
33971138.000000 11647.000000 850.000000
34044544.000000 14536.000000 811.000000
33804114.000000 13579.000000 981.000000
33709978.000000 12457.000000 544.000000
33874055.000000 12129.000000 895.000000
33906992.000000 15265.000000 808.000000
34005004.000000 11345.000000 1012.000000
33453692.000000 13805.000000 988.000000
33919957.000000 15303.000000 646.000000
33625363.000000 16757.000000 696.000000
33621341.000000 14350.000000 1051.000000
33750645.000000 13819.000000 607.000000
34010093.000000 12930.000000 550.000000
32995353.000000 12706.000000 964.000000
33956317.000000 13670.000000 561.000000
33636382.000000 12582.000000 926.000000
33512438.000000 13136.000000 1111.000000
34016033.000000 12233.000000 957.000000
34015252.000000 11580.000000 1216.000000
34135738.000000 14997.000000 745.000000
34317454.000000 13160.000000 777.000000
33975197.000000 14125.000000 1029.000000
33918712.000000 11934.000000 985.000000
33577132.000000 14594.000000 710.000000
34030152.000000 13178.000000 908.000000
33700025.000000 12601.000000 736.000000
33615586.000000 11827.000000 703.000000
33613716.000000 15208.000000 536.000000
33399517.000000 12694.000000 920.000000
34003011.000000 11871.000000 755.000000
34020588.000000 12340.000000 1114.000000
33823646.000000 15230.000000 871.000000
33911159.000000 14269.000000 761.000000
33705729.000000 14172.000000 583.000000
33505205.000000 15256.000000 605.000000
34209778.000000 11853.000000 866.000000
34344357.000000 12583.000000 572.000000
34210824.000000 12603.000000 574.000000
33799912.000000 13542.000000 676.000000
33961774.000000 11495.000000 646.000000
33603446.000000 14235.000000 650.000000
34161410.000000 12741.000000 640.000000
33520167.000000 13660.000000 1066.000000
33918551.000000 12607.000000 612.000000
34111297.000000 13199.000000 659.000000
33026600.000000 11074.000000 561.000000
34108514.000000 11422.000000 1323.000000
34123665.000000 11571.000000 929.000000
33917874.000000 13764.000000 1123.000000
33651463.000000 15563.000000 620.000000
33612727.000000 13462.000000 609.000000
33340044.000000 12129.000000 1076.000000
33843149.000000 12484.000000 748.000000
34146191.000000 12259.000000 906.000000
33707750.000000 11694.000000 995.000000
33952028.000000 13549.000000 616.000000
33421606.000000 14595.000000 701.000000
34101959.000000 11191.000000 745.000000
33473021.000000 12696.000000 1002.000000
33920495.000000 14260.000000 750.000000
33779851.000000 12452.000000 550.000000
33870735.000000 16100.000000 1006.000000
33950866.000000 12883.000000 950.000000
33830192.000000 11336.000000 1018.000000
33905292.000000 12891.000000 1087.000000
33729593.000000 12566.000000 1126.000000
33699477.000000 11504.000000 821.000000
33703170.000000 13498.000000 1198.000000
33902883.000000 15283.000000 705.000000
33699419.000000 12813.000000 1107.000000
33538935.000000 12917.000000 1225.000000
33325292.000000 16244.000000 485.000000
33787858.000000 11278.000000 585.000000
34196077.000000 12270.000000 1156.000000
