33620121.000000 15124.000000 1274.000000
33943199.000000 13381.000000 1814.000000
33903266.000000 13942.000000 1819.000000
33363046.000000 13478.000000 1774.000000
33384681.000000 15418.000000 1702.000000
33302462.000000 13240.000000 2049.000000
33354050.000000 14951.000000 1534.000000
33390127.000000 13835.000000 1604.000000
33752721.000000 11373.000000 1751.000000
33978392.000000 12159.000000 2117.000000
33343205.000000 11919.000000 1682.000000
33258603.000000 12483.000000 1762.000000
33221897.000000 13520.000000 1777.000000
33688131.000000 14188.000000 1869.000000
32205892.000000 14025.000000 1754.000000
33308914.000000 13649.000000 1722.000000
33210524.000000 14657.000000 2045.000000
33371665.000000 13563.000000 1863.000000
33967883.000000 11606.000000 1665.000000
33470243.000000 12726.000000 1705.000000
34003370.000000 12839.000000 1448.000000
33187910.000000 14616.000000 1874.000000
33382397.000000 12332.000000 1658.000000
33470810.000000 13874.000000 1665.000000
33419083.000000 15839.000000 1855.000000
33144409.000000 16690.000000 1672.000000
33474458.000000 13543.000000 1878.000000
33234841.000000 25433.000000 1436.000000
33283898.000000 11584.000000 1676.000000
33279062.000000 12606.000000 1666.000000
33387157.000000 11486.000000 1569.000000
33212384.000000 12791.000000 2128.000000
33286528.000000 11457.000000 1766.000000
34132497.000000 11696.000000 1967.000000
33336161.000000 15368.000000 1939.000000
33755796.000000 12255.000000 1601.000000
33366002.000000 13769.000000 1535.000000
33792155.000000 10980.000000 1609.000000
34002904.000000 11643.000000 1706.000000
33339863.000000 14129.000000 1899.000000
33375724.000000 13643.000000 1725.000000
33052465.000000 13410.000000 1960.000000
33518075.000000 12568.000000 1779.000000
33210107.000000 14581.000000 1868.000000
33191253.000000 14080.000000 1653.000000
32273506.000000 19924.000000 1994.000000
33162495.000000 11601.000000 2085.000000
34122785.000000 12357.000000 1978.000000
32820903.000000 18648.000000 1976.000000
33240517.000000 14537.000000 1761.000000
33334845.000000 16482.000000 1610.000000
33704655.000000 13171.000000 1883.000000
33628468.000000 12338.000000 1896.000000
33155425.000000 13696.000000 1640.000000
33237632.000000 15909.000000 1472.000000
34069282.000000 13144.000000 1933.000000
33742401.000000 12070.000000 1613.000000
33400003.000000 13011.000000 1298.000000
33908534.000000 13482.000000 1908.000000
33226196.000000 14943.000000 1798.000000
33352365.000000 15470.000000 1432.000000
33481907.000000 12525.000000 1953.000000
32945941.000000 14756.000000 2084.000000
33153664.000000 14148.000000 2128.000000
33613929.000000 10853.000000 1630.000000
33620564.000000 12300.000000 1257.000000
33569933.000000 13719.000000 1167.000000
33751813.000000 11706.000000 1659.000000
34058329.000000 11390.000000 1935.000000
33807337.000000 13483.000000 2129.000000
33561512.000000 11495.000000 2406.000000
33984608.000000 11953.000000 1698.000000
33207665.000000 13078.000000 1842.000000
33196344.000000 12952.000000 2082.000000
33487091.000000 13243.000000 1559.000000
33343175.000000 14214.000000 1168.000000
33329120.000000 13900.000000 1549.000000
33183653.000000 16123.000000 1733.000000
33352542.000000 13538.000000 1801.000000
33257234.000000 13117.000000 1394.000000
32986380.000000 18761.000000 2133.000000
33444693.000000 13338.000000 1537.000000
33916861.000000 13123.000000 1985.000000
33188061.000000 12471.000000 2106.000000
33233193.000000 13595.000000 1966.000000
33497644.000000 12466.000000 1570.000000
33177268.000000 13271.000000 1547.000000
33669963.000000 12766.000000 2219.000000
34812980.000000 14807.000000 1964.000000
33215128.000000 13421.000000 1758.000000
33373544.000000 12744.000000 1295.000000
33287286.000000 13985.000000 1647.000000
33532507.000000 12207.000000 1829.000000
33401319.000000 10931.000000 1551.000000
33649396.000000 12370.000000 1316.000000
33675779.000000 13040.000000 1819.000000
33469688.000000 12442.000000 1624.000000
33650056.000000 11969.000000 1674.000000
33146109.000000 13879.000000 1861.000000
33396185.000000 16629.000000 1668.000000
