28225434.000000 8170.000000 1.000000
27877185.000000 8573.000000 0.000000
27914431.000000 8278.000000 0.000000
28277139.000000 8631.000000 2.000000
27860096.000000 8081.000000 0.000000
27781793.000000 7594.000000 5.000000
27919313.000000 8488.000000 2.000000
28047948.000000 10085.000000 1.000000
27917236.000000 8613.000000 0.000000
27929344.000000 8279.000000 0.000000
27906971.000000 8380.000000 0.000000
27918666.000000 8270.000000 1.000000
27857983.000000 8405.000000 0.000000
27858894.000000 8383.000000 2.000000
27920009.000000 8069.000000 3.000000
27933867.000000 7997.000000 14.000000
28166182.000000 8897.000000 0.000000
28249179.000000 7807.000000 1.000000
27954102.000000 8732.000000 4.000000
28237439.000000 10879.000000 16.000000
28249956.000000 8659.000000 1.000000
28129167.000000 8032.000000 0.000000
28123085.000000 10074.000000 1.000000
28285782.000000 8661.000000 1.000000
27955482.000000 8878.000000 2.000000
27939294.000000 8294.000000 1.000000
28470516.000000 9123.000000 4.000000
27864551.000000 7527.000000 2.000000
27912064.000000 7836.000000 0.000000
28308645.000000 7888.000000 0.000000
28270920.000000 8263.000000 0.000000
28259807.000000 9319.000000 1.000000
28262211.000000 10338.000000 1.000000
28030073.000000 8494.000000 0.000000
27944023.000000 8825.000000 1.000000
28113621.000000 7489.000000 34.000000
27892163.000000 8214.000000 2.000000
27930986.000000 7883.000000 0.000000
28276231.000000 9358.000000 11.000000
28227584.000000 8432.000000 4.000000
28734847.000000 7746.000000 23.000000
28202094.000000 9264.000000 1.000000
27891705.000000 7760.000000 1.000000
28185991.000000 8696.000000 6.000000
28115709.000000 8907.000000 11.000000
28221193.000000 9607.000000 1.000000
28169487.000000 8677.000000 0.000000
28112733.000000 8998.000000 0.000000
27923527.000000 8097.000000 3.000000
27956492.000000 8396.000000 7.000000
28180426.000000 7716.000000 1.000000
27950914.000000 8112.000000 2.000000
28057367.000000 8101.000000 2.000000
28251704.000000 9084.000000 7.000000
27955739.000000 8395.000000 1.000000
28162953.000000 8913.000000 2.000000
28261042.000000 9136.000000 7.000000
28313376.000000 7804.000000 221.000000
28236168.000000 9091.000000 37.000000
28196182.000000 7853.000000 24.000000
28194555.000000 8634.000000 110.000000
28234750.000000 8659.000000 24.000000
28685103.000000 8266.000000 101.000000
28288022.000000 7592.000000 128.000000
28588431.000000 7455.000000 127.000000
27942539.000000 7840.000000 6.000000
28183861.000000 8631.000000 154.000000
28233901.000000 8895.000000 143.000000
27939892.000000 8597.000000 55.000000
28216577.000000 10212.000000 8.000000
28299660.000000 8541.000000 43.000000
28073055.000000 7272.000000 28.000000
27919227.000000 8171.000000 32.000000
27905040.000000 8032.000000 91.000000
28260842.000000 10559.000000 150.000000
28258899.000000 8492.000000 99.000000
28238506.000000 8738.000000 15.000000
27931279.000000 7703.000000 50.000000
28054815.000000 7842.000000 38.000000
28313738.000000 8729.000000 13.000000
27891107.000000 9006.000000 76.000000
28223860.000000 9359.000000 61.000000
28242157.000000 8178.000000 42.000000
28359329.000000 8691.000000 56.000000
28202471.000000 8976.000000 155.000000
28251964.000000 8318.000000 26.000000
28237973.000000 8581.000000 41.000000
27925378.000000 7716.000000 20.000000
28293323.000000 7639.000000 155.000000
28297868.000000 8382.000000 52.000000
27943126.000000 8029.000000 19.000000
28206670.000000 8357.000000 52.000000
28183363.000000 8241.000000 6.000000
27871230.000000 8166.000000 80.000000
28257247.000000 8534.000000 54.000000
28221705.000000 8672.000000 72.000000
28085442.000000 8660.000000 6.000000
28230556.000000 7962.000000 20.000000
27899391.000000 8031.000000 44.000000
28127296.000000 8373.000000 68.000000
