31978993.000000 19121.000000 78.000000
31985841.000000 15320.000000 31.000000
32822054.000000 12118.000000 39.000000
32285837.000000 10711.000000 117.000000
32880230.000000 12076.000000 86.000000
32887481.000000 10745.000000 13.000000
32116914.000000 13240.000000 16.000000
32856577.000000 12291.000000 18.000000
32086911.000000 15241.000000 10.000000
32292766.000000 13605.000000 90.000000
31957667.000000 14203.000000 43.000000
32308087.000000 11151.000000 20.000000
32904187.000000 11930.000000 141.000000
32357309.000000 14388.000000 38.000000
32285099.000000 13101.000000 139.000000
31864782.000000 15546.000000 19.000000
32434333.000000 11751.000000 16.000000
32227426.000000 11987.000000 64.000000
32082615.000000 15821.000000 12.000000
32196907.000000 14023.000000 228.000000
32832337.000000 11698.000000 176.000000
32884222.000000 11207.000000 120.000000
32858705.000000 12223.000000 28.000000
32142835.000000 11585.000000 15.000000
32314582.000000 11112.000000 86.000000
31698937.000000 15965.000000 14.000000
32055013.000000 14420.000000 77.000000
32272404.000000 11332.000000 45.000000
32624068.000000 10459.000000 37.000000
33003704.000000 11654.000000 7.000000
32363429.000000 11958.000000 29.000000
32301810.000000 11381.000000 79.000000
32724903.000000 14425.000000 71.000000
32011473.000000 15341.000000 122.000000
32166494.000000 12629.000000 131.000000
32868591.000000 13000.000000 14.000000
32351376.000000 11928.000000 161.000000
32018870.000000 13699.000000 135.000000
32917108.000000 12426.000000 15.000000
32856817.000000 11330.000000 74.000000
32258776.000000 11170.000000 10.000000
32567014.000000 11527.000000 13.000000
32595128.000000 12490.000000 171.000000
32054986.000000 14320.000000 21.000000
32783107.000000 12962.000000 103.000000
32264057.000000 11596.000000 297.000000
32896103.000000 12240.000000 25.000000
32673444.000000 10928.000000 56.000000
32189352.000000 11990.000000 54.000000
31945185.000000 12012.000000 17.000000
32321019.000000 10997.000000 9.000000
32814314.000000 11221.000000 23.000000
33086925.000000 11390.000000 106.000000
32169742.000000 15792.000000 175.000000
33111580.000000 13146.000000 50.000000
32360886.000000 12930.000000 88.000000
32381131.000000 12370.000000 58.000000
32290484.000000 13195.000000 18.000000
32465644.000000 10925.000000 17.000000
32977359.000000 11402.000000 39.000000
32888090.000000 12891.000000 21.000000
32257348.000000 12413.000000 46.000000
32251365.000000 15417.000000 26.000000
32483020.000000 11933.000000 11.000000
32354831.000000 11331.000000 53.000000
32385678.000000 10353.000000 75.000000
32766550.000000 11923.000000 6.000000
32478974.000000 12691.000000 102.000000
32312035.000000 12144.000000 41.000000
32411460.000000 11888.000000 49.000000
32868776.000000 12503.000000 56.000000
32947218.000000 11147.000000 277.000000
32884771.000000 10607.000000 94.000000
31956636.000000 13355.000000 21.000000
32553805.000000 12419.000000 14.000000
31729550.000000 12639.000000 53.000000
32425311.000000 12454.000000 109.000000
32192877.000000 13361.000000 19.000000
32245360.000000 15885.000000 32.000000
31892227.000000 15796.000000 30.000000
32882876.000000 10981.000000 73.000000
32921926.000000 12372.000000 67.000000
32276553.000000 11666.000000 29.000000
32892287.000000 11759.000000 20.000000
31948150.000000 15910.000000 68.000000
32392448.000000 12708.000000 193.000000
32503430.000000 11731.000000 137.000000
32368574.000000 13096.000000 189.000000
31948730.000000 12179.000000 376.000000
31855807.000000 11861.000000 178.000000
32558293.000000 13613.000000 26.000000
32251132.000000 11978.000000 169.000000
32859960.000000 11120.000000 56.000000
32873266.000000 11279.000000 18.000000
32104208.000000 15948.000000 28.000000
32061594.000000 12812.000000 38.000000
32296612.000000 12164.000000 291.000000
32831061.000000 13147.000000 200.000000
31977073.000000 12010.000000 42.000000
32312487.000000 12102.000000 24.000000
