2357507.000000 4430.000000 506.000000
2335685.000000 4415.000000 498.000000
2619940.000000 4454.000000 481.000000
2643681.000000 4540.000000 510.000000
2446836.000000 4522.000000 453.000000
2420000.000000 4429.000000 508.000000
2455492.000000 4438.000000 507.000000
2731275.000000 4427.000000 497.000000
2700743.000000 4447.000000 510.000000
2535680.000000 4419.000000 501.000000
2535523.000000 4474.000000 495.000000
2622319.000000 4463.000000 509.000000
2784012.000000 4508.000000 379.000000
2822760.000000 7058.000000 518.000000
2588132.000000 4447.000000 487.000000
2564870.000000 4439.000000 453.000000
2723391.000000 4591.000000 486.000000
2598792.000000 4502.000000 482.000000
2376861.000000 4505.000000 491.000000
2582201.000000 4457.000000 495.000000
2429812.000000 4390.000000 513.000000
2599974.000000 4503.000000 489.000000
2642633.000000 4487.000000 477.000000
2599472.000000 4431.000000 495.000000
2403157.000000 4499.000000 510.000000
2829661.000000 6995.000000 519.000000
2658905.000000 4495.000000 503.000000
2668723.000000 4541.000000 498.000000
2492796.000000 4430.000000 500.000000
2696107.000000 4561.000000 479.000000
2762077.000000 4552.000000 507.000000
2543144.000000 4399.000000 495.000000
2475218.000000 4481.000000 495.000000
2659150.000000 4436.000000 467.000000
2679158.000000 4499.000000 491.000000
2491562.000000 4448.000000 496.000000
2486570.000000 4397.000000 495.000000
2599416.000000 4426.000000 512.000000
2692329.000000 4520.000000 508.000000
2782927.000000 4463.000000 471.000000
2714940.000000 4470.000000 484.000000
2530632.000000 4412.000000 489.000000
2563400.000000 4548.000000 501.000000
2418741.000000 4460.000000 493.000000
2422741.000000 4570.000000 522.000000
2670030.000000 4543.000000 488.000000
2750674.000000 4523.000000 510.000000
2545782.000000 4411.000000 469.000000
2685621.000000 4535.000000 502.000000
2597409.000000 4564.000000 508.000000
2484388.000000 4418.000000 507.000000
2741063.000000 4563.000000 498.000000
2640532.000000 4585.000000 486.000000
2662204.000000 4496.000000 505.000000
2377836.000000 4501.000000 491.000000
2602383.000000 4473.000000 506.000000
2432585.000000 4596.000000 501.000000
2511179.000000 4436.000000 510.000000
2521481.000000 4426.000000 534.000000
2561433.000000 4500.000000 498.000000
2408048.000000 4408.000000 506.000000
2786668.000000 4534.000000 499.000000
2641498.000000 4538.000000 504.000000
2598756.000000 4565.000000 511.000000
2558940.000000 4472.000000 497.000000
2524726.000000 4560.000000 490.000000
2475169.000000 4423.000000 512.000000
2337761.000000 4477.000000 516.000000
2626832.000000 4477.000000 519.000000
2047496.000000 4093.000000 494.000000
2430645.000000 4435.000000 502.000000
2621908.000000 4527.000000 486.000000
2629264.000000 4508.000000 495.000000
2615967.000000 4470.000000 499.000000
2445237.000000 4374.000000 490.000000
2661456.000000 4467.000000 480.000000
2459506.000000 4447.000000 482.000000
2124931.000000 4212.000000 511.000000
2481712.000000 4434.000000 524.000000
2558253.000000 4492.000000 491.000000
2566887.000000 4506.000000 480.000000
2433727.000000 4427.000000 496.000000
2571887.000000 4488.000000 521.000000
2711857.000000 4606.000000 503.000000
2603327.000000 4444.000000 510.000000
2627707.000000 4491.000000 504.000000
2540852.000000 4401.000000 473.000000
2654828.000000 4412.000000 492.000000
2631557.000000 4515.000000 516.000000
2557718.000000 4459.000000 474.000000
2756985.000000 4446.000000 468.000000
2735842.000000 4435.000000 517.000000
2445411.000000 4337.000000 471.000000
2594435.000000 4460.000000 510.000000
2533804.000000 4515.000000 517.000000
2716901.000000 4521.000000 493.000000
2540381.000000 4492.000000 515.000000
2663003.000000 4545.000000 524.000000
2667763.000000 4454.000000 489.000000
2116462.000000 4185.000000 487.000000
