32901368.000000 11352.000000 2.000000
32290805.000000 13520.000000 2.000000
33452910.000000 12455.000000 4.000000
32345631.000000 12965.000000 4.000000
32525803.000000 12766.000000 6.000000
32724018.000000 14506.000000 3.000000
32650962.000000 11845.000000 3.000000
33390313.000000 14085.000000 2.000000
32932892.000000 11581.000000 4.000000
33431838.000000 15997.000000 3.000000
33691946.000000 14413.000000 4.000000
32578834.000000 12660.000000 9.000000
33683383.000000 12736.000000 0.000000
32648206.000000 11942.000000 5.000000
33649606.000000 12471.000000 2.000000
33268000.000000 13406.000000 2.000000
32614159.000000 10675.000000 20.000000
33358856.000000 14890.000000 12.000000
33352092.000000 18583.000000 4.000000
32851216.000000 13850.000000 5.000000
32786023.000000 11970.000000 6.000000
32725991.000000 14023.000000 4.000000
33408015.000000 12486.000000 4.000000
33025065.000000 13222.000000 10.000000
33184195.000000 13508.000000 4.000000
32688834.000000 13852.000000 5.000000
32745070.000000 12118.000000 5.000000
32704453.000000 13054.000000 7.000000
33172892.000000 13302.000000 2.000000
32536048.000000 11678.000000 2.000000
32684646.000000 12542.000000 4.000000
32688179.000000 12329.000000 3.000000
32638299.000000 12880.000000 6.000000
32329445.000000 10538.000000 6.000000
33508171.000000 12317.000000 3.000000
32543539.000000 14267.000000 3.000000
33865827.000000 13728.000000 5.000000
32227559.000000 14557.000000 2.000000
33661477.000000 12734.000000 2.000000
32545692.000000 10311.000000 3.000000
33298745.000000 17514.000000 4.000000
33430812.000000 16434.000000 4.000000
33265003.000000 12805.000000 1.000000
32543378.000000 14772.000000 4.000000
32539687.000000 11620.000000 2.000000
33444324.000000 12374.000000 4.000000
32523672.000000 11617.000000 4.000000
32233020.000000 13764.000000 1.000000
32693558.000000 11692.000000 2.000000
33023881.000000 14656.000000 4.000000
33438359.000000 15664.000000 3.000000
32651206.000000 10954.000000 5.000000
32621156.000000 15051.000000 4.000000
32658875.000000 12753.000000 2.000000
33471450.000000 12583.000000 1.000000
33358958.000000 12004.000000 3.000000
32638396.000000 14145.000000 2.000000
33282322.000000 13400.000000 2.000000
33407333.000000 12889.000000 2.000000
32651498.000000 11183.000000 3.000000
32130007.000000 11176.000000 6.000000
32534809.000000 10806.000000 2.000000
33300435.000000 12814.000000 3.000000
33494266.000000 15105.000000 1.000000
33335491.000000 13098.000000 4.000000
32590380.000000 12960.000000 4.000000
33359926.000000 13303.000000 4.000000
33372737.000000 11854.000000 3.000000
33074442.000000 12505.000000 4.000000
32653643.000000 10975.000000 3.000000
33319941.000000 13039.000000 9.000000
32273621.000000 11858.000000 7.000000
32459762.000000 14050.000000 1.000000
32562945.000000 11138.000000 6.000000
32226851.000000 12233.000000 7.000000
33374457.000000 14047.000000 2.000000
33791153.000000 13152.000000 17.000000
32566481.000000 12311.000000 5.000000
32414683.000000 11924.000000 17.000000
32666718.000000 11909.000000 2.000000
32494584.000000 12509.000000 7.000000
32467376.000000 14778.000000 4.000000
33372003.000000 12076.000000 2.000000
32574161.000000 13813.000000 2.000000
32531166.000000 10606.000000 1.000000
32676403.000000 20083.000000 4.000000
32764512.000000 11475.000000 3.000000
33106184.000000 17918.000000 3.000000
32780568.000000 12920.000000 3.000000
33219732.000000 15788.000000 3.000000
33649478.000000 15502.000000 3.000000
33356879.000000 13320.000000 8.000000
33279871.000000 12983.000000 22.000000
33355742.000000 12617.000000 4.000000
32597266.000000 16121.000000 3.000000
33348551.000000 13132.000000 9.000000
33269544.000000 11904.000000 4.000000
33369411.000000 13063.000000 2.000000
32561121.000000 14523.000000 5.000000
33382407.000000 12042.000000 2.000000
