31879438.000000 10530.000000 2289.000000
32159751.000000 12008.000000 2380.000000
31799288.000000 12817.000000 2312.000000
32235233.000000 9964.000000 2351.000000
32195835.000000 10429.000000 2377.000000
32084065.000000 13167.000000 2303.000000
31650071.000000 14662.000000 2382.000000
32073028.000000 12434.000000 2368.000000
32010248.000000 12778.000000 2373.000000
32270431.000000 9251.000000 2343.000000
32075950.000000 14268.000000 2354.000000
32119857.000000 14207.000000 2325.000000
32029471.000000 13932.000000 2323.000000
32237213.000000 10067.000000 2367.000000
32168156.000000 12830.000000 2377.000000
32090259.000000 12336.000000 2332.000000
32178345.000000 12063.000000 2366.000000
32152980.000000 10507.000000 2321.000000
32195869.000000 11400.000000 2374.000000
31720644.000000 13409.000000 2265.000000
31681579.000000 14791.000000 2242.000000
32263548.000000 11627.000000 2314.000000
32063905.000000 13223.000000 2371.000000
32205511.000000 12274.000000 2353.000000
32174999.000000 10546.000000 2342.000000
31988927.000000 12857.000000 2322.000000
31936120.000000 14352.000000 2346.000000
32250101.000000 12664.000000 2367.000000
32257245.000000 10127.000000 2379.000000
32230627.000000 10365.000000 2366.000000
32172746.000000 10254.000000 2224.000000
32163901.000000 13134.000000 2357.000000
32215317.000000 11262.000000 2362.000000
32066304.000000 15668.000000 2370.000000
32168149.000000 12842.000000 2376.000000
32022817.000000 13862.000000 2376.000000
32172291.000000 10680.000000 2338.000000
32166784.000000 13387.000000 2194.000000
30857933.000000 9942.000000 2187.000000
32146349.000000 13199.000000 2384.000000
32210019.000000 11285.000000 2373.000000
32068288.000000 13476.000000 2323.000000
32239821.000000 9856.000000 2370.000000
32139724.000000 13796.000000 2323.000000
30024639.000000 10169.000000 2059.000000
32168168.000000 13186.000000 2014.000000
32265158.000000 9664.000000 2066.000000
32183097.000000 12243.000000 2081.000000
32276243.000000 9927.000000 2114.000000
32211863.000000 11650.000000 2152.000000
32175224.000000 13776.000000 2084.000000
32197962.000000 11922.000000 2001.000000
32193907.000000 14055.000000 2034.000000
31684784.000000 14200.000000 1988.000000
32290755.000000 11487.000000 2145.000000
30403381.000000 9991.000000 1953.000000
32266997.000000 11122.000000 2150.000000
31934999.000000 15826.000000 2215.000000
32288662.000000 10827.000000 2030.000000
32036832.000000 13738.000000 2089.000000
32224415.000000 13018.000000 2025.000000
32209295.000000 12655.000000 1951.000000
32071547.000000 13429.000000 2036.000000
32316400.000000 12527.000000 1936.000000
32140957.000000 12388.000000 2067.000000
32158708.000000 11255.000000 2026.000000
32173659.000000 13597.000000 2075.000000
31252467.000000 11055.000000 1868.000000
32144778.000000 14568.000000 2080.000000
32341814.000000 9456.000000 2057.000000
32186971.000000 12987.000000 1978.000000
32266499.000000 9321.000000 2201.000000
32166248.000000 9992.000000 2054.000000
32143883.000000 11462.000000 2122.000000
32377701.000000 10802.000000 1975.000000
32295889.000000 11480.000000 1967.000000
32112879.000000 16012.000000 2064.000000
31716489.000000 14019.000000 2093.000000
32179913.000000 11253.000000 2263.000000
32172742.000000 12409.000000 2384.000000
32283472.000000 10322.000000 2416.000000
32222949.000000 11524.000000 2353.000000
32230504.000000 10472.000000 2342.000000
32161761.000000 13536.000000 2304.000000
32158295.000000 12881.000000 2337.000000
32231614.000000 10457.000000 2368.000000
32208544.000000 11265.000000 2293.000000
32129742.000000 11982.000000 2382.000000
31519124.000000 14540.000000 2298.000000
31935887.000000 16132.000000 2265.000000
32164325.000000 11061.000000 2359.000000
32117911.000000 13410.000000 2371.000000
32186519.000000 12302.000000 2369.000000
32214537.000000 9650.000000 2384.000000
32215744.000000 10244.000000 2297.000000
32177604.000000 12420.000000 2344.000000
32052692.000000 12582.000000 2336.000000
32168159.000000 11551.000000 2379.000000
32078553.000000 13456.000000 2370.000000
