27141002.000000 7378.000000 1905.000000
27468993.000000 7958.000000 2064.000000
27230856.000000 6658.000000 1904.000000
27155750.000000 6623.000000 1909.000000
27152774.000000 7265.000000 1903.000000
27060870.000000 7134.000000 1934.000000
26981122.000000 8009.000000 1925.000000
27039692.000000 6923.000000 1815.000000
27461523.000000 8640.000000 1873.000000
27067307.000000 7891.000000 1910.000000
27137690.000000 6789.000000 1910.000000
26811643.000000 8065.000000 1920.000000
27134959.000000 7066.000000 1900.000000
27163451.000000 7304.000000 2190.000000
27040097.000000 8089.000000 1771.000000
27099813.000000 6622.000000 1740.000000
26972633.000000 6571.000000 1877.000000
27455393.000000 6989.000000 1760.000000
27117209.000000 6656.000000 1904.000000
27181722.000000 7155.000000 1903.000000
27009450.000000 8317.000000 1867.000000
27090561.000000 7519.000000 1907.000000
27425533.000000 9247.000000 1902.000000
26598088.000000 8567.000000 2787.000000
27113787.000000 7430.000000 1905.000000
27439958.000000 6924.000000 1940.000000
26972866.000000 7333.000000 2400.000000
27009712.000000 6977.000000 1838.000000
27102221.000000 8107.000000 1921.000000
27106750.000000 7396.000000 1816.000000
27140357.000000 8023.000000 1907.000000
27164751.000000 7342.000000 1901.000000
27166289.000000 6546.000000 1727.000000
27216240.000000 7307.000000 1718.000000
27130524.000000 6850.000000 1907.000000
27127627.000000 7902.000000 1910.000000
27183073.000000 6949.000000 1902.000000
26991199.000000 8897.000000 1879.000000
27166952.000000 6657.000000 1904.000000
27134466.000000 6859.000000 1902.000000
27062584.000000 7594.000000 1900.000000
27063724.000000 7132.000000 1843.000000
27402060.000000 8975.000000 1842.000000
27152725.000000 7407.000000 1903.000000
27113512.000000 7019.000000 1903.000000
27055923.000000 7603.000000 2048.000000
27272755.000000 7998.000000 1986.000000
27459046.000000 8504.000000 1874.000000
27132463.000000 8630.000000 1900.000000
27064397.000000 7621.000000 1828.000000
27140914.000000 7470.000000 1905.000000
27082990.000000 6689.000000 1894.000000
27121726.000000 7371.000000 1918.000000
26995969.000000 8054.000000 1828.000000
27358722.000000 7984.000000 1870.000000
27126686.000000 7641.000000 1906.000000
27105336.000000 7693.000000 1902.000000
27061267.000000 8455.000000 1844.000000
26997541.000000 8287.000000 2058.000000
27336969.000000 7583.000000 1992.000000
27096754.000000 6881.000000 1817.000000
27003388.000000 7018.000000 1822.000000
27007407.000000 7833.000000 1850.000000
27402268.000000 7345.000000 1875.000000
27116461.000000 7321.000000 1819.000000
27240995.000000 7680.000000 1821.000000
27173692.000000 6495.000000 1900.000000
27170963.000000 6802.000000 1917.000000
27074534.000000 7341.000000 1821.000000
27159407.000000 7178.000000 1904.000000
27117886.000000 7194.000000 1905.000000
27073161.000000 7858.000000 1822.000000
27141769.000000 6575.000000 1905.000000
27262305.000000 6915.000000 1826.000000
27139806.000000 6696.000000 1907.000000
27102728.000000 7007.000000 1910.000000
27110368.000000 7939.000000 1910.000000
27415628.000000 7603.000000 1954.000000
27095579.000000 7159.000000 1815.000000
27003687.000000 7568.000000 1904.000000
27270716.000000 7100.000000 1827.000000
27096977.000000 9141.000000 1822.000000
27022711.000000 7557.000000 1864.000000
27379130.000000 8383.000000 1785.000000
27062165.000000 7080.000000 1855.000000
26963047.000000 8736.000000 1847.000000
27145182.000000 7314.000000 1886.000000
27455829.000000 6902.000000 1903.000000
26994017.000000 8250.000000 1819.000000
27083604.000000 7010.000000 1819.000000
27445095.000000 7324.000000 1892.000000
27122003.000000 7488.000000 1905.000000
27042336.000000 7636.000000 1816.000000
27049973.000000 6819.000000 1904.000000
27465302.000000 7666.000000 1891.000000
27147934.000000 7065.000000 1895.000000
27423991.000000 7591.000000 1838.000000
27206871.000000 8787.000000 1735.000000
27458958.000000 7195.000000 1840.000000
27106557.000000 7448.000000 1910.000000
