27216752.000000 8248.000000 372.000000
27412787.000000 8138.000000 247.000000
27371250.000000 6848.000000 471.000000
27348432.000000 6498.000000 218.000000
27398983.000000 7003.000000 183.000000
27198550.000000 7932.000000 205.000000
27343412.000000 8136.000000 220.000000
27258306.000000 7600.000000 233.000000
27413169.000000 6957.000000 61.000000
27390679.000000 6887.000000 174.000000
27059692.000000 7102.000000 171.000000
27390561.000000 7979.000000 140.000000
27157049.000000 8380.000000 305.000000
27368680.000000 7088.000000 193.000000
27377683.000000 7061.000000 159.000000
27339007.000000 8197.000000 41.000000
27308085.000000 8173.000000 179.000000
27413935.000000 7086.000000 233.000000
27164608.000000 7428.000000 116.000000
27393508.000000 7494.000000 171.000000
27268813.000000 9346.000000 201.000000
27375567.000000 7689.000000 244.000000
27030728.000000 9420.000000 228.000000
27318158.000000 6595.000000 338.000000
27387920.000000 7702.000000 197.000000
27478623.000000 6724.000000 119.000000
27350191.000000 8071.000000 291.000000
27366252.000000 7278.000000 154.000000
27108566.000000 6836.000000 115.000000
27117229.000000 7452.000000 167.000000
27385190.000000 6812.000000 140.000000
27324889.000000 7927.000000 53.000000
27394994.000000 6544.000000 139.000000
27405631.000000 7263.000000 214.000000
27376793.000000 6927.000000 144.000000
27154051.000000 7383.000000 150.000000
27413911.000000 6712.000000 275.000000
26848313.000000 8115.000000 356.000000
27373392.000000 6770.000000 309.000000
27188865.000000 7458.000000 455.000000
27400292.000000 7049.000000 283.000000
27160387.000000 7875.000000 43.000000
27408798.000000 7125.000000 102.000000
27241107.000000 8352.000000 228.000000
27377045.000000 7583.000000 170.000000
27434705.000000 7147.000000 63.000000
27169117.000000 7176.000000 275.000000
27406719.000000 7034.000000 248.000000
26882695.000000 6892.000000 250.000000
27269579.000000 8505.000000 260.000000
27349565.000000 7542.000000 316.000000
27291262.000000 8466.000000 259.000000
27407611.000000 6990.000000 210.000000
27333417.000000 7868.000000 417.000000
27368095.000000 8274.000000 165.000000
27410015.000000 6524.000000 245.000000
27415378.000000 7621.000000 338.000000
27081343.000000 7581.000000 213.000000
27294095.000000 7763.000000 103.000000
27260148.000000 7658.000000 150.000000
27347170.000000 6939.000000 301.000000
27336978.000000 6798.000000 253.000000
27323784.000000 8073.000000 52.000000
27435719.000000 6904.000000 134.000000
27142034.000000 8928.000000 153.000000
27294026.000000 7127.000000 491.000000
27413010.000000 6891.000000 199.000000
27391695.000000 9466.000000 181.000000
27374552.000000 7023.000000 346.000000
27346494.000000 7243.000000 337.000000
27374012.000000 7398.000000 91.000000
27407636.000000 7034.000000 316.000000
27477103.000000 7728.000000 58.000000
27428145.000000 6867.000000 32.000000
27224939.000000 7025.000000 54.000000
27574225.000000 7116.000000 16.000000
27555510.000000 6743.000000 4.000000
27411013.000000 7115.000000 48.000000
27443176.000000 6902.000000 54.000000
27284441.000000 7678.000000 78.000000
27369916.000000 8021.000000 102.000000
27129462.000000 9473.000000 282.000000
27131069.000000 7671.000000 345.000000
27439560.000000 7202.000000 119.000000
27379624.000000 7229.000000 339.000000
27204514.000000 8127.000000 192.000000
27366042.000000 6836.000000 369.000000
27380767.000000 7032.000000 133.000000
27294958.000000 7541.000000 159.000000
27357654.000000 8567.000000 311.000000
27123906.000000 7134.000000 451.000000
27155219.000000 7438.000000 29.000000
26864556.000000 7284.000000 340.000000
27130896.000000 9196.000000 249.000000
27402403.000000 7116.000000 187.000000
27329011.000000 7313.000000 487.000000
27288950.000000 8736.000000 60.000000
27401620.000000 6665.000000 337.000000
27384091.000000 7637.000000 201.000000
27335352.000000 7618.000000 254.000000
