32402465.000000 15471.000000 2.000000
32717998.000000 11303.000000 0.000000
32837633.000000 11957.000000 1.000000
32855025.000000 11893.000000 1.000000
32619901.000000 13311.000000 0.000000
33001200.000000 11704.000000 0.000000
32741174.000000 14775.000000 7.000000
31880393.000000 12604.000000 0.000000
32204400.000000 17029.000000 1.000000
33222694.000000 9919.000000 3.000000
32220956.000000 14797.000000 5.000000
32959054.000000 10271.000000 2.000000
32761349.000000 13425.000000 4.000000
32275661.000000 17765.000000 23.000000
32373150.000000 11050.000000 0.000000
33037679.000000 11286.000000 2.000000
32495997.000000 12148.000000 3.000000
31993907.000000 15686.000000 0.000000
32700180.000000 11824.000000 1.000000
32330955.000000 11715.000000 3.000000
32711266.000000 11902.000000 87.000000
32800077.000000 12682.000000 23.000000
33003828.000000 12315.000000 1.000000
31736879.000000 14351.000000 3.000000
32516759.000000 13506.000000 0.000000
32488636.000000 11915.000000 3.000000
32371468.000000 12724.000000 1.000000
33518071.000000 13906.000000 1.000000
32846542.000000 12804.000000 0.000000
32936293.000000 11178.000000 1.000000
33089811.000000 10751.000000 0.000000
32932976.000000 10798.000000 1.000000
32846678.000000 11349.000000 0.000000
32123538.000000 12816.000000 0.000000
32410369.000000 10582.000000 1.000000
32944132.000000 12001.000000 4.000000
32858402.000000 11681.000000 8.000000
32194347.000000 14159.000000 1.000000
32807898.000000 14532.000000 0.000000
33035510.000000 11728.000000 0.000000
31808136.000000 17585.000000 2.000000
32191537.000000 12695.000000 0.000000
32617173.000000 13217.000000 2.000000
32577883.000000 11681.000000 7.000000
32381364.000000 11433.000000 1.000000
32456956.000000 12392.000000 9.000000
32271251.000000 12394.000000 2.000000
33005497.000000 11788.000000 3.000000
32974265.000000 12393.000000 1.000000
32243991.000000 12596.000000 1.000000
32586994.000000 14954.000000 1.000000
32257712.000000 12447.000000 16.000000
33018567.000000 11489.000000 2.000000
32841831.000000 14895.000000 13.000000
32409782.000000 12383.000000 8.000000
32352074.000000 10675.000000 0.000000
31989015.000000 14293.000000 2.000000
32896262.000000 11847.000000 1.000000
32101956.000000 12714.000000 3.000000
32656656.000000 11337.000000 1.000000
32837319.000000 11929.000000 0.000000
32271148.000000 12764.000000 1.000000
32735401.000000 15593.000000 1.000000
32019571.000000 13867.000000 0.000000
32669355.000000 12879.000000 0.000000
32322918.000000 11815.000000 11.000000
32530595.000000 13790.000000 0.000000
32869408.000000 12323.000000 33.000000
32987292.000000 12180.000000 1.000000
31826623.000000 17538.000000 1.000000
32686214.000000 11372.000000 5.000000
32965123.000000 12654.000000 3.000000
32399967.000000 19678.000000 0.000000
32296994.000000 12591.000000 7.000000
32112798.000000 18088.000000 1.000000
32593364.000000 12981.000000 3.000000
31848199.000000 17725.000000 0.000000
32080801.000000 12329.000000 2.000000
32789906.000000 13298.000000 1.000000
32873734.000000 10810.000000 1.000000
32355642.000000 13414.000000 0.000000
32702530.000000 19169.000000 1.000000
31888668.000000 19036.000000 5.000000
32560550.000000 12128.000000 3.000000
31799038.000000 12722.000000 1.000000
32699162.000000 11597.000000 1.000000
33035229.000000 13488.000000 0.000000
32846581.000000 14753.000000 0.000000
32251362.000000 15472.000000 0.000000
32846051.000000 11882.000000 1.000000
32190876.000000 11805.000000 1.000000
32041819.000000 13193.000000 0.000000
33088930.000000 13212.000000 0.000000
32215235.000000 12057.000000 0.000000
32581339.000000 12368.000000 2.000000
32788875.000000 14507.000000 3.000000
32960208.000000 11715.000000 1.000000
31661990.000000 17763.000000 1.000000
32369187.000000 11449.000000 0.000000
32961193.000000 10559.000000 1.000000
