33857071.000000 13845.000000 2365.000000
34198542.000000 15242.000000 2119.000000
34303250.000000 15980.000000 2029.000000
33661527.000000 14260.000000 1528.000000
34456811.000000 14323.000000 1961.000000
34576869.000000 13811.000000 1624.000000
34009594.000000 15382.000000 1754.000000
33873450.000000 16962.000000 2135.000000
34008236.000000 15248.000000 2214.000000
34260238.000000 15939.000000 1528.000000
34455820.000000 17690.000000 1478.000000
34238992.000000 13839.000000 1891.000000
34142374.000000 15361.000000 1526.000000
34238647.000000 13983.000000 1968.000000
33679979.000000 16023.000000 2200.000000
34116043.000000 15261.000000 2290.000000
33220899.000000 17121.000000 2124.000000
33649306.000000 14158.000000 2341.000000
33920846.000000 13113.000000 2015.000000
34282932.000000 15424.000000 1680.000000
34513990.000000 12394.000000 1893.000000
34040171.000000 14176.000000 1681.000000
34293730.000000 14875.000000 1846.000000
34049206.000000 15334.000000 1529.000000
33007294.000000 16587.000000 1548.000000
34047623.000000 12983.000000 2446.000000
33378568.000000 15879.000000 2251.000000
33962775.000000 13795.000000 2322.000000
33456654.000000 13695.000000 2420.000000
33802542.000000 12847.000000 2410.000000
33868072.000000 12994.000000 2601.000000
33252558.000000 14718.000000 2606.000000
33392684.000000 14161.000000 2346.000000
33691216.000000 16691.000000 2307.000000
33647019.000000 15639.000000 2223.000000
33346205.000000 12695.000000 2488.000000
33354516.000000 16770.000000 2264.000000
33242141.000000 14161.000000 2610.000000
33353624.000000 18940.000000 1892.000000
33709110.000000 17181.000000 2328.000000
33491436.000000 12917.000000 2264.000000
33889427.000000 15283.000000 2248.000000
33723579.000000 12828.000000 2638.000000
33763829.000000 14106.000000 2361.000000
33596822.000000 13678.000000 2756.000000
33381186.000000 14224.000000 2442.000000
34054090.000000 13213.000000 2459.000000
33958056.000000 16525.000000 1646.000000
33887419.000000 15983.000000 1930.000000
34077624.000000 15189.000000 1832.000000
33933205.000000 15014.000000 1915.000000
33884544.000000 14370.000000 2037.000000
34388511.000000 14132.000000 1709.000000
33651512.000000 18961.000000 1602.000000
33831636.000000 15808.000000 1741.000000
33967319.000000 14877.000000 1623.000000
34106312.000000 14251.000000 1665.000000
34052389.000000 16815.000000 1905.000000
33644160.000000 15290.000000 2221.000000
34262688.000000 17411.000000 1175.000000
34056551.000000 13856.000000 1722.000000
33665798.000000 15708.000000 1914.000000
33961740.000000 14504.000000 2039.000000
33833759.000000 15683.000000 1888.000000
34181078.000000 13745.000000 1554.000000
33987489.000000 14508.000000 1840.000000
34279637.000000 16718.000000 1786.000000
33644925.000000 14833.000000 1913.000000
33814729.000000 17050.000000 2123.000000
33985107.000000 16401.000000 1913.000000
34314348.000000 13058.000000 1899.000000
34024081.000000 13998.000000 1787.000000
34312665.000000 13923.000000 1833.000000
33917114.000000 14912.000000 1788.000000
34094591.000000 15359.000000 1763.000000
33915421.000000 17343.000000 1973.000000
32797989.000000 12483.000000 1615.000000
33956292.000000 14438.000000 1826.000000
34369787.000000 12909.000000 1530.000000
34104784.000000 12976.000000 1768.000000
33828743.000000 14069.000000 2006.000000
33931037.000000 14441.000000 1489.000000
34088233.000000 14667.000000 2100.000000
34058389.000000 15096.000000 1611.000000
34118677.000000 15904.000000 1398.000000
34163020.000000 13922.000000 1910.000000
33863172.000000 15503.000000 1865.000000
33847194.000000 13454.000000 1981.000000
33860909.000000 15485.000000 1574.000000
33724830.000000 12837.000000 1910.000000
33973568.000000 13307.000000 1869.000000
34218852.000000 15883.000000 1862.000000
34341591.000000 16783.000000 1857.000000
33598828.000000 14341.000000 2218.000000
34155490.000000 14174.000000 2050.000000
33986261.000000 15910.000000 1502.000000
33915501.000000 18715.000000 2016.000000
33997033.000000 16565.000000 1609.000000
34099965.000000 14494.000000 1965.000000
34012552.000000 15124.000000 1825.000000
