32716741.000000 13718.000000 960.000000
32223530.000000 12438.000000 643.000000
32636249.000000 13608.000000 1232.000000
31837049.000000 11900.000000 690.000000
32638130.000000 11701.000000 733.000000
32336052.000000 10261.000000 1016.000000
33203260.000000 11870.000000 1231.000000
31775698.000000 12980.000000 857.000000
31104917.000000 13409.000000 1053.000000
32453157.000000 11609.000000 957.000000
32659648.000000 10560.000000 974.000000
31859560.000000 12757.000000 1151.000000
33460501.000000 13003.000000 709.000000
32054625.000000 11397.000000 1121.000000
32001443.000000 11681.000000 692.000000
32055445.000000 12224.000000 893.000000
32527976.000000 15050.000000 907.000000
32095663.000000 10395.000000 779.000000
32402915.000000 12545.000000 765.000000
31879343.000000 11556.000000 1188.000000
33005995.000000 13049.000000 1012.000000
31850507.000000 10791.000000 755.000000
32831000.000000 12357.000000 1080.000000
32619494.000000 11626.000000 730.000000
31807545.000000 12669.000000 781.000000
32917450.000000 13534.000000 1177.000000
33063282.000000 12885.000000 1211.000000
32736479.000000 11702.000000 1126.000000
32283649.000000 13380.000000 484.000000
32974747.000000 13393.000000 566.000000
33476337.000000 12803.000000 674.000000
32693222.000000 11308.000000 1028.000000
33285519.000000 14177.000000 767.000000
32129160.000000 9020.000000 818.000000
31971247.000000 11748.000000 811.000000
32327507.000000 12299.000000 284.000000
32727595.000000 11420.000000 830.000000
32923643.000000 15329.000000 404.000000
33173485.000000 14758.000000 961.000000
31670918.000000 15013.000000 462.000000
32129123.000000 10369.000000 838.000000
32250637.000000 14333.000000 305.000000
32222696.000000 10688.000000 415.000000
32500201.000000 10421.000000 538.000000
32724409.000000 10482.000000 596.000000
31806987.000000 10218.000000 591.000000
31726505.000000 12506.000000 837.000000
32492141.000000 16084.000000 599.000000
32101878.000000 11338.000000 968.000000
32527852.000000 14273.000000 1078.000000
32402774.000000 11779.000000 995.000000
33325846.000000 12336.000000 651.000000
32668546.000000 10684.000000 905.000000
32750933.000000 10946.000000 759.000000
32558777.000000 12490.000000 1228.000000
32162220.000000 9543.000000 974.000000
31807081.000000 12026.000000 985.000000
32954496.000000 14641.000000 441.000000
32739931.000000 14841.000000 869.000000
33146262.000000 13387.000000 1362.000000
32642392.000000 12278.000000 960.000000
32316223.000000 10021.000000 890.000000
32969448.000000 13488.000000 492.000000
31664175.000000 9524.000000 1043.000000
33338312.000000 11724.000000 735.000000
33170103.000000 17815.000000 731.000000
32764226.000000 11696.000000 610.000000
33192384.000000 12978.000000 1048.000000
31708585.000000 10796.000000 574.000000
32858178.000000 14785.000000 682.000000
32220423.000000 13258.000000 729.000000
33258746.000000 10941.000000 633.000000
32222896.000000 10713.000000 815.000000
31922493.000000 13399.000000 874.000000
31679490.000000 12660.000000 796.000000
32913761.000000 12290.000000 1393.000000
32740639.000000 10511.000000 959.000000
32319911.000000 10414.000000 1241.000000
32543489.000000 12413.000000 1188.000000
33331083.000000 10133.000000 886.000000
32106644.000000 10799.000000 405.000000
32816194.000000 11977.000000 765.000000
32666672.000000 9464.000000 1210.000000
32573995.000000 11223.000000 889.000000
32158176.000000 11238.000000 1079.000000
32662719.000000 11681.000000 978.000000
32002202.000000 13459.000000 1184.000000
32626420.000000 10235.000000 819.000000
32716908.000000 11748.000000 289.000000
32065656.000000 12081.000000 957.000000
32666169.000000 11684.000000 634.000000
32956755.000000 10880.000000 1018.000000
32599623.000000 9907.000000 1166.000000
32045653.000000 10136.000000 919.000000
32599900.000000 11288.000000 869.000000
31819901.000000 14069.000000 763.000000
32485429.000000 10435.000000 913.000000
33061767.000000 12109.000000 1062.000000
31770371.000000 13313.000000 865.000000
32673976.000000 13812.000000 873.000000
