34332287.000000 16841.000000 5.000000
34291165.000000 15118.000000 8.000000
34306745.000000 18128.000000 8.000000
34623673.000000 14063.000000 9.000000
34557439.000000 14319.000000 5.000000
34381316.000000 19688.000000 18.000000
34457105.000000 12403.000000 9.000000
34624976.000000 15352.000000 6.000000
34503898.000000 13762.000000 6.000000
34080388.000000 13524.000000 6.000000
35026256.000000 13683.000000 6.000000
34708157.000000 13698.000000 4.000000
34184538.000000 12225.000000 8.000000
34495090.000000 13432.000000 10.000000
34394644.000000 13517.000000 7.000000
34331110.000000 12922.000000 5.000000
33972974.000000 14338.000000 13.000000
34493419.000000 15038.000000 9.000000
34473449.000000 11884.000000 5.000000
34662469.000000 14434.000000 9.000000
35038278.000000 12766.000000 8.000000
33925775.000000 16436.000000 8.000000
35018063.000000 11537.000000 10.000000
34386936.000000 12772.000000 4.000000
34480357.000000 15125.000000 7.000000
34409418.000000 14372.000000 9.000000
34523750.000000 13194.000000 5.000000
34694341.000000 15896.000000 2.000000
34510791.000000 13861.000000 9.000000
34897676.000000 14300.000000 9.000000
34433146.000000 14797.000000 9.000000
34404655.000000 16110.000000 8.000000
34519893.000000 16724.000000 8.000000
34470682.000000 14172.000000 10.000000
34809841.000000 12007.000000 7.000000
34428914.000000 14680.000000 7.000000
34485319.000000 16110.000000 8.000000
34148690.000000 18017.000000 7.000000
34503103.000000 14567.000000 6.000000
34613777.000000 13891.000000 11.000000
34405710.000000 13725.000000 9.000000
34275815.000000 15100.000000 8.000000
34348555.000000 12830.000000 8.000000
34928304.000000 14569.000000 13.000000
34473884.000000 13670.000000 8.000000
34311922.000000 12221.000000 6.000000
34254202.000000 17971.000000 6.000000
33989381.000000 13585.000000 1.000000
34282729.000000 13778.000000 5.000000
34264109.000000 17986.000000 6.000000
34103410.000000 13821.000000 9.000000
34332176.000000 13011.000000 11.000000
34487356.000000 14741.000000 9.000000
34161179.000000 13884.000000 10.000000
34536213.000000 14731.000000 8.000000
34459823.000000 12824.000000 9.000000
34648941.000000 14495.000000 5.000000
34342325.000000 17105.000000 8.000000
34527619.000000 12176.000000 8.000000
34495558.000000 12606.000000 19.000000
34431326.000000 14486.000000 8.000000
34877359.000000 13551.000000 7.000000
34458457.000000 15340.000000 8.000000
34007547.000000 11856.000000 7.000000
34983481.000000 13890.000000 12.000000
34490967.000000 12809.000000 6.000000
33959756.000000 14732.000000 63.000000
34867944.000000 14914.000000 6.000000
34507132.000000 13750.000000 3.000000
34064252.000000 12248.000000 4.000000
34513310.000000 13168.000000 9.000000
34143342.000000 15605.000000 4.000000
34710556.000000 11623.000000 2.000000
33991414.000000 12905.000000 1.000000
34458037.000000 11989.000000 1.000000
34300031.000000 13900.000000 1.000000
34252042.000000 14556.000000 1.000000
34553217.000000 11952.000000 1.000000
34288956.000000 14593.000000 0.000000
34203096.000000 13142.000000 4.000000
34326060.000000 16255.000000 6.000000
34701173.000000 16339.000000 9.000000
34507744.000000 13855.000000 6.000000
33996330.000000 13956.000000 5.000000
34547636.000000 13839.000000 6.000000
34467003.000000 14091.000000 5.000000
34400661.000000 12593.000000 9.000000
34233452.000000 11885.000000 12.000000
34521502.000000 14853.000000 8.000000
34455827.000000 14098.000000 11.000000
34217237.000000 13624.000000 8.000000
34450703.000000 13125.000000 3.000000
34415745.000000 14066.000000 6.000000
34127074.000000 13040.000000 2.000000
34531202.000000 13308.000000 9.000000
34181594.000000 12855.000000 12.000000
34426583.000000 14341.000000 8.000000
34035205.000000 13787.000000 8.000000
34302913.000000 15071.000000 17.000000
34361547.000000 13446.000000 11.000000
