27935163.000000 8100.000000 2710.000000
27640594.000000 9834.000000 2318.000000
27428263.000000 8743.000000 2171.000000
27516420.000000 7448.000000 2014.000000
27446108.000000 7933.000000 2103.000000
28113757.000000 6833.000000 2288.000000
27409686.000000 8074.000000 2441.000000
27521725.000000 8037.000000 2271.000000
28172924.000000 7366.000000 2287.000000
27470890.000000 7557.000000 2188.000000
28120432.000000 8802.000000 2284.000000
27901700.000000 8066.000000 2312.000000
27642016.000000 7570.000000 2322.000000
27455126.000000 8362.000000 2242.000000
27501463.000000 7998.000000 2277.000000
28157086.000000 7310.000000 2301.000000
28179872.000000 7337.000000 2270.000000
27369496.000000 8401.000000 2138.000000
28168607.000000 7675.000000 2293.000000
27374947.000000 7633.000000 2007.000000
27499940.000000 8493.000000 2243.000000
27412963.000000 9667.000000 2206.000000
28050909.000000 7392.000000 2302.000000
27522774.000000 7591.000000 2064.000000
27467155.000000 7980.000000 2221.000000
27557117.000000 7612.000000 2319.000000
27367700.000000 9984.000000 2183.000000
28045532.000000 8065.000000 2514.000000
27431902.000000 9171.000000 2074.000000
27791142.000000 7958.000000 2321.000000
27508648.000000 7535.000000 2266.000000
27471954.000000 8124.000000 2228.000000
27311527.000000 8837.000000 2168.000000
27417906.000000 7278.000000 2157.000000
27511593.000000 7839.000000 2329.000000
27426534.000000 7779.000000 2154.000000
28001138.000000 7450.000000 2306.000000
27483394.000000 8104.000000 2279.000000
28018949.000000 7502.000000 2314.000000
28110494.000000 7258.000000 2341.000000
27487936.000000 7510.000000 2245.000000
27460332.000000 7399.000000 2106.000000
28172496.000000 6967.000000 2289.000000
28073991.000000 7540.000000 2291.000000
26816994.000000 8361.000000 2493.000000
28038959.000000 7702.000000 2285.000000
27501869.000000 7675.000000 2241.000000
28157441.000000 7011.000000 2284.000000
28121342.000000 8345.000000 2282.000000
28206820.000000 8515.000000 2275.000000
27505608.000000 9148.000000 2014.000000
27064214.000000 8075.000000 2133.000000
27464828.000000 8026.000000 2099.000000
28135147.000000 7762.000000 2297.000000
28075622.000000 8246.000000 2290.000000
27371417.000000 7925.000000 2154.000000
27618197.000000 7812.000000 2325.000000
28125683.000000 7183.000000 2299.000000
27816832.000000 7780.000000 2317.000000
27909929.000000 7474.000000 2315.000000
27702717.000000 7635.000000 2317.000000
27405157.000000 7925.000000 2267.000000
27422010.000000 8155.000000 2104.000000
27573602.000000 6827.000000 2016.000000
28251097.000000 7723.000000 2283.000000
28207475.000000 7309.000000 2366.000000
27398946.000000 9695.000000 2009.000000
27474009.000000 7879.000000 2021.000000
27535076.000000 7828.000000 2333.000000
28125526.000000 8629.000000 2290.000000
27468591.000000 8626.000000 2259.000000
27496223.000000 7695.000000 2295.000000
27436805.000000 7553.000000 2176.000000
27591895.000000 9804.000000 2017.000000
27485645.000000 7765.000000 2178.000000
27426687.000000 9593.000000 2013.000000
27392873.000000 8122.000000 2027.000000
27390375.000000 8053.000000 2046.000000
28119732.000000 7850.000000 2293.000000
27529531.000000 9634.000000 2223.000000
27427786.000000 8877.000000 2075.000000
28174500.000000 8051.000000 2279.000000
27725151.000000 7879.000000 2317.000000
27340127.000000 7427.000000 2142.000000
27982166.000000 8322.000000 2320.000000
27439140.000000 7011.000000 2010.000000
28007374.000000 7674.000000 2321.000000
26952556.000000 9645.000000 2325.000000
27686811.000000 7559.000000 2336.000000
27076832.000000 8225.000000 2513.000000
27405451.000000 8054.000000 2258.000000
27983716.000000 7860.000000 2282.000000
28103374.000000 7812.000000 2295.000000
28113474.000000 7970.000000 2288.000000
27692264.000000 7980.000000 2320.000000
27475515.000000 8713.000000 2085.000000
28124719.000000 8543.000000 2287.000000
28139455.000000 7180.000000 2315.000000
27302968.000000 8055.000000 2012.000000
27596436.000000 7427.000000 2323.000000
