27142142.000000 7029.000000 1900.000000
26983431.000000 8089.000000 1824.000000
27035399.000000 7685.000000 1865.000000
27098679.000000 7759.000000 1901.000000
27060588.000000 7617.000000 1888.000000
27107845.000000 7609.000000 1957.000000
27151405.000000 8025.000000 1954.000000
27142756.000000 7090.000000 1899.000000
27400692.000000 6824.000000 1835.000000
27071073.000000 7523.000000 1821.000000
27049185.000000 7317.000000 1915.000000
27014593.000000 7306.000000 1831.000000
27134067.000000 6861.000000 1902.000000
26937469.000000 7601.000000 1824.000000
27067521.000000 7366.000000 1876.000000
27101702.000000 7475.000000 1960.000000
27532121.000000 7674.000000 1962.000000
27074546.000000 7158.000000 1816.000000
27407563.000000 7595.000000 1917.000000
26773332.000000 6768.000000 1950.000000
27075733.000000 6737.000000 1836.000000
27171529.000000 6696.000000 1907.000000
27062706.000000 6508.000000 1907.000000
27105735.000000 6851.000000 1908.000000
27110397.000000 8214.000000 1945.000000
27454738.000000 6695.000000 1851.000000
27093755.000000 7127.000000 1894.000000
27063995.000000 8566.000000 1886.000000
27416403.000000 7521.000000 1832.000000
27043813.000000 6718.000000 1896.000000
27093331.000000 6476.000000 1896.000000
27031582.000000 7471.000000 1883.000000
26832268.000000 8512.000000 1919.000000
27049029.000000 7337.000000 1906.000000
27365879.000000 8885.000000 1931.000000
27110263.000000 7461.000000 1901.000000
27119605.000000 8032.000000 1906.000000
27048450.000000 7099.000000 1862.000000
27013829.000000 7234.000000 2045.000000
27151539.000000 7747.000000 2111.000000
27158265.000000 7317.000000 1915.000000
27073896.000000 7033.000000 1902.000000
26592476.000000 9230.000000 1937.000000
26833789.000000 6944.000000 1865.000000
27061241.000000 7515.000000 1860.000000
27153806.000000 8362.000000 1840.000000
27090867.000000 7318.000000 1846.000000
27115241.000000 8178.000000 1846.000000
27433467.000000 8150.000000 1845.000000
27113460.000000 8327.000000 1902.000000
27154400.000000 6835.000000 1905.000000
27090382.000000 7634.000000 1782.000000
26757757.000000 7684.000000 1919.000000
27187224.000000 7716.000000 1812.000000
27172518.000000 6661.000000 1902.000000
27203643.000000 6534.000000 1894.000000
27197838.000000 6577.000000 1902.000000
27174244.000000 7074.000000 1900.000000
27089537.000000 7899.000000 1900.000000
27063156.000000 7601.000000 1841.000000
27040362.000000 7451.000000 1915.000000
27392705.000000 8968.000000 1967.000000
27376482.000000 7398.000000 1787.000000
27459179.000000 7401.000000 1987.000000
27450738.000000 7000.000000 1840.000000
27048928.000000 7332.000000 1687.000000
27026147.000000 7660.000000 1831.000000
27253895.000000 6527.000000 1786.000000
27085300.000000 6728.000000 1900.000000
27171417.000000 7028.000000 1857.000000
27396136.000000 7899.000000 1938.000000
27077392.000000 7169.000000 1816.000000
27182612.000000 7733.000000 1905.000000
27060997.000000 7233.000000 1818.000000
27074542.000000 7025.000000 1710.000000
27132657.000000 7589.000000 1809.000000
27015091.000000 6880.000000 1870.000000
27158651.000000 7030.000000 1916.000000
27074527.000000 8832.000000 1817.000000
27136691.000000 7055.000000 1908.000000
27134310.000000 6845.000000 1903.000000
26897512.000000 7955.000000 2748.000000
27445067.000000 8761.000000 1939.000000
27147726.000000 6694.000000 1908.000000
27154936.000000 6418.000000 1906.000000
27143486.000000 7895.000000 1819.000000
26972619.000000 9701.000000 1818.000000
26999036.000000 6692.000000 1827.000000
27142315.000000 7095.000000 1899.000000
27119843.000000 7745.000000 1904.000000
27081104.000000 6925.000000 1917.000000
27137115.000000 7029.000000 1904.000000
27017694.000000 7961.000000 1905.000000
27153640.000000 6817.000000 1820.000000
27162309.000000 6955.000000 1904.000000
27184653.000000 7418.000000 1899.000000
27495825.000000 7094.000000 1916.000000
27161829.000000 6589.000000 1909.000000
27181052.000000 6469.000000 1904.000000
27192452.000000 8330.000000 1828.000000
