33901936.000000 14322.000000 2624.000000
34724819.000000 13458.000000 2818.000000
35183671.000000 14117.000000 2620.000000
34677723.000000 16793.000000 2740.000000
33892393.000000 14947.000000 2611.000000
33773449.000000 15953.000000 2697.000000
32558056.000000 17195.000000 2472.000000
34707929.000000 14255.000000 3290.000000
34638612.000000 12248.000000 2831.000000
34107718.000000 12400.000000 2705.000000
34936634.000000 13714.000000 2462.000000
34719754.000000 13724.000000 2839.000000
34810922.000000 12837.000000 2752.000000
34564429.000000 13881.000000 2866.000000
34358373.000000 16396.000000 2839.000000
33941668.000000 15228.000000 2681.000000
34614289.000000 11867.000000 2779.000000
34558803.000000 15635.000000 2650.000000
34765480.000000 13129.000000 2787.000000
33568183.000000 17236.000000 2705.000000
34669300.000000 13797.000000 2632.000000
34666241.000000 14168.000000 2803.000000
34759492.000000 14366.000000 2782.000000
34498634.000000 16534.000000 2722.000000
34353261.000000 15869.000000 2839.000000
34539350.000000 15605.000000 2706.000000
35028856.000000 14158.000000 2634.000000
34068215.000000 12512.000000 2680.000000
33830677.000000 16876.000000 2622.000000
33946860.000000 15262.000000 2689.000000
34305383.000000 16492.000000 2855.000000
33633982.000000 15468.000000 2793.000000
34011671.000000 16675.000000 2597.000000
34737089.000000 14064.000000 2746.000000
35183835.000000 13377.000000 2568.000000
35085728.000000 14761.000000 2754.000000
33610375.000000 13162.000000 2659.000000
32800482.000000 14916.000000 2541.000000
33899404.000000 11688.000000 2674.000000
34325553.000000 14170.000000 2726.000000
35378485.000000 13149.000000 2812.000000
33908729.000000 14750.000000 2721.000000
34528824.000000 13547.000000 2628.000000
33101832.000000 13664.000000 2693.000000
34594563.000000 17309.000000 2854.000000
33809933.000000 17795.000000 3192.000000
34497391.000000 14980.000000 2953.000000
33819352.000000 14463.000000 2700.000000
34035367.000000 14253.000000 2581.000000
34526305.000000 14875.000000 2853.000000
34870606.000000 12883.000000 2837.000000
35000232.000000 12887.000000 2607.000000
34644707.000000 12687.000000 2746.000000
34418036.000000 15585.000000 2634.000000
35101090.000000 12217.000000 2729.000000
34704202.000000 12521.000000 3016.000000
34716655.000000 15781.000000 2695.000000
33909883.000000 12410.000000 2947.000000
34561031.000000 16862.000000 2616.000000
34696212.000000 15000.000000 2866.000000
34751786.000000 13544.000000 2904.000000
34453230.000000 14753.000000 2694.000000
34332076.000000 15151.000000 2797.000000
33870916.000000 12806.000000 2741.000000
33725830.000000 16252.000000 2679.000000
34813579.000000 15770.000000 2816.000000
33833014.000000 13808.000000 2774.000000
35182704.000000 15041.000000 2644.000000
34557940.000000 14163.000000 2759.000000
34456937.000000 16169.000000 2855.000000
34639687.000000 18443.000000 2762.000000
34109075.000000 16036.000000 2779.000000
34202663.000000 13858.000000 2771.000000
34301435.000000 13711.000000 2925.000000
34673734.000000 15144.000000 2592.000000
34844300.000000 13718.000000 2861.000000
34916975.000000 15823.000000 2785.000000
34835860.000000 15730.000000 2788.000000
33967168.000000 12430.000000 2735.000000
35114652.000000 15346.000000 2785.000000
34892064.000000 13945.000000 2606.000000
34918458.000000 12681.000000 2752.000000
34497402.000000 13251.000000 2817.000000
34958381.000000 15047.000000 2612.000000
33839572.000000 18537.000000 2698.000000
34535025.000000 12499.000000 2808.000000
33866683.000000 14142.000000 2765.000000
34604549.000000 13539.000000 2797.000000
33795814.000000 14894.000000 2664.000000
34634458.000000 13616.000000 2745.000000
33838180.000000 14315.000000 2751.000000
34896125.000000 12753.000000 2875.000000
34544189.000000 14834.000000 2858.000000
34603900.000000 12710.000000 2804.000000
34804913.000000 14050.000000 2774.000000
34939669.000000 15896.000000 2801.000000
33978662.000000 14936.000000 2681.000000
33866395.000000 13145.000000 2749.000000
33970047.000000 14061.000000 2804.000000
33936485.000000 13909.000000 2684.000000
