34440928.000000 15747.000000 9.000000
34433978.000000 16206.000000 30.000000
34913756.000000 12549.000000 2.000000
34790114.000000 13029.000000 21.000000
34539030.000000 17027.000000 6.000000
34574988.000000 14378.000000 2.000000
34763552.000000 15700.000000 4.000000
34750460.000000 13176.000000 0.000000
34458287.000000 12031.000000 0.000000
34448922.000000 11098.000000 3.000000
34678798.000000 14771.000000 15.000000
34771057.000000 16584.000000 1.000000
34400336.000000 14054.000000 29.000000
34391509.000000 15082.000000 34.000000
34803473.000000 14484.000000 2.000000
34863567.000000 13803.000000 39.000000
34298748.000000 13951.000000 1.000000
34456792.000000 11378.000000 14.000000
34323718.000000 11656.000000 0.000000
34626065.000000 15191.000000 20.000000
34604018.000000 15749.000000 0.000000
34856700.000000 14857.000000 0.000000
34372330.000000 11668.000000 0.000000
34401295.000000 12636.000000 19.000000
34739223.000000 14414.000000 0.000000
34184021.000000 19646.000000 1.000000
34356660.000000 14560.000000 46.000000
34718838.000000 13018.000000 0.000000
34478294.000000 11176.000000 0.000000
34803439.000000 14068.000000 0.000000
34406797.000000 14362.000000 0.000000
34208419.000000 14131.000000 0.000000
34255426.000000 12768.000000 0.000000
34669863.000000 14287.000000 1.000000
34308079.000000 22381.000000 2.000000
34819744.000000 13144.000000 0.000000
34709747.000000 15910.000000 0.000000
34545466.000000 15898.000000 0.000000
34790713.000000 15339.000000 0.000000
34313514.000000 14456.000000 0.000000
34796925.000000 14269.000000 0.000000
34289015.000000 16644.000000 0.000000
34820883.000000 13874.000000 0.000000
34856952.000000 17815.000000 1.000000
34371358.000000 15836.000000 1.000000
34727680.000000 15079.000000 0.000000
34573825.000000 15319.000000 0.000000
34424429.000000 18641.000000 0.000000
34559075.000000 16407.000000 0.000000
34598188.000000 13815.000000 0.000000
34723026.000000 13878.000000 0.000000
34646372.000000 14252.000000 0.000000
34219168.000000 15798.000000 0.000000
34687752.000000 13686.000000 0.000000
34575477.000000 13905.000000 0.000000
34610173.000000 18121.000000 17.000000
34746676.000000 14878.000000 0.000000
34312726.000000 26512.000000 1.000000
34814173.000000 13589.000000 1.000000
34669924.000000 15676.000000 2.000000
34375004.000000 13201.000000 2.000000
34514167.000000 13623.000000 0.000000
34828493.000000 13849.000000 0.000000
34599335.000000 18874.000000 2.000000
34764170.000000 14107.000000 0.000000
34832736.000000 15326.000000 0.000000
34821745.000000 13141.000000 0.000000
34758614.000000 12881.000000 2.000000
34169514.000000 19323.000000 0.000000
34667433.000000 15492.000000 0.000000
34773422.000000 16674.000000 0.000000
34682656.000000 15207.000000 1.000000
34376219.000000 13852.000000 1.000000
34570431.000000 15926.000000 0.000000
34822769.000000 12219.000000 0.000000
34048488.000000 20955.000000 0.000000
34693490.000000 15146.000000 2.000000
34686287.000000 15996.000000 0.000000
34449219.000000 13103.000000 1.000000
34605043.000000 13201.000000 0.000000
34566242.000000 13907.000000 4.000000
34928737.000000 15143.000000 0.000000
34689370.000000 17743.000000 4.000000
34642571.000000 13881.000000 0.000000
34765190.000000 13274.000000 0.000000
34755618.000000 13187.000000 0.000000
34566154.000000 15556.000000 0.000000
34435858.000000 12351.000000 0.000000
34832536.000000 13624.000000 0.000000
34719083.000000 17223.000000 0.000000
34124819.000000 14799.000000 8.000000
34541238.000000 16836.000000 0.000000
34620255.000000 13873.000000 17.000000
34822582.000000 11950.000000 1.000000
34212303.000000 13115.000000 11.000000
34893008.000000 14021.000000 0.000000
34640428.000000 15870.000000 24.000000
34315216.000000 13991.000000 0.000000
34912259.000000 12421.000000 1.000000
34737278.000000 17404.000000 31.000000
