32342796.000000 13018.000000 1722.000000
32253842.000000 13745.000000 1682.000000
32335366.000000 10483.000000 1925.000000
32244218.000000 10203.000000 1728.000000
32454159.000000 10468.000000 1675.000000
32244478.000000 11596.000000 1720.000000
32310127.000000 11132.000000 1717.000000
32359411.000000 11525.000000 1739.000000
32275707.000000 14669.000000 1865.000000
32342216.000000 9941.000000 1692.000000
32175666.000000 18128.000000 1225.000000
32421377.000000 10346.000000 1459.000000
32332448.000000 12227.000000 1737.000000
32302901.000000 10911.000000 1855.000000
32438534.000000 11170.000000 1525.000000
32366125.000000 11771.000000 1683.000000
32409122.000000 9743.000000 1792.000000
32435905.000000 9417.000000 1762.000000
32345536.000000 11207.000000 1672.000000
32205734.000000 13422.000000 1642.000000
32349121.000000 12046.000000 1841.000000
32392796.000000 10754.000000 1578.000000
32167500.000000 12068.000000 1874.000000
32187824.000000 16387.000000 1740.000000
32159994.000000 11395.000000 1773.000000
32274621.000000 11705.000000 1854.000000
32343493.000000 10951.000000 1664.000000
32374409.000000 9966.000000 1669.000000
32361664.000000 12682.000000 1783.000000
32276013.000000 12960.000000 1488.000000
32302336.000000 11419.000000 1725.000000
32360081.000000 10171.000000 1762.000000
32330005.000000 11784.000000 1801.000000
32187840.000000 10245.000000 1833.000000
31266246.000000 11170.000000 1869.000000
32173832.000000 13533.000000 1723.000000
32192422.000000 13200.000000 1702.000000
32275639.000000 14563.000000 1676.000000
32417157.000000 9455.000000 1614.000000
32292055.000000 10329.000000 1844.000000
32151588.000000 17786.000000 1645.000000
32294636.000000 10010.000000 1646.000000
32294847.000000 11603.000000 1976.000000
32292183.000000 14468.000000 1727.000000
32392629.000000 11157.000000 1229.000000
32311733.000000 12698.000000 1783.000000
32227393.000000 12384.000000 1787.000000
32281006.000000 10195.000000 1827.000000
32414486.000000 10961.000000 1822.000000
32351158.000000 11852.000000 1896.000000
32150470.000000 14064.000000 2130.000000
32274263.000000 12376.000000 1715.000000
32274258.000000 10985.000000 1872.000000
30653489.000000 9956.000000 1280.000000
32328668.000000 11392.000000 1780.000000
32244312.000000 11864.000000 1944.000000
32220145.000000 13635.000000 1964.000000
32147475.000000 12072.000000 2011.000000
32282202.000000 10750.000000 1962.000000
32223186.000000 15347.000000 1562.000000
32323971.000000 11606.000000 1567.000000
32212607.000000 12845.000000 2011.000000
32269014.000000 11906.000000 1983.000000
32330151.000000 12236.000000 1805.000000
32244690.000000 10548.000000 1769.000000
32445537.000000 9770.000000 1311.000000
32276016.000000 13492.000000 1652.000000
32265196.000000 11500.000000 2046.000000
32288220.000000 10336.000000 1910.000000
32216933.000000 11332.000000 2139.000000
32232793.000000 12542.000000 1659.000000
32278159.000000 12119.000000 1686.000000
32151261.000000 14100.000000 1812.000000
32362825.000000 10532.000000 1728.000000
32092298.000000 12675.000000 1883.000000
32142396.000000 15383.000000 1554.000000
32438353.000000 13469.000000 1094.000000
32335585.000000 12309.000000 1761.000000
32227777.000000 13545.000000 1795.000000
32262842.000000 11667.000000 1979.000000
97843012.000000 40462.000000 5390.000000
32088494.000000 16038.000000 1726.000000
31983423.000000 19863.000000 1871.000000
32287761.000000 11156.000000 1561.000000
32133568.000000 15303.000000 1925.000000
32386176.000000 10270.000000 1677.000000
32324654.000000 11648.000000 1571.000000
32454650.000000 9468.000000 1656.000000
32093160.000000 14392.000000 1838.000000
32368482.000000 10136.000000 1803.000000
32134927.000000 11169.000000 1624.000000
32269267.000000 10335.000000 1603.000000
32295138.000000 11115.000000 1935.000000
31939324.000000 17475.000000 1607.000000
32284908.000000 11780.000000 1729.000000
32180864.000000 12652.000000 1727.000000
32174634.000000 16462.000000 1595.000000
32318321.000000 11455.000000 1883.000000
32380598.000000 11103.000000 1837.000000
