33454395.000000 14901.000000 2361.000000
33099950.000000 17918.000000 2324.000000
33381858.000000 14522.000000 2391.000000
33352534.000000 15403.000000 2426.000000
33154184.000000 14096.000000 2301.000000
34095512.000000 12402.000000 1937.000000
33539839.000000 13483.000000 2410.000000
33901891.000000 15943.000000 2385.000000
33973077.000000 13945.000000 2343.000000
33560261.000000 13045.000000 2660.000000
34064122.000000 17940.000000 2087.000000
33512955.000000 15640.000000 2372.000000
33463931.000000 14662.000000 2466.000000
33991901.000000 13509.000000 2561.000000
33596831.000000 14089.000000 2532.000000
33624859.000000 16068.000000 2094.000000
33500071.000000 13286.000000 2230.000000
32907901.000000 14390.000000 2306.000000
33982570.000000 13579.000000 2473.000000
33559935.000000 13884.000000 2178.000000
33234919.000000 17979.000000 2463.000000
33252169.000000 13049.000000 2341.000000
32952308.000000 24108.000000 2340.000000
33803863.000000 17032.000000 2639.000000
33543677.000000 17779.000000 2428.000000
33309971.000000 12276.000000 2643.000000
33290641.000000 13774.000000 2482.000000
34307627.000000 12503.000000 2437.000000
33568159.000000 15287.000000 2227.000000
33520121.000000 16277.000000 2193.000000
33635814.000000 14165.000000 2248.000000
34102964.000000 14202.000000 2371.000000
33469800.000000 14445.000000 2313.000000
33229888.000000 15734.000000 2366.000000
32471494.000000 18045.000000 2293.000000
33644207.000000 14861.000000 2381.000000
34296688.000000 15309.000000 2490.000000
34067522.000000 13064.000000 2533.000000
33815043.000000 16208.000000 1898.000000
33402407.000000 12705.000000 2419.000000
34155117.000000 14260.000000 2286.000000
33708623.000000 12575.000000 2432.000000
33562783.000000 14094.000000 2199.000000
33138337.000000 12781.000000 2414.000000
33417793.000000 14136.000000 2441.000000
33438410.000000 17233.000000 2180.000000
33235396.000000 15659.000000 2296.000000
33547395.000000 13532.000000 2432.000000
34033630.000000 12686.000000 2479.000000
33973457.000000 13024.000000 2503.000000
33988294.000000 13987.000000 2323.000000
34214321.000000 13329.000000 2418.000000
33524899.000000 13983.000000 2388.000000
33838071.000000 12909.000000 2017.000000
33122484.000000 13243.000000 2648.000000
33240498.000000 13054.000000 2479.000000
33315078.000000 17660.000000 2246.000000
34077032.000000 16138.000000 1749.000000
34437588.000000 16018.000000 1615.000000
33538079.000000 15508.000000 1754.000000
34007492.000000 14674.000000 1737.000000
34387476.000000 16798.000000 1927.000000
33948645.000000 14273.000000 1721.000000
33867625.000000 14870.000000 2003.000000
33453390.000000 18338.000000 1709.000000
34256770.000000 17011.000000 2090.000000
34029252.000000 16080.000000 1914.000000
34003933.000000 14259.000000 1936.000000
34344404.000000 14705.000000 1862.000000
33945045.000000 15278.000000 1630.000000
33906202.000000 14488.000000 2019.000000
33954443.000000 14178.000000 1677.000000
34367527.000000 16470.000000 1665.000000
33900152.000000 14611.000000 1746.000000
34544014.000000 16384.000000 1446.000000
33550891.000000 17484.000000 1454.000000
33900091.000000 13896.000000 1819.000000
33632106.000000 16598.000000 1620.000000
33413524.000000 15525.000000 1757.000000
33857236.000000 17433.000000 2045.000000
33847134.000000 14265.000000 2082.000000
33919465.000000 19318.000000 2219.000000
34391499.000000 12660.000000 1856.000000
33954498.000000 16011.000000 2021.000000
34125557.000000 13666.000000 2297.000000
33947596.000000 22903.000000 1854.000000
33799715.000000 15986.000000 1959.000000
34236764.000000 15059.000000 1636.000000
33928231.000000 14684.000000 1701.000000
33768654.000000 14204.000000 2204.000000
33945887.000000 14103.000000 1795.000000
33725765.000000 16492.000000 1753.000000
33938347.000000 19158.000000 1578.000000
33998543.000000 15667.000000 1558.000000
33419197.000000 15397.000000 1738.000000
34362386.000000 14294.000000 1864.000000
33966660.000000 16136.000000 1534.000000
34381694.000000 15560.000000 1782.000000
33907070.000000 15144.000000 2155.000000
34385390.000000 12958.000000 1816.000000
