32499190.000000 10466.000000 375.000000
32546359.000000 14160.000000 508.000000
32457664.000000 13758.000000 600.000000
32380865.000000 14323.000000 478.000000
32547097.000000 12108.000000 335.000000
32463173.000000 10475.000000 644.000000
32542549.000000 10574.000000 679.000000
32407761.000000 13372.000000 464.000000
32534910.000000 12678.000000 420.000000
32401845.000000 12758.000000 532.000000
32461204.000000 12027.000000 393.000000
32371757.000000 13114.000000 552.000000
32634584.000000 11416.000000 336.000000
32070625.000000 13547.000000 498.000000
32553040.000000 11209.000000 420.000000
32534244.000000 12056.000000 236.000000
32488344.000000 10368.000000 544.000000
32651780.000000 10064.000000 646.000000
32491770.000000 12075.000000 397.000000
32372337.000000 14758.000000 530.000000
32198239.000000 15994.000000 482.000000
32352422.000000 14575.000000 361.000000
32552266.000000 10727.000000 310.000000
32622351.000000 9715.000000 583.000000
32234743.000000 17156.000000 501.000000
32287065.000000 12633.000000 666.000000
32240619.000000 14361.000000 581.000000
32515913.000000 10981.000000 499.000000
32338071.000000 14415.000000 374.000000
32545297.000000 10129.000000 214.000000
32402287.000000 11235.000000 484.000000
32533895.000000 11114.000000 281.000000
32472473.000000 14327.000000 322.000000
32299460.000000 13202.000000 272.000000
32491196.000000 13572.000000 229.000000
32223437.000000 13980.000000 575.000000
32520983.000000 11218.000000 465.000000
32457189.000000 10728.000000 457.000000
32197285.000000 13865.000000 785.000000
32281722.000000 12438.000000 667.000000
32390521.000000 10964.000000 511.000000
32563088.000000 14217.000000 70.000000
32525349.000000 11582.000000 366.000000
32603360.000000 10337.000000 450.000000
32314905.000000 14056.000000 408.000000
32494700.000000 12109.000000 474.000000
32325716.000000 10051.000000 668.000000
32501747.000000 10155.000000 647.000000
32622407.000000 13463.000000 318.000000
32519964.000000 11366.000000 417.000000
32510639.000000 10595.000000 613.000000
32587133.000000 11284.000000 405.000000
32529497.000000 11504.000000 319.000000
32486066.000000 10043.000000 328.000000
32682363.000000 9875.000000 182.000000
32551535.000000 13360.000000 212.000000
32611774.000000 11086.000000 250.000000
32510415.000000 9566.000000 394.000000
32534253.000000 10069.000000 391.000000
32685399.000000 10800.000000 201.000000
32524787.000000 10284.000000 354.000000
32431315.000000 15339.000000 245.000000
32584389.000000 11434.000000 410.000000
32328742.000000 14377.000000 331.000000
32466945.000000 12494.000000 225.000000
32343777.000000 13954.000000 492.000000
32562876.000000 10335.000000 476.000000
32399229.000000 12733.000000 426.000000
32570102.000000 13544.000000 366.000000
32569533.000000 11766.000000 459.000000
32329091.000000 12714.000000 429.000000
32588748.000000 10591.000000 455.000000
32424938.000000 14924.000000 671.000000
32350407.000000 11083.000000 528.000000
32463030.000000 11595.000000 377.000000
32560489.000000 10896.000000 276.000000
32497167.000000 11683.000000 145.000000
32204152.000000 12447.000000 300.000000
32302936.000000 11962.000000 531.000000
32652348.000000 10966.000000 228.000000
32541327.000000 12993.000000 277.000000
32412464.000000 11271.000000 324.000000
32476813.000000 13165.000000 317.000000
32458976.000000 11940.000000 437.000000
32353865.000000 13030.000000 331.000000
32584193.000000 9932.000000 270.000000
32384508.000000 10064.000000 226.000000
32359227.000000 14103.000000 494.000000
32538565.000000 10797.000000 382.000000
32396443.000000 11011.000000 456.000000
32460875.000000 14323.000000 288.000000
32320566.000000 11627.000000 336.000000
32621432.000000 12194.000000 160.000000
32560937.000000 11063.000000 130.000000
32477775.000000 9502.000000 440.000000
32542267.000000 12954.000000 435.000000
32328518.000000 15234.000000 191.000000
32512453.000000 11404.000000 372.000000
32676428.000000 10147.000000 187.000000
32244852.000000 17590.000000 250.000000
