34068171.000000 13235.000000 327.000000
33989283.000000 11680.000000 265.000000
34167449.000000 12579.000000 344.000000
34091313.000000 13953.000000 161.000000
34011513.000000 12743.000000 279.000000
33478753.000000 13143.000000 531.000000
33564935.000000 12018.000000 677.000000
34044362.000000 11717.000000 399.000000
33263680.000000 15609.000000 547.000000
33703114.000000 10625.000000 408.000000
33797986.000000 12054.000000 475.000000
33187374.000000 12561.000000 716.000000
33550262.000000 12753.000000 577.000000
33815704.000000 13740.000000 377.000000
33413100.000000 14571.000000 349.000000
33963467.000000 11309.000000 376.000000
33914400.000000 12550.000000 322.000000
33448249.000000 13071.000000 801.000000
33801105.000000 11378.000000 800.000000
33640743.000000 14208.000000 686.000000
33997897.000000 13159.000000 456.000000
33676282.000000 14010.000000 524.000000
33443898.000000 14754.000000 538.000000
33939964.000000 12103.000000 312.000000
33523841.000000 15108.000000 545.000000
34014003.000000 13085.000000 665.000000
33872399.000000 13187.000000 763.000000
33562281.000000 15272.000000 587.000000
34016929.000000 12009.000000 610.000000
34024977.000000 14127.000000 211.000000
33828937.000000 13426.000000 415.000000
33772291.000000 12304.000000 669.000000
34032664.000000 11741.000000 634.000000
34100821.000000 12667.000000 262.000000
33911825.000000 15465.000000 329.000000
33582109.000000 18982.000000 198.000000
34032208.000000 10990.000000 709.000000
33879492.000000 11664.000000 498.000000
33917272.000000 12232.000000 465.000000
34018180.000000 12309.000000 615.000000
34101532.000000 12860.000000 447.000000
33306753.000000 12855.000000 386.000000
33904364.000000 12159.000000 510.000000
33711097.000000 14174.000000 219.000000
33204729.000000 14506.000000 451.000000
33535764.000000 17024.000000 588.000000
33167384.000000 13344.000000 506.000000
34060946.000000 13115.000000 508.000000
32588677.000000 14704.000000 498.000000
33969802.000000 12650.000000 220.000000
33362758.000000 13682.000000 484.000000
33976210.000000 14551.000000 447.000000
33692535.000000 11779.000000 763.000000
33522256.000000 13349.000000 936.000000
33369187.000000 12407.000000 452.000000
33339833.000000 14060.000000 720.000000
33748212.000000 13269.000000 669.000000
33714681.000000 14380.000000 347.000000
33836937.000000 14009.000000 572.000000
33327973.000000 14430.000000 442.000000
33732459.000000 14913.000000 328.000000
33810250.000000 13131.000000 596.000000
33622425.000000 15131.000000 410.000000
33156845.000000 11042.000000 459.000000
34055632.000000 12785.000000 505.000000
33062721.000000 17531.000000 902.000000
33907644.000000 12949.000000 578.000000
33571431.000000 14337.000000 713.000000
33467465.000000 11700.000000 425.000000
33399804.000000 12928.000000 756.000000
33550715.000000 16371.000000 873.000000
33714327.000000 11748.000000 663.000000
33262722.000000 11774.000000 552.000000
33843354.000000 11441.000000 920.000000
33234777.000000 14727.000000 489.000000
33430877.000000 17668.000000 944.000000
33500475.000000 15200.000000 688.000000
34092314.000000 12256.000000 290.000000
33751117.000000 15145.000000 207.000000
33646746.000000 13664.000000 143.000000
33692067.000000 13862.000000 199.000000
33881836.000000 14167.000000 163.000000
34077835.000000 11803.000000 245.000000
34262239.000000 11849.000000 95.000000
33846460.000000 14157.000000 117.000000
34345436.000000 11025.000000 204.000000
33542842.000000 12160.000000 107.000000
33768509.000000 14311.000000 165.000000
34120152.000000 13077.000000 215.000000
34035701.000000 14022.000000 289.000000
34073153.000000 14274.000000 180.000000
34131671.000000 10431.000000 164.000000
33926000.000000 14268.000000 309.000000
33921603.000000 13613.000000 244.000000
33452740.000000 13436.000000 267.000000
33956745.000000 12273.000000 646.000000
33735628.000000 13244.000000 414.000000
33613655.000000 13990.000000 653.000000
33508958.000000 17323.000000 493.000000
33843089.000000 11965.000000 574.000000
