32384009.000000 12479.000000 2462.000000
30548914.000000 12897.000000 2066.000000
31673155.000000 11259.000000 2350.000000
31625632.000000 12371.000000 2294.000000
31939740.000000 12501.000000 2494.000000
32573732.000000 11404.000000 2400.000000
31580062.000000 12933.000000 2417.000000
31528971.000000 14556.000000 2351.000000
32498747.000000 12014.000000 2489.000000
31534961.000000 14634.000000 2449.000000
31604249.000000 14973.000000 2481.000000
32351493.000000 10970.000000 2513.000000
31607122.000000 12061.000000 2521.000000
31753674.000000 14053.000000 2189.000000
31675786.000000 16867.000000 2382.000000
31724121.000000 12554.000000 2286.000000
32092254.000000 12175.000000 2374.000000
32009960.000000 11318.000000 2617.000000
32476443.000000 11444.000000 2420.000000
32393734.000000 11213.000000 2523.000000
32315887.000000 15003.000000 2366.000000
31585287.000000 12215.000000 2469.000000
31975401.000000 13475.000000 2489.000000
31678764.000000 11471.000000 2423.000000
31271859.000000 11911.000000 2459.000000
31395158.000000 10765.000000 2651.000000
31907456.000000 12857.000000 2356.000000
31685240.000000 11569.000000 2560.000000
31738348.000000 11395.000000 2524.000000
31395292.000000 12992.000000 3268.000000
31756784.000000 11363.000000 2440.000000
32023440.000000 12708.000000 2408.000000
31847298.000000 11573.000000 2532.000000
31666575.000000 13330.000000 2428.000000
31720469.000000 13470.000000 2417.000000
31638285.000000 11734.000000 2405.000000
31381551.000000 16547.000000 2435.000000
31722602.000000 11180.000000 2355.000000
31561183.000000 12312.000000 2477.000000
31567658.000000 15895.000000 2365.000000
31283846.000000 13098.000000 2248.000000
31952489.000000 12562.000000 2333.000000
31700793.000000 11313.000000 2309.000000
31723205.000000 12389.000000 2298.000000
31855113.000000 11650.000000 2460.000000
31430666.000000 10316.000000 2423.000000
31770180.000000 12153.000000 2329.000000
31945593.000000 14356.000000 2623.000000
31783689.000000 11693.000000 2346.000000
31702404.000000 13947.000000 2454.000000
32482247.000000 10995.000000 2435.000000
31742323.000000 11737.000000 2446.000000
31280188.000000 15138.000000 2408.000000
31677828.000000 13826.000000 2478.000000
31907397.000000 14711.000000 2294.000000
31788549.000000 12579.000000 2436.000000
32293746.000000 12072.000000 2482.000000
31706383.000000 12297.000000 2423.000000
31866128.000000 10156.000000 2483.000000
31858357.000000 10412.000000 2509.000000
31772624.000000 13291.000000 2785.000000
31677697.000000 12150.000000 2377.000000
31685656.000000 10519.000000 2427.000000
31897548.000000 11367.000000 2439.000000
31968463.000000 12646.000000 2383.000000
31866046.000000 12219.000000 2209.000000
31909424.000000 12055.000000 2344.000000
31600874.000000 11014.000000 2509.000000
32434260.000000 11483.000000 2476.000000
30583991.000000 12697.000000 2972.000000
31839968.000000 13195.000000 2482.000000
31378128.000000 12497.000000 2513.000000
30166675.000000 12862.000000 2180.000000
31851988.000000 12994.000000 2423.000000
32071872.000000 15607.000000 2357.000000
31529363.000000 13800.000000 2311.000000
31275565.000000 11593.000000 2547.000000
31486544.000000 16899.000000 2454.000000
31508213.000000 13679.000000 4135.000000
31764173.000000 10719.000000 2690.000000
32112587.000000 10749.000000 2471.000000
31481419.000000 14308.000000 2597.000000
31934578.000000 10896.000000 3062.000000
31777325.000000 13329.000000 2457.000000
31098455.000000 13592.000000 2366.000000
31776471.000000 10890.000000 2450.000000
31828177.000000 13182.000000 2337.000000
32354957.000000 11213.000000 2496.000000
31510760.000000 12775.000000 2368.000000
31929505.000000 12041.000000 2424.000000
31933311.000000 11380.000000 2442.000000
31997520.000000 14548.000000 2472.000000
31598639.000000 12729.000000 2335.000000
31680445.000000 12889.000000 3261.000000
32344555.000000 12605.000000 2450.000000
31841167.000000 11806.000000 2508.000000
32357022.000000 12591.000000 2535.000000
31704171.000000 13100.000000 2403.000000
31541637.000000 10858.000000 2428.000000
32261519.000000 11859.000000 2539.000000
