34205642.000000 13109.000000 1476.000000
33958364.000000 14443.000000 948.000000
34365383.000000 13742.000000 1101.000000
34069760.000000 13309.000000 1911.000000
33373551.000000 16780.000000 1201.000000
34043393.000000 14167.000000 1551.000000
34269470.000000 13351.000000 1083.000000
34260807.000000 14629.000000 1342.000000
34379560.000000 14142.000000 1443.000000
34201039.000000 12167.000000 1551.000000
34514561.000000 12626.000000 1262.000000
33828769.000000 13211.000000 935.000000
34217602.000000 14495.000000 1333.000000
34580215.000000 13160.000000 1032.000000
34803539.000000 12689.000000 1024.000000
34304554.000000 12708.000000 1760.000000
33471362.000000 14207.000000 1442.000000
33996448.000000 16842.000000 1628.000000
34253138.000000 13198.000000 1352.000000
33957157.000000 13763.000000 1667.000000
34454596.000000 13321.000000 851.000000
33005478.000000 13024.000000 1539.000000
33680487.000000 14874.000000 1262.000000
34377898.000000 12890.000000 1047.000000
34411853.000000 13620.000000 1166.000000
34052423.000000 12735.000000 1274.000000
34358747.000000 13003.000000 1045.000000
34373846.000000 13801.000000 1476.000000
34286467.000000 13417.000000 941.000000
33342984.000000 13978.000000 1421.000000
32827240.000000 14538.000000 1298.000000
34668742.000000 11774.000000 1239.000000
34315960.000000 13719.000000 1534.000000
34630884.000000 11253.000000 1257.000000
33511492.000000 13321.000000 1345.000000
34267013.000000 13586.000000 1560.000000
34139927.000000 12771.000000 1211.000000
32604117.000000 13374.000000 1414.000000
34176558.000000 18703.000000 1029.000000
34043237.000000 13785.000000 1528.000000
34421035.000000 12593.000000 1281.000000
33141413.000000 15972.000000 1367.000000
34296278.000000 14117.000000 1607.000000
33770367.000000 20362.000000 936.000000
34267155.000000 13983.000000 872.000000
33277476.000000 13702.000000 1284.000000
34155969.000000 13044.000000 1247.000000
34188366.000000 13424.000000 1012.000000
34497939.000000 12484.000000 1304.000000
34485564.000000 13241.000000 1092.000000
34221686.000000 13802.000000 1235.000000
33803076.000000 15927.000000 765.000000
34485148.000000 11568.000000 1572.000000
34224742.000000 12702.000000 1464.000000
33227748.000000 16270.000000 1079.000000
34278006.000000 12985.000000 1116.000000
33844902.000000 11537.000000 968.000000
34451926.000000 12774.000000 1527.000000
34479619.000000 12347.000000 1179.000000
34485384.000000 13730.000000 1396.000000
33562892.000000 13753.000000 1061.000000
35034730.000000 12991.000000 1155.000000
34611962.000000 12336.000000 1129.000000
33257413.000000 13932.000000 861.000000
34149189.000000 15447.000000 1244.000000
34291689.000000 14245.000000 1292.000000
34438709.000000 11720.000000 1035.000000
34605930.000000 11439.000000 1036.000000
34273445.000000 13336.000000 1179.000000
34007157.000000 12505.000000 1316.000000
34688704.000000 12103.000000 1650.000000
33915893.000000 19342.000000 1181.000000
31997510.000000 15324.000000 1442.000000
34633765.000000 14844.000000 1251.000000
34293260.000000 13139.000000 1277.000000
34460062.000000 12555.000000 1531.000000
34493714.000000 11950.000000 1034.000000
33918199.000000 13615.000000 1091.000000
33210775.000000 15202.000000 1199.000000
33223447.000000 17547.000000 1232.000000
34303270.000000 12899.000000 1140.000000
34146887.000000 14812.000000 1359.000000
34146287.000000 15893.000000 1356.000000
34213526.000000 13506.000000 921.000000
34514767.000000 11884.000000 1458.000000
34251679.000000 13507.000000 1610.000000
34078413.000000 14506.000000 1540.000000
33316796.000000 13946.000000 1320.000000
33727103.000000 16521.000000 1244.000000
34002633.000000 16717.000000 1644.000000
34155846.000000 11748.000000 1417.000000
34310512.000000 12618.000000 1161.000000
34367640.000000 11950.000000 1537.000000
34546832.000000 11396.000000 1349.000000
33208645.000000 15961.000000 1653.000000
34148457.000000 12140.000000 1672.000000
34626358.000000 12328.000000 1777.000000
34987457.000000 11960.000000 905.000000
33721841.000000 15581.000000 918.000000
34272594.000000 12350.000000 1255.000000
