33088299.000000 11120.000000 1826.000000
33121985.000000 12474.000000 2063.000000
33055322.000000 12572.000000 1949.000000
33576643.000000 12349.000000 2204.000000
33309530.000000 11326.000000 1999.000000
32756177.000000 17535.000000 1557.000000
33318131.000000 11675.000000 1663.000000
33134217.000000 12278.000000 2116.000000
33289319.000000 12202.000000 1645.000000
32810518.000000 14409.000000 2112.000000
33187876.000000 13160.000000 2043.000000
33123103.000000 12041.000000 2180.000000
32685811.000000 12081.000000 2139.000000
32909662.000000 12735.000000 2235.000000
33392026.000000 11715.000000 1930.000000
33184757.000000 11254.000000 2191.000000
33130269.000000 13616.000000 1658.000000
33034885.000000 12444.000000 2132.000000
33348991.000000 12301.000000 2041.000000
33051916.000000 13074.000000 2076.000000
33201680.000000 12112.000000 1869.000000
33356504.000000 12928.000000 1877.000000
33417346.000000 11700.000000 1763.000000
32927440.000000 14615.000000 1994.000000
33241979.000000 11818.000000 2224.000000
32860708.000000 11576.000000 2002.000000
33370921.000000 11743.000000 1992.000000
33012955.000000 12778.000000 1797.000000
33158591.000000 14116.000000 2020.000000
32851860.000000 13656.000000 2209.000000
33238883.000000 12648.000000 2164.000000
33331183.000000 12543.000000 2046.000000
33018942.000000 10336.000000 2130.000000
33159361.000000 12278.000000 2124.000000
32989948.000000 12883.000000 1894.000000
33406454.000000 12083.000000 1620.000000
33193089.000000 12001.000000 2216.000000
33039783.000000 11177.000000 2255.000000
32966976.000000 10798.000000 2521.000000
32939922.000000 12261.000000 2426.000000
32668936.000000 13979.000000 2514.000000
32781859.000000 11769.000000 2477.000000
32957893.000000 10905.000000 2554.000000
33918072.000000 13202.000000 2552.000000
32862179.000000 13155.000000 2409.000000
32936083.000000 11972.000000 2387.000000
32724709.000000 11295.000000 2557.000000
33027551.000000 12033.000000 2337.000000
32868075.000000 13733.000000 2410.000000
32998183.000000 12411.000000 2465.000000
32790996.000000 11938.000000 2555.000000
32808780.000000 13676.000000 2441.000000
33149732.000000 11525.000000 2405.000000
32950461.000000 10682.000000 2502.000000
33007100.000000 10896.000000 2341.000000
32852501.000000 15709.000000 2469.000000
32960656.000000 11344.000000 2412.000000
32982379.000000 12416.000000 2314.000000
32973718.000000 11631.000000 2518.000000
32976401.000000 11705.000000 2485.000000
32921881.000000 11425.000000 2459.000000
33186145.000000 11821.000000 2508.000000
33998331.000000 12028.000000 2557.000000
33049749.000000 10986.000000 2316.000000
32820417.000000 12211.000000 2469.000000
32967556.000000 11496.000000 2529.000000
33006577.000000 13920.000000 2578.000000
32958687.000000 12652.000000 2434.000000
32634795.000000 13906.000000 2460.000000
32987829.000000 11222.000000 2616.000000
32951811.000000 11438.000000 2338.000000
33564881.000000 13371.000000 2027.000000
32794834.000000 15304.000000 2132.000000
33276663.000000 11018.000000 1957.000000
33284835.000000 12377.000000 1899.000000
33214094.000000 12484.000000 2174.000000
33308573.000000 11032.000000 1906.000000
33264827.000000 12734.000000 1826.000000
32930337.000000 11667.000000 1706.000000
33271394.000000 11858.000000 1978.000000
33061284.000000 11251.000000 2047.000000
33314555.000000 12620.000000 1756.000000
33048149.000000 12917.000000 1892.000000
33267841.000000 11653.000000 1998.000000
32866199.000000 12105.000000 1673.000000
32922000.000000 11875.000000 2120.000000
33308904.000000 11454.000000 2095.000000
32871991.000000 14971.000000 1906.000000
33160032.000000 12208.000000 1902.000000
32846432.000000 14828.000000 1862.000000
33347775.000000 12659.000000 1977.000000
33350394.000000 12423.000000 2098.000000
32617204.000000 14002.000000 2453.000000
32485296.000000 14447.000000 2503.000000
33045965.000000 13120.000000 2461.000000
33097445.000000 11527.000000 2428.000000
33115519.000000 11669.000000 2355.000000
32969807.000000 13395.000000 2437.000000
32934580.000000 12577.000000 2392.000000
32943220.000000 12830.000000 2529.000000
