34320257.000000 12518.000000 1339.000000
34275241.000000 11766.000000 1228.000000
34220761.000000 15189.000000 1066.000000
34311558.000000 11876.000000 1300.000000
34362585.000000 13219.000000 1011.000000
34071841.000000 13939.000000 1266.000000
33778544.000000 12900.000000 1277.000000
33195605.000000 16197.000000 1165.000000
33268642.000000 12966.000000 1517.000000
33547507.000000 13072.000000 1282.000000
34031438.000000 11897.000000 1237.000000
34268312.000000 12392.000000 1174.000000
34295888.000000 13921.000000 1247.000000
33171702.000000 11486.000000 1437.000000
34228197.000000 13976.000000 1401.000000
34337089.000000 14194.000000 1486.000000
34230307.000000 12278.000000 915.000000
33288111.000000 14630.000000 1352.000000
33913804.000000 13624.000000 726.000000
34068459.000000 13000.000000 1318.000000
32415978.000000 13996.000000 1474.000000
33583433.000000 14579.000000 935.000000
33790511.000000 15289.000000 1932.000000
34198512.000000 12741.000000 1598.000000
34171966.000000 11919.000000 1188.000000
33396546.000000 13518.000000 1023.000000
34441569.000000 13530.000000 679.000000
33452701.000000 13127.000000 1024.000000
32553981.000000 14879.000000 1495.000000
34392090.000000 13654.000000 1402.000000
34278247.000000 11906.000000 1440.000000
34078903.000000 14995.000000 1008.000000
33972506.000000 14670.000000 1504.000000
34139530.000000 12816.000000 1026.000000
33484341.000000 13819.000000 1532.000000
33563657.000000 13557.000000 1416.000000
33072499.000000 19323.000000 1061.000000
34379771.000000 12291.000000 1167.000000
33545333.000000 13630.000000 1287.000000
34015948.000000 18733.000000 1028.000000
34955675.000000 12205.000000 330.000000
35079798.000000 13135.000000 175.000000
34980627.000000 12680.000000 479.000000
34392631.000000 17893.000000 632.000000
35101649.000000 12830.000000 258.000000
34910332.000000 14497.000000 577.000000
34603511.000000 18169.000000 600.000000
34380057.000000 13079.000000 564.000000
35150846.000000 13021.000000 290.000000
34889647.000000 12808.000000 641.000000
34565055.000000 17529.000000 722.000000
34722692.000000 13402.000000 515.000000
35084371.000000 16408.000000 459.000000
34459170.000000 13362.000000 564.000000
35199323.000000 18064.000000 278.000000
34683449.000000 21591.000000 370.000000
34916372.000000 12555.000000 409.000000
34930566.000000 12763.000000 468.000000
34810564.000000 12941.000000 460.000000
34794259.000000 11949.000000 619.000000
34748898.000000 15595.000000 418.000000
35052299.000000 13189.000000 391.000000
34803010.000000 13144.000000 342.000000
34708847.000000 15673.000000 294.000000
34903351.000000 13063.000000 218.000000
34774188.000000 12364.000000 435.000000
34726473.000000 14260.000000 567.000000
34252760.000000 15214.000000 455.000000
35057228.000000 11878.000000 441.000000
34812289.000000 13127.000000 600.000000
34822263.000000 12505.000000 634.000000
35046998.000000 15929.000000 431.000000
34618066.000000 18264.000000 501.000000
34758510.000000 14356.000000 377.000000
35250649.000000 13283.000000 483.000000
34449194.000000 15506.000000 686.000000
34940959.000000 14934.000000 988.000000
34606465.000000 16081.000000 303.000000
34406665.000000 12651.000000 628.000000
34853628.000000 12638.000000 521.000000
34809197.000000 12397.000000 638.000000
34879772.000000 15079.000000 359.000000
34409918.000000 13843.000000 273.000000
34619069.000000 16225.000000 926.000000
34909612.000000 14019.000000 682.000000
35036664.000000 13251.000000 568.000000
34686494.000000 14620.000000 280.000000
35117941.000000 13559.000000 389.000000
34669400.000000 12791.000000 294.000000
34833311.000000 14498.000000 352.000000
34801813.000000 13922.000000 469.000000
34956825.000000 14949.000000 355.000000
34882835.000000 13098.000000 471.000000
34469554.000000 17302.000000 391.000000
35092052.000000 14638.000000 212.000000
34904818.000000 13198.000000 537.000000
33289797.000000 15951.000000 612.000000
33158355.000000 11472.000000 557.000000
34887145.000000 11623.000000 308.000000
34596636.000000 13418.000000 477.000000
