32357308.000000 11942.000000 1643.000000
32411543.000000 10211.000000 1342.000000
32380874.000000 9606.000000 1529.000000
32423417.000000 11448.000000 1134.000000
32345438.000000 9897.000000 1393.000000
32294536.000000 11751.000000 1610.000000
32401976.000000 10221.000000 1374.000000
32284069.000000 12492.000000 1495.000000
32327412.000000 12274.000000 1661.000000
32373814.000000 12431.000000 1475.000000
32162833.000000 15252.000000 1839.000000
32250965.000000 13254.000000 1558.000000
32260886.000000 11444.000000 1753.000000
32408794.000000 10885.000000 1480.000000
32353008.000000 11667.000000 1318.000000
32428401.000000 12006.000000 1308.000000
32367202.000000 10093.000000 1949.000000
32408800.000000 9730.000000 1216.000000
32343528.000000 11826.000000 1787.000000
32282039.000000 10450.000000 1571.000000
32219360.000000 10750.000000 1537.000000
32356176.000000 9577.000000 1406.000000
32377514.000000 14642.000000 1520.000000
32434623.000000 10612.000000 1367.000000
32393338.000000 10502.000000 1528.000000
32293654.000000 10630.000000 1677.000000
32071416.000000 12177.000000 1502.000000
32355495.000000 13821.000000 1304.000000
32444686.000000 11882.000000 1372.000000
32324084.000000 11883.000000 1554.000000
32365241.000000 10330.000000 1564.000000
32230437.000000 14217.000000 1261.000000
32382054.000000 9687.000000 1473.000000
32388722.000000 11056.000000 1519.000000
32306158.000000 11425.000000 1242.000000
32243310.000000 12176.000000 1585.000000
32432264.000000 10279.000000 1267.000000
32244179.000000 9872.000000 1304.000000
32288165.000000 12154.000000 1341.000000
32411083.000000 10548.000000 1083.000000
31922027.000000 16688.000000 1810.000000
32473251.000000 9889.000000 1245.000000
32313792.000000 12120.000000 1617.000000
32510948.000000 9494.000000 994.000000
32359391.000000 9187.000000 1232.000000
32212940.000000 13353.000000 1735.000000
32194938.000000 15696.000000 1095.000000
32345985.000000 10549.000000 1440.000000
32420022.000000 9897.000000 1585.000000
32392518.000000 10654.000000 1348.000000
32316011.000000 11577.000000 1267.000000
32282688.000000 11760.000000 1666.000000
32341691.000000 10752.000000 1592.000000
32384942.000000 10625.000000 1358.000000
32403578.000000 10133.000000 1545.000000
32427988.000000 10101.000000 1351.000000
32281728.000000 10831.000000 1511.000000
32381851.000000 10616.000000 1550.000000
32380854.000000 10249.000000 1328.000000
32122682.000000 11494.000000 1781.000000
32502828.000000 9413.000000 1226.000000
32290834.000000 11266.000000 1378.000000
30961928.000000 10905.000000 1156.000000
32410137.000000 9770.000000 1142.000000
32294080.000000 13318.000000 1321.000000
32274147.000000 11053.000000 1401.000000
32381259.000000 10292.000000 1205.000000
32388770.000000 10333.000000 1547.000000
32234699.000000 14189.000000 1414.000000
32323454.000000 9568.000000 1732.000000
32514742.000000 9125.000000 1184.000000
32339266.000000 13637.000000 1159.000000
32352476.000000 9659.000000 1485.000000
32280465.000000 12811.000000 1800.000000
32332442.000000 11019.000000 1303.000000
32485086.000000 11087.000000 822.000000
32399291.000000 9982.000000 1396.000000
32283280.000000 11834.000000 1632.000000
32431132.000000 10882.000000 1537.000000
32301171.000000 12015.000000 1508.000000
32438950.000000 9144.000000 1241.000000
32401048.000000 11784.000000 1100.000000
32467411.000000 9312.000000 1132.000000
32288946.000000 11443.000000 1470.000000
32385506.000000 10052.000000 1537.000000
32439437.000000 9990.000000 1307.000000
32442403.000000 10700.000000 1173.000000
32296307.000000 10553.000000 1483.000000
32270014.000000 9468.000000 1602.000000
32342643.000000 11576.000000 1469.000000
32397303.000000 10244.000000 1339.000000
32446631.000000 10646.000000 1159.000000
32522260.000000 9932.000000 791.000000
32327103.000000 11230.000000 1475.000000
32388490.000000 10001.000000 1282.000000
32218747.000000 14766.000000 1439.000000
31887305.000000 17785.000000 1142.000000
32426543.000000 10696.000000 946.000000
32415380.000000 10275.000000 1566.000000
32362430.000000 10894.000000 1538.000000
