33065476.000000 13798.000000 1.000000
32865361.000000 10160.000000 0.000000
33224445.000000 13694.000000 0.000000
33679946.000000 10773.000000 0.000000
33521904.000000 10521.000000 0.000000
33514541.000000 10962.000000 0.000000
33517195.000000 13131.000000 1.000000
32996602.000000 9970.000000 0.000000
32655634.000000 11058.000000 1.000000
33398001.000000 12848.000000 0.000000
33384209.000000 12682.000000 0.000000
32774912.000000 11698.000000 0.000000
32993447.000000 14829.000000 0.000000
33240216.000000 12367.000000 0.000000
32795706.000000 9695.000000 0.000000
32933478.000000 10814.000000 1.000000
32730429.000000 10620.000000 0.000000
33245718.000000 12785.000000 0.000000
32614644.000000 11265.000000 1.000000
32746274.000000 11130.000000 0.000000
32658340.000000 9773.000000 0.000000
33469388.000000 10568.000000 0.000000
33033770.000000 12250.000000 0.000000
33366276.000000 10175.000000 0.000000
33186575.000000 11257.000000 1.000000
32473825.000000 14955.000000 0.000000
33128086.000000 14959.000000 0.000000
33408034.000000 11292.000000 0.000000
32957348.000000 10696.000000 0.000000
32662709.000000 13415.000000 0.000000
32963835.000000 13162.000000 0.000000
33443582.000000 11810.000000 0.000000
33185138.000000 15932.000000 0.000000
33523592.000000 12245.000000 0.000000
32515493.000000 12074.000000 0.000000
32932767.000000 13549.000000 0.000000
32875906.000000 14524.000000 0.000000
33317156.000000 10990.000000 0.000000
32652626.000000 12733.000000 1.000000
33421303.000000 11278.000000 0.000000
32765475.000000 11100.000000 0.000000
33384440.000000 10919.000000 1.000000
32747099.000000 9421.000000 1.000000
33386748.000000 14327.000000 0.000000
32574078.000000 12153.000000 0.000000
33525509.000000 11648.000000 0.000000
33368045.000000 10613.000000 0.000000
33711950.000000 11759.000000 0.000000
32968284.000000 12953.000000 0.000000
33220187.000000 11996.000000 0.000000
32943382.000000 11831.000000 0.000000
33390943.000000 11531.000000 0.000000
32874118.000000 11948.000000 0.000000
33051743.000000 12847.000000 0.000000
33033058.000000 11582.000000 0.000000
32622587.000000 13537.000000 0.000000
32573480.000000 11113.000000 0.000000
33704773.000000 13940.000000 0.000000
33451293.000000 9608.000000 1.000000
32917327.000000 11780.000000 1.000000
33284045.000000 11122.000000 0.000000
32579320.000000 12365.000000 1.000000
32955482.000000 14608.000000 0.000000
33424940.000000 13695.000000 0.000000
33005011.000000 12471.000000 0.000000
33245240.000000 14489.000000 0.000000
33520631.000000 14799.000000 0.000000
33190498.000000 11951.000000 0.000000
33596093.000000 13262.000000 0.000000
33174591.000000 14040.000000 0.000000
32617366.000000 11863.000000 0.000000
33027154.000000 11415.000000 0.000000
32957308.000000 13527.000000 2.000000
33481569.000000 13166.000000 0.000000
32944765.000000 10524.000000 2.000000
33080903.000000 11897.000000 13.000000
33252707.000000 12003.000000 1.000000
32976416.000000 14800.000000 0.000000
32646959.000000 10514.000000 1.000000
33052355.000000 11230.000000 0.000000
32974798.000000 10937.000000 1.000000
32848769.000000 11907.000000 0.000000
32479436.000000 11160.000000 0.000000
32906778.000000 14520.000000 1.000000
32688372.000000 10636.000000 0.000000
32418039.000000 16433.000000 0.000000
33046190.000000 10461.000000 0.000000
33454777.000000 10474.000000 0.000000
33551487.000000 14261.000000 0.000000
33091919.000000 10968.000000 0.000000
33096236.000000 11497.000000 0.000000
32640606.000000 12701.000000 0.000000
32845368.000000 12183.000000 0.000000
33229928.000000 12466.000000 1.000000
33121307.000000 9307.000000 0.000000
32719427.000000 10209.000000 0.000000
32619871.000000 10125.000000 0.000000
32639111.000000 10436.000000 0.000000
32569038.000000 12375.000000 0.000000
32733128.000000 10389.000000 0.000000
