32624673.000000 10667.000000 0.000000
32481286.000000 11279.000000 0.000000
32590678.000000 10401.000000 0.000000
32568437.000000 10733.000000 0.000000
32475587.000000 12196.000000 0.000000
32633653.000000 13823.000000 0.000000
32607827.000000 10976.000000 1.000000
32889065.000000 12202.000000 0.000000
32608535.000000 10383.000000 1.000000
32432683.000000 9771.000000 0.000000
32720909.000000 14463.000000 0.000000
32384435.000000 11489.000000 1.000000
32705766.000000 12740.000000 0.000000
32809828.000000 14225.000000 0.000000
32382396.000000 11599.000000 2.000000
32330317.000000 10894.000000 0.000000
32810852.000000 13236.000000 0.000000
33228890.000000 10982.000000 0.000000
32368550.000000 12034.000000 0.000000
33006380.000000 11232.000000 0.000000
32744106.000000 12871.000000 1.000000
32441409.000000 11242.000000 0.000000
32425380.000000 12645.000000 0.000000
32399000.000000 11506.000000 0.000000
32349445.000000 13133.000000 1.000000
32503478.000000 11003.000000 0.000000
31735560.000000 14542.000000 2.000000
32815834.000000 15831.000000 2.000000
32372877.000000 11897.000000 0.000000
32785087.000000 9659.000000 1.000000
32551755.000000 10721.000000 1.000000
32367704.000000 12464.000000 0.000000
32665638.000000 10700.000000 1.000000
33015741.000000 12072.000000 0.000000
32929633.000000 12193.000000 0.000000
32362342.000000 12471.000000 1.000000
32553092.000000 12757.000000 0.000000
32750306.000000 12501.000000 1.000000
32834230.000000 12674.000000 0.000000
32465134.000000 12058.000000 0.000000
32479194.000000 12807.000000 0.000000
33008886.000000 11987.000000 0.000000
32833043.000000 11355.000000 0.000000
32753571.000000 13632.000000 0.000000
32423952.000000 11222.000000 1.000000
32286391.000000 10688.000000 1.000000
32609307.000000 11554.000000 1.000000
32677304.000000 9767.000000 0.000000
32866916.000000 12151.000000 0.000000
32546108.000000 12377.000000 1.000000
32879286.000000 11497.000000 0.000000
32718004.000000 10481.000000 0.000000
32458174.000000 13273.000000 1.000000
33015661.000000 12686.000000 0.000000
32449191.000000 12075.000000 0.000000
33001992.000000 12915.000000 0.000000
32415195.000000 11098.000000 1.000000
31602715.000000 12822.000000 4.000000
32266432.000000 10118.000000 0.000000
33119482.000000 13076.000000 0.000000
33147123.000000 10302.000000 0.000000
32994941.000000 12029.000000 0.000000
32435781.000000 19038.000000 0.000000
33660788.000000 10088.000000 1.000000
32419797.000000 11796.000000 0.000000
32419309.000000 12613.000000 4.000000
32817998.000000 10954.000000 0.000000
32481875.000000 11008.000000 0.000000
32543003.000000 11137.000000 0.000000
32641077.000000 10560.000000 0.000000
32215020.000000 12596.000000 0.000000
32238854.000000 12519.000000 0.000000
32617905.000000 11140.000000 1.000000
32829377.000000 11516.000000 0.000000
32239820.000000 12700.000000 0.000000
32473819.000000 12324.000000 1.000000
32351791.000000 10962.000000 1.000000
33007255.000000 11593.000000 0.000000
32375570.000000 11655.000000 0.000000
31651133.000000 12161.000000 0.000000
32416397.000000 13260.000000 2.000000
32675189.000000 11457.000000 0.000000
32489378.000000 11955.000000 0.000000
33055909.000000 10572.000000 0.000000
32528853.000000 10596.000000 1.000000
33004508.000000 11083.000000 0.000000
32584321.000000 10987.000000 0.000000
32256531.000000 12034.000000 1.000000
32828347.000000 11916.000000 0.000000
32778330.000000 11946.000000 1.000000
32263318.000000 13418.000000 1.000000
32824029.000000 10663.000000 0.000000
32646412.000000 11331.000000 3.000000
32880884.000000 10854.000000 0.000000
32363350.000000 13052.000000 1.000000
32582283.000000 12092.000000 0.000000
32484773.000000 12962.000000 1.000000
33136781.000000 12543.000000 1.000000
32493106.000000 11570.000000 2.000000
32542988.000000 18044.000000 1.000000
