3508456.000000 4807.000000 88.000000
3884432.000000 4867.000000 67.000000
3749364.000000 4908.000000 55.000000
3856221.000000 4905.000000 63.000000
79969013.000000 33347.000000 323.000000
3843114.000000 4832.000000 60.000000
3873926.000000 4844.000000 71.000000
3949528.000000 5115.000000 45.000000
3949516.000000 4901.000000 86.000000
4021275.000000 4976.000000 53.000000
3969950.000000 5066.000000 57.000000
4141582.000000 7603.000000 130.000000
3948355.000000 4939.000000 49.000000
3879274.000000 5064.000000 57.000000
3949516.000000 4973.000000 42.000000
3874528.000000 5091.000000 59.000000
3914361.000000 4906.000000 46.000000
3498969.000000 4696.000000 61.000000
3864231.000000 5007.000000 49.000000
3765137.000000 4968.000000 41.000000
3817322.000000 4922.000000 66.000000
3876891.000000 4974.000000 51.000000
3949525.000000 4916.000000 86.000000
4019755.000000 5154.000000 53.000000
3350197.000000 4643.000000 54.000000
3751352.000000 5027.000000 86.000000
3876124.000000 5051.000000 61.000000
3929583.000000 5003.000000 53.000000
4216192.000000 7728.000000 80.000000
3925077.000000 5036.000000 82.000000
4003639.000000 5077.000000 65.000000
4033376.000000 5200.000000 54.000000
3953092.000000 4882.000000 60.000000
3949526.000000 4855.000000 53.000000
3857785.000000 5005.000000 89.000000
3949524.000000 5033.000000 68.000000
3953091.000000 4959.000000 57.000000
3949524.000000 4878.000000 73.000000
4189181.000000 7545.000000 105.000000
3871658.000000 5069.000000 44.000000
3949514.000000 4946.000000 45.000000
4070083.000000 5022.000000 54.000000
3949521.000000 5061.000000 85.000000
3949522.000000 5074.000000 59.000000
3953089.000000 4972.000000 60.000000
3382687.000000 4748.000000 49.000000
3604559.000000 4801.000000 65.000000
3463731.000000 4689.000000 62.000000
3898326.000000 4900.000000 58.000000
3919149.000000 4912.000000 59.000000
3824597.000000 4825.000000 83.000000
3870445.000000 4893.000000 86.000000
3968665.000000 5117.000000 59.000000
3949523.000000 4937.000000 130.000000
3975085.000000 5108.000000 56.000000
3806673.000000 4922.000000 67.000000
4272482.000000 7648.000000 105.000000
3868695.000000 4937.000000 67.000000
3951161.000000 4974.000000 97.000000
3994523.000000 5223.000000 111.000000
3533129.000000 4645.000000 77.000000
3949519.000000 5007.000000 84.000000
3482245.000000 4918.000000 94.000000
3949519.000000 5008.000000 48.000000
3868539.000000 4865.000000 43.000000
3744381.000000 4965.000000 96.000000
3953096.000000 5066.000000 71.000000
3848645.000000 4883.000000 70.000000
3820204.000000 4908.000000 59.000000
3949514.000000 5070.000000 47.000000
3559358.000000 4815.000000 82.000000
3874527.000000 5011.000000 65.000000
3949516.000000 5014.000000 53.000000
3972703.000000 5071.000000 55.000000
3949526.000000 5042.000000 44.000000
3853549.000000 5044.000000 93.000000
3874229.000000 5098.000000 142.000000
4018529.000000 5036.000000 73.000000
3983728.000000 4946.000000 75.000000
3948556.000000 5082.000000 52.000000
3933648.000000 5128.000000 88.000000
3875639.000000 5294.000000 100.000000
3873927.000000 4854.000000 64.000000
4035624.000000 4992.000000 61.000000
4141587.000000 7569.000000 87.000000
4031818.000000 5013.000000 82.000000
3951293.000000 4982.000000 113.000000
3949524.000000 4857.000000 61.000000
3874224.000000 4966.000000 71.000000
3944031.000000 5053.000000 53.000000
3948076.000000 4994.000000 56.000000
3805808.000000 4924.000000 69.000000
3874230.000000 4968.000000 51.000000
3794184.000000 4986.000000 76.000000
3755537.000000 5020.000000 101.000000
3951469.000000 5075.000000 53.000000
3949518.000000 4913.000000 89.000000
3704180.000000 4975.000000 49.000000
3863186.000000 4890.000000 54.000000
3747747.000000 5004.000000 55.000000
