35004547.000000 16707.000000 2446.000000
35013524.000000 13140.000000 2462.000000
34917534.000000 14254.000000 2554.000000
35141847.000000 16056.000000 2452.000000
34810780.000000 14402.000000 2398.000000
34989322.000000 14561.000000 2289.000000
34782087.000000 15453.000000 2487.000000
34971438.000000 16845.000000 2685.000000
34908631.000000 13719.000000 2367.000000
34999269.000000 13798.000000 2230.000000
35395249.000000 18168.000000 2239.000000
35007913.000000 15001.000000 2481.000000
35003967.000000 13885.000000 2268.000000
34881168.000000 12837.000000 2545.000000
34848498.000000 13745.000000 2689.000000
34875224.000000 14927.000000 2442.000000
34993766.000000 16963.000000 2331.000000
34207672.000000 11753.000000 2135.000000
34683161.000000 19010.000000 2368.000000
34841087.000000 14189.000000 2179.000000
34981592.000000 17628.000000 2313.000000
34897387.000000 14396.000000 2511.000000
34880022.000000 16915.000000 2289.000000
34906493.000000 13400.000000 2481.000000
34768992.000000 14895.000000 2443.000000
35047900.000000 14106.000000 2412.000000
34967929.000000 16059.000000 2431.000000
34953126.000000 15256.000000 2479.000000
34948804.000000 14686.000000 2449.000000
34743417.000000 14360.000000 2493.000000
35004097.000000 13943.000000 2246.000000
35009270.000000 15590.000000 2534.000000
34913485.000000 16042.000000 2383.000000
34902339.000000 12712.000000 2418.000000
34900317.000000 16329.000000 2251.000000
34928617.000000 12747.000000 2395.000000
35199883.000000 15811.000000 2340.000000
34936014.000000 12959.000000 2667.000000
34779830.000000 18139.000000 2421.000000
34748180.000000 18390.000000 2324.000000
34981821.000000 15309.000000 2342.000000
35278751.000000 13676.000000 2219.000000
34913630.000000 16592.000000 2121.000000
33061132.000000 12216.000000 2239.000000
35091505.000000 12844.000000 2288.000000
34809169.000000 13488.000000 2573.000000
34769700.000000 16871.000000 2513.000000
34990655.000000 14281.000000 2402.000000
34848986.000000 12252.000000 2656.000000
34885785.000000 14298.000000 2456.000000
34977240.000000 16525.000000 2212.000000
34853474.000000 12767.000000 2371.000000
34807629.000000 12783.000000 2337.000000
34839812.000000 15241.000000 2585.000000
34744873.000000 14176.000000 2428.000000
34868271.000000 12855.000000 2680.000000
35242724.000000 12651.000000 2497.000000
34819777.000000 14294.000000 2534.000000
34821535.000000 14922.000000 2534.000000
34865704.000000 13501.000000 2546.000000
34965892.000000 13538.000000 2661.000000
34709677.000000 13478.000000 2664.000000
34797635.000000 16390.000000 2349.000000
34835340.000000 13572.000000 2414.000000
34810607.000000 13076.000000 2363.000000
34768344.000000 14568.000000 2386.000000
35048341.000000 14172.000000 2361.000000
34860684.000000 15255.000000 2411.000000
35414679.000000 13144.000000 2593.000000
34562785.000000 16045.000000 2260.000000
34780980.000000 14053.000000 2563.000000
34678085.000000 12693.000000 2514.000000
34826692.000000 15223.000000 2467.000000
34849036.000000 13457.000000 2507.000000
34679446.000000 12876.000000 2530.000000
34999990.000000 14461.000000 2477.000000
35094681.000000 15984.000000 2565.000000
34776896.000000 18868.000000 2359.000000
34753120.000000 14540.000000 1681.000000
34862271.000000 14502.000000 1357.000000
34640262.000000 14583.000000 1769.000000
34093465.000000 12750.000000 2085.000000
35216700.000000 12341.000000 1781.000000
34937463.000000 14569.000000 1856.000000
34934038.000000 14401.000000 1872.000000
35119877.000000 14119.000000 1361.000000
34693870.000000 12900.000000 2117.000000
35054968.000000 14717.000000 1815.000000
34824905.000000 14459.000000 2072.000000
35229476.000000 14159.000000 1533.000000
34874939.000000 13709.000000 1861.000000
35171507.000000 13155.000000 1638.000000
34921254.000000 13040.000000 1675.000000
34676893.000000 14884.000000 1977.000000
34964361.000000 14419.000000 1920.000000
34820845.000000 13030.000000 1447.000000
34921024.000000 13272.000000 2057.000000
35105576.000000 13858.000000 1845.000000
34868939.000000 13593.000000 2102.000000
35171459.000000 13573.000000 1648.000000
