33439746.000000 11951.000000 1881.000000
33274729.000000 12412.000000 2231.000000
33280249.000000 11640.000000 2115.000000
32768490.000000 14024.000000 1983.000000
33202034.000000 12884.000000 1810.000000
33927783.000000 12302.000000 2359.000000
33008793.000000 12807.000000 2001.000000
33380723.000000 11644.000000 1836.000000
32897005.000000 14448.000000 2083.000000
32976115.000000 12479.000000 1755.000000
33022897.000000 12955.000000 2072.000000
33165498.000000 13565.000000 2074.000000
32909818.000000 11700.000000 2182.000000
32836233.000000 13114.000000 2203.000000
32866865.000000 11713.000000 2143.000000
33014727.000000 12344.000000 2074.000000
33324391.000000 11884.000000 1873.000000
32861486.000000 11807.000000 2183.000000
33386593.000000 10891.000000 2116.000000
34156818.000000 11552.000000 2236.000000
32908559.000000 10803.000000 2341.000000
33352932.000000 11713.000000 1927.000000
33275768.000000 12502.000000 1637.000000
33197347.000000 11994.000000 2339.000000
32332712.000000 11307.000000 2285.000000
32941658.000000 14173.000000 1727.000000
33101921.000000 13006.000000 2061.000000
33032605.000000 12035.000000 2075.000000
33322281.000000 11957.000000 1173.000000
33326980.000000 13479.000000 846.000000
32652284.000000 15701.000000 1427.000000
33112341.000000 14591.000000 976.000000
33432475.000000 11890.000000 806.000000
33091788.000000 11894.000000 1214.000000
33291384.000000 13813.000000 1160.000000
33472863.000000 12847.000000 987.000000
33082392.000000 13618.000000 1233.000000
33080113.000000 12232.000000 898.000000
33364137.000000 11254.000000 1055.000000
33387861.000000 11571.000000 1432.000000
33638806.000000 12603.000000 1259.000000
33555089.000000 16294.000000 1372.000000
33815296.000000 12414.000000 1046.000000
33080753.000000 13434.000000 952.000000
33408298.000000 15697.000000 1406.000000
32731209.000000 15554.000000 1121.000000
33694815.000000 13642.000000 1102.000000
33228296.000000 14108.000000 983.000000
33359204.000000 13160.000000 557.000000
33626686.000000 13372.000000 1093.000000
33867084.000000 13172.000000 1049.000000
32909366.000000 11607.000000 1493.000000
33763436.000000 13091.000000 1178.000000
32750749.000000 14842.000000 1330.000000
33029301.000000 11403.000000 1199.000000
33422764.000000 12845.000000 1104.000000
33401420.000000 11859.000000 1368.000000
33661264.000000 13531.000000 1237.000000
32754292.000000 14013.000000 1146.000000
32610401.000000 16801.000000 1746.000000
32967437.000000 12994.000000 2203.000000
32670452.000000 13005.000000 2441.000000
32843063.000000 15148.000000 1903.000000
32899748.000000 11541.000000 2135.000000
32632166.000000 13431.000000 2109.000000
33094736.000000 12707.000000 2155.000000
32958689.000000 11749.000000 1779.000000
33328024.000000 11015.000000 1938.000000
32873392.000000 13261.000000 2265.000000
33241731.000000 12216.000000 2232.000000
34002041.000000 11432.000000 2127.000000
33110224.000000 12865.000000 1663.000000
33014161.000000 16394.000000 2074.000000
33378958.000000 12654.000000 1858.000000
32849754.000000 12333.000000 2424.000000
33012899.000000 12584.000000 1902.000000
33203598.000000 13679.000000 2029.000000
32464609.000000 12471.000000 2208.000000
33375637.000000 11142.000000 1903.000000
32943995.000000 12671.000000 1997.000000
32730591.000000 12865.000000 2082.000000
33318757.000000 10446.000000 1983.000000
33373968.000000 12473.000000 1941.000000
32825174.000000 12478.000000 2037.000000
32869948.000000 12305.000000 2000.000000
33354810.000000 10858.000000 2024.000000
33162560.000000 14252.000000 2193.000000
33284902.000000 11941.000000 1842.000000
33260544.000000 11896.000000 2313.000000
33305685.000000 10942.000000 2027.000000
32888335.000000 13051.000000 2047.000000
32720468.000000 13496.000000 2008.000000
33316087.000000 11128.000000 1875.000000
33169563.000000 11993.000000 2052.000000
33288547.000000 13086.000000 2090.000000
33331150.000000 10556.000000 1822.000000
33127805.000000 13300.000000 2050.000000
33347416.000000 14348.000000 1771.000000
33395853.000000 11614.000000 1947.000000
33411214.000000 12199.000000 1837.000000
