32730282.000000 11878.000000 1.000000
32939586.000000 12127.000000 1.000000
32032669.000000 15211.000000 0.000000
32215832.000000 14703.000000 0.000000
32755867.000000 12804.000000 0.000000
32771343.000000 13242.000000 1.000000
32819350.000000 12949.000000 0.000000
32657579.000000 12646.000000 1.000000
32139445.000000 13358.000000 3.000000
33008142.000000 10763.000000 4.000000
32330039.000000 12049.000000 10.000000
32973500.000000 12802.000000 20.000000
32111386.000000 11888.000000 12.000000
32827816.000000 12783.000000 3.000000
33010908.000000 12085.000000 1.000000
32077684.000000 13368.000000 2.000000
32081547.000000 12589.000000 5.000000
32617606.000000 11631.000000 9.000000
32182976.000000 12701.000000 3.000000
32519643.000000 11493.000000 0.000000
33849324.000000 11311.000000 1.000000
32758308.000000 13597.000000 6.000000
32271782.000000 13693.000000 0.000000
32864102.000000 11612.000000 1.000000
32073421.000000 13429.000000 1.000000
32707481.000000 11418.000000 0.000000
34797897.000000 12762.000000 0.000000
32581224.000000 13811.000000 2.000000
32115446.000000 15904.000000 7.000000
32781307.000000 12541.000000 6.000000
33097587.000000 11251.000000 3.000000
32690438.000000 14261.000000 4.000000
32779709.000000 11895.000000 1.000000
34309315.000000 10923.000000 3.000000
33186848.000000 13418.000000 0.000000
32811571.000000 11766.000000 32.000000
32377635.000000 12523.000000 5.000000
31899492.000000 15050.000000 1.000000
32426591.000000 12359.000000 4.000000
31941745.000000 12101.000000 1.000000
32231624.000000 11678.000000 4.000000
32599172.000000 11097.000000 3.000000
32848529.000000 11851.000000 5.000000
32059054.000000 14941.000000 4.000000
33024344.000000 11708.000000 20.000000
33046118.000000 11379.000000 6.000000
31845243.000000 17657.000000 7.000000
32850189.000000 12017.000000 0.000000
34496085.000000 10625.000000 0.000000
32176334.000000 16159.000000 2.000000
33099270.000000 11862.000000 2.000000
32069673.000000 13452.000000 0.000000
33240036.000000 9444.000000 1.000000
33497894.000000 12503.000000 0.000000
31792933.000000 15732.000000 2.000000
32258690.000000 13345.000000 1.000000
32582203.000000 17157.000000 12.000000
32593409.000000 11724.000000 1.000000
32448447.000000 11059.000000 5.000000
31984830.000000 13561.000000 7.000000
32476334.000000 14662.000000 9.000000
32895796.000000 13994.000000 5.000000
32014629.000000 12507.000000 66.000000
32868817.000000 13062.000000 3.000000
32239452.000000 12656.000000 3.000000
32980083.000000 12316.000000 2.000000
32828884.000000 13400.000000 2.000000
33257840.000000 11522.000000 2.000000
31998285.000000 18107.000000 3.000000
33871407.000000 12159.000000 0.000000
32890624.000000 10880.000000 1.000000
32748756.000000 13165.000000 3.000000
32808441.000000 13974.000000 2.000000
31911187.000000 12207.000000 4.000000
32999686.000000 11771.000000 2.000000
32896538.000000 10994.000000 6.000000
32997137.000000 14591.000000 0.000000
32705174.000000 12791.000000 2.000000
32183176.000000 15750.000000 3.000000
32248896.000000 13349.000000 1.000000
32752023.000000 12726.000000 8.000000
32777585.000000 14640.000000 1.000000
32877893.000000 10881.000000 3.000000
32810971.000000 12107.000000 2.000000
32810591.000000 13081.000000 4.000000
32780845.000000 14535.000000 1.000000
32169216.000000 13201.000000 1.000000
32388753.000000 10833.000000 6.000000
32695938.000000 11350.000000 7.000000
32737318.000000 13906.000000 10.000000
32557296.000000 10233.000000 2.000000
32596971.000000 12415.000000 4.000000
32830098.000000 12786.000000 5.000000
32843589.000000 11809.000000 2.000000
32554148.000000 12079.000000 3.000000
32874861.000000 11024.000000 1.000000
32716128.000000 12805.000000 1.000000
32152842.000000 15256.000000 4.000000
32542180.000000 15321.000000 10.000000
