33414831.000000 13352.000000 1.000000
33295597.000000 13430.000000 1.000000
33549001.000000 12321.000000 0.000000
33314265.000000 13112.000000 0.000000
33356108.000000 13257.000000 0.000000
33135856.000000 13801.000000 0.000000
33850139.000000 15285.000000 0.000000
33227083.000000 14177.000000 0.000000
33057341.000000 19319.000000 1.000000
34887087.000000 19043.000000 0.000000
33491569.000000 11284.000000 0.000000
34375755.000000 14296.000000 0.000000
33541500.000000 12842.000000 0.000000
33559572.000000 12084.000000 0.000000
33367409.000000 13791.000000 1.000000
33265052.000000 12434.000000 0.000000
33024591.000000 13083.000000 0.000000
33494407.000000 12780.000000 1.000000
33965244.000000 19289.000000 1.000000
33226276.000000 14492.000000 0.000000
33230904.000000 13846.000000 0.000000
33357769.000000 12984.000000 0.000000
33688848.000000 13078.000000 0.000000
33340350.000000 12136.000000 0.000000
33685765.000000 13794.000000 3.000000
33597198.000000 15531.000000 0.000000
33315702.000000 12375.000000 0.000000
33697218.000000 16707.000000 2.000000
33432161.000000 11574.000000 0.000000
33311819.000000 12144.000000 1.000000
33556964.000000 11817.000000 1.000000
33339666.000000 13398.000000 1.000000
33162374.000000 14585.000000 1.000000
33486977.000000 11866.000000 0.000000
33390104.000000 11998.000000 1.000000
33628071.000000 12863.000000 1.000000
33323047.000000 13059.000000 0.000000
33577694.000000 14563.000000 0.000000
33357997.000000 12565.000000 0.000000
33156613.000000 12268.000000 0.000000
33157315.000000 18177.000000 0.000000
33202214.000000 13314.000000 0.000000
33964384.000000 13327.000000 0.000000
33251366.000000 13003.000000 0.000000
34371459.000000 12897.000000 0.000000
33375391.000000 12970.000000 0.000000
33258840.000000 14694.000000 0.000000
33500200.000000 12312.000000 0.000000
33956654.000000 12943.000000 0.000000
33653792.000000 11241.000000 0.000000
33377792.000000 10759.000000 0.000000
33328905.000000 13962.000000 0.000000
33605556.000000 12778.000000 0.000000
33268119.000000 12643.000000 0.000000
33330472.000000 14668.000000 0.000000
33838005.000000 12026.000000 0.000000
33487055.000000 16528.000000 0.000000
33312834.000000 12780.000000 1.000000
33590972.000000 12130.000000 1.000000
33785384.000000 18559.000000 0.000000
33661524.000000 12141.000000 1.000000
33659649.000000 16146.000000 0.000000
33641374.000000 12206.000000 0.000000
33850118.000000 12487.000000 1.000000
33747788.000000 12259.000000 1.000000
33274635.000000 13889.000000 0.000000
33713057.000000 14450.000000 0.000000
33530983.000000 11673.000000 0.000000
34667359.000000 14549.000000 0.000000
33346190.000000 11713.000000 1.000000
33305119.000000 13477.000000 0.000000
33629243.000000 14177.000000 0.000000
33899019.000000 12812.000000 0.000000
33434157.000000 14286.000000 0.000000
33306867.000000 10504.000000 0.000000
33398649.000000 12382.000000 0.000000
33234462.000000 15519.000000 1.000000
33198062.000000 14271.000000 0.000000
33203131.000000 13795.000000 0.000000
33905276.000000 12422.000000 1.000000
33750523.000000 14537.000000 0.000000
33550235.000000 12907.000000 0.000000
34511040.000000 13223.000000 0.000000
33702448.000000 13019.000000 1.000000
33639233.000000 11984.000000 0.000000
33735631.000000 13162.000000 1.000000
33651761.000000 14643.000000 0.000000
33442396.000000 10940.000000 1.000000
33415056.000000 11278.000000 0.000000
33286939.000000 13939.000000 0.000000
33656538.000000 22229.000000 0.000000
33434762.000000 14630.000000 0.000000
33238931.000000 13151.000000 2.000000
33513338.000000 11178.000000 0.000000
33297578.000000 16044.000000 0.000000
33808360.000000 13396.000000 0.000000
33480647.000000 14710.000000 1.000000
33375655.000000 14526.000000 1.000000
33560120.000000 12814.000000 0.000000
33753879.000000 13271.000000 0.000000
