33074499.000000 11406.000000 0.000000
32129052.000000 14215.000000 0.000000
33645153.000000 15159.000000 0.000000
32635990.000000 11364.000000 0.000000
32687504.000000 12401.000000 0.000000
32685085.000000 11576.000000 0.000000
32575529.000000 17321.000000 0.000000
32503142.000000 14188.000000 0.000000
33229732.000000 17146.000000 0.000000
32448741.000000 10028.000000 0.000000
33182672.000000 12694.000000 0.000000
32485135.000000 13598.000000 1.000000
32633142.000000 12441.000000 0.000000
31589984.000000 12497.000000 0.000000
33769433.000000 11576.000000 0.000000
33410195.000000 15160.000000 0.000000
32320570.000000 11610.000000 0.000000
33292585.000000 12736.000000 0.000000
32260211.000000 11572.000000 0.000000
32842808.000000 12916.000000 0.000000
33463755.000000 11174.000000 0.000000
32508096.000000 12327.000000 0.000000
33559003.000000 19467.000000 0.000000
32251519.000000 11843.000000 1.000000
33304815.000000 16250.000000 2.000000
33082382.000000 16702.000000 0.000000
32499314.000000 12085.000000 0.000000
33358525.000000 12083.000000 1.000000
32536192.000000 12293.000000 0.000000
32580490.000000 10444.000000 0.000000
32604718.000000 10420.000000 0.000000
32618699.000000 14469.000000 0.000000
32323881.000000 13217.000000 0.000000
32595330.000000 14261.000000 0.000000
32997026.000000 13717.000000 0.000000
33396266.000000 15307.000000 0.000000
33300208.000000 11364.000000 0.000000
32570283.000000 11958.000000 0.000000
33662297.000000 14095.000000 0.000000
32503214.000000 11383.000000 0.000000
33661209.000000 12898.000000 0.000000
33536066.000000 11856.000000 0.000000
33001807.000000 13932.000000 0.000000
32688616.000000 14344.000000 0.000000
32996181.000000 11285.000000 0.000000
32841023.000000 13341.000000 0.000000
32497295.000000 12728.000000 1.000000
32145939.000000 13190.000000 0.000000
33180583.000000 13734.000000 0.000000
33396934.000000 14527.000000 0.000000
32563254.000000 10375.000000 0.000000
32310517.000000 11850.000000 1.000000
33629832.000000 12083.000000 0.000000
33294242.000000 12094.000000 0.000000
32429106.000000 11630.000000 1.000000
33634074.000000 13419.000000 1.000000
33490092.000000 13112.000000 0.000000
33330846.000000 12692.000000 0.000000
33276690.000000 14807.000000 0.000000
32674544.000000 13032.000000 1.000000
33586463.000000 12539.000000 0.000000
33564305.000000 18705.000000 0.000000
33090341.000000 13922.000000 0.000000
32631012.000000 15853.000000 1.000000
32536498.000000 12017.000000 0.000000
33366540.000000 11675.000000 0.000000
33405507.000000 15100.000000 1.000000
33541437.000000 17001.000000 0.000000
32646500.000000 11225.000000 0.000000
32738105.000000 11895.000000 0.000000
33853300.000000 15971.000000 1.000000
33377932.000000 14487.000000 0.000000
32512497.000000 11541.000000 0.000000
33339288.000000 11330.000000 0.000000
32345237.000000 14018.000000 0.000000
32952315.000000 11805.000000 0.000000
32422925.000000 12394.000000 0.000000
33420293.000000 13411.000000 0.000000
32647397.000000 13059.000000 0.000000
32636973.000000 13097.000000 0.000000
32906109.000000 14258.000000 0.000000
32661595.000000 11103.000000 0.000000
33461906.000000 15282.000000 0.000000
33233978.000000 13096.000000 0.000000
33348547.000000 14803.000000 1.000000
32637528.000000 14014.000000 0.000000
32800769.000000 13167.000000 0.000000
33251076.000000 13737.000000 0.000000
33311989.000000 13510.000000 0.000000
32504368.000000 11679.000000 0.000000
33297734.000000 13550.000000 0.000000
32672479.000000 12468.000000 0.000000
33424957.000000 13546.000000 1.000000
33086306.000000 17879.000000 0.000000
32503011.000000 10931.000000 0.000000
32487990.000000 14312.000000 0.000000
32193481.000000 11897.000000 1.000000
33569200.000000 16235.000000 0.000000
32483153.000000 11772.000000 0.000000
32001138.000000 12868.000000 0.000000
