22619177.000000 34710.000000 27826.000000
32325293.000000 10320.000000 2843.000000
29295509.000000 29786.000000 21165.000000
30554842.000000 17725.000000 7187.000000
30746576.000000 27588.000000 20376.000000
32856302.000000 18399.000000 6605.000000
30635582.000000 27481.000000 16645.000000
33483724.000000 12129.000000 3069.000000
30739484.000000 22427.000000 14617.000000
30060546.000000 14633.000000 3643.000000
28924405.000000 22942.000000 13146.000000
30847023.000000 16396.000000 8892.000000
27795852.000000 14535.000000 6940.000000
31893123.000000 11760.000000 2907.000000
30925567.000000 14861.000000 3574.000000
30586982.000000 16219.000000 8100.000000
30038757.000000 17318.000000 6964.000000
31091690.000000 17007.000000 7731.000000
30354135.000000 16112.000000 8193.000000
31950831.000000 14252.000000 4446.000000
30964469.000000 16377.000000 6413.000000
31301737.000000 13303.000000 6651.000000
30463110.000000 17403.000000 8247.000000
29909596.000000 14557.000000 4677.000000
32265799.000000 12769.000000 2982.000000
30028342.000000 21172.000000 11579.000000
31500628.000000 13151.000000 5164.000000
32571132.000000 15066.000000 6349.000000
29272824.000000 26224.000000 17032.000000
28654620.000000 21897.000000 12595.000000
30302076.000000 20208.000000 9393.000000
29561627.000000 22710.000000 13723.000000
29088117.000000 24390.000000 16383.000000
30744281.000000 24595.000000 13405.000000
28943188.000000 30104.000000 21074.000000
27262213.000000 32982.000000 24458.000000
32885780.000000 13696.000000 5537.000000
28964514.000000 19553.000000 9333.000000
29792828.000000 22498.000000 13894.000000
32226059.000000 12229.000000 3003.000000
31558226.000000 11195.000000 3074.000000
32040046.000000 13152.000000 4653.000000
33028704.000000 13974.000000 4341.000000
31756915.000000 10126.000000 3107.000000
31129630.000000 12732.000000 5421.000000
28250705.000000 29352.000000 19414.000000
32905088.000000 14156.000000 3669.000000
30158137.000000 15429.000000 7765.000000
29117257.000000 23776.000000 10229.000000
30145683.000000 14527.000000 5900.000000
30838298.000000 19751.000000 10604.000000
29879215.000000 21105.000000 11073.000000
28446153.000000 16335.000000 6729.000000
28438708.000000 24263.000000 14766.000000
32669241.000000 13241.000000 2942.000000
31401029.000000 16899.000000 2948.000000
32150054.000000 18009.000000 8254.000000
29200222.000000 17418.000000 9820.000000
31159738.000000 14020.000000 6017.000000
28455109.000000 27168.000000 16107.000000
29584018.000000 18418.000000 9896.000000
31055510.000000 16521.000000 5024.000000
28783117.000000 25182.000000 16375.000000
29995630.000000 22308.000000 14545.000000
32078587.000000 12929.000000 3368.000000
28856548.000000 21935.000000 12889.000000
29913268.000000 27974.000000 16632.000000
30610483.000000 15191.000000 4300.000000
30820910.000000 19465.000000 11506.000000
31132335.000000 24124.000000 12049.000000
32656086.000000 17752.000000 7928.000000
32808912.000000 18734.000000 6829.000000
32021406.000000 10499.000000 3237.000000
28004589.000000 26816.000000 18374.000000
29655611.000000 18518.000000 7065.000000
31577896.000000 19750.000000 10286.000000
31482108.000000 14252.000000 6349.000000
31187499.000000 12229.000000 3445.000000
32028631.000000 17792.000000 7747.000000
29782249.000000 22295.000000 15085.000000
28123413.000000 23553.000000 15987.000000
29727409.000000 21584.000000 13714.000000
30801072.000000 18401.000000 8734.000000
31434596.000000 22589.000000 13547.000000
28854781.000000 20219.000000 11905.000000
30475159.000000 16543.000000 7231.000000
30185529.000000 20711.000000 9461.000000
31741846.000000 11162.000000 2819.000000
30531787.000000 20865.000000 11249.000000
30990822.000000 13732.000000 3217.000000
30815350.000000 21707.000000 6364.000000
30448979.000000 19850.000000 9042.000000
27727749.000000 32006.000000 22866.000000
30601674.000000 15371.000000 7412.000000
32454245.000000 19623.000000 8591.000000
30746130.000000 18366.000000 8298.000000
32414256.000000 13928.000000 3123.000000
31930788.000000 14016.000000 4862.000000
33183430.000000 10961.000000 3763.000000
29933856.000000 19197.000000 11886.000000
