0,22173482.5349728,12003.9228774188,6397.09772125153,21643431.6,11889.9,6183.9
0.01,23928463.1538502,13267.655585832,6828.36297661898,24563231.8422619,12947.6336331714,6765.6987859633
0.02,26586167.7383643,16126.9129017697,7655.58825633336,28393670.9762887,16708.3653598997,7696.7222750643
0.03,31500706.0370145,21160.1705754121,8777.80130526689,33639477.9448336,20604.5597368631,7855.20077937575
0.04,37573896.5264907,32940.0300534905,12696.919542702,41262911.6993341,34885.0225589413,11002.1930490167
0.05,44784466.3296381,99397.2887451523,49250.4681286184,53354107.1,97422,33110.1
0.06,46023402.0057004,82211.4535837971,27155.7186947435,45864017.185398,81704.5961096497,21413.8262568269
0.07,45889377.338451,71464.07007648,16721.5168112595,45996705.9148221,70354.1373605663,15823.9524762745
0.08,45516803.6877129,65204.5063519845,10660.2234030191,46130164.6327644,72068.0796705065,12548.331101078
0.09,47686201.118678,60161.1331328366,7133.5430552729,46264400.0610569,64233.1891828407,6930.84207163161
0.1,49916143.9047013,54088.9973237086,6311.92745188141,54132655.5,57934.8,2958.1
0.11,49552841.456634,55982.8189420164,4866.76783588227,52573059.1633427,58290.9420061661,2595.37630123044
0.12,48869128.2772121,56591.4362756594,4295.77119801455,51100812.1671447,58651.4897116999,4623.78212942433
0.13,48977898.3714695,58037.6714398327,4176.89847732448,49708776.0670203,59016.5253772945,4168.47229483123
0.14,49566748.7316759,60440.8972115006,3937.46836272097,48390569.6243831,59386.1333243682,3794.79399868864
0.15,48988977.4132939,60647.0413067031,3969.12482404411,53874824,68297.6,3482.6
0.16,49585723.799705,63771.4146532741,3856.75719236192,49049564.6069523,63894.9073989983,3586.05054400081
0.17,48602600.802304,64023.2882259054,4017.97890539007,51119813.527325,68644.0261105731,3695.83523521435
0.18,48202177.661589,64983.9733626209,4193.07853781769,45747876.6618773,63562.1203011067,3812.55419379136
0.19,48952641.9568361,68139.8537771141,4291.90550722697,47856793.6153656,69111.4315917313,3936.88582222222
0.2,49824597.2617215,71931.4748784613,4834.17632946313,50169543.6,75722.4,4069.6
0.21,48753578.5128907,71824.8890815367,4613.14520883855,49210363.8893954,75510.6578232165,4111.73924022009
0.22,47606712.7181799,71455.1933299157,4878.18210773318,48287172.7839295,75300.0965315564,4154.76028447119
0.23,47651298.4162963,73305.9934600094,5115.89002862065,47397982.1325427,75090.7062738036,4198.69110431219
0.24,48655403.4464023,76760.9136716367,5333.62142429364,46540947.5805207,74882.4773080132,4243.56086698626
0.25,49128706.8140216,78736.4089658546,5938.12688131213,53333415.1,87121.3,4289.4
0.26,48452922.3918544,79315.4906289019,5606.39606742287,46438085.1153226,77400.9718065156,4336.33198683823
0.27,47155547.5775404,78133.8800563742,5861.32864394691,47185098.5750452,80333.0414423936,4384.3023369036
0.28,46980084.6114326,79090.3686054661,6198.35940638682,47956538.2120837,83496.0002709157,6650.01884418675
0.29,48071513.015762,82851.9507189553,6364.231441654,48753621.9860944,86918.2385562444,4483.49908723793
0.3,48814449.98146,86121.0657843031,7163.86675238817,49577650.2,90633,4534.8
0.31,47900224.1618035,85574.7195184003,6792.17036097639,48799304.3395529,90439.1150164181,4653.09788430849
0.32,46792040.9401281,84440.4531767372,6971.55436258135,48045020.0537294,90246.0577918608,7166.59963009831
0.33,46865027.6861495,86009.1407948812,7348.50012664788,47313698.5764379,90053.8230366548,7363.84329938153
0.34,48153013.5617449,90167.9778499801,7604.15162856787,46604307.0383899,89862.4055061015,7572.25157707076
0.35,48218413.9181628,91272.7607571299,8499.13880730577,45915873.6,89671.8,5195.2
0.36,47461762.6353571,90782.1962666887,7994.53899763834,51717938.7627241,99990.0938526185,7919.36623855324
0.37,46092126.4122694,89148.971472947,8093.62020813878,49990949.2165757,95755.0390267851,8050.11158597272
0.38,45845929.2082686,90198.928930222,8449.08591902415,48375569.6205902,91864.1562094397,8185.24650276802
0.39,46593819.3325411,91407.8338365714,8705.07319172728,46861319.1418726,100888.147039071,8324.99582248592
0.4,45703901.4480586,87206.3984426431,9540.93987208738,51930273.6,109233.9,8469.6
0.41,46471769.5725086,93395.7272007429,9085.54723110205,47196513.7596073,103914.221918324,8631.15531998429
0.42,45457563.3880545,93619.3657945572,9144.36025896664,49095466.1538172,97791.1158396231,8798.99373603282
0.43,45201512.165052,93443.6674391778,9553.85822639035,43845971.40744,90667.7025668881,8973.48905367712
0.44,46428473.9707832,97529.9596248206,9904.01685597919,45764498.6218928,98732.4652907054,9155.045330557
0.45,47188793.7163542,101653.253972794,10903.4822830326,47858602.8,108372,9344.1
0.46,45804167.0620815,99498.3126696797,10290.1511187224,43768390.4363562,100851.166314884,9190.43581092641
0.47,44446055.787298,97148.4113652228,10332.0549090618,47042645.2314418,94306.4575120513,9041.74388322583
0.48,44472699.6411167,98330.8808623291,10562.1901387297,43609066.5696697,103319.321381188,8897.78672090851
0.49,44463918.9432304,99251.2314134331,10748.215234087,46448705.4193813,111296.793514151,8758.34171601492
0.5,41637526.316543,93099.9431671378,11371.7642792946,48926624.4,105251.2,8623.2
0.51,43851717.5371033,99004.691770466,11244.3937615485,45214793.2392143,109002.39078614,9284.62587540756
0.52,43648590.8806456,99184.7126114549,11141.5647223662,47081655.2919147,98901.9947556867,10055.9479075793
0.53,43390171.8102153,99799.8846872467,11351.1260526331,42970652.6868901,102697.439625772,10967.0365188063
0.54,44346996.7750624,103302.871300246,11478.2497301288,44904553.6821162,106795.81635027,12059.6659128071
0.55,45099998.1248864,105296.816553252,12723.5396149698,47020729,111234.9,8929.4
0.56,44193924.6579366,105116.365649675,11956.9668085679,44688385.8179987,108534.55330974,12581.4574452096
0.57,43014270.9592957,102914.747984075,12117.8598703228,42576487.8677986,105962.206908406,11861.7831298744
0.58,42995836.1253222,103400.881877751,12426.6785473991,46463076.4337228,103508.970409799,11219.9865665196
0.59,42896314.4120441,104349.88161018,12765.3493139117,44456924.3375986,115619.152135133,10644.0755877477
0.6,40564302.1587429,99503.5175503459,13243.7323165318,47943947.7,113060.8,13499.2
0.61,43151567.6174368,106840.473348348,12830.7477406072,45321125.3863485,120652.07429474,13770.3846874932
0.62,43129387.7066508,107078.13816184,12683.2081376449,42342883.4322017,113169.111707209,14052.6883725069
0.63,42683434.9428992,106356.590030532,13126.5823925753,45420347.6485936,104525.416868732,14346.8092123194
0.64,43778361.8115097,110410.908702777,13500.1722561269,41983037.2957959,113313.850545109,10990.1287972811
0.65,44976988.3869253,115150.430605392,14458.6383711839,45553321.8,123715.8,11230.2
0.66,44185174.6116123,113508.534673119,13864.9129291242,45778750.4717588,124756.222773897,11460.3825814426
0.67,42807203.4351357,109982.885028305,13692.5569213891,46006421.3869816,104845.244514742,11700.1986059577
0.68,42627686.3956119,110129.595513466,13945.6342060165,46236368.1668443,105742.053993721,11950.265757334
0.69,43969364.205361,114907.61736236,14080.0073889975,46468625.1080737,127985.205387442,12211.255679413
0.7,44691974.5451621,117928.789257824,15200.2946985332,46703227.2,129099,12483.9
0.71,43727728.6009148,115425.989702315,14491.4337117942,45862594.2764499,126681.636990551,12505.8840465589
0.72,42399091.2172864,111938.13347706,14359.3565757107,45051688.1655868,124353.139636839,12527.9456571625
0.73,42406949.0994239,112679.0821721,14550.8452346372,44268959.4451135,122108.69614376,16733.4469907042
0.74,43854309.5140019,117627.395545489,14797.7086279581,43512964.5326159,119943.835948704,12572.3032182849
0.75,44176282.8280486,118745.331051308,15787.2898596233,42782356.8,117854.4,12594.6
0.76,43532892.7499802,117583.539261146,15148.4577335721,42275021.8170144,116803.229348046,12665.6784008046
0.77,42140281.3118699,113891.120658188,14983.0914372365,41779578.2924504,115770.644196056,12737.5636256357
0.78,42039817.6110827,114134.01298503,15166.1233822366,41295612.9823071,114756.155954596,17080.3593206929
0.79,43226672.4163356,118228.95105399,15402.7016923376,40822731.571026,113759.293011332,12883.8101287407
0.8,43440351.7580927,118981.333906847,16218.2027251512,47087317.2,131576.2,17277.6
0.81,43234897.2479532,119379.415452739,15628.4914218125,41397903.9861938,116365.881390498,12789.3337019535
0.82,41905604.2273767,115673.233415651,15436.4206398528,42489980.7716472,120187.734231257,16833.0826516627
0.83,41732825.5814783,115225.190624035,15757.8207418878,43641236.6777467,124269.157647633,16619.2924318678
0.84,42837791.6407387,119052.92667821,15863.0128450311,44856616.0015683,128637.525278958,16410.8646334888
0.85,43767806.9666595,122674.247834473,16568.4566005705,46141629.6,133324.2,16207.6
0.86,42423819.7391516,118821.417024252,16096.4464804147,42807738.8550291,124122.188256536,16114.7185983691
0.87,41307432.3572343,115668.035055445,15943.1170017667,39923154.2486052,116108.407352733,16022.8956875345
0.88,41625261.5528567,116933.524751344,15972.0689598164,43636577.6682222,127244.443495427,15932.1132759266
0.89,42105503.1669133,118689.530519238,16172.3287434285,41045358.8108406,119968.589696672,15842.3537774248
0.9,39918976.9938594,112515.199838445,16461.9082157551,44279580,129691.2,15753.6
0.91,41635878.048135,117758.450400951,16406.459306993,45695512.0436482,133694.728151581,16245.11232
0.92,41036157.7179269,116152.618690467,16181.8246900093,41304366.4140144,120709.141863914,16768.2827415359
0.93,40965392.2198021,116165.597324454,16465.4270399508,42715401.3687841,124680.591495095,17326.2716723549
0.94,41986833.3573505,119515.206605892,16580.0212847658,44226253.4895188,128922.260827751,17922.6746690203
0.95,42565823.6693622,121452.100276074,17319.4059971174,45847902.8,133462.7,18561.6
0.96,42431821.7110587,121668.83462124,16781.8660329661,40254500.6652747,117558.839883114,13637.0051374333
0.97,41078742.2052466,117861.152645207,16569.5303787666,41258501.6408246,120900.876028244,17818.9087320623
0.98,40941659.8315577,117548.574687293,16878.047947259,42313865.9348989,124438.491199049,17469.4135141672
0.99,42255800.3101257,121887.389037073,17082.3488001477,43424638.5312459,128189.371083278,17133.3643763645
1,43054340.2820632,124917.632142141,17567.1455447836,44595300.6,132173.4,16810
1.01,42349660.2705799,122709.89315297,17316.1750774401,43809704.6291961,129157.855026042,17283.2291618276
1.02,40893479.6726961,118430.885658862,17056.2773379733,43051307.8138069,126276.840453097,17783.8744932058
1.03,40842190.4991553,118656.726430519,17013.2952521964,42318721.6437425,123521.550145965,18314.3895693579
1.04,42102138.9556077,122659.821294875,17181.0951483236,41610650.5383623,120883.930137414,14158.1473054693
1.05,42589192.6861496,123786.317461396,17943.9407476332,47746864.9,138082.7,19476.4
1.06,41777483.5154868,122026.78632624,17429.5821453426,46431086.3491726,135180.723340086,18949.8071508227
1.07,40544341.5568878,118506.628216762,17294.0979463844,38730755.8165089,113484.18267233,18450.940155561
1.08,40691020.7782605,119017.5370668,17472.9053478552,44005721.4773689,129727.94095962,17977.6654733888
1.09,41646006.3444939,122016.114224536,17663.1676038777,42885638.6863637,127163.250105461,17528.0629939162
1.1,40971014.7547153,120096.539708204,18052.5683088115,41821159.8,124698,17100.4
1.11,41080791.0913659,123845.49791216,18119.0697315865,40870467.9404785,132330.182906357,18696.5362594581
1.12,39992984.7766501,120746.816763507,18152.8181057693,39962038.2219069,120820.745294495,15465.9834546936
1.13,40018652.283957,119022.317117487,18561.2179520637,39093113.832572,107705.912163141,17240.9036956671
1.14,40436395.3507295,122511.063077733,18677.1131469513,43727054.4363234,115780.75993183,19476.0280585031
1.15,39215077.0359147,125989.145150329,19255.323698436,42815888.8,125164.5,14918
1.16,39675650.042805,128246.319385371,20171.5560002178,42835472.5842062,135211.34546747,15817.5684330888
1.17,37892520.7983643,127289.061231731,21785.2445813458,37498190.0052114,117609.487569821,16832.5882077841
1.18,35651468.5764708,129160.710945508,24623.1046973134,37515357.2036324,128855.278457284,17986.8090304609
1.19,34923083.7228027,137629.188546464,28276.1567447738,37532540.1280224,106859.321432424,19310.9742963029
1.2,35346110.1543966,140752.791209993,29854.9972075354,42913987.2,119493.3,20845.6
1.21,34215901.7115933,141713.577486796,31470.1895069537,37582218.4532502,113521.093631363,22811.3500547341
1.22,32786934.8256784,137417.133804022,29623.1044647356,32241218.0086609,144156.594538577,25186.443752441
1.23,31020592.4237712,139340.358560239,29219.4025520221,32269154.2429254,137606.4734656,28113.6023659854
1.24,29822358.3604964,146751.813271814,31949.8939089587,37679995.419867,131625.724313398,15905.3100818601
1.25,31020893.4987016,142932.604904578,34861.9596140236,43100229.6,126143.2,18313.6
1.26,28929842.4755125,143864.640019021,32339.7425842435,37554586.4501518,120955.046998959,15488.8417141687
1.27,27633744.9336055,140868.64087508,32283.4683496362,26712708.7768966,145221.00336237,26838.0777523985
1.28,25489960.309983,144123.31135759,34773.1650435028,21281315.3967261,167642.600659201,35511.6310645545
1.29,24625060.0258889,151685.035857925,38119.5320253152,15894899.667646,188422.414045099,42355.946953701
1.3,27026577.508116,143951.141877923,37586.7402475492,36935168.2,103867.2,19157.8
1.31,23783458.4131681,150774.380524634,37948.524474462,10550219.2281999,165502.53113476,52096.9390367846
1.32,22251964.7581779,140324.685384531,33948.1488061043,21095069.246685,147077.293471121,34264.6713158892
1.33,20649125.7480223,127490.638359666,31984.6946142893,21089702.7687693,126030.93863788,37911.0772649952
1.34,19966418.8564709,132396.882221361,35538.8471178709,31626508.5308526,101761.329558572,14142.0008193932
1.35,22311506.4722825,148024.494274784,43838.5316837654,36888211.5,110199.9,16053.9
1.36,19552599.3246808,130354.727023017,36035.1540019427,31955100.4401211,101758.155335693,14601.5857372869
1.37,18747115.6395667,115755.763467564,29807.8627011108,16149489.5561928,94517.7266709919,26780.4784918131
1.38,18277351.801758,111449.921098288,26623.6807628254,10883446.4886048,58826.1434816962,12364.4826629581
1.39,18685848.7189719,120489.910524878,28187.9878716369,33009428.3513064,110323.826651606,11484.6995639027
1.4,22094646.1444,126327.183837375,30143.1872270312,33376503.6,103854.8,10721.8
1.41,18134942.706723,113029.338996876,25649.8949476425,32075896.1116835,100212.972443397,20996.408715194
1.42,17211488.4450133,98368.1564248964,22452.7348373284,20581900.2495766,96817.9044038778,20567.4881308487
1.43,16981415.3272462,91009.9713400314,20277.3491245572,14878392.8553512,93645.3381497269,20155.7409458107
1.44,17856949.8142451,97040.1136621963,21218.9336749369,4786433.00747806,22668.5236532614,9880.0780016395
1.45,20981076.5923528,110920.949427267,26501.1688383005,0,0,0
1.46,17650139.4906871,95209.0399934206,20627.5934373901,4781529.37176558,22673.6254816998,9283.22182181073
1.47,16140659.6966743,81599.8126889491,18743.856646308,9897893.35695849,70266.6614277841,17818.6093434075
1.48,15607044.2643,75351.6410412947,18634.8081639716,10257026.0838188,48443.8692410901,8564.3431026546
1.49,17218040.95284,83851.2746726814,22557.1755585541,5321600.69185712,25078.1891593814,0
1.5,22175785.7860827,106255.999294502,28129.5224362627,0,0,0
1.51,16652245.3353389,86982.4787128181,23927.2401064236,5062279.69423894,27270.3862589791,0
1.52,14381792.5656668,75523.5520718587,20470.5315948266,9335305.55458239,57349.4007144698,19386.1422806014
1.53,13324241.0484485,72103.7415949591,19596.1005055336,4330102.30114617,30231.4997709499,10887.6554263375
1.54,13792188.3430458,83254.9310491103,23985.9011223586,4038080.5750544,31967.0463833948,12418.0716412618
1.55,15510471.0611821,111567.502596936,36710.5580640852,0,0,0
1.56,13477952.7932013,87357.4796517347,26990.2482868422,3894179.67435659,33248.1567813319,0
1.57,12688963.5799748,74407.075461783,22191.3031438952,8024278.44485451,32607.9555060957,15005.3680751553
1.58,12612457.8144498,75315.2315020149,23203.8911897648,8274936.57051817,31991.9429314232,15299.8789517709
1.59,13338782.1445187,91481.9462632954,30792.8512657557,4270879.74643061,0,0
1.6,16115076.0891176,114077.520500609,42327.3621952178,0,0,0
1.61,13047075.6069794,86835.9016333071,28054.3250302019,4200417.24490601,29714.3398927292,0
1.62,12259604.9287804,70121.478249701,20463.8692781865,8014449.2213673,28679.0286450533,12628.1695571096
1.63,11922682.5887148,64985.1205733743,17877.4983104047,3831021.82988231,27713.4332699035,11443.6265041732
1.64,12267523.150339,74638.9161081491,20265.2514024126,3669662.10337914,0,0
1.65,13746718.1575614,94061.8341483916,27637.3141364754,0,0,0
1.66,11829296.5298679,74650.7935874872,18912.2091945067,3497197.2088212,0,0
1.67,11163701.5691358,62312.1808444757,16286.8758162349,6946755.34032684,31012.0804671463,10176.1695530344
1.68,10717643.1393675,58855.1007143775,16246.512083821,6899760.81594874,34350.6196863521,10469.6786494527
1.69,10936643.9268356,63895.8121527622,19465.5095453227,3426698.9256408,38494.6824212015,10780.6218346082
1.7,13135435.2265701,94489.799629146,32031.6608079143,0,0,0
1.71,10757415.4690681,66672.1953997397,21433.324329655,3382655.49199156,0,0
1.72,9900265.86488139,59009.6215741936,18042.6948559349,3361745.82339247,39926.9964163136,12091.058830236
1.73,9511581.6257098,56086.2381019378,17111.6957306988,3341093.07024543,38245.7000448787,12649.1742604962
1.74,9582697.47347036,64607.8357792439,19738.0838947572,3320692.52641252,0,0
1.75,11128086.4390017,88351.9802359915,28975.9372597497,0,0,0
1.76,9346555.86281914,63697.1939801404,20586.6306484846,3261636.34365895,0,0
1.77,9084391.77917159,58023.5221755359,18221.2940130043,3223639.50399819,32815.1885475673,14245.8672478779
1.78,9097288.24492108,58831.8328850628,18798.4850355668,3186517.76756497,31709.63540143,14406.186689234
1.79,9363892.51650977,68463.9987671821,22533.6941910028,3150241.24684318,0,0
1.8,10761527.7802035,87314.007986496,30864.8764260533,0,0,0
1.81,9213990.76254647,66420.2873527939,20499.4732519212,3115203.19140687,0,0
1.82,8888217.4448768,54790.4715184019,16404.9875264725,3115625.09706386,30185.8030088219,12300.1385906017
1.83,8825737.05568804,51998.1665005899,15036.2751737078,3116047.11701741,30430.5671897322,11360.5755377113
1.84,9061130.53799021,53592.7059175952,16451.4963425452,3116469.25131396,0,0
1.85,10437459.7004339,70198.4338100584,22656.4937026478,0,0,0
1.86,9031926.97073526,52535.9905068483,15813.2134688051,3104088.02588924,0,0
1.87,8640328.25187063,43401.4592600469,12791.8978319574,0,0,0
1.88,8470906.13696696,39946.8523803799,11565.1652934556,0,0,0
1.89,8589580.43607748,37703.4911819912,11180.2670961913,3066301.04544623,0,0
1.9,9995489.40548541,54452.3759161645,16655.1442985314,0,0,0
1.91,8391473.27842572,37583.7089443253,11437.7485196322,0,0,0
1.92,7890590.90328326,37430.752837158,11166.3987218107,0,0,0
1.93,7740637.10545527,38536.9538563354,11607.0417038813,0,0,0
1.94,7756440.34144235,43728.66622395,13689.8716112162,3011348.42930901,0,0
1.95,9097609.41061096,59588.1827358127,20579.8465496484,0,0,0
1.96,7430064.09118667,45143.687304316,14395.0303282388,0,0,0
1.97,6942009.33143594,43579.8206192044,13722.9888071433,0,0,0
1.98,6875590.93531087,44023.3770685276,14176.8402562078,0,0,0
1.99,6967293.7714058,48783.2224533198,16584.7065404589,0,0,0
2,8213216.35004552,64596.8799471879,23507.6803465633,0,0,0
2.01,6753452.63344316,49859.7427935777,17650.0944755783,0,0,0
2.02,6375037.04569654,47113.7916676983,15330.9635347843,0,0,0
2.03,6399864.13937389,46012.0971945359,15296.8657606811,0,0,0
2.04,6608825.58540753,50782.2848578835,15942.3892138776,0,0,0
2.05,7878120.54652021,61369.4048982666,21070.6058564928,0,0,0
2.06,6450027.34997209,49475.4326544473,14708.6905685225,0,0,0
2.07,6116166.38387997,43458.2580736522,13441.1186466537,0,0,0
2.08,6096865.79571258,43558.6346728252,12902.580468141,0,0,0
2.09,6487173.6752696,41622.9069976081,14091.0359598049,0,0,0
2.1,7634005.87651873,52096.7888689717,18037.032343576,0,0,0
2.11,6300703.05624728,37954.74169198,13214.1325799296,0,0,0
2.12,5765963.24415354,31383.7156493879,10697.254288425,0,0,0
2.13,5685268.56354265,29164.5389148023,10216.7657012449,0,0,0
2.14,6078956.5211317,27791.5639361292,9690.70356370758,0,0,0
2.15,7196267.51425547,35925.9713826006,13550.0275176829,0,0,0
2.16,5888493.90850264,25718.5608645538,8754.05133573605,0,0,0
2.17,5373133.04002981,23013.6646167394,7523.58376345383,0,0,0
2.18,5227456.99179961,22054.3081676409,7249.86702171593,0,0,0
2.19,5720747.03020412,22585.5567337481,6901.5934123898,0,0,0
2.2,6785785.0059238,31838.3254334809,10704.8045364776,0,0,0
2.21,5571443.44134438,23468.9518636026,7430.44470732979,0,0,0
2.22,4711974.58736662,23468.439675781,8083.0580921278,0,0,0
2.23,4628434.10153699,24712.1765759126,8279.71071735894,0,0,0
2.24,4730427.623439,30361.8510595423,10299.9011980991,0,0,0
2.25,5666826.14805528,40283.0202995841,14703.1213230389,0,0,0
2.26,4360709.43312925,33343.6112634729,10846.9632108204,0,0,0
2.27,3670883.5433044,32366.9602569097,10837.0906555179,0,0,0
2.28,3589511.87944636,33755.381624516,11686.8567957666,0,0,0
2.29,3885942.25952129,41374.3893247594,14031.8017072259,0,0,0
2.3,4862038.2010743,52528.8278453007,19011.9631764776,0,0,0
2.31,3483478.64026787,41777.532756756,14263.5530993361,0,0,0
2.32,2787308.41726999,36677.9440960444,11971.6461462691,0,0,0
2.33,2627842.86060353,36197.8842182625,12033.2957341527,0,0,0
2.34,2790802.65945443,40414.3805467346,12145.953032399,0,0,0
2.35,3628555.49440741,47552.8978893851,15531.3859251332,0,0,0
2.36,2620969.72630849,40880.9831255267,11732.3338976191,0,0,0
2.37,2251019.7529696,35128.8727748805,11037.0416699198,0,0,0
2.38,2249722.9511811,35727.8973006132,10576.2833059394,0,0,0
2.39,2557769.86218572,38067.5742351399,11878.042398237,0,0,0
2.4,3371349.9931415,43549.6053498756,14175.6910636408,0,0,0
2.41,2497146.91867139,34195.6295417681,11190.4626838336,0,0,0
2.42,2048028.50719972,28229.9458118717,10104.9351962592,0,0,0
2.43,2021261.50628258,26431.5734285475,10459.0120582843,0,0,0
2.44,2117214.32942748,26625.2048601386,11285.7698692075,0,0,0
2.45,2777238.8121336,30931.3516588543,14181.0397224809,0,0,0
2.46,1915394.80311828,21890.047494571,10511.3807151524,0,0,0
2.47,1475726.27554644,16566.3329782366,8357.11753942934,0,0,0
2.48,1414848.3817671,16365.4605742581,8187.60131506871,0,0,0
2.49,1578462.5018581,18366.3105052294,8804.54527638009,0,0,0
2.5,2073374.37170342,22493.6165502108,11123.7979448534,0,0,0
2.51,1474523.06018834,16692.0481304935,7837.53529939711,0,0,0
2.52,1070888.40684812,11953.29322709,6261.63425330399,0,0,0
2.53,1126216.48633518,11842.2658411545,6371.36492249464,0,0,0
2.54,1280169.77109821,12916.9378299603,7224.78178751768,0,0,0
2.55,1977652.31535604,17998.0844561516,10155.6207894871,0,0,0
2.56,1341317.75000132,11925.3468468534,7056.06384868277,0,0,0
2.57,1000969.13936982,9741.63566068028,5500.10442965581,0,0,0
2.58,930957.623348034,9659.79519524888,5211.28580775401,0,0,0
2.59,1054556.27221634,12330.2366186403,5678.50705286215,0,0,0
2.6,1574965.62478599,15406.4012265408,7696.63607002862,0,0,0
2.61,907624.848166428,10508.1157153652,4708.48231986326,0,0,0
2.62,719106.041578331,8400.63503366487,3953.43457896014,0,0,0
2.63,770900.425856004,8428.83827524828,4085.99706673423,0,0,0
2.64,1022803.6577338,10455.1549068852,5129.82009137698,0,0,0
2.65,1621482.70533431,14786.5878776585,7780.82655369608,0,0,0
2.66,1115290.91282831,10529.3097655677,5111.97407622671,0,0,0
2.67,1164089.28847983,9003.57451690166,4651.43734976167,0,0,0
2.68,1236702.07303696,8982.11533290471,4654.6465094156,0,0,0
2.69,1419283.67220543,10334.7948717116,5374.96387246215,0,0,0
2.7,1752053.65241228,14234.3726614278,7181.59313546594,0,0,0
2.71,1420942.8476722,9708.00631876347,5248.44221806652,0,0,0
2.72,1278301.92569997,8548.81010704666,4689.24995398099,0,0,0
2.73,1324361.45659613,8331.64816381656,4723.76366387312,0,0,0
2.74,1372494.97321074,9521.41448122179,5590.17148837188,0,0,0
2.75,2397233.37330415,14006.3096749926,9358.31735701076,0,0,0
2.76,1802119.99271804,10287.6568536241,6974.3680252169,0,0,0
2.77,1371322.55940738,7533.6876453729,4908.13353677357,0,0,0
2.78,1177608.98323567,6419.97506712473,4046.05508385752,0,0,0
2.79,1246714.75707627,6896.85759130625,4039.84855176348,0,0,0
2.8,1735823.6724865,9171.91151822264,5599.11943909819,0,0,0
2.81,1123865.24431232,6048.82776750831,3439.97790489524,0,0,0
2.82,954257.482291887,5262.25032556149,2471.88363293658,0,0,0
2.83,942659.536948478,5285.24635177854,2261.50423292133,0,0,0
2.84,1165080.05313548,6557.60995487698,2750.52655706785,0,0,0
2.85,1603400.89240776,8662.0869105457,3853.26536864671,0,0,0
2.86,1070688.25312705,5721.10731987887,2419.69080216124,0,0,0
2.87,878657.01650382,4414.06111904729,1869.03614398295,0,0,0
2.88,909542.030088196,4220.6090948962,1851.92757398774,0,0,0
2.89,1184988.75066601,5444.09549462615,2728.83436894415,0,0,0
2.9,1758584.21061783,8014.24928565491,4430.46573013104,0,0,0
2.91,1152105.66311485,5649.69829730313,3116.56681534131,0,0,0
2.92,865052.616563503,3972.62199307471,2041.21165335779,0,0,0
2.93,831389.979204691,3366.63839560176,1615.42144532756,0,0,0
2.94,1129447.32957925,4102.42484002729,1866.01538595911,0,0,0
2.95,1652113.6267071,6670.03645156944,3138.5687092326,0,0,0
2.96,1034475.30668083,3808.63762056402,1603.15866082152,0,0,0
2.97,846632.365239244,2895.14639794093,1158.13309495641,0,0,0
2.98,900910.740954398,3063.66475819002,1232.82712826637,0,0,0
2.99,1166456.12577751,4425.96636298472,1777.01537933942,0,0,0
