0,848857.317673494,5166.56227656714,81.1296926931817,344457,5283.9,0
0.01,1109852.43295401,6582.42215754945,86.8702584326973,1042870.58954183,6580.33685010849,56.8318720990201
0.02,1798461.54813523,8721.27392129733,137.599039352944,1850541.05706778,8719.7901460818,123.608524957936
0.03,2797462.33836071,13112.6039234226,166.858107541505,2526258.42518926,12920.662233993,67.7301782421635
0.04,4926396.04477741,27652.2889302499,420.591888189217,5116208.9651721,27702.1726042768,449.477906186268
0.05,13325259.0640706,390466.095913065,426.879123407547,13380902,393603,502.8
0.06,15415244.4829459,81672.03406764,499.292064399704,15415244.4829459,81672.03406764,519.850793340559
0.07,18179067.8859361,35234.6575962335,484.481309644705,18179067.8859361,35190.7847976514,547.711521136319
0.08,22150458.3684882,20023.8435286563,518.611740123073,22150458.3684882,20572.2697849695,601.433243113608
0.09,28338899.7876333,9443.62870593155,443.32005044498,28342048.8059112,9505.94280754117,374.103794393121
0.1,38760009.4242616,3127.27331177953,1877.04373729193,39337964,2576.4,0
0.11,39421477.9298501,2950.7927621629,717.746099498849,39452943.4218327,2643.01557628062,0
0.12,39550796.418495,3038.2824278495,527.409141130753,39568596.9518491,2713.16742042654,0
0.13,39598504.6007831,3321.53574609334,655.055436156119,39684930.5357808,2787.14479266055,0
0.14,39629826.8109254,3714.94730616646,944.107717640305,39801950.1894888,2865.26938544535,0
0.15,38856492.3366201,4141.51858177431,1865.48584846889,39919662,2947.9,0
0.16,40687285.338878,3853.08730099045,1262.88588434002,41198951.0470528,3170.07487429327,0
0.17,41733732.0648301,3721.36392849428,1010.30518542175,42562948.4103479,3428.46886276037,0
0.18,42372909.9338086,3717.24695084804,1070.22968960769,44020355.6378465,3732.72464439373,0
0.19,43110673.8116378,3051.47282939178,1013.02111622587,45581108.3397334,4096.24116033264,0
0.2,43451650.4386422,3535.19990625306,2780.34687866878,42530942.7,0,0
0.21,43467976.7917426,2068.18674076846,688.497413163175,42243431.2549821,0,0
0.22,42978414.9317383,2206.11737212773,728.802257627972,41959780.8942871,0,0
0.23,43448082.7041289,1860.6413795004,778.709691687588,41679914.3590542,0,0
0.24,43858474.4851084,1948.79899069185,1310.37983428168,46004173.8199929,0,0
0.25,42310125.6999238,3746.36433677808,3725.74008419091,45701371,0,0
0.26,44872562.6042486,1394.17246585696,838.384239433618,46270968.0489423,0,0
0.27,45870448.4057539,840.887029032573,498.67584040699,46854942.5871682,0,0
0.28,46739776.5450171,685.853626816303,477.28843401844,47453845.9370794,0,0
0.29,47227947.5276868,941.804572806661,801.970421643111,48068257.9742215,0,0
0.3,45536129.2353153,3165.5591822295,2840.32144844089,48698789,0,0
0.31,47224275.6014525,1593.14641400213,1425.13341463885,48534195.0801705,0,0
0.32,47276400.3345217,959.543628357665,813.073905425533,48370710.0135079,0,0
0.33,46802946.6926772,860.252044368145,617.904033207819,48208322.6322766,0,0
0.34,46573840.0767523,260.150372760145,130.976067955322,48047021.9182065,0,0
0.35,44906930.6022394,2916.1356489437,2199.18418639329,47886797,0,0
0.36,45874746.934222,129.922461620953,79.8514588215244,47615932.5754207,0,0
0.37,46364285.6385166,97.5155125708447,55.5988733390909,47348115.1234033,0,0
0.38,46411904.6188601,83.0732668097037,23.1406397585834,47083293.5181006,0,0
0.39,45890648.6734441,450.847693941861,189.235875453911,46821417.7711068,0,0
0.4,43599244.600959,3379.67623463545,3400.18196103008,46562439,0,0
0.41,45522046.7879066,494.856411963869,282.319117147619,46088671.7835798,0,0
0.42,45240847.8338685,131.1336739525,201.267636073071,45624448.5076008,0,0
0.43,44570665.0537343,272.08930516026,469.407707005975,45169483.6568898,0,0
0.44,43616235.1059595,652.989183398348,1027.54155194221,44723502.9924042,0,0
0.45,41345478.1405442,4129.7440839771,2612.49743503089,44286243,0,0
0.46,43621459.1977081,1884.13500193513,673.597942665524,44407661.671015,0,0
0.47,43768210.4923219,1672.06833638833,510.184534661179,44529747.9544973,0,0
0.48,43792892.052186,1809.45606527961,572.516720770176,44652507.3718606,0,0
0.49,43711652.7710297,1966.67276060394,782.144183406018,44775945.5055723,0,0
0.5,41835162.5749387,3282.24606952752,2297.99203254515,44900068,0,0
0.51,44100984.5735709,1845.42506191611,596.476909018684,44951729.5358295,0,0
0.52,44321051.7300448,1852.94652657941,427.091463820906,45003510.0910176,0,0
0.53,44381377.0520611,1904.45255688086,474.430143589656,45055410.077339,0,0
0.54,44317644.2104329,1920.9168223552,643.207443950854,45107429.90847,0,0
0.55,41745856.6324015,3504.84886559623,2846.29491755071,45159570,0,0
0.56,44522887.4159822,1988.06045169495,706.655133781775,45447912.9330415,0,0
0.57,44853320.5520802,1932.66647337873,422.088622613541,45739961.6549579,0,0
0.58,44912941.711767,1953.50447631828,398.924525591655,46035788.0680984,0,0
0.59,44911530.3284045,2077.38261600948,419.742218632178,46335465.9470549,0,0
0.6,42649671.268179,3884.07621490391,3188.91927427046,46639071,0,0
0.61,44114140.3647258,1971.9956716838,404.827567059146,46706866.3012256,0,0
0.62,43135598.9972389,2109.61269650752,269.818140701103,42097373.08744,0,0
0.63,42978010.8314389,1771.87369349202,300.102280729634,42158744.9259535,0,0
0.64,43151791.8924279,1662.33485176428,351.210592442757,42220295.9681233,0,0
0.65,42217546.1917201,3475.91452741169,2699.89589201331,42282027,0,0
0.66,35637427.593012,3911.42438444487,2527.77810855366,37345879.7703804,5440.41173406816,5442.44961807411
0.67,26913660.7020881,6170.88674596703,4342.56973168016,27833050.8394523,0,0
0.68,17972332.0539385,9622.56041354528,6413.49420462823,18439265.8769459,0,0
0.69,9681540.47121592,17087.1860547541,9941.09715362442,9162304.19540255,0,0
0.7,7034188.0900882,34788.0698413794,15469.0583610051,0,0,0
0.71,5164356.87172422,25611.2237872173,12219.3310063016,0,0,0
0.72,4458994.08688121,19049.5593842204,9807.3501088616,0,0,0
0.73,4603871.42751366,16741.3649751528,9358.15575508598,0,0,0
0.74,5274432.37941428,14529.161803783,9093.24876256319,0,0,0
0.75,8168977.29040166,21195.9551268343,14075.6387995133,0,0,0
0.76,5649006.27872961,13091.2284557212,8608.85146645528,0,0,0
0.77,4474587.23582418,10434.0913761024,6921.27051839151,0,0,0
0.78,4318771.69291642,9400.02457259846,6322.66833903729,0,0,0
0.79,4514006.41267063,9004.82941637631,6330.80288716064,0,0,0
0.8,6822372.38554903,16308.3048404994,11468.7306725642,0,0,0
0.81,4468185.53479367,7740.32576632947,5498.48105026275,0,0,0
0.82,3853816.66942784,5991.20377376999,4412.09127114822,0,0,0
0.83,3763809.56293204,5339.57558154719,4093.07727930713,0,0,0
0.84,4136973.28782052,5236.05296868948,4145.06237067564,0,0,0
0.85,6984841.96811163,9848.29352647312,8551.44891335174,0,0,0
0.86,4440081.29480397,4730.59325284752,3567.84890254542,0,0,0
0.87,3805245.25953864,4166.3698953903,3058.92797861955,0,0,0
0.88,3423239.89988731,4201.07892874745,2983.57172402835,0,0,0
0.89,3362656.36814407,4977.06311303129,3572.90783336335,0,0,0
0.9,6525170.58268156,12838.0556323905,8660.29953810071,0,0,0
0.91,3065202.53435173,6656.31985698493,4090.24127897004,0,0,0
0.92,2476280.41960071,4278.75884895418,2620.1115843479,0,0,0
0.93,1915423.84757863,2071.77182038968,1362.43336902624,0,0,0
0.94,1780991.13616131,952.68469115468,690.07433876544,0,0,0
0.95,5738277.1877906,8618.15220530982,6566.12565123494,0,0,0
0.96,1485502.22472082,769.377562387692,507.918637392521,0,0,0
0.97,1098528.55964775,828.896529829733,610.653862619429,0,0,0
0.98,1223979.31656105,1632.07125931403,1128.75132219826,0,0,0
0.99,1429121.89457073,2591.99708847788,1924.79393913942,0,0,0
