0,832918.875721264,5185.95826007802,82.2936049226019,172228.5,5283.9,0
0.01,1076828.24232525,6584.34706102562,86.5523794986057,1042870.58954183,6580.33685010849,56.8318720990201
0.02,1855490.52503544,8723.41407594722,126.284789152107,1850541.05706778,8719.7901460818,123.608524957936
0.03,3051930.71811784,13127.451951339,156.365281450347,3248046.54667191,12920.662233993,67.7301782421635
0.04,4933024.96308461,27675.9139072716,423.585325926364,5116208.9651721,27702.1726042768,449.477906186268
0.05,13333384.8089921,390690.464380013,427.43117457393,13380902,393603,502.8
0.06,15415244.4829459,81672.03406764,496.254332481913,15415244.4829459,81672.03406764,519.850793340559
0.07,18179067.8859361,35336.3598467716,471.308962175382,18179067.8859361,35190.7847976514,410.783640852239
0.08,22150458.3684882,20183.7779597703,527.138990296994,22150458.3684882,20572.2697849695,601.433243113608
0.09,28341700.0259647,9450.09606941878,443.392646574971,28342048.8059112,9505.94280754117,374.103794393121
0.1,38796869.8064243,3184.08610830434,1944.92247866867,39337964,2576.4,0
0.11,39438330.4277521,2988.4512719981,747.754234928419,39452943.4218327,2643.01557628062,0
0.12,39558664.0193911,3097.4330461684,583.332738849936,39568596.9518491,2713.16742042654,0
0.13,39648497.6808401,3413.35091771803,723.001891122862,39684930.5357808,2787.14479266055,0
0.14,39711795.6319619,3734.03924799412,927.156829272051,39801950.1894888,2865.26938544535,0
0.15,38953564.0692258,4154.79519632791,1859.03072414787,39919662,2947.9,0
0.16,40798644.2814468,3817.04521044093,1204.52032192226,41198951.0470528,3170.07487429327,0
0.17,41978768.3524055,3644.34446541387,935.16135706873,42562948.4103479,3428.46886276037,0
0.18,42780569.4961148,3674.73738972162,1031.55817172019,44020355.6378465,3732.72464439373,0
0.19,43348942.3333459,3035.45798964583,1003.35286215346,45581108.3397334,4096.24116033264,0
0.2,43714287.873352,3486.37529652887,2762.69392944562,42530942.7,0,0
0.21,43710024.3726761,2127.50587008899,759.732210328206,42243431.2549821,0,0
0.22,43302430.367779,2453.48509539563,1255.60753813861,41959780.8942871,0,0
0.23,43718212.276538,2187.08103331544,1207.24430918564,46311015.9545047,0,0
0.24,43955773.8556394,2108.99624817951,1478.60480251046,46004173.8199929,0,0
0.25,42552712.7543947,3790.98912083826,3780.13981255059,45701371,0,0
0.26,45009442.2988966,1486.90323761482,918.882346912348,46270968.0489423,0,0
0.27,46113388.103214,965.901463043912,627.979000801391,46854942.5871682,0,0
0.28,46974079.251231,743.322428571343,515.952177898354,47453845.9370794,0,0
0.29,47423486.4223633,943.503275474521,797.778437569694,48068257.9742215,0,0
0.3,45956522.6342257,3198.28130222303,2862.72449385602,48698789,0,0
0.31,47497528.7327954,1591.63023768825,1406.7464965694,48534195.0801705,0,0
0.32,47649073.1462447,952.672279354046,792.320851950422,48370710.0135079,0,0
0.33,47164803.0978762,951.896796221197,713.381897500886,48208322.6322766,0,0
0.34,46751689.7241673,445.827482660135,252.48739934911,48047021.9182065,0,0
0.35,45054929.0541632,2974.00460747356,2220.12628707965,47886797,0,0
0.36,45969029.7724359,497.98866967941,360.164702936434,47615932.5754207,0,0
0.37,46605163.8422398,422.165616333015,336.425415762431,47348115.1234033,0,0
0.38,46607202.4472536,134.552267633442,69.3158952625932,47083293.5181006,0,0
0.39,46005782.3462464,499.507021294399,247.13635687396,46821417.7711068,0,0
0.4,43889224.5787903,3413.74870660601,3452.94361593704,46562439,0,0
0.41,45644209.2442413,564.222748781306,337.482835215818,46088671.7835798,0,0
0.42,45387003.5864758,290.120665245606,259.464892162885,45624448.5076008,0,0
0.43,44747712.1862,468.748722578707,501.701461594502,45169483.6568898,0,0
0.44,43794451.5624885,755.781555582948,1032.6182587348,44723502.9924042,0,0
0.45,41706556.4279071,4184.22910816025,2555.74003816991,44286243,0,0
0.46,43824539.2288465,1975.4237168204,663.382689486727,44407661.671015,0,0
0.47,44065497.5176687,1758.24887027712,526.646556651119,44529747.9544973,0,0
0.48,44106679.0601124,1870.94573040787,578.597296974217,44652507.3718606,0,0
0.49,43921921.0236449,1985.65321332564,766.586232113498,44775945.5055723,0,0
0.5,42214465.0544183,3280.34240272609,2263.43166030081,44900068,0,0
0.51,44320521.7088063,1836.22162647493,562.127560043125,44951729.5358295,0,0
0.52,44643520.6766613,1842.875124534,436.062196572629,45003510.0910176,0,0
0.53,44647414.9513605,1909.52811871555,521.938981167014,45055410.077339,0,0
0.54,44521918.7390673,1986.94269313259,660.718456415069,45107429.90847,0,0
0.55,42176167.0133943,3472.2253918416,2789.21725838575,45159570,0,0
0.56,44742446.494121,2061.97677449,715.95588012885,45447912.9330415,0,0
0.57,45163383.7231658,1983.09263217935,511.004387029023,45739961.6549579,0,0
0.58,45220276.1660133,2028.26866342889,539.299816785083,46035788.0680984,0,0
0.59,45095798.5377667,2199.1089074782,460.980120037817,46335465.9470549,0,0
0.6,42968623.0372036,3904.81320454214,3180.70602126311,46639071,0,0
0.61,44335318.6433062,2065.6433371114,454.214032225585,46706866.3012256,0,0
0.62,43398128.9087706,2218.20078889956,525.32654282874,42097373.08744,0,0
0.63,43118992.767987,1874.41650160388,481.123290205641,42158744.9259535,0,0
0.64,43278681.5239781,1708.46661205139,377.751329738655,42220295.9681233,0,0
0.65,42528055.6745677,3466.95559601614,2691.92988355688,42282027,0,0
0.66,35841915.3852111,4002.91998487779,2607.15358032707,37345879.7703804,5440.41173406816,5442.44961807411
0.67,27174730.9867027,6620.92910613987,4735.08584391878,27833050.8394523,0,0
0.68,18410295.5154984,10823.6209464014,7309.88493524049,18439265.8769459,0,0
0.69,10166068.1415623,18920.8572520245,11108.0390544855,9162304.19540255,0,0
0.7,7681670.31239131,37241.9707758108,16903.2309626285,0,0,0
0.71,5745774.59067051,28953.6572361325,14040.778303794,0,0,0
0.72,5018091.08293781,21739.4870307899,11400.2453333942,0,0,0
0.73,5142156.68692431,17857.6240994411,10237.130043074,0,0,0
0.74,5763608.64208081,15649.4273100807,9967.16059592412,0,0,0
0.75,8927034.04589878,23096.7373868961,15726.6968613295,0,0,0
0.76,6471702.04742274,14624.4474505862,9795.34312932014,0,0,0
0.77,5279626.57711139,11576.1780707098,7893.65174140517,0,0,0
0.78,4855103.13794229,9932.51160311408,6945.0973132858,0,0,0
0.79,4665610.77660176,8913.67129896197,6564.32724450333,0,0,0
0.8,7237542.05301661,15977.9860016753,11860.1356073397,0,0,0
0.81,4716498.6341691,7329.05131731539,5537.70590197469,0,0,0
0.82,4058002.90778772,5664.58469795132,4455.51938235314,0,0,0
0.83,3844039.92438626,5264.89791505808,4292.31946788652,0,0,0
0.84,3944145.30647029,5292.5418143489,4377.78103515507,0,0,0
0.85,7231289.59314092,10251.4363660529,9182.24618534102,0,0,0
0.86,4023425.12144237,4934.84473153302,3903.28846969278,0,0,0
0.87,3458703.50951921,4588.55090923443,3463.31031372635,0,0,0
0.88,3125080.11675141,4685.04307568779,3346.40705528953,0,0,0
0.89,3136904.98026147,5483.81530114702,3846.268917178,0,0,0
0.9,6588380.07982799,14086.3557196457,9376.12721549897,0,0,0
0.91,3043347.85339067,7902.79811155116,4733.42312319052,0,0,0
0.92,2421554.68712335,5315.39967315812,3148.10658045712,0,0,0
0.93,1791095.44710927,2711.17658567765,1702.80569889368,0,0,0
0.94,1608208.57518209,903.537071978522,619.238458830904,0,0,0
0.95,5594299.80904725,8735.05820419576,6741.33088050523,0,0,0
0.96,1380855.32397008,661.889796992893,422.52989323318,0,0,0
0.97,941859.759147887,865.634303450643,572.336450528006,0,0,0
0.98,1074326.99236785,1855.0320058356,1179.03141184218,0,0,0
0.99,1320293.79315071,2847.66647552151,1996.753877298,0,0,0
