0,848275.895192362,5206.18937826908,130.845762821353,344457,5283.9,0
0.01,1099857.55891508,6592.66874744939,122.757520047908,1042870.58954183,6580.33685010849,56.8318720990201
0.02,1834056.17258109,8739.27492481147,189.376952474815,1850541.05706778,8719.7901460818,185.412787436904
0.03,2539292.47735082,14045.0936677597,371.160683441629,2526258.42518926,14356.2913711033,406.381069452981
0.04,4958129.16230439,27688.6273509151,472.051758064403,5116208.9651721,27702.1726042768,524.390890550646
0.05,13364219.9556928,392098.111433075,501.482502151357,13380902,393603,670.4
0.06,15415244.4829459,81672.03406764,598.514236742283,15415244.4829459,81672.03406764,623.820952008671
0.07,18179067.8859361,36447.8489080701,636.013803136186,18179067.8859361,35190.7847976514,684.639401420398
0.08,22150458.3684882,20410.1412962021,605.789438888361,22150458.3684882,20572.2697849695,601.433243113608
0.09,28334661.7409647,9482.7489190583,480.284238001256,28342048.8059112,9505.94280754117,374.103794393121
0.1,38304347.423307,3938.24319129236,2778.32677465191,39337964,2576.4,0
0.11,39256142.0941679,3345.49761580606,1129.37924549848,39452943.4218327,2643.01557628062,0
0.12,39355723.8457624,3650.18997576662,1148.53098720543,39568596.9518491,2713.16742042654,0
0.13,39268336.1057737,4037.52095908103,1355.35141471752,39684930.5357808,2787.14479266055,0
0.14,39147434.4698358,4580.31438933585,1750.81070788239,39801950.1894888,2865.26938544535,0
0.15,38290152.3514774,5240.64023076418,2836.13686152776,39919662,2947.9,0
0.16,39821067.6750333,5103.90292015871,2380.18629201129,41198951.0470528,3170.07487429327,0
0.17,40693265.8674194,4862.03852657215,2187.38940101492,42562948.4103479,3428.46886276037,0
0.18,41483202.079975,4598.1915114232,2167.05599879823,44020355.6378465,3732.72464439373,0
0.19,42468475.0680146,4003.18644164442,2126.75823741459,45581108.3397334,4096.24116033264,0
0.2,42731768.5438041,4628.2183421942,4029.02140481249,47256603,0,0
0.21,43027481.743051,3293.41048032512,2096.39276686763,42243431.2549821,4584.76688558122,4624.3945253994
0.22,42424223.4386977,3509.05594723505,2185.26240937001,41959780.8942871,4632.29933303159,4774.3182178768
0.23,42357730.7597527,3595.80736662243,2345.40245328621,41679914.3590542,4680.82768827179,0
0.24,42651595.9944739,3402.28074973207,2614.69220902579,41403756.4379936,0,0
0.25,41140317.2442748,5330.29189314957,5291.86842620526,45701371,0,0
0.26,43608722.8973988,2670.80314622734,1890.745041634,46270968.0489423,0,0
0.27,44628063.3138342,2032.38424695411,1426.26336251198,46854942.5871682,0,0
0.28,45767223.781042,1768.70735681164,1371.27840763501,47453845.9370794,0,0
0.29,46388908.7473122,1912.35306635804,1655.62401084883,48068257.9742215,0,0
0.3,44333868.9974112,4723.11526527293,4261.17854544613,48698789,0,0
0.31,46026524.3245516,3075.17978974639,2732.34588594088,48534195.0801705,0,0
0.32,46064940.937846,2336.55250780103,1923.02493295973,48370710.0135079,0,0
0.33,45770202.7113262,2052.4180554229,1603.02551435591,48208322.6322766,0,0
0.34,45489160.4920705,1714.69281422589,1237.08929113929,48047021.9182065,0,0
0.35,44342419.6388959,3610.02623068911,3036.59376813655,43098117.3,0,0
0.36,44745777.0873165,2067.4637443309,1638.61486765963,47615932.5754207,0,0
0.37,45352937.9767577,1401.15853034298,1112.65491642884,47348115.1234033,0,0
0.38,45619071.3180006,1119.50232130508,865.393987731957,47083293.5181006,0,0
0.39,45109944.1347109,1519.75868747366,1084.73520573689,46821417.7711068,0,0
0.4,42636761.4909391,4613.14504736848,4891.50307397818,46562439,0,0
0.41,44906817.7751015,1441.22829912228,956.005483702394,46088671.7835798,0,0
0.42,44475441.9753586,1500.17871197726,1101.24074692368,45624448.5076008,0,0
0.43,43735097.6783491,2103.84515963774,1605.937179117,45169483.6568898,0,0
0.44,42540156.6853547,2925.7195209953,2482.77212916434,44723502.9924042,0,0
0.45,40486081.0053696,5580.04725583783,3791.75926083037,44286243,0,0
0.46,42845564.4244274,3118.75439937752,1584.10921464035,44407661.671015,0,0
0.47,42930649.5725374,3050.13264312681,1435.28891710614,44529747.9544973,0,0
0.48,42862167.4255415,3117.47236413509,1517.41982413919,44652507.3718606,0,0
0.49,42744649.8869118,3127.72140766505,1714.71045608143,44775945.5055723,0,0
0.5,40929026.8876265,4420.06137039002,3342.1221618323,44900068,3235.1,0
0.51,43181407.841666,2777.00994551004,1453.40354382926,44951729.5358295,3388.45699463435,0
0.52,43475957.9709698,2817.81667879151,1353.19170824309,45003510.0910176,3557.07701915947,0
0.53,43560835.1034789,2839.14909729671,1427.76177314284,45055410.077339,3743.35800784817,0
0.54,43514361.0458287,2856.07861199312,1574.85035212765,45107429.90847,0,0
0.55,40560265.0012476,4889.20743803658,4277.88766410513,45159570,0,0
0.56,43638189.3894254,3071.99128450806,1740.2158056149,45447912.9330415,0,0
0.57,43804145.3862831,3209.27856809562,1594.04870953864,45739961.6549579,0,0
0.58,43790653.0154354,3323.64775541368,1660.41769693273,46035788.0680984,0,0
0.59,43943228.4785572,3468.97282252634,1647.64172411808,46335465.9470549,0,0
0.6,41633540.8331316,5265.60428167357,4566.14789556427,46639071,0,0
0.61,43321292.2763619,3423.80152361226,1720.65480103894,42036179.6711031,4933.48966438203,0
0.62,42430279.100959,3877.79218036684,1804.24142428117,42097373.08744,4868.82037200253,0
0.63,42398493.5483212,3397.28344414703,1750.33042816851,42158744.9259535,4805.82454275737,0
0.64,42395140.3662522,3008.56688344707,1607.15820870292,42220295.9681233,0,0
0.65,41235685.7635198,4701.88230752956,3919.8738618885,42282027,0,0
0.66,34826392.74354,5317.9935790615,3880.12190700451,37345879.7703804,5440.41173406816,5442.44961807411
0.67,27501302.3895958,9469.8793416028,7071.87074560018,27833050.8394523,6487.02630030149,5839.31054655163
0.68,21289099.8692745,19031.6729933845,13082.0938794001,18439265.8769459,0,0
0.69,15243787.5844872,36048.0855426081,21279.3881965821,9162304.19540255,0,0
0.7,12855463.2924673,61634.4507364645,28803.2345453967,0,0,0
0.71,10591217.8428085,55000.2083892163,26574.9767489422,0,0,0
0.72,8374135.85036143,36823.1697787264,19232.8945306984,4577154.04906363,14665.8357498732,8179.85439009544
0.73,8611169.78064596,28685.5191288338,16517.0590932827,4589407.70351296,14350.234495091,8584.99194329934
0.74,10800272.4677037,30070.8800967671,19205.6704933505,0,0,0
0.75,14879549.289836,39482.0540627708,28106.1736240709,0,0,0
0.76,11855486.2620909,29847.7164057939,19899.8703606357,0,0,0
0.77,8746367.98585236,20984.8498698591,14198.1655024359,0,0,0
0.78,7890469.28975912,17365.1402427257,12160.4534395093,0,0,0
0.79,8641665.70368204,18728.7600266521,13618.4211207363,0,0,0
0.8,11946182.3519768,29834.4155715266,22372.4713503646,0,0,0
0.81,8851237.85538795,16525.2549255049,12466.7603613452,0,0,0
0.82,6988296.39587494,11523.3734712037,9103.41651475576,0,0,0
0.83,6629856.99456144,10382.1830454439,8423.43590610156,0,0,0
0.84,7587813.52863536,11575.4835114193,9725.37483490523,0,0,0
0.85,12516347.0150194,18617.2131735118,16585.9133818387,0,0,0
0.86,8042051.63752348,11337.5628110816,9200.23924377443,0,0,0
0.87,6380666.82036309,9184.50409780859,7085.65276460581,0,0,0
0.88,5705809.71349496,8866.3415396978,6745.68773538167,0,0,0
0.89,6313341.83990072,10913.9260762361,8274.03478408472,0,0,0
0.9,11786959.3824035,22990.6470580623,16866.3190662619,0,0,0
0.91,6567127.67433876,15177.8548127853,9878.76956522057,0,0,0
0.92,4851831.95023885,10119.4114675955,6500.3590412866,0,0,0
0.93,3553665.686579,5641.42543509928,3785.08218767215,0,0,0
0.94,3222067.06341919,3327.28446985166,2389.84212317113,0,0,0
0.95,9964653.56530087,15547.0525347204,12138.0988468647,0,0,0
0.96,3014977.91025558,3496.65819020221,2350.67611122391,0,0,0
0.97,2273731.52366957,3373.52179224105,2335.72166687024,0,0,0
0.98,2607850.69904609,5328.42725593759,3737.10360687418,0,0,0
0.99,3258385.2351814,7828.10860684943,5670.93720130936,0,0,0
