0,833164.073754229,5184.62808267463,85.0378631990143,344457,5283.9,0
0.01,1069452.19271481,6583.81986135519,89.370709559228,1042870.58954183,6580.33685010849,56.8318720990201
0.02,1801996.56357079,8723.09096489418,139.947856598338,1850541.05706778,8719.7901460818,123.608524957936
0.03,2910110.66427008,13216.8659665497,181.720485768593,3248046.54667191,12920.662233993,135.460356484327
0.04,4934744.0020195,27673.9115129472,432.721343052496,5116208.9651721,27702.1726042768,449.477906186268
0.05,13336287.9375553,390852.492025328,437.002745647354,13380902,393603,502.8
0.06,15415244.4829459,81672.03406764,510.894096504421,15415244.4829459,81672.03406764,519.850793340559
0.07,18179067.8859361,35315.5152927933,497.45889054243,18179067.8859361,35190.7847976514,547.711521136319
0.08,22150458.3684882,20153.4136351223,536.071236987558,22150458.3684882,20572.2697849695,601.433243113608
0.09,28340088.0588397,9448.37405667955,447.16765202845,28342048.8059112,9505.94280754117,374.103794393121
0.1,38745556.4135891,3199.88900235251,1961.43004718645,39337964,2576.4,0
0.11,39422054.7749395,2980.91422154743,746.307365645109,39452943.4218327,2643.01557628062,0
0.12,39548413.7607751,3093.11303943519,578.526706138477,39568596.9518491,2713.16742042654,0
0.13,39592295.0288265,3414.81395155991,732.416913467236,39684930.5357808,2787.14479266055,0
0.14,39626261.9183993,3800.13689947575,996.636483860446,39801950.1894888,2865.26938544535,0
0.15,38852893.7239123,4240.74783670252,1933.27925469091,39919662,2947.9,0
0.16,40661006.4252045,3954.74106440751,1331.79119292397,41198951.0470528,3170.07487429327,0
0.17,41720905.2140892,3810.71569754461,1094.50420056218,42562948.4103479,3428.46886276037,0
0.18,42453732.4416518,3783.17907486105,1154.20032500072,44020355.6378465,3732.72464439373,0
0.19,43161018.7545889,3104.6716281571,1082.4830843329,45581108.3397334,4096.24116033264,0
0.2,43504860.5316759,3592.27428609134,2863.5721500785,42530942.7,0,0
0.21,43530840.5665028,2189.52190782022,819.14636729265,42243431.2549821,0,0
0.22,43031897.8491569,2446.13110629788,1082.50614367076,41959780.8942871,0,0
0.23,43438977.9846295,2122.50654132575,1028.64062251804,46311015.9545047,0,0
0.24,43799202.3340888,2082.73033946342,1418.86951218903,46004173.8199929,0,0
0.25,42314807.976209,3874.91105521246,3844.99702849613,45701371,0,0
0.26,44828988.7180439,1502.19255904459,913.344563403335,46270968.0489423,0,0
0.27,45881792.570644,969.266709421245,606.604161017667,46854942.5871682,0,0
0.28,46760864.7428828,786.086343615768,556.622824799472,47453845.9370794,0,0
0.29,47230216.788255,1010.51251456509,864.088870291165,48068257.9742215,0,0
0.3,45632272.7246555,3269.86728923955,2941.93126921962,48698789,0,0
0.31,47229250.1568481,1696.2524475373,1518.05822339452,48534195.0801705,0,0
0.32,47308194.4604861,1067.20931430253,895.800241438858,48370710.0135079,0,0
0.33,46880436.0543031,980.570819424136,729.55559210235,48208322.6322766,0,0
0.34,46604905.5274506,356.31269805613,200.188141058215,48047021.9182065,0,0
0.35,44934962.822008,2969.45034766961,2259.39819608691,47886797,0,0
0.36,45877090.7203618,299.921919211176,212.602973655611,47615932.5754207,0,0
0.37,46447271.9504443,269.033353044175,198.374357731676,47348115.1234033,0,0
0.38,46477388.3925072,132.170452829076,54.3497405734984,47083293.5181006,0,0
0.39,45884048.3949317,524.020075440897,247.292648969064,46821417.7711068,0,0
0.4,43643061.9570396,3469.86567370835,3506.44205678729,46562439,0,0
0.41,45544301.2397909,553.132416086663,318.14658651171,46088671.7835798,0,0
0.42,45281391.2113454,224.510884788335,247.881437956232,45624448.5076008,0,0
0.43,44599700.6033981,457.236955877216,547.405391920793,45169483.6568898,0,0
0.44,43608237.8243575,833.816019281763,1127.70881378637,44723502.9924042,0,0
0.45,41429968.6077967,4237.78334635314,2681.03576750102,44286243,0,0
0.46,43656352.942145,1970.76766728111,722.937723286091,44407661.671015,0,0
0.47,43827529.9746991,1793.12271314348,575.458663170969,44529747.9544973,0,0
0.48,43835002.7357033,1944.82231368224,653.70236508723,44652507.3718606,0,0
0.49,43714374.0168467,2065.35325652437,847.046554802598,44775945.5055723,0,0
0.5,41922622.2272111,3359.63032889289,2359.5311301481,44900068,0,0
0.51,44117418.047438,1912.45158360688,645.589498810076,44951729.5358295,0,0
0.52,44392062.0502986,1926.30152231408,494.705224613975,45003510.0910176,0,0
0.53,44423769.5293647,1979.75911567619,557.836455999009,45055410.077339,0,0
0.54,44345303.9992107,2009.09040142334,707.340636463724,45107429.90847,0,0
0.55,41821780.2242847,3599.64291217468,2940.00866684849,45159570,0,0
0.56,44550127.1478691,2083.12575950698,772.327771200734,45447912.9330415,0,0
0.57,44901354.9761341,2050.4087581894,528.892431552527,45739961.6549579,0,0
0.58,44946761.4939401,2100.59810741248,549.902815365769,46035788.0680984,0,0
0.59,44915284.5905319,2222.11390274779,515.231518233122,46335465.9470549,0,0
0.6,42694707.9472152,3986.07226863048,3278.85200199436,46639071,0,0
0.61,44144815.6717317,2113.31349591302,501.206846764726,46706866.3012256,0,0
0.62,43170395.5792659,2351.53439556426,460.788897260211,42097373.08744,4868.82037200253,0
0.63,42976820.0021115,1977.5557171612,497.169360122552,42158744.9259535,0,0
0.64,43132691.4794105,1782.44550226525,458.080380302027,42220295.9681233,0,0
0.65,42256395.3634708,3557.84623703798,2784.49519149805,42282027,0,0
0.66,35656685.4812268,4072.3138834238,2675.90613543826,37345879.7703804,5440.41173406816,5442.44961807411
0.67,27117528.8022241,6763.18289752767,4826.87787568504,27833050.8394523,0,0
0.68,18501871.8082356,11202.2446361727,7520.83987000857,18439265.8769459,0,0
0.69,10333066.8230333,19603.4246961445,11432.4515462146,9162304.19540255,0,0
0.7,7746182.6770605,38470.0428252624,17322.4181278856,0,0,0
0.71,5836342.19277405,30247.6050066951,14479.2354169081,0,0,0
0.72,5067243.15620815,22307.1319923321,11539.9335644284,0,0,0
0.73,5213109.49433495,18603.8995610359,10535.065565856,0,0,0
0.74,5883569.03309147,16323.6517970669,10308.8964882686,0,0,0
0.75,9082802.40392219,23793.7537740127,16122.8441564652,0,0,0
0.76,6483127.33921316,15446.8193042443,10216.1915013092,0,0,0
0.77,5188629.65303534,12130.1725727001,8134.06051370282,0,0,0
0.78,4912326.80017547,10611.6334489563,7264.71904220225,0,0,0
0.79,4905856.55151651,9959.53646938141,7117.65153679571,0,0,0
0.8,7424432.40151223,17724.7888755382,12804.0690995107,0,0,0
0.81,4941184.26626684,8604.14902586563,6268.63371602232,0,0,0
0.82,4228015.81276217,6561.54953777393,4994.79554015193,0,0,0
0.83,4105704.9414936,5856.13504153822,4642.73057092648,0,0,0
0.84,4331576.1898207,5783.70121277612,4707.45008427772,0,0,0
0.85,7573092.44990469,10804.7295390613,9541.53515452825,0,0,0
0.86,4590809.02070813,5413.76870912405,4208.73269990465,0,0,0
0.87,3943191.28901113,4874.41530204147,3660.93733934495,0,0,0
0.88,3539339.92865238,4819.31499745238,3508.84276819775,0,0,0
0.89,3500123.17503211,5579.99569819278,4065.74953066021,0,0,0
0.9,7023776.05424714,14112.5609456209,9693.88446864033,0,0,0
0.91,3343689.50885885,7751.50473023236,4820.59712770256,0,0,0
0.92,2677341.43049015,5122.1345348269,3164.59940475122,0,0,0
0.93,2037359.6395619,2701.35611631861,1757.81930233319,0,0,0
0.94,1808270.76609914,1113.72911520089,788.816125167954,0,0,0
0.95,6094568.16919559,9292.92666675278,7167.70925424403,0,0,0
0.96,1549245.04888346,918.740798580275,608.195663565717,0,0,0
0.97,1127867.95720608,1059.88350876262,744.66470711084,0,0,0
0.98,1297575.35607911,2047.2185723498,1413.33702721563,0,0,0
0.99,1533482.57663922,3060.22545655012,2266.25462725913,0,0,0
