0.000000 37564090.416667 8906.833333 67.500000
0.010000 0.000000 0.000000 0.000000
0.020000 0.000000 0.000000 0.000000
0.030000 37564090.416667 8906.833333 67.500000
0.040000 56914929.916667 255.250000 1.500000
0.050000 24250921.833333 100.083333 1.166667
0.060000 32839066.583333 131.750000 1.583333
0.070000 44383570.750000 16712.083333 453.166667
0.080000 1741222.083333 104842.083333 6521.666667
0.090000 1177529.583333 67699.333333 3845.833333
0.100000 3491696.916667 155796.666667 13039.166667
0.110000 3910118.250000 169954.916667 8896.333333
0.120000 3888408.666667 169952.916667 7716.583333
0.130000 3885716.000000 169956.250000 7460.166667
0.140000 2607811.583333 113301.000000 5529.833333
0.150000 1608349.750000 70815.000000 2241.000000
0.160000 3563801.833333 155793.166667 6411.250000
0.170000 3898757.166667 169957.250000 6873.500000
0.180000 3886935.333333 169955.583333 6687.083333
0.190000 3894862.833333 169958.416667 6504.333333
0.200000 2597320.250000 113304.916667 4929.416667
0.210000 1605143.083333 70814.833333 1930.000000
0.220000 3561325.833333 155792.750000 5609.916667
0.230000 3886365.833333 169958.583333 6082.583333
0.240000 3920377.500000 169955.166667 6136.416667
0.250000 3941057.916667 169956.750000 6032.416667
0.260000 2632582.166667 113302.916667 4747.750000
0.270000 1618818.583333 70813.333333 1817.333333
0.280000 3586415.416667 155797.833333 5385.166667
0.290000 3931956.666667 169959.000000 5956.500000
0.300000 3913710.416667 169958.416667 5849.583333
0.310000 3905461.750000 169954.416667 5865.750000
0.320000 2612944.083333 113304.416667 4705.583333
0.330000 1620301.000000 70818.500000 1748.750000
0.340000 3590954.250000 155797.333333 5339.666667
0.350000 3915651.083333 169952.750000 5877.416667
0.360000 3895875.333333 169955.583333 5932.166667
0.370000 3902887.166667 169963.916667 5852.666667
0.380000 2607064.333333 113303.583333 4699.083333
0.390000 1615888.750000 70817.666667 1677.750000
0.400000 3581121.583333 155795.666667 5377.750000
0.410000 3894566.333333 169958.000000 5924.166667
0.420000 3898592.500000 169958.083333 6000.416667
0.430000 3897731.833333 169960.250000 5955.416667
0.440000 2612931.666667 113304.916667 4629.000000
0.450000 1621150.583333 70815.833333 1759.250000
0.460000 3575752.333333 155797.583333 5295.833333
0.470000 3898253.250000 169957.083333 5766.083333
0.480000 3898916.916667 169958.666667 5883.750000
0.490000 3886776.000000 169959.333333 5786.333333
0.500000 2604506.916667 113304.583333 4535.833333
0.510000 1604850.750000 70819.166667 1700.333333
0.520000 3566547.916667 155793.166667 5285.000000
0.530000 3887868.916667 169955.750000 5723.083333
0.540000 3882018.833333 169953.583333 6409.916667
0.550000 3885422.666667 169958.583333 6449.333333
0.560000 2591759.666667 113309.416667 4548.666667
0.570000 1607765.750000 70817.583333 1979.083333
0.580000 3551953.500000 155791.000000 5406.166667
0.590000 3864279.750000 169955.666667 6101.166667
0.600000 3891805.750000 169955.000000 6277.750000
0.610000 3901555.083333 169955.250000 6401.916667
0.620000 2616744.333333 113308.416667 4554.666667
0.630000 1627228.166667 70813.833333 2371.250000
0.640000 3579972.333333 155792.000000 5932.000000
0.650000 3905300.166667 169955.916667 6528.500000
0.660000 3879256.416667 168781.166667 6323.750000
0.670000 3902878.750000 169955.416667 6653.000000
0.680000 2931787.666667 127466.166667 5858.000000
0.690000 1295536.666667 56653.250000 1242.166667
0.700000 3570491.916667 155793.916667 6021.083333
0.710000 3905212.916667 169960.000000 6458.083333
0.720000 3834429.666667 167592.583333 6380.250000
0.730000 3888828.500000 169957.916667 6458.833333
0.740000 2920856.166667 127468.166667 5795.666667
0.750000 1620328.250000 70815.083333 1465.916667
0.760000 3231848.333333 141638.166667 5692.833333
0.770000 3893636.833333 169954.000000 6437.666667
0.780000 3882727.583333 169962.750000 6447.250000
0.790000 3882423.416667 169956.416667 6521.416667
0.800000 2932850.166667 127468.583333 5771.500000
0.810000 1625559.083333 70815.500000 1453.583333
0.820000 3232539.666667 141632.000000 5823.666667
0.830000 3902032.916667 169955.583333 6555.083333
0.840000 3876396.916667 169962.583333 6647.166667
0.850000 3888138.583333 169960.666667 6549.166667
0.860000 2920811.666667 127465.833333 5662.083333
0.870000 1608026.833333 70813.000000 1435.416667
0.880000 3218570.083333 141626.166667 5729.333333
0.890000 3881136.750000 169951.500000 6430.166667
0.900000 3883746.500000 169954.833333 6436.666667
0.910000 3877461.666667 169955.666667 6531.000000
0.920000 2900090.583333 127463.166667 5640.833333
0.930000 1612622.000000 70814.583333 1453.666667
0.940000 3195383.916667 140451.000000 5578.666667
0.950000 3857231.250000 169957.583333 6439.916667
0.960000 3865174.333333 168774.166667 6242.666667
0.970000 3943331.083333 169955.666667 6427.750000
0.980000 3006706.750000 127464.750000 5676.416667
0.990000 2338721.500000 99137.916667 3536.916667
1.000000 2659415.750000 113306.750000 3605.750000
1.010000 4012780.416667 169956.166667 6529.416667
1.020000 3986164.750000 168777.416667 6436.916667
1.030000 3988030.000000 169954.583333 6440.000000
1.040000 3006590.916667 127464.000000 5694.333333
1.050000 2329959.583333 99137.666667 3635.916667
1.060000 2661388.083333 113306.916667 3510.500000
1.070000 3987414.250000 169955.333333 6448.833333
1.080000 3997890.000000 169955.666667 6455.750000
1.090000 3995346.500000 169957.750000 6501.166667
1.100000 3008127.000000 127463.833333 5744.750000
1.110000 2319391.750000 99143.666667 3591.666667
1.120000 2647887.916667 113308.833333 3480.166667
1.130000 3972012.583333 169956.083333 6435.833333
1.140000 3999974.583333 169959.333333 6532.583333
1.150000 3980136.916667 169956.833333 6617.750000
1.160000 2985898.500000 127469.250000 5801.750000
1.170000 2335847.750000 99142.750000 3620.583333
1.180000 2655149.916667 113307.333333 3551.583333
1.190000 3977361.666667 169958.583333 6575.750000
1.200000 3980677.916667 169960.250000 7111.000000
1.210000 3978559.083333 169956.833333 6791.583333
1.220000 2979991.333333 127467.750000 5824.083333
1.230000 2327664.083333 99139.166667 3734.166667
1.240000 2631557.750000 113305.666667 3633.166667
1.250000 3940838.000000 168773.416667 6529.666667
1.260000 3973700.000000 169963.250000 6571.750000
1.270000 3975909.250000 169961.416667 6540.250000
1.280000 2965082.833333 127467.333333 5805.666667
1.290000 2318378.583333 99139.666667 3620.083333
1.300000 2632443.583333 113304.250000 3588.000000
1.310000 3966444.666667 169955.000000 6499.750000
1.320000 3979023.166667 169954.916667 6474.500000
1.330000 3972851.833333 169955.250000 6517.833333
1.340000 2995779.500000 127466.833333 5793.333333
1.350000 2334220.833333 99142.583333 3593.916667
1.360000 2659212.750000 113301.416667 3607.000000
1.370000 3986484.916667 169953.416667 6439.416667
1.380000 3973065.166667 168778.750000 6326.583333
1.390000 3983904.750000 169958.416667 6424.583333
1.400000 2995889.416667 127468.583333 5844.750000
1.410000 2324411.500000 99142.916667 3546.833333
1.420000 2956877.750000 126286.500000 4699.750000
1.430000 3645849.500000 155797.416667 5266.083333
1.440000 3950481.666667 168775.750000 6449.916667
1.450000 3985191.166667 169954.000000 7747.333333
1.460000 2961358.833333 126282.250000 7631.166667
1.470000 2318403.500000 99139.833333 5321.500000
1.480000 2973953.916667 127467.750000 5248.583333
1.490000 3971232.833333 169961.583333 6660.416667
1.500000 3635073.916667 155796.250000 5279.166667
1.510000 3969813.000000 169958.916667 6651.500000
1.520000 2965239.666667 126288.750000 5801.833333
1.530000 2325448.083333 99141.583333 3676.666667
1.540000 2978191.416667 127467.166667 4826.416667
1.550000 3946697.166667 168776.083333 6542.500000
1.560000 3633878.083333 155793.083333 5383.500000
1.570000 3943650.416667 168775.500000 6442.666667
1.580000 2970059.833333 127465.000000 5846.000000
1.590000 2636336.250000 113305.333333 4792.333333
1.600000 2647170.166667 113304.000000 3680.166667
1.610000 3968411.083333 169957.833333 6498.583333
1.620000 3624482.916667 155799.916667 5302.166667
1.630000 3965939.083333 169956.333333 6580.416667
1.640000 2966287.000000 127470.250000 5901.583333
1.650000 2636025.250000 113301.500000 4834.666667
1.660000 2645917.333333 113308.250000 3688.333333
1.670000 3982070.000000 169956.666667 6548.833333
1.680000 3649100.416667 155793.000000 5311.083333
1.690000 4003817.333333 169958.666667 6545.583333
1.700000 3038355.500000 127462.666667 5860.333333
1.710000 2689864.833333 113302.750000 4803.916667
1.720000 2691621.000000 113302.000000 3625.000000
1.730000 4050134.000000 169951.333333 6557.083333
1.740000 3686372.000000 155793.250000 5373.666667
1.750000 4022554.083333 168781.750000 6520.000000
1.760000 3032482.916667 127469.416667 6081.083333
1.770000 2682447.416667 113301.083333 4761.083333
1.780000 2664221.750000 112129.166667 3647.583333
1.790000 4032532.666667 169953.666667 6553.833333
1.800000 3677932.916667 155789.833333 5345.666667
1.810000 4046885.833333 169955.666667 6526.583333
1.820000 3018216.666667 127464.000000 5870.916667
1.830000 2680019.916667 113307.166667 4871.833333
1.840000 2687638.916667 113308.916667 3613.166667
1.850000 4027677.833333 169959.500000 6520.000000
1.860000 3682261.416667 155791.000000 5356.500000
1.870000 4028719.000000 169953.666667 6569.416667
1.880000 3022929.250000 127468.000000 5851.500000
1.890000 2683719.416667 113304.833333 4712.833333
1.900000 2680168.166667 113307.250000 3629.583333
1.910000 4025048.916667 169958.416667 6593.250000
1.920000 3685024.083333 155793.916667 5398.000000
1.930000 4025932.583333 169958.666667 6572.750000
1.940000 3006854.750000 127466.333333 5839.916667
1.950000 2677074.250000 113307.500000 4878.250000
1.960000 2688108.416667 113307.083333 3610.000000
1.970000 4005982.333333 169957.333333 6558.833333
1.980000 3673415.916667 155797.833333 5308.250000
1.990000 4019511.916667 169960.500000 6452.000000
2.000000 3012470.333333 127466.333333 5854.333333
2.010000 2671913.500000 113301.250000 4791.750000
2.020000 2684496.333333 113304.000000 3674.916667
2.030000 4027231.750000 169960.833333 6593.833333
2.040000 3687073.916667 155790.833333 5493.916667
2.050000 4014894.000000 169959.166667 6627.750000
2.060000 3041783.833333 127473.666667 5878.666667
2.070000 2674319.500000 112123.000000 4753.666667
2.080000 2998498.500000 126286.250000 4562.166667
2.090000 3701191.083333 155793.416667 5644.833333
2.100000 3697448.416667 155794.416667 5317.250000
2.110000 4026022.666667 169954.833333 6712.333333
2.120000 3040563.250000 127466.000000 6005.416667
2.130000 2680212.833333 113302.250000 5237.833333
2.140000 3018470.416667 127465.166667 5513.416667
2.150000 3699825.333333 155792.916667 5634.916667
2.160000 3668823.500000 154608.500000 6322.833333
2.170000 3990494.250000 168773.083333 7660.250000
2.180000 3028924.833333 127464.666667 7142.000000
2.190000 2673567.166667 113300.916667 6072.750000
2.200000 2991738.166667 126290.166667 5716.000000
2.210000 4028143.166667 169956.916667 7802.583333
2.220000 3347045.416667 141632.333333 4281.666667
2.230000 3999854.916667 168777.583333 7704.166667
2.240000 3001229.000000 126284.333333 7086.083333
2.250000 2657215.416667 112119.583333 5997.833333
2.260000 3012065.000000 127467.666667 5936.750000
2.270000 3999316.666667 168774.416667 7665.166667
2.280000 4266185.416667 151068.666667 6193.083333
2.290000 6269051.000000 165227.833333 6446.250000
2.300000 5264704.500000 122741.750000 5772.000000
2.310000 6242202.583333 120381.416667 2785.333333
2.320000 7340415.083333 146335.500000 4015.750000
2.330000 7682624.416667 147520.083333 3684.250000
2.340000 8252146.250000 129812.833333 3097.416667
2.350000 9856833.083333 142790.750000 2666.916667
2.360000 10797707.333333 155770.000000 2702.750000
2.370000 10626827.583333 155768.500000 2482.416667
2.380000 8948331.333333 129813.083333 2380.250000
2.390000 9936001.250000 142794.000000 2071.666667
2.400000 9838692.500000 142793.916667 2338.666667
2.410000 8030148.333333 116825.000000 1586.166667
2.420000 9888453.583333 142792.083333 2066.583333
2.430000 10775509.416667 155768.833333 2455.333333
2.440000 9806982.583333 142789.750000 2237.000000
2.450000 8970976.250000 129809.083333 2044.416667
2.460000 9896930.000000 142789.333333 2301.416667
2.470000 10778721.416667 155769.750000 2305.750000
2.480000 10727379.750000 155770.916667 2398.083333
2.490000 8966054.666667 129810.583333 2300.500000
2.500000 9819668.083333 142791.416667 2037.416667
2.510000 9862200.583333 142790.333333 2310.750000
2.520000 8204561.666667 116828.416667 1519.083333
2.530000 9772793.333333 142787.000000 2083.000000
2.540000 10840097.250000 155771.666667 2348.750000
2.550000 10002189.250000 142795.750000 2291.083333
2.560000 9074196.833333 129811.583333 2125.666667
2.570000 9833397.583333 142787.916667 2350.416667
2.580000 10931396.250000 155774.500000 2383.916667
2.590000 10809029.666667 155775.000000 2347.666667
2.600000 8989343.750000 129806.333333 2298.583333
2.610000 9898638.666667 142791.000000 1921.416667
2.620000 9931653.500000 142788.750000 2257.416667
2.630000 8155594.750000 116703.833333 1532.000000
2.640000 9946550.083333 142920.333333 2383.750000
2.650000 10923854.583333 155772.833333 2705.833333
2.660000 9945860.583333 142793.833333 2328.666667
2.670000 8940794.166667 129807.000000 2068.166667
2.680000 10067857.000000 142789.750000 2335.083333
2.690000 10801704.583333 155768.416667 2418.083333
2.700000 10790184.083333 155769.000000 2370.916667
2.710000 9064798.083333 129811.333333 2349.083333
2.720000 10000278.916667 142789.833333 2018.250000
2.730000 10028879.916667 142797.750000 2229.916667
2.740000 8241317.166667 116833.416667 1502.083333
2.750000 9838513.000000 142790.166667 2061.333333
2.760000 10934163.000000 155772.166667 2350.833333
2.770000 9981082.000000 142792.333333 2177.250000
2.780000 9098193.750000 129809.750000 1971.500000
2.790000 9959014.833333 142793.500000 2221.333333
2.800000 10933098.583333 155773.583333 2327.833333
2.810000 10955530.083333 155773.666667 2362.333333
2.820000 9018560.666667 129809.833333 2245.833333
2.830000 9995033.250000 142785.000000 1980.666667
2.840000 9948206.583333 142787.500000 2220.916667
2.850000 8258800.500000 116830.166667 1524.166667
2.860000 10002665.083333 142653.500000 2052.916667
2.870000 10874984.750000 155912.250000 2417.333333
2.880000 10003332.416667 142787.250000 2186.583333
2.890000 9123900.000000 129810.083333 1989.916667
2.900000 9989884.333333 142791.083333 2221.166667
2.910000 10886033.916667 155774.833333 2342.916667
2.920000 11024663.083333 155775.500000 2350.500000
2.930000 9020628.166667 129812.166667 2241.416667
2.940000 9996470.250000 142789.750000 1947.750000
2.950000 10084675.750000 142795.166667 2170.916667
2.960000 8049725.083333 116824.166667 1559.666667
2.970000 10018357.000000 142791.166667 1945.000000
2.980000 10941674.833333 155770.750000 2347.666667
2.990000 9985571.083333 142789.333333 2153.000000
3.000000 9120181.250000 129810.666667 2004.083333
3.010000 10087403.416667 142584.416667 2232.166667
3.020000 10847136.166667 155976.000000 2338.333333
3.030000 10936249.583333 155773.500000 2304.083333
3.040000 9192178.500000 129814.083333 2172.333333
3.050000 9869224.666667 142789.750000 1969.166667
3.060000 10180074.833333 142792.083333 2091.583333
3.070000 8121983.500000 116827.333333 1504.416667
3.080000 10028715.250000 142789.916667 1965.916667
3.090000 10934691.833333 155771.500000 2301.166667
3.100000 9993673.333333 142792.500000 2184.916667
3.110000 9164547.833333 129811.750000 1942.833333
3.120000 10018943.416667 142788.916667 2207.250000
3.130000 10937872.583333 155773.166667 2331.416667
3.140000 10903721.583333 155769.000000 2272.666667
3.150000 9201753.750000 129811.083333 2180.750000
3.160000 9966101.083333 142789.666667 1902.750000
3.170000 10020134.166667 142791.000000 2161.416667
3.180000 8202161.333333 116827.916667 1461.833333
3.190000 9961821.000000 142790.166667 2002.916667
3.200000 11117491.750000 155776.500000 2243.583333
3.210000 9933497.000000 142789.000000 2123.500000
3.220000 9192273.083333 129810.000000 1893.250000
3.230000 9927015.833333 142785.833333 2189.333333
3.240000 11103881.083333 155773.083333 2225.666667
3.250000 10841136.916667 155766.666667 2267.750000
3.260000 9180000.250000 129810.583333 2139.416667
3.270000 10059224.166667 142791.250000 1905.666667
3.280000 9951325.583333 142788.916667 2158.333333
3.290000 8265112.583333 116826.333333 1466.250000
3.300000 10000507.916667 142788.583333 1966.916667
3.310000 11057250.833333 155773.500000 2269.416667
3.320000 10032364.666667 142793.000000 2082.666667
3.330000 9021139.750000 129808.166667 1970.166667
3.340000 10084896.916667 142790.750000 2187.083333
3.350000 10991718.166667 155771.666667 2271.166667
3.360000 10942000.083333 155770.500000 2239.666667
3.370000 9113129.916667 129809.250000 2159.833333
3.380000 10052783.916667 142788.916667 1849.083333
3.390000 10019647.916667 142794.500000 2111.666667
3.400000 8173530.666667 116827.500000 1529.500000
3.410000 10084332.583333 142788.583333 1911.583333
3.420000 11036201.166667 155770.416667 2237.666667
3.430000 10000333.666667 142792.416667 2116.833333
3.440000 9104058.416667 129807.333333 1943.916667
3.450000 10034600.500000 142787.833333 2232.250000
3.460000 11032118.333333 155773.916667 2250.000000
3.470000 10988344.583333 155776.333333 2552.666667
3.480000 9033251.500000 129810.000000 2138.583333
3.490000 10014169.416667 142790.916667 2246.916667
3.500000 10168820.250000 142793.583333 2482.500000
3.510000 8124580.500000 116827.083333 1610.000000
3.520000 10090110.833333 142789.416667 2013.750000
3.530000 10906567.333333 155769.916667 2256.916667
3.540000 10062721.000000 142790.750000 2128.250000
3.550000 9124808.000000 129808.750000 1959.000000
3.560000 10042037.333333 142786.916667 2267.083333
3.570000 11019298.166667 155773.666667 2231.000000
3.580000 10904447.666667 155772.500000 2291.916667
3.590000 9103685.666667 129812.916667 2106.500000
3.600000 9937641.416667 142788.833333 1919.333333
3.610000 10275625.666667 142795.083333 2211.500000
3.620000 8133177.083333 116827.500000 1506.500000
3.630000 9951139.333333 142788.500000 1980.833333
3.640000 11012875.833333 155771.000000 2253.916667
3.650000 10002839.416667 142787.500000 2088.416667
3.660000 9348456.666667 129814.416667 1932.000000
3.670000 9901847.666667 142785.916667 2279.500000
3.680000 11039063.833333 155767.666667 2196.166667
3.690000 10901809.750000 155770.750000 2337.916667
3.700000 9066917.500000 129811.083333 2081.333333
3.710000 10052071.500000 142086.833333 1935.750000
3.720000 10076722.166667 143490.583333 2126.250000
3.730000 8312060.416667 116826.416667 1430.416667
3.740000 9926717.500000 142788.250000 2027.083333
3.750000 11016760.166667 155776.000000 2319.166667
3.760000 10034242.416667 142789.250000 2027.333333
3.770000 9197315.416667 129807.833333 1961.333333
3.780000 10034575.083333 142789.583333 2151.333333
3.790000 10859391.666667 155767.000000 2221.583333
3.800000 11093786.833333 155776.416667 2299.250000
3.810000 8961875.750000 129809.333333 2056.250000
3.820000 10269375.083333 142793.083333 1886.000000
3.830000 9862648.000000 142784.916667 2124.916667
3.840000 8378997.666667 116829.416667 1386.583333
3.850000 9936103.333333 142787.166667 1953.166667
3.860000 10968725.083333 155772.666667 2274.250000
3.870000 10058838.250000 142793.083333 2009.000000
3.880000 9214533.083333 129808.416667 1958.000000
3.890000 10002685.083333 142789.583333 2120.583333
3.900000 10941497.166667 155770.833333 2234.583333
3.910000 10982689.583333 155773.583333 2321.666667
3.920000 9005094.666667 129806.666667 2106.750000
3.930000 10231903.000000 142792.083333 1865.000000
3.940000 9916029.500000 142787.666667 2145.416667
3.950000 8171585.916667 116824.083333 1381.166667
3.960000 10191420.333333 142797.250000 2111.916667
3.970000 10877465.416667 155772.083333 2614.250000
3.980000 10157474.916667 142792.666667 2303.416667
3.990000 9180000.583333 129808.000000 1975.500000
4.000000 10098276.416667 142791.333333 2240.333333
4.010000 10935971.666667 155767.833333 2281.750000
4.020000 10982740.166667 155769.250000 2386.000000
4.030000 9197751.000000 129808.750000 2097.333333
4.040000 10105932.500000 142360.250000 1886.000000
4.050000 10020337.333333 143222.416667 2165.583333
4.060000 8268204.416667 116825.333333 1417.416667
4.070000 10177527.500000 142792.833333 1920.416667
4.080000 10821255.000000 155772.083333 2285.833333
4.090000 10238879.916667 142793.583333 1951.833333
4.100000 9157815.916667 129809.000000 1983.416667
4.110000 10013890.000000 142788.833333 2093.833333
4.120000 11002146.000000 155771.500000 2774.250000
4.130000 11045966.916667 155770.333333 4188.916667
4.140000 9090426.416667 129805.916667 4713.750000
4.150000 10141558.500000 142796.416667 4027.333333
4.160000 10011694.416667 142789.166667 3290.083333
4.170000 8215124.500000 116826.833333 1622.333333
4.180000 10225247.416667 142793.833333 2052.583333
4.190000 10948324.166667 155772.666667 2283.333333
4.200000 10049770.750000 142787.833333 2033.166667
4.210000 9204650.000000 129806.500000 2037.333333
4.220000 10137986.916667 142793.000000 2041.916667
4.230000 10949417.583333 155770.333333 2256.083333
4.240000 11012535.916667 155771.666667 2167.166667
4.250000 9122726.750000 129811.916667 2171.250000
4.260000 10045322.916667 142792.833333 2139.666667
4.270000 10117331.750000 142791.250000 2404.333333
4.280000 8201749.833333 116827.833333 1561.916667
4.290000 10144997.500000 142791.833333 2016.750000
4.300000 10889752.250000 155769.583333 2213.083333
4.310000 10099008.916667 142789.750000 2018.166667
4.320000 9192887.916667 129809.333333 1954.416667
4.330000 10058396.250000 142789.750000 2098.416667
4.340000 11073977.416667 155774.500000 2209.333333
4.350000 10944684.333333 155773.333333 2169.500000
4.360000 8997742.916667 129807.416667 2050.583333
4.370000 10165355.416667 142793.250000 1840.833333
4.380000 10173813.916667 142796.416667 1978.500000
4.390000 8104296.250000 116822.833333 1343.750000
4.400000 10098526.833333 142787.583333 1952.166667
4.410000 10923575.000000 155770.250000 2103.416667
4.420000 10131835.833333 142792.666667 2037.916667
4.430000 9182046.666667 129807.083333 1919.583333
4.440000 10067825.750000 142787.083333 1984.333333
4.450000 11034328.250000 155772.500000 2179.000000
4.460000 10953402.583333 155773.916667 2098.083333
4.470000 9145323.750000 129806.833333 2041.000000
4.480000 9972752.083333 142785.750000 1803.166667
4.490000 10113596.916667 142792.416667 2023.583333
4.500000 8331723.750000 116831.333333 1297.166667
4.510000 9931028.833333 142791.416667 1909.833333
4.520000 10980996.750000 155769.416667 2034.750000
4.530000 10166738.333333 142792.416667 1977.250000
4.540000 9071630.083333 129806.583333 1844.500000
4.550000 10103796.500000 142792.666667 1998.666667
4.560000 10968617.750000 155771.000000 2154.666667
4.570000 10972451.916667 155769.916667 2076.583333
4.580000 9086357.666667 129804.333333 2059.833333
4.590000 10248854.416667 142797.750000 1704.500000
4.600000 9746893.500000 142781.583333 2103.666667
4.610000 8309549.833333 116826.250000 1334.083333
4.620000 10196547.250000 142792.916667 1873.083333
4.630000 10899737.916667 155768.500000 2106.000000
4.640000 10080083.333333 142790.250000 2010.333333
4.650000 9179675.000000 129811.833333 1833.333333
4.660000 9953692.333333 142788.000000 2091.000000
4.670000 11153761.750000 155775.083333 2076.333333
4.680000 10842267.250000 155769.583333 2119.666667
4.690000 9089389.000000 129807.833333 2022.750000
4.700000 10173973.083333 142793.750000 1760.000000
4.710000 10011101.333333 142789.833333 2027.750000
4.720000 8233463.666667 116826.000000 1320.916667
4.730000 10027529.750000 142789.500000 1824.250000
4.740000 11018456.416667 155772.833333 2079.000000
4.750000 10101803.083333 142787.750000 2015.500000
4.760000 9142096.833333 129807.000000 1774.083333
4.770000 10054778.083333 142786.333333 2079.083333
4.780000 10928566.916667 155769.083333 2071.083333
4.790000 11060414.583333 155770.916667 2027.333333
4.800000 9022442.916667 129808.250000 2065.000000
4.810000 10129582.916667 142786.833333 1683.333333
4.820000 9953359.333333 142788.833333 2089.500000
4.830000 8249628.083333 116830.666667 1308.083333
4.840000 10084976.000000 142790.333333 1852.166667
4.850000 10878880.333333 155769.166667 2100.500000
4.860000 10161844.000000 142792.833333 1925.583333
4.870000 9176697.333333 129810.833333 1753.500000
4.880000 10038040.166667 142784.083333 2061.250000
4.890000 10902666.666667 155770.250000 2052.250000
4.900000 11016730.916667 155768.250000 2115.416667
4.910000 9085933.916667 129806.833333 2049.500000
4.920000 10082222.583333 142791.250000 1704.083333
4.930000 10058462.583333 142789.333333 2126.333333
4.940000 8183316.000000 116828.916667 1321.583333
4.950000 10039859.500000 142788.750000 1838.416667
4.960000 10967200.166667 155768.833333 2173.916667
4.970000 10136021.000000 142791.500000 1903.750000
4.980000 8965748.333333 129806.500000 1796.416667
4.990000 10229361.416667 142795.500000 2042.833333
5.000000 10932300.833333 155773.750000 2019.416667
5.010000 10922821.333333 155768.250000 2126.916667
5.020000 9057715.250000 129806.083333 2072.250000
5.030000 10072026.500000 142788.250000 1939.000000
5.040000 10051446.916667 142793.500000 2351.833333
5.050000 8142317.750000 116828.750000 1557.833333
5.060000 10119802.916667 142791.166667 1901.000000
5.070000 10885848.916667 155769.750000 2166.000000
5.080000 10034907.416667 142791.583333 1954.416667
5.090000 9144348.500000 129811.750000 1759.166667
5.100000 10014010.250000 142791.000000 1982.916667
5.110000 11033582.500000 155771.583333 1998.666667
5.120000 10940854.583333 155769.750000 2110.500000
5.130000 9018304.333333 129809.416667 2011.000000
5.140000 10026348.000000 142791.083333 1730.750000
5.150000 10117894.333333 142791.916667 2020.833333
5.160000 8248080.416667 116826.583333 1372.000000
5.170000 9994684.916667 142789.333333 1805.500000
5.180000 10857611.416667 155769.083333 2093.666667
5.190000 10118292.333333 142790.833333 1917.750000
5.200000 9215835.333333 129817.750000 1781.583333
5.210000 9941689.500000 142784.916667 1974.000000
5.220000 10893295.416667 155768.750000 2028.083333
5.230000 10996082.833333 155767.416667 2045.000000
5.240000 9172633.583333 129812.750000 2008.083333
5.250000 9980080.750000 142791.000000 1655.333333
5.260000 9991237.166667 142790.083333 2001.916667
5.270000 8249291.666667 116828.333333 1341.500000
5.280000 9962402.750000 142786.500000 1720.416667
5.290000 10996063.166667 155778.000000 2010.666667
5.300000 10012966.666667 142793.500000 1897.083333
5.310000 9007894.750000 129805.583333 1781.083333
5.320000 10191431.083333 142793.750000 2061.916667
5.330000 10874107.083333 155769.916667 2213.416667
5.340000 10976680.083333 155774.166667 2119.333333
5.350000 8993714.500000 129811.916667 2062.833333
5.360000 10104954.583333 142792.750000 1686.166667
5.370000 9959638.166667 142793.333333 1974.250000
5.380000 8168116.500000 116825.916667 1323.333333
5.390000 10155756.416667 142795.916667 1694.833333
5.400000 10895870.250000 155772.000000 1994.166667
5.410000 9978881.583333 142790.750000 1912.166667
5.420000 9209446.833333 129811.250000 1822.833333
5.430000 10095271.000000 143969.333333 2263.666667
5.440000 10913270.583333 155773.250000 2401.500000
5.450000 11032726.333333 155775.250000 2184.750000
5.460000 9035927.166667 129809.500000 2031.250000
5.470000 10009919.583333 142794.083333 1722.083333
5.480000 9993403.083333 142785.333333 2038.916667
5.490000 8355450.916667 116830.750000 1326.250000
5.500000 9994562.333333 142792.333333 1764.333333
5.510000 10906900.916667 155771.583333 2271.250000
5.520000 9177198.500000 129809.916667 2193.833333
5.530000 10055581.916667 142789.833333 2268.166667
5.540000 10074948.500000 142788.916667 2121.333333
5.550000 10988489.833333 155775.416667 2080.916667
5.560000 10857584.750000 155769.750000 1985.166667
5.570000 9153663.500000 129811.916667 1940.333333
5.580000 10113411.583333 142791.250000 1627.583333
5.590000 10029122.000000 142791.333333 1972.083333
5.600000 8205779.500000 116178.250000 1373.500000
5.610000 10928629.750000 156417.916667 2152.000000
5.620000 10008346.166667 142792.500000 1898.250000
5.630000 9148754.833333 129807.666667 1773.583333
5.640000 10070828.000000 142789.666667 1922.666667
5.650000 9962319.583333 142784.083333 2029.583333
5.660000 11045318.083333 155771.000000 2028.166667
5.670000 10987945.500000 155779.833333 2009.416667
5.680000 8943516.666667 129807.250000 2059.916667
5.690000 10092389.083333 142789.750000 1714.416667
5.700000 9999290.083333 142790.333333 1998.583333
5.710000 8269544.833333 116831.500000 1257.000000
5.720000 10062125.416667 142791.250000 1728.333333
5.730000 10882361.500000 155770.333333 1960.333333
5.740000 9164460.833333 129811.833333 1753.916667
5.750000 9972314.333333 142088.000000 1863.250000
5.760000 10095638.250000 143490.000000 1982.083333
5.770000 10851212.750000 155769.833333 2022.750000
5.780000 11095190.916667 155773.583333 1971.000000
5.790000 8941229.416667 129806.500000 1938.833333
5.800000 10170424.166667 142794.416667 1667.250000
5.810000 9996583.166667 142792.000000 1925.916667
5.820000 8089577.083333 116824.166667 1206.333333
5.830000 10067960.333333 142789.583333 1745.750000
5.840000 11044830.833333 155773.500000 1990.000000
5.850000 9113349.416667 129811.500000 1729.333333
5.860000 10076805.333333 142791.000000 1828.750000
5.870000 9988944.416667 142788.500000 1914.416667
5.880000 10909902.500000 155767.833333 1916.333333
5.890000 11033835.083333 155773.166667 1944.750000
5.900000 9082063.083333 129811.916667 1850.083333
5.910000 9968761.166667 142785.750000 1655.083333
5.920000 9950755.666667 142784.250000 1925.416667
5.930000 8215854.000000 116826.916667 1274.083333
5.940000 10004750.500000 142787.250000 1697.083333
5.950000 11093169.666667 155777.500000 2002.333333
5.960000 9027444.083333 129810.000000 1715.916667
5.970000 10041747.833333 142789.916667 1851.666667
5.980000 10015716.666667 142790.750000 1889.916667
5.990000 10967789.833333 155770.166667 1918.583333
6.000000 10995545.583333 155769.416667 1918.583333
6.010000 9059073.500000 129807.416667 1820.333333
6.020000 9991094.250000 142789.083333 1576.416667
6.030000 10021039.416667 142792.083333 1823.583333
6.040000 8278922.333333 116834.666667 1261.666667
6.050000 10036227.833333 142789.000000 1640.750000
6.060000 10872655.000000 155770.000000 1996.083333
6.070000 9105539.833333 129804.583333 1680.833333
6.080000 10114651.083333 142791.916667 1850.583333
6.090000 10025323.250000 142789.000000 1872.333333
6.100000 10942916.416667 155773.250000 1910.916667
6.110000 11022039.750000 155772.583333 1932.916667
6.120000 8961467.250000 129808.583333 1832.666667
6.130000 10057051.666667 142789.500000 1599.250000
6.140000 9900410.666667 142785.416667 1834.000000
6.150000 8250354.750000 116829.000000 1272.666667
6.160000 10188768.500000 142795.583333 1651.833333
6.170000 10758510.333333 155772.750000 1929.166667
6.180000 9172012.583333 129810.166667 1706.666667
6.190000 10071783.416667 142791.583333 1762.500000
6.200000 10007066.916667 142789.833333 1854.333333
6.210000 10942473.916667 155770.833333 1905.000000
6.220000 10973751.333333 155772.250000 1905.416667
6.230000 8941039.666667 129804.916667 1918.833333
6.240000 10219211.166667 142795.333333 1537.166667
6.250000 9909560.833333 142789.750000 1914.833333
6.260000 8201565.083333 116827.000000 1253.500000
6.270000 10156592.333333 142790.083333 1661.416667
6.280000 10793900.833333 155767.250000 1848.333333
6.290000 9150025.250000 129808.750000 1725.166667
6.300000 10134906.333333 142789.833333 1734.833333
6.310000 9982407.416667 142789.250000 1883.250000
6.320000 10906162.000000 155773.166667 1931.333333
6.330000 11015815.333333 155774.333333 1907.583333
6.340000 8922404.583333 129803.000000 1867.750000
6.350000 10133370.333333 142790.083333 1535.166667
6.360000 10007845.333333 142790.500000 1903.833333
6.370000 8177828.333333 116825.833333 1250.416667
6.380000 10061258.083333 142788.666667 1672.750000
6.390000 10830355.750000 155772.416667 1869.416667
6.400000 9166807.583333 129812.000000 1701.083333
6.410000 10199473.166667 142794.583333 1714.000000
6.420000 9946337.750000 142791.583333 1909.583333
6.430000 10959278.833333 155771.666667 1901.833333
6.440000 10872711.500000 155772.166667 1914.666667
6.450000 8968367.333333 129806.333333 1804.333333
6.460000 10116169.833333 142790.916667 1494.916667
6.470000 10060948.666667 142794.166667 1916.416667
6.480000 8294843.833333 116832.250000 1206.250000
6.490000 9928096.166667 142783.583333 1657.166667
6.500000 10891984.416667 155773.500000 1906.250000
6.510000 9112874.500000 129808.666667 1700.000000
6.520000 10101520.000000 142790.750000 1729.333333
6.530000 9973509.500000 142790.750000 1955.916667
6.540000 10953528.833333 155774.666667 1839.000000
6.550000 10915970.666667 155772.000000 2012.250000
6.560000 9027046.666667 129810.750000 1784.500000
6.570000 9993896.833333 142785.916667 1558.416667
6.580000 10058298.083333 142789.500000 1893.583333
6.590000 8313072.416667 116830.916667 1198.000000
6.600000 9985786.333333 142788.583333 1618.333333
6.610000 10836431.500000 155767.500000 1884.750000
6.620000 9136485.750000 129809.416667 1638.333333
6.630000 10048238.500000 142794.833333 1736.166667
6.640000 9966283.333333 142787.916667 1878.000000
6.650000 11085686.083333 155773.666667 1829.916667
6.660000 10900667.250000 155770.666667 1994.583333
6.670000 9041143.333333 129811.500000 1762.750000
6.680000 10034038.916667 142789.083333 1582.250000
6.690000 9940431.250000 142790.666667 1875.916667
6.700000 8315313.083333 116828.500000 1211.750000
6.710000 9955778.916667 142792.500000 1572.500000
6.720000 10908362.916667 155773.916667 1942.250000
6.730000 9098307.166667 129808.166667 1563.583333
6.740000 10079576.000000 142791.666667 1749.916667
6.750000 9932552.500000 142786.166667 1843.833333
6.760000 11025617.500000 155768.666667 1827.250000
6.770000 10872851.333333 155769.750000 1968.416667
6.780000 9107599.333333 129813.166667 1721.083333
6.790000 9985936.750000 142787.250000 1541.583333
6.800000 9927850.000000 142553.916667 1772.500000
6.810000 9316691.833333 130044.916667 1632.083333
6.820000 8951600.333333 129804.083333 1173.500000
6.830000 10916532.833333 155769.500000 1881.666667
6.840000 9093126.250000 129812.083333 1615.416667
6.850000 10137195.083333 142790.500000 1761.416667
6.860000 9923381.500000 142789.166667 1822.583333
6.870000 11005483.916667 155769.083333 1823.750000
6.880000 10823912.750000 155770.166667 1842.250000
6.890000 9144762.583333 129808.416667 1744.250000
6.900000 10105194.333333 142793.583333 1537.166667
6.910000 10006153.500000 142789.083333 1822.083333
6.920000 8248275.583333 116828.666667 1220.000000
6.930000 9912852.083333 142789.750000 1545.000000
6.940000 10974107.666667 155779.083333 1964.583333
6.950000 9169242.583333 129808.166667 1679.750000
6.960000 9882131.833333 142783.833333 2012.500000
6.970000 10085966.166667 142785.416667 2056.083333
6.980000 11125292.333333 155774.666667 1985.500000
6.990000 10873917.500000 155771.833333 1961.166667
7.000000 9159121.166667 129810.083333 1828.916667
7.010000 9956727.833333 142785.583333 1566.083333
7.020000 10096270.750000 142788.500000 1812.166667
7.030000 8358000.583333 116832.083333 1206.000000
7.040000 10004756.666667 142787.000000 1676.500000
7.050000 11048313.666667 155771.333333 2077.916667
7.060000 9138611.416667 129809.666667 1828.166667
7.070000 10139995.250000 142790.833333 1810.833333
7.080000 9973253.250000 142787.666667 1892.500000
7.090000 10965139.666667 155770.916667 1797.000000
7.100000 10967923.500000 155771.666667 1882.500000
7.110000 9195316.500000 129809.500000 1760.750000
7.120000 10009883.083333 142785.416667 1531.750000
7.130000 10152473.916667 142794.833333 1831.416667
7.140000 8294738.250000 116826.333333 1229.083333
7.150000 9953057.833333 142785.583333 1607.916667
7.160000 11012179.916667 155771.666667 1982.750000
7.170000 9173103.666667 129807.333333 1613.833333
7.180000 10056577.083333 142785.250000 1816.333333
7.190000 10171552.583333 142794.083333 1797.916667
7.200000 11010936.083333 155769.750000 1844.000000
7.210000 10960086.666667 155769.333333 1897.250000
7.220000 9202850.166667 129808.583333 1723.416667
7.230000 10023072.166667 142789.083333 1538.500000
7.240000 9949584.166667 142787.583333 1797.916667
7.250000 8211412.833333 116824.500000 1181.416667
7.260000 10163652.416667 142792.416667 1637.333333
7.270000 11007309.666667 155771.250000 1933.916667
7.280000 9234884.583333 129808.916667 1602.250000
7.290000 9980645.000000 142787.250000 1748.833333
7.300000 10141352.083333 142791.583333 1786.833333
7.310000 10966815.750000 155770.000000 1803.166667
7.320000 11100343.000000 155775.833333 1848.833333
7.330000 8931756.833333 129806.833333 1763.666667
7.340000 10169616.833333 142790.833333 1572.416667
7.350000 10001143.750000 142791.166667 1766.000000
7.360000 8378650.166667 116836.083333 1181.250000
7.370000 9996576.916667 142793.166667 1606.583333
7.380000 11021706.916667 155770.833333 1889.583333
7.390000 9096928.250000 129805.333333 1581.916667
7.400000 9993887.666667 142789.083333 1743.416667
7.410000 10113583.083333 142787.333333 1762.833333
7.420000 11009523.583333 155771.166667 1893.833333
7.430000 11008279.583333 155769.583333 1837.166667
7.440000 9095263.250000 129809.750000 1842.250000
7.450000 10073181.250000 142788.833333 1522.750000
7.460000 9996226.583333 142789.833333 1820.416667
7.470000 8302097.833333 116830.416667 1213.250000
7.480000 10004109.833333 142788.833333 1590.500000
7.490000 11013343.000000 155777.083333 1832.166667
7.500000 9218998.500000 129807.000000 1597.166667
7.510000 10053855.583333 142790.583333 1680.500000
7.520000 10121288.500000 142792.083333 1751.083333
7.530000 10960243.250000 155778.333333 1882.500000
7.540000 11014307.583333 155773.000000 1762.500000
7.550000 9106537.083333 129809.916667 1774.916667
7.560000 9966987.666667 142783.666667 1448.916667
7.570000 10123895.500000 142791.583333 1768.666667
7.580000 8203603.750000 116826.666667 1223.083333
7.590000 9940138.000000 142784.833333 1556.166667
7.600000 11074004.083333 155768.416667 1783.000000
7.610000 9177921.583333 129809.916667 1594.000000
7.620000 10144039.000000 142790.416667 1650.666667
7.630000 10025950.583333 142791.333333 1762.666667
7.640000 10923787.666667 155768.833333 1852.833333
7.650000 10976699.666667 155769.750000 1790.916667
7.660000 9134774.416667 129811.333333 1846.166667
7.670000 10058195.666667 142790.500000 1468.500000
7.680000 10042225.083333 142785.083333 1895.000000
7.690000 8244775.166667 116824.333333 1177.500000
7.700000 10073393.666667 142788.250000 1552.166667
7.710000 10996682.750000 155767.750000 1866.250000
7.720000 9122587.916667 129809.166667 1600.416667
7.730000 10185366.250000 142789.416667 1635.416667
7.740000 10078425.416667 142791.750000 1785.416667
7.750000 10976971.166667 155767.666667 1800.916667
7.760000 10901649.500000 155771.333333 1823.916667
7.770000 9097952.666667 129806.666667 1765.833333
7.780000 10132523.166667 142792.666667 1438.583333
7.790000 9982838.250000 142784.333333 1738.166667
7.800000 8285591.333333 116831.416667 1159.000000
7.810000 10142844.416667 142793.333333 1483.083333
7.820000 10845027.000000 155769.833333 1931.500000
7.830000 9343467.083333 129813.666667 1574.750000
7.840000 9956445.500000 142784.000000 1706.333333
7.850000 10087401.500000 142785.416667 1785.583333
7.860000 10899474.583333 155765.416667 1763.333333
7.870000 11091255.250000 155772.833333 1813.250000
7.880000 9090249.500000 129807.416667 1707.750000
7.890000 10130887.416667 142794.583333 1448.166667
7.900000 9803675.333333 142789.833333 2282.500000
7.910000 8191755.250000 116826.916667 1235.666667
7.920000 10060987.250000 142787.000000 1519.833333
7.930000 10836013.833333 155772.166667 2266.750000
7.940000 9186076.416667 129810.083333 1584.833333
7.950000 9836799.500000 142786.333333 2225.916667
7.960000 9522333.333333 143970.000000 2216.166667
7.970000 10223833.083333 156953.916667 2087.416667
7.980000 9779783.166667 142791.416667 2460.250000
7.990000 8957212.583333 145159.500000 2733.416667
8.000000 8716621.500000 145149.333333 2592.500000
8.010000 8543159.583333 130990.750000 1503.083333
8.020000 6372527.000000 120368.416667 2913.083333
8.030000 8541178.500000 159316.333333 4136.250000
8.040000 8024853.416667 145153.750000 3343.833333
8.050000 6221770.333333 135713.083333 3920.833333
8.060000 6643972.083333 133355.750000 3986.666667
8.070000 6605842.583333 134535.000000 3200.500000
8.080000 7957737.500000 161676.666667 4186.083333
8.090000 7268873.750000 148694.416667 4225.083333
8.100000 4588138.666667 135719.750000 4485.083333
8.110000 4568508.166667 153424.416667 5377.583333
8.120000 4167680.833333 139262.750000 5712.250000
8.130000 3423786.666667 126279.583333 4597.916667
8.140000 4328838.500000 139258.666667 5241.500000
8.150000 4627916.666667 153427.250000 5557.750000
8.160000 3430963.916667 126285.166667 3984.000000
8.170000 4445413.416667 153424.583333 5322.833333
8.180000 4227994.750000 139259.416667 5353.166667
8.190000 4230851.500000 139261.666667 4677.500000
8.200000 3714717.166667 140444.500000 5721.250000
8.210000 4015576.500000 154604.250000 6116.083333
8.220000 3750906.000000 140445.416667 4374.166667
8.230000 3424469.250000 141626.250000 5118.916667
8.240000 2808352.916667 127464.750000 5407.166667
8.250000 3139039.916667 141627.583333 5905.750000
8.260000 3139657.083333 141624.416667 6072.500000
8.270000 3490873.500000 155788.166667 5900.500000
8.280000 3044055.833333 140445.583333 5021.000000
8.290000 3049436.083333 141625.083333 5449.750000
8.300000 2713289.833333 125101.583333 6487.250000
8.310000 3392006.416667 154608.833333 7261.916667
8.320000 3477741.750000 155787.000000 5616.500000
8.330000 2826424.916667 127462.750000 5515.166667
8.340000 3160673.666667 141623.916667 4465.583333
8.350000 3126061.833333 141623.083333 4584.166667
8.360000 3126088.666667 141628.000000 5521.666667
8.370000 3126371.500000 141625.500000 5538.000000
8.380000 3384718.833333 154611.583333 5201.333333
8.390000 2794856.166667 127462.583333 5468.333333
8.400000 3101952.750000 141620.083333 4620.416667
8.410000 3409263.333333 155791.916667 5208.833333
8.420000 2782017.083333 127463.666667 4971.333333
8.430000 3057904.750000 141623.083333 5808.250000
8.440000 3404606.500000 155790.750000 5286.583333
8.450000 2754084.666667 127463.333333 5648.333333
8.460000 3094625.916667 141624.833333 4477.333333
8.470000 3384872.750000 155790.000000 5040.583333
8.480000 2750202.166667 127465.666667 4941.833333
8.490000 3080450.000000 141628.250000 5383.333333
8.500000 3368875.916667 155785.166667 4975.000000
8.510000 2753165.416667 127463.500000 5234.750000
8.520000 3063971.583333 141628.000000 4360.583333
8.530000 3352945.333333 155787.083333 4956.666667
8.540000 2730034.833333 127462.916667 4936.666667
8.550000 3033183.416667 141626.833333 5418.500000
8.560000 3342030.333333 155785.500000 5031.916667
8.570000 2718842.333333 127463.083333 5266.083333
8.580000 3031198.166667 141626.416667 4352.583333
8.590000 3318539.750000 155791.416667 4954.750000
8.600000 2696781.583333 127464.166667 4963.500000
8.610000 2995477.750000 141627.166667 5394.083333
8.620000 3297869.750000 155790.416667 4953.416667
8.630000 2682678.833333 127461.500000 5195.500000
8.640000 2993164.583333 141626.416667 4384.416667
8.650000 3264930.333333 155788.333333 5045.000000
8.660000 2664981.583333 127462.500000 5157.333333
8.670000 2954717.916667 141624.666667 5479.916667
8.680000 3257260.333333 155787.583333 5068.250000
8.690000 2647077.750000 127465.250000 5343.500000
8.700000 2960959.000000 141627.500000 4362.666667
8.710000 3216385.333333 155790.083333 4976.666667
8.720000 2617800.250000 127461.000000 5034.833333
8.730000 2919971.250000 141622.583333 6122.750000
8.740000 3213789.500000 155788.583333 5805.333333
8.750000 2609772.000000 127464.083333 5751.000000
8.760000 2906284.166667 141624.000000 4581.000000
8.770000 3188602.083333 155794.166667 5400.833333
8.780000 2578158.750000 127465.416667 5090.833333
8.790000 2871621.583333 141626.500000 6121.333333
8.800000 3174964.416667 155792.750000 5599.416667
8.810000 2568235.000000 127467.750000 5556.583333
8.820000 2861502.166667 141630.583333 4456.333333
8.830000 3138474.166667 155788.666667 5257.750000
8.840000 2545286.583333 127462.416667 5037.250000
8.850000 2838094.083333 141627.333333 5636.750000
8.860000 3124335.666667 155789.583333 5157.916667
8.870000 2538861.750000 127467.750000 5488.083333
8.880000 2831877.500000 141628.500000 4449.750000
8.890000 3090216.500000 155788.333333 5213.833333
8.900000 2506894.916667 127462.416667 5274.833333
8.910000 2798845.833333 141630.166667 5728.500000
8.920000 3079691.250000 155789.333333 5139.333333
8.930000 2500219.416667 127466.833333 5411.750000
8.940000 2794642.083333 141625.833333 4498.000000
8.950000 3043006.583333 155791.750000 5126.166667
8.960000 2478276.000000 127468.000000 5143.916667
8.970000 2759595.166667 141628.916667 5701.083333
8.980000 3033807.583333 155790.250000 5246.666667
8.990000 2470185.500000 127463.500000 5500.833333
9.000000 2754431.583333 141628.083333 4546.833333
9.010000 3007075.333333 155789.916667 5228.583333
9.020000 2445142.916667 127463.333333 5122.416667
9.030000 2720512.500000 141624.916667 5574.666667
9.040000 2992848.583333 155789.250000 5188.500000
9.050000 2439671.833333 127464.166667 5539.500000
9.060000 2712707.000000 141628.500000 4584.416667
9.070000 2966947.833333 155791.166667 5152.666667
9.080000 2408456.083333 127465.083333 5185.916667
9.090000 2684214.083333 141631.500000 5603.916667
9.100000 2952860.250000 155790.416667 5164.583333
9.110000 2411481.333333 127465.250000 5452.250000
9.120000 2672705.750000 141625.333333 4547.333333
9.130000 2926137.083333 155790.666667 5246.083333
9.140000 2378082.166667 127464.833333 5176.333333
9.150000 2644719.916667 141626.833333 5648.833333
9.160000 2920085.750000 155790.083333 5125.833333
9.170000 2371848.916667 127464.666667 5559.666667
9.180000 2641185.666667 141628.083333 4471.416667
9.190000 2873181.583333 155792.500000 5241.416667
9.200000 2347951.333333 127467.250000 5253.000000
9.210000 2608304.750000 141634.000000 5730.083333
9.220000 2869597.916667 155791.000000 5169.083333
9.230000 2333282.166667 127469.000000 5543.333333
9.240000 2596518.166667 141627.083333 4533.166667
9.250000 2847257.583333 155788.083333 5249.666667
9.260000 2303220.750000 127464.166667 5233.333333
9.270000 2569354.666667 141628.250000 5713.750000
9.280000 2824792.750000 155787.416667 5194.333333
9.290000 2298132.750000 127464.500000 5559.000000
9.300000 2567793.583333 141629.583333 4470.916667
9.310000 2794117.583333 155788.833333 5285.833333
9.320000 2272118.333333 127464.333333 5326.916667
9.330000 2531894.500000 141632.000000 5701.833333
9.340000 2781517.833333 155790.583333 5219.750000
9.350000 2269979.083333 127464.750000 5547.000000
9.360000 2518627.416667 141634.250000 4535.750000
9.370000 2763795.666667 155787.250000 5129.333333
9.380000 2241948.250000 127465.000000 5269.666667
9.390000 2491062.833333 141629.833333 5625.083333
9.400000 2745629.583333 155794.833333 5105.583333
9.410000 2239528.666667 127461.833333 5603.833333
9.420000 2487129.416667 141627.833333 4469.833333
9.430000 2712753.500000 155792.166667 5164.666667
9.440000 2209697.750000 127468.083333 5169.833333
9.450000 2457699.333333 141633.166667 5638.583333
9.460000 2697439.916667 155795.083333 5149.500000
9.470000 2204976.250000 127467.000000 5521.250000
9.480000 2453662.083333 141626.250000 4482.500000
9.490000 2673903.333333 155795.000000 5240.583333
9.500000 2171737.500000 127466.833333 5214.666667
9.510000 2421323.833333 141630.583333 5559.416667
9.520000 2662418.250000 155796.333333 5217.833333
9.530000 2170861.333333 127467.500000 5699.333333
9.540000 2410782.333333 141629.750000 4537.250000
9.550000 2640716.250000 155789.416667 5134.500000
9.560000 2137864.250000 127467.583333 5236.916667
9.570000 2386182.416667 141627.250000 5686.916667
9.580000 2627753.083333 155791.833333 5189.000000
9.590000 2135886.500000 127467.500000 5525.666667
9.600000 2380261.000000 141630.166667 4505.666667
9.610000 2599041.250000 155797.666667 5120.500000
9.620000 2112134.416667 127469.333333 5241.666667
9.630000 2353026.916667 141632.666667 5634.000000
9.640000 2583475.000000 155792.416667 5166.833333
9.650000 2105486.833333 127467.250000 5681.250000
9.660000 2342387.833333 141629.916667 4393.000000
9.670000 2558890.666667 155788.166667 5495.000000
9.680000 2080289.666667 127464.583333 5418.833333
9.690000 2311718.666667 141633.083333 5693.500000
9.700000 2546359.333333 155792.083333 5221.500000
9.710000 2073312.083333 127466.500000 5707.916667
9.720000 2311727.000000 141632.333333 4461.583333
9.730000 2519410.750000 155799.666667 5360.250000
9.740000 2040603.416667 127466.083333 5380.750000
9.750000 2275084.250000 141631.166667 5682.500000
9.760000 2504261.000000 155796.250000 5249.083333
9.770000 2037128.166667 127469.166667 5675.500000
9.780000 2265018.916667 141633.000000 4490.500000
9.790000 2472595.000000 155797.333333 5171.583333
9.800000 2001814.000000 127472.000000 5260.000000
9.810000 2230790.666667 141633.583333 5675.000000
9.820000 2460768.083333 155793.416667 5237.500000
9.830000 1996669.666667 127463.166667 5557.500000
9.840000 2223580.000000 141635.250000 4445.583333
9.850000 2426311.000000 155791.166667 5239.250000
9.860000 1963452.250000 127469.583333 5218.666667
9.870000 2190059.500000 141633.166667 5757.916667
9.880000 2408978.000000 155793.250000 5170.833333
9.890000 1964582.666667 127466.500000 5577.166667
9.900000 2181292.083333 141631.333333 4416.583333
9.910000 2382380.583333 155793.500000 5296.750000
9.920000 1931218.083333 127468.166667 5346.416667
9.930000 2150569.916667 141631.833333 5565.000000
9.940000 2366612.416667 155795.500000 5258.083333
9.950000 1927727.000000 127464.916667 5651.166667
9.960000 2139695.833333 141631.833333 4447.166667
9.970000 2340193.416667 155792.000000 5258.750000
9.980000 1894387.083333 127468.416667 5272.416667
9.990000 2112194.666667 141631.833333 5577.416667
10.000000 2324759.500000 155792.916667 5222.916667
10.010000 1890421.750000 127475.166667 5656.916667
10.020000 2107982.166667 141633.500000 4596.333333
10.030000 2297012.666667 155796.416667 5454.916667
10.040000 1858358.250000 127465.833333 5425.583333
10.050000 2073227.083333 141628.250000 5666.000000
10.060000 2280910.500000 155800.250000 5353.750000
10.070000 1859089.583333 127466.416667 5692.083333
10.080000 2062660.833333 141626.083333 4612.083333
10.090000 2252077.083333 155796.666667 5387.750000
10.100000 1827197.333333 127463.833333 5380.166667
10.110000 2034998.750000 141630.166667 5877.666667
10.120000 2238028.833333 155797.083333 5369.000000
10.130000 1824314.000000 127471.833333 5770.583333
10.140000 2028503.750000 141625.583333 4618.916667
10.150000 2211295.250000 155797.583333 5389.583333
10.160000 1794575.833333 127469.000000 5322.583333
10.170000 2000303.666667 141632.416667 6037.666667
10.180000 2197071.250000 155795.083333 5692.416667
10.190000 1791630.166667 127475.333333 5727.416667
10.200000 1990816.750000 141627.083333 4632.000000
10.210000 2134276.916667 154614.083333 5844.916667
10.220000 1723437.500000 127471.416667 5487.083333
10.230000 1914795.916667 141627.666667 5997.000000
10.240000 2123960.000000 155791.083333 5408.833333
10.250000 1685849.250000 127467.333333 5978.500000
10.260000 1906359.833333 141636.500000 4915.750000
10.270000 2026109.916667 155791.333333 5653.166667
10.280000 1636247.666667 127459.833333 5794.750000
10.290000 1730704.333333 140451.666667 6422.166667
10.300000 1975086.250000 155800.916667 6286.250000
10.310000 1536292.083333 126281.250000 6932.500000
10.320000 1771131.333333 152252.750000 8490.416667
10.330000 1607519.500000 139264.916667 5008.250000
10.340000 1365044.000000 125101.416667 6964.333333
10.350000 1936617.750000 168771.916667 9076.666667
10.360000 1615137.500000 141623.583333 7986.250000
10.370000 1438157.250000 125102.750000 6401.666667
10.380000 1749752.250000 153431.166667 7663.583333
10.390000 1596946.750000 139263.500000 6059.000000
10.400000 1367935.666667 127463.583333 6626.166667
10.410000 1748622.250000 154613.416667 7738.583333
10.420000 1578139.333333 138081.666667 7837.333333
10.430000 1546808.916667 140444.416667 7917.833333
10.440000 1528291.083333 139264.583333 6331.833333
10.450000 1728262.250000 153427.416667 9780.750000
10.460000 1215389.666667 112117.833333 5003.500000
10.470000 1804405.666667 165228.666667 9153.333333
10.480000 1370124.083333 125102.333333 8148.500000
10.490000 1490944.083333 136904.750000 8046.500000
10.500000 1804684.166667 166409.833333 9517.166667
10.510000 1518644.916667 139267.000000 7406.666667
10.520000 1633331.083333 152248.750000 8254.000000
10.530000 1189576.916667 109759.666667 4780.333333
10.540000 1671504.500000 153430.500000 9007.083333
10.550000 1605805.333333 151062.500000 8353.833333
10.560000 1514084.916667 138091.166667 8569.833333
10.570000 1359163.666667 123920.500000 6399.416667
10.580000 1782450.583333 166409.166667 9256.666667
10.590000 1514467.750000 139265.500000 8028.250000
10.600000 1345323.666667 123926.666667 5373.416667
10.610000 1820239.833333 166410.000000 9238.500000
10.620000 1196969.500000 110939.333333 7423.166667
10.630000 1664384.666667 153414.833333 8503.000000
10.640000 1500115.583333 138099.666667 7540.416667
10.650000 1831564.416667 168769.083333 9478.583333
10.660000 1410287.416667 127465.250000 5634.750000
10.670000 1531727.666667 139265.333333 8160.583333
10.680000 1494295.000000 138085.333333 8591.500000
10.690000 1476631.833333 136906.750000 8331.500000
10.700000 1347537.666667 123926.750000 6773.416667
10.710000 1812480.000000 168767.916667 8920.416667
10.720000 1800079.500000 166407.500000 9105.666667
10.730000 1207940.750000 112118.250000 4256.583333
10.740000 1655210.250000 154607.500000 8810.416667
10.750000 1352711.916667 125100.833333 7712.916667
10.760000 1543990.583333 141629.250000 7934.916667
10.770000 1543219.666667 140446.750000 7462.333333
10.780000 1816009.333333 167592.083333 8709.333333
10.790000 1205034.000000 110938.916667 4005.500000
10.800000 1662832.083333 152244.583333 8661.500000
10.810000 1514048.583333 139268.750000 8157.750000
10.820000 1544211.333333 140444.583333 7594.416667
10.830000 1550291.416667 140443.000000 7516.416667
10.840000 1673911.916667 153429.416667 8310.500000
10.850000 1562000.083333 141624.833333 7464.750000
10.860000 1401064.666667 127464.250000 5283.833333
10.870000 1566030.500000 141623.500000 8192.083333
10.880000 1677688.333333 154614.416667 8022.000000
10.890000 1333469.750000 126292.833333 7287.083333
10.900000 1651615.416667 146188.416667 9601.250000
10.910000 1852619.583333 163294.916667 14404.083333
10.920000 1974985.916667 109603.333333 5859.500000
10.930000 1341963.000000 117336.416667 7298.750000
10.940000 1569365.833333 136151.666667 11841.333333
10.950000 2948508.750000 123811.000000 9837.166667
10.960000 2232697.666667 121416.916667 8061.416667
10.970000 2460853.750000 134918.166667 12525.416667
10.980000 2094754.583333 100474.083333 11007.666667
10.990000 2027496.000000 96558.666667 10059.416667
11.000000 2129598.333333 107688.750000 13853.666667
11.010000 2909178.833333 77430.583333 13078.833333
11.020000 5172564.750000 117800.750000 24776.333333
11.030000 3681456.333333 96909.000000 11668.083333
11.040000 2520533.916667 59664.333333 9214.416667
11.050000 5751137.000000 76434.666667 5131.250000
11.060000 2807821.250000 90931.000000 5497.583333
11.070000 3887658.083333 102593.416667 6084.416667
11.080000 2367580.250000 131417.416667 5907.250000
11.090000 2795307.083333 150630.916667 8318.333333
11.100000 1619663.000000 118007.333333 6685.000000
11.110000 1674429.416667 143971.916667 10073.333333
11.120000 1578987.666667 135737.333333 10799.166667
11.130000 1617586.583333 139676.583333 16334.083333
11.140000 2550238.333333 154425.750000 14428.000000
11.150000 1088647.000000 100177.833333 8810.833333
11.160000 2311678.750000 124598.000000 14878.166667
11.170000 1235234.833333 116825.250000 10652.166667
11.180000 2330237.083333 146691.250000 16704.916667
11.190000 2422833.333333 130825.500000 11437.916667
11.200000 2482584.833333 142830.166667 12695.250000
11.210000 1274831.416667 116826.250000 10634.750000
11.220000 2414177.583333 148778.333333 13832.500000
11.230000 1569067.916667 129802.750000 11885.750000
11.240000 1610423.083333 142783.750000 13017.166667
11.250000 1720276.666667 155771.333333 14814.500000
11.260000 1120872.583333 103845.666667 10435.250000
11.270000 1564380.666667 142782.333333 13794.500000
11.280000 1558080.833333 142786.416667 14170.833333
11.290000 1697640.250000 155765.416667 15657.416667
11.300000 1557358.916667 142787.000000 14517.500000
11.310000 1701632.916667 155765.166667 16013.583333
11.320000 1419918.416667 129809.250000 13433.250000
11.330000 1708172.500000 155550.083333 16237.666667
11.340000 1433678.666667 130020.000000 13753.166667
11.350000 1577842.500000 142783.583333 15205.666667
11.360000 1722958.166667 155767.250000 16641.833333
11.370000 1152923.750000 103842.833333 11180.500000
11.380000 1585129.666667 142786.500000 15344.583333
11.390000 1588171.250000 142784.750000 15400.666667
11.400000 1736658.666667 155767.333333 16877.750000
11.410000 1590054.333333 142786.166667 15438.250000
11.420000 1741424.166667 155763.500000 16963.750000
11.430000 1449547.750000 129802.250000 14108.000000
11.440000 1744110.416667 155769.500000 17008.916667
11.450000 1454753.833333 129808.416667 14208.583333
11.460000 1601276.000000 142788.333333 15634.500000
11.470000 1748572.250000 155762.916667 17079.416667
11.480000 1168549.833333 103840.916667 11428.083333
11.490000 1606327.666667 142787.666667 15714.166667
11.500000 1605194.250000 142786.583333 15702.833333
11.510000 1755844.583333 155770.750000 17194.333333
11.520000 1607316.083333 142786.750000 15733.000000
11.530000 1756910.916667 155768.583333 17218.333333
11.540000 1462590.583333 129734.083333 14326.583333
11.550000 1761313.333333 155837.916667 17276.916667
11.560000 1467493.083333 129804.166667 14401.916667
11.570000 1613485.416667 142781.833333 15831.583333
11.580000 1763172.750000 155764.250000 17309.750000
11.590000 1176787.750000 103850.750000 11560.666667
11.600000 1616735.333333 142787.750000 15876.750000
11.610000 1619890.583333 142784.833333 15922.833333
11.620000 1768365.083333 155767.250000 17389.750000
11.630000 1618985.416667 142788.416667 15912.833333
11.640000 1769223.916667 155771.833333 17406.083333
11.650000 1475339.500000 129805.666667 14514.500000
11.660000 1771611.583333 155763.750000 17436.666667
11.670000 1476621.250000 129808.833333 14537.750000
11.680000 1623677.500000 142780.750000 15977.583333
11.690000 1774950.166667 155768.583333 17486.583333
11.700000 1182480.583333 103845.666667 11646.083333
11.710000 1625984.416667 142785.916667 16014.916667
11.720000 1625123.833333 142786.250000 16001.166667
11.730000 1775231.916667 155764.166667 17491.916667
11.740000 1640988.416667 143970.583333 16172.666667
11.750000 1777109.666667 155763.750000 17515.500000
11.760000 1481469.250000 129805.250000 14604.916667
11.770000 1775434.166667 155771.916667 17494.583333
11.780000 1483114.000000 129802.333333 14628.250000
11.790000 1631202.000000 142787.083333 16088.500000
11.800000 1781058.166667 155767.333333 17572.000000
11.810000 1038531.250000 90862.666667 10246.583333
11.820000 1782488.750000 155763.250000 17595.250000
11.830000 1632192.500000 142784.750000 16103.166667
11.840000 1783207.250000 155765.666667 17602.583333
11.850000 1631600.166667 142787.916667 16093.833333
11.860000 1783338.083333 155762.666667 17606.666667
11.870000 1483097.750000 129806.916667 14632.416667
11.880000 1783644.416667 155769.166667 17609.583333
11.890000 1485579.583333 129807.750000 14665.500000
11.900000 1634277.250000 142788.583333 16135.583333
11.910000 1785140.750000 155768.333333 17630.750000
11.920000 1040036.416667 90864.416667 10268.416667
11.930000 1783676.750000 155765.500000 17615.333333
11.940000 1635313.416667 142785.250000 16147.583333
11.950000 1782664.166667 155767.333333 17597.916667
11.960000 1635066.583333 142785.416667 16145.083333
11.970000 1784011.083333 155768.333333 17617.000000
11.980000 1486135.750000 129802.000000 14673.833333
11.990000 1782533.833333 155765.166667 17592.750000
12.000000 1484345.083333 129804.333333 14646.000000
