54018855.000000 116090.000000 6360.000000
53308228.000000 114809.000000 8686.000000
54466677.000000 117384.000000 5250.000000
54727724.000000 117643.000000 3899.000000
53521676.000000 115217.000000 8024.000000
54244995.000000 116665.000000 5595.000000
54650884.000000 117470.000000 4504.000000
53467998.000000 114926.000000 7891.000000
54112579.000000 116498.000000 6450.000000
51543809.000000 110788.000000 13575.000000
54723739.000000 117748.000000 4198.000000
54740985.000000 118009.000000 4463.000000
54715674.000000 117833.000000 4414.000000
54789934.000000 117877.000000 4073.000000
52818292.000000 113753.000000 10188.000000
53481993.000000 115158.000000 8169.000000
55000908.000000 118300.000000 3509.000000
53943829.000000 116005.000000 6697.000000
54943340.000000 118249.000000 3574.000000
54895672.000000 118283.000000 3850.000000
54199372.000000 116945.000000 5998.000000
54192513.000000 116703.000000 6004.000000
54235875.000000 116618.000000 5672.000000
54786862.000000 117968.000000 4269.000000
53711333.000000 115445.000000 7316.000000
53086115.000000 114343.000000 9451.000000
54297383.000000 116813.000000 5435.000000
54705561.000000 117841.000000 4385.000000
55771010.000000 120033.000000 1462.000000
55098613.000000 118428.000000 3168.000000
53847698.000000 115950.000000 7136.000000
55437584.000000 119385.000000 2365.000000
53527526.000000 115104.000000 7765.000000
54440618.000000 117305.000000 5302.000000
54477744.000000 117491.000000 4547.000000
55066344.000000 118224.000000 3037.000000
55006729.000000 118652.000000 3317.000000
55217820.000000 118767.000000 2745.000000
55621573.000000 119893.000000 1874.000000
55633430.000000 119682.000000 1651.000000
54668698.000000 117951.000000 4480.000000
55063489.000000 118621.000000 3476.000000
54949871.000000 118192.000000 3577.000000
55565732.000000 119725.000000 2212.000000
54284275.000000 116977.000000 5707.000000
53666443.000000 115372.000000 7315.000000
55115077.000000 118791.000000 3244.000000
54914055.000000 118170.000000 3624.000000
55176638.000000 118632.000000 2978.000000
56175905.000000 121051.000000 130.000000
54680455.000000 117972.000000 4546.000000
54532237.000000 117586.000000 4983.000000
54273129.000000 117006.000000 5755.000000
53704049.000000 115471.000000 7257.000000
55091296.000000 118298.000000 3255.000000
54996252.000000 118290.000000 3541.000000
53426048.000000 115119.000000 8508.000000
55033047.000000 118330.000000 3507.000000
54881156.000000 118078.000000 3805.000000
55367993.000000 119214.000000 2708.000000
55554713.000000 119519.000000 1725.000000
53680518.000000 115652.000000 7702.000000
52347173.000000 112836.000000 11438.000000
53222091.000000 114579.000000 8983.000000
53875906.000000 115784.000000 6887.000000
52224602.000000 112598.000000 11950.000000
54991836.000000 118526.000000 3698.000000
53688372.000000 115383.000000 7313.000000
55510716.000000 119556.000000 2236.000000
53447049.000000 115021.000000 8115.000000
53910080.000000 116078.000000 6828.000000
54004796.000000 116078.000000 6401.000000
55168032.000000 118609.000000 2907.000000
55670489.000000 119901.000000 1783.000000
54641333.000000 117854.000000 4470.000000
54737243.000000 117930.000000 4321.000000
53899798.000000 115864.000000 6557.000000
52309457.000000 112344.000000 10967.000000
54063144.000000 116513.000000 6603.000000
54828841.000000 118015.000000 3420.000000
53203636.000000 114534.000000 9037.000000
53921357.000000 116133.000000 6873.000000
54183910.000000 116472.000000 5789.000000
54573015.000000 117677.000000 4551.000000
53439700.000000 115098.000000 8120.000000
53440985.000000 115274.000000 8263.000000
54512438.000000 117224.000000 4707.000000
54573159.000000 117368.000000 4239.000000
54431943.000000 117113.000000 5006.000000
55411453.000000 119448.000000 2431.000000
54371747.000000 116988.000000 5150.000000
53611740.000000 115187.000000 7696.000000
55769331.000000 120041.000000 1346.000000
54662574.000000 117881.000000 4375.000000
54712397.000000 117923.000000 4437.000000
54637966.000000 117645.000000 4686.000000
54758428.000000 118062.000000 4190.000000
55077016.000000 118665.000000 3318.000000
54033442.000000 116023.000000 6168.000000
53534024.000000 115326.000000 8006.000000
