56089019.000000 120719.000000 0.000000
56219004.000000 121054.000000 0.000000
56112001.000000 120690.000000 0.000000
56140068.000000 120728.000000 0.000000
56116988.000000 120720.000000 0.000000
56125443.000000 120632.000000 0.000000
56114262.000000 120741.000000 0.000000
56056349.000000 120761.000000 0.000000
56111148.000000 120737.000000 0.000000
56098159.000000 120745.000000 0.000000
56126450.000000 120734.000000 0.000000
56190527.000000 121005.000000 0.000000
56140330.000000 120647.000000 0.000000
56095025.000000 120633.000000 0.000000
56225621.000000 121146.000000 0.000000
56115836.000000 120666.000000 0.000000
56203839.000000 121129.000000 0.000000
56127070.000000 120837.000000 0.000000
56217804.000000 121071.000000 0.000000
56097317.000000 120641.000000 0.000000
56098316.000000 120853.000000 0.000000
56186319.000000 121012.000000 0.000000
56123010.000000 120674.000000 0.000000
56127669.000000 120684.000000 0.000000
56218649.000000 121097.000000 0.000000
56122821.000000 120662.000000 0.000000
56056960.000000 120993.000000 0.000000
56106223.000000 120627.000000 0.000000
56110407.000000 120778.000000 0.000000
56156172.000000 121023.000000 0.000000
56127548.000000 120699.000000 0.000000
56079368.000000 120778.000000 0.000000
56209135.000000 121225.000000 0.000000
56098079.000000 120769.000000 0.000000
55914821.000000 120398.000000 0.000000
56201674.000000 121061.000000 0.000000
56046570.000000 120515.000000 0.000000
56183041.000000 121090.000000 0.000000
56129745.000000 120775.000000 0.000000
56102085.000000 120579.000000 0.000000
56112181.000000 120590.000000 0.000000
56223636.000000 121144.000000 0.000000
56121811.000000 120725.000000 0.000000
56187289.000000 120932.000000 0.000000
56109018.000000 120867.000000 0.000000
56132548.000000 120817.000000 0.000000
56108182.000000 120668.000000 0.000000
56200830.000000 121115.000000 0.000000
56127651.000000 120809.000000 0.000000
56121251.000000 120795.000000 0.000000
56227789.000000 120902.000000 0.000000
56185419.000000 121190.000000 0.000000
56117719.000000 120693.000000 0.000000
56189604.000000 121091.000000 0.000000
56125637.000000 120597.000000 0.000000
56183235.000000 120956.000000 0.000000
56197077.000000 121175.000000 0.000000
56120191.000000 120813.000000 0.000000
56115668.000000 120719.000000 0.000000
56058795.000000 120927.000000 0.000000
56095448.000000 120717.000000 0.000000
56092334.000000 120614.000000 0.000000
56151675.000000 120765.000000 0.000000
56092477.000000 120835.000000 0.000000
56101411.000000 120741.000000 0.000000
56109146.000000 120687.000000 0.000000
56149025.000000 121105.000000 0.000000
56116483.000000 120694.000000 0.000000
56094254.000000 120664.000000 0.000000
56191299.000000 121034.000000 0.000000
56115199.000000 120618.000000 0.000000
56101264.000000 120685.000000 0.000000
56108040.000000 120695.000000 0.000000
56226970.000000 121071.000000 0.000000
56118809.000000 120855.000000 0.000000
56129017.000000 120875.000000 0.000000
56100316.000000 120656.000000 0.000000
56227836.000000 121365.000000 0.000000
56106480.000000 120681.000000 0.000000
56022246.000000 120802.000000 0.000000
56116795.000000 120739.000000 0.000000
56194531.000000 121251.000000 0.000000
56093699.000000 120574.000000 0.000000
56105427.000000 120714.000000 0.000000
56124148.000000 120767.000000 0.000000
56120688.000000 120926.000000 0.000000
55994016.000000 120667.000000 0.000000
56172132.000000 121049.000000 0.000000
56135530.000000 120867.000000 0.000000
56134894.000000 120866.000000 0.000000
56100281.000000 120859.000000 0.000000
56136506.000000 120674.000000 0.000000
56116295.000000 120657.000000 0.000000
56048004.000000 120875.000000 0.000000
56123785.000000 120745.000000 0.000000
56114314.000000 120815.000000 0.000000
56229989.000000 121129.000000 0.000000
56108266.000000 120879.000000 0.000000
56124816.000000 120671.000000 0.000000
56210990.000000 121106.000000 0.000000
