56172765.000000 120929.000000 0.000000
56092051.000000 120725.000000 0.000000
56147450.000000 120978.000000 0.000000
56083872.000000 120872.000000 0.000000
56103626.000000 120593.000000 0.000000
56075614.000000 120624.000000 0.000000
56171974.000000 121081.000000 0.000000
56088603.000000 120696.000000 0.000000
56076337.000000 120669.000000 0.000000
56151340.000000 121166.000000 0.000000
56153913.000000 121120.000000 0.000000
56088428.000000 120630.000000 0.000000
56055680.000000 120656.000000 0.000000
56105855.000000 120543.000000 0.000000
56171184.000000 121104.000000 0.000000
56093180.000000 120645.000000 0.000000
56158199.000000 121022.000000 0.000000
56053997.000000 120674.000000 0.000000
56079076.000000 120742.000000 0.000000
56070452.000000 120556.000000 0.000000
56087583.000000 120624.000000 0.000000
56058594.000000 120616.000000 0.000000
56083877.000000 120562.000000 0.000000
56151904.000000 121213.000000 0.000000
56095420.000000 120678.000000 0.000000
56090635.000000 120500.000000 0.000000
56166281.000000 121051.000000 0.000000
56082702.000000 120681.000000 0.000000
56168887.000000 120941.000000 0.000000
56067442.000000 120558.000000 0.000000
56082687.000000 120534.000000 0.000000
56087175.000000 120598.000000 0.000000
56092737.000000 120733.000000 0.000000
56107203.000000 120569.000000 0.000000
56101265.000000 120689.000000 0.000000
56098999.000000 120707.000000 0.000000
56157583.000000 121171.000000 0.000000
55996673.000000 120440.000000 0.000000
56152975.000000 121136.000000 0.000000
56061279.000000 120604.000000 0.000000
56055580.000000 120591.000000 0.000000
56160517.000000 120964.000000 0.000000
56159284.000000 121161.000000 0.000000
56090938.000000 120596.000000 0.000000
56080539.000000 120692.000000 0.000000
56091051.000000 120564.000000 0.000000
56107573.000000 120764.000000 0.000000
56079902.000000 120559.000000 0.000000
56185407.000000 120939.000000 0.000000
56072395.000000 120662.000000 0.000000
56168766.000000 121165.000000 0.000000
56097560.000000 120637.000000 0.000000
56082097.000000 120732.000000 0.000000
55924984.000000 120610.000000 0.000000
56075575.000000 120579.000000 0.000000
56137444.000000 120838.000000 0.000000
56074891.000000 120518.000000 0.000000
56076919.000000 120536.000000 0.000000
56094691.000000 120935.000000 0.000000
56098830.000000 120660.000000 0.000000
56072850.000000 120534.000000 0.000000
56162964.000000 121133.000000 0.000000
56091347.000000 120681.000000 0.000000
56098348.000000 120735.000000 0.000000
56166433.000000 121049.000000 0.000000
56115995.000000 121104.000000 0.000000
56084949.000000 120619.000000 0.000000
56143031.000000 121167.000000 0.000000
56160692.000000 121105.000000 0.000000
56175224.000000 121207.000000 0.000000
56097157.000000 120624.000000 0.000000
56177345.000000 121166.000000 0.000000
56166460.000000 121108.000000 0.000000
56175618.000000 121093.000000 0.000000
56161765.000000 121162.000000 0.000000
56156869.000000 121079.000000 0.000000
56108471.000000 120505.000000 0.000000
56087749.000000 120584.000000 0.000000
56152327.000000 121114.000000 0.000000
56067509.000000 120587.000000 0.000000
56104686.000000 120645.000000 0.000000
56157789.000000 121083.000000 0.000000
56103079.000000 120504.000000 0.000000
56158527.000000 121078.000000 0.000000
56105508.000000 120713.000000 0.000000
56085061.000000 120669.000000 0.000000
56090951.000000 120713.000000 0.000000
56076028.000000 120608.000000 0.000000
56097018.000000 120601.000000 0.000000
56079923.000000 120639.000000 0.000000
56101366.000000 120610.000000 0.000000
56084681.000000 120723.000000 0.000000
56164420.000000 121036.000000 0.000000
56174345.000000 121066.000000 0.000000
56127411.000000 120917.000000 0.000000
56175290.000000 121134.000000 0.000000
56093239.000000 120611.000000 0.000000
56097069.000000 120621.000000 0.000000
56163527.000000 121021.000000 0.000000
56171771.000000 121106.000000 0.000000
