55747166.000000 120054.000000 0.000000
55745414.000000 120113.000000 0.000000
55748567.000000 120143.000000 0.000000
55710710.000000 119924.000000 0.000000
55734394.000000 120049.000000 0.000000
55721756.000000 120006.000000 0.000000
55745039.000000 120043.000000 0.000000
55754023.000000 119835.000000 0.000000
55755980.000000 120095.000000 0.000000
55741932.000000 120014.000000 0.000000
55751585.000000 119959.000000 0.000000
55825145.000000 120402.000000 0.000000
55746896.000000 120128.000000 0.000000
55720923.000000 120575.000000 0.000000
55734836.000000 120062.000000 0.000000
55723993.000000 120028.000000 0.000000
55766479.000000 120035.000000 0.000000
55832020.000000 120633.000000 0.000000
55826438.000000 120377.000000 0.000000
55772260.000000 120645.000000 0.000000
55747428.000000 120049.000000 0.000000
55724244.000000 120181.000000 0.000000
55719798.000000 120118.000000 0.000000
55746463.000000 119941.000000 0.000000
55727628.000000 120060.000000 0.000000
55738151.000000 120094.000000 0.000000
55734361.000000 119984.000000 0.000000
55742805.000000 119927.000000 0.000000
55726910.000000 119993.000000 0.000000
55730355.000000 120013.000000 0.000000
55732422.000000 119914.000000 0.000000
55742119.000000 119982.000000 0.000000
55742484.000000 120051.000000 0.000000
55711531.000000 120052.000000 0.000000
55599100.000000 119713.000000 0.000000
55645207.000000 119884.000000 0.000000
55729881.000000 119946.000000 0.000000
55822762.000000 120411.000000 0.000000
55803595.000000 120662.000000 0.000000
55734295.000000 119982.000000 0.000000
55826862.000000 120561.000000 0.000000
55744624.000000 119975.000000 0.000000
55746919.000000 120115.000000 0.000000
55738790.000000 120081.000000 0.000000
55732242.000000 120048.000000 0.000000
55833978.000000 120573.000000 0.000000
55766788.000000 120033.000000 0.000000
55664390.000000 119827.000000 0.000000
55753919.000000 120019.000000 0.000000
55721160.000000 120064.000000 0.000000
55725561.000000 119988.000000 0.000000
55746723.000000 120144.000000 0.000000
55757874.000000 119840.000000 0.000000
55763275.000000 120040.000000 0.000000
55777048.000000 119935.000000 0.000000
55741625.000000 120012.000000 0.000000
55751968.000000 120032.000000 0.000000
55757834.000000 120079.000000 0.000000
55741111.000000 120141.000000 0.000000
55792286.000000 120669.000000 0.000000
55731058.000000 120039.000000 0.000000
55722795.000000 120057.000000 0.000000
55740823.000000 120036.000000 0.000000
55720830.000000 119920.000000 0.000000
55752360.000000 120050.000000 0.000000
55724128.000000 120113.000000 0.000000
55778291.000000 120118.000000 0.000000
55738323.000000 119955.000000 0.000000
55754227.000000 120067.000000 0.000000
55719983.000000 119990.000000 0.000000
55750362.000000 120090.000000 0.000000
55738234.000000 119928.000000 0.000000
55724909.000000 119973.000000 0.000000
55726295.000000 119990.000000 0.000000
55736709.000000 120042.000000 0.000000
55665262.000000 119862.000000 0.000000
55744567.000000 120036.000000 0.000000
55756918.000000 120104.000000 0.000000
55724676.000000 119988.000000 0.000000
55744815.000000 119994.000000 0.000000
55765036.000000 120022.000000 0.000000
55765629.000000 120140.000000 0.000000
55740377.000000 119967.000000 0.000000
55743428.000000 120037.000000 0.000000
55745306.000000 119922.000000 0.000000
55738202.000000 119834.000000 0.000000
55728538.000000 120050.000000 0.000000
55737877.000000 120048.000000 0.000000
55421865.000000 119616.000000 0.000000
55753464.000000 120004.000000 0.000000
55723634.000000 119970.000000 0.000000
55746967.000000 120008.000000 0.000000
55743852.000000 119895.000000 0.000000
55736153.000000 119947.000000 0.000000
55731866.000000 120115.000000 0.000000
55719345.000000 120006.000000 0.000000
55742258.000000 119930.000000 0.000000
55756562.000000 119923.000000 0.000000
55745553.000000 120174.000000 0.000000
55739995.000000 120132.000000 0.000000
