55255460.000000 122135.000000 1904.000000
55276388.000000 122226.000000 243.000000
54073864.000000 119683.000000 5276.000000
54067099.000000 119829.000000 5455.000000
54217007.000000 120104.000000 4763.000000
54565794.000000 120894.000000 3763.000000
53476909.000000 118381.000000 6840.000000
54358680.000000 120564.000000 3765.000000
54637527.000000 120748.000000 2922.000000
54618617.000000 120870.000000 2954.000000
54841440.000000 121314.000000 2733.000000
54216319.000000 119896.000000 4796.000000
55117524.000000 122167.000000 1952.000000
53312161.000000 117993.000000 7613.000000
54543049.000000 120794.000000 3858.000000
53521074.000000 118660.000000 6948.000000
51971177.000000 115017.000000 10486.000000
54585969.000000 120848.000000 3816.000000
53757018.000000 119082.000000 6095.000000
53795426.000000 118871.000000 6148.000000
54030932.000000 119391.000000 5138.000000
54727698.000000 121021.000000 3259.000000
53912037.000000 119170.000000 5195.000000
54121016.000000 119894.000000 5265.000000
54781626.000000 121181.000000 2544.000000
53827814.000000 119127.000000 5954.000000
54615337.000000 120885.000000 3583.000000
53701098.000000 118762.000000 6588.000000
54835088.000000 121393.000000 2611.000000
53902449.000000 120192.000000 4958.000000
53311684.000000 118001.000000 6787.000000
54325933.000000 120230.000000 3774.000000
54594795.000000 120800.000000 3791.000000
53079570.000000 117487.000000 7566.000000
54501125.000000 120565.000000 3307.000000
54188034.000000 119967.000000 4598.000000
55284517.000000 122213.000000 1252.000000
53995385.000000 119380.000000 3329.000000
55041707.000000 121927.000000 2117.000000
54909429.000000 122256.000000 2755.000000
54492908.000000 120515.000000 3277.000000
54905179.000000 121533.000000 2485.000000
54382404.000000 120780.000000 4106.000000
54209375.000000 120027.000000 4399.000000
54184765.000000 119774.000000 4397.000000
55377173.000000 122536.000000 1553.000000
55232488.000000 122376.000000 1860.000000
53018846.000000 117296.000000 8369.000000
53634408.000000 118423.000000 6758.000000
53893191.000000 119208.000000 5289.000000
53768508.000000 118863.000000 5665.000000
53816587.000000 119027.000000 4634.000000
53626896.000000 118585.000000 6140.000000
54626748.000000 120888.000000 3610.000000
55579945.000000 123055.000000 750.000000
53177356.000000 117575.000000 7070.000000
54460206.000000 120479.000000 3630.000000
54123021.000000 119487.000000 4260.000000
54312307.000000 120174.000000 4598.000000
52927365.000000 117315.000000 8589.000000
53912023.000000 119315.000000 5237.000000
54529717.000000 120541.000000 3329.000000
54096272.000000 119843.000000 5255.000000
54504935.000000 120751.000000 4051.000000
53497669.000000 118437.000000 6780.000000
53607529.000000 118493.000000 6662.000000
52522642.000000 116220.000000 9264.000000
52582628.000000 116417.000000 8928.000000
55412681.000000 122757.000000 1392.000000
55458676.000000 122717.000000 820.000000
54025910.000000 119373.000000 4805.000000
54417231.000000 120282.000000 4308.000000
52791238.000000 116739.000000 9153.000000
52839707.000000 117015.000000 8731.000000
53461889.000000 118218.000000 6292.000000
54272613.000000 120580.000000 4815.000000
54438531.000000 120617.000000 4136.000000
54650135.000000 121497.000000 3578.000000
54581985.000000 120728.000000 3116.000000
55412775.000000 122480.000000 1294.000000
53588390.000000 118488.000000 5974.000000
53328805.000000 118133.000000 7564.000000
54675828.000000 121480.000000 3574.000000
52924149.000000 117812.000000 8477.000000
52182462.000000 115599.000000 9634.000000
53355780.000000 118073.000000 6800.000000
55394826.000000 122667.000000 1464.000000
54854631.000000 121400.000000 2926.000000
54846660.000000 121288.000000 3054.000000
54555138.000000 120828.000000 3179.000000
54795718.000000 121438.000000 2544.000000
54168811.000000 119794.000000 3876.000000
54343025.000000 120291.000000 3850.000000
54188862.000000 119843.000000 4180.000000
53620542.000000 118752.000000 6565.000000
54721125.000000 121114.000000 3251.000000
55214921.000000 122098.000000 2092.000000
55133201.000000 122563.000000 2010.000000
55634337.000000 123164.000000 599.000000
55502656.000000 122882.000000 1003.000000
