56199902.000000 121051.000000 0.000000
56074850.000000 120565.000000 0.000000
56068778.000000 120540.000000 0.000000
55997042.000000 120669.000000 680.000000
56214368.000000 121024.000000 0.000000
56156856.000000 121023.000000 100.000000
56210414.000000 121299.000000 0.000000
56203991.000000 121069.000000 0.000000
56217745.000000 121195.000000 0.000000
56100832.000000 120439.000000 0.000000
56130254.000000 120731.000000 0.000000
56126542.000000 120849.000000 0.000000
56122410.000000 120611.000000 35.000000
56205316.000000 121166.000000 0.000000
56121400.000000 120774.000000 0.000000
56111043.000000 120742.000000 0.000000
56129605.000000 120777.000000 0.000000
56071030.000000 120540.000000 0.000000
56202166.000000 121112.000000 0.000000
56202338.000000 121080.000000 0.000000
56074246.000000 120654.000000 0.000000
56217137.000000 121144.000000 0.000000
56180744.000000 121003.000000 0.000000
56195037.000000 121111.000000 0.000000
56219486.000000 121043.000000 0.000000
56192937.000000 121114.000000 0.000000
56189161.000000 121219.000000 0.000000
56206436.000000 121109.000000 0.000000
56203213.000000 120886.000000 0.000000
56207395.000000 121214.000000 0.000000
56061517.000000 120611.000000 0.000000
56087794.000000 120721.000000 0.000000
56203228.000000 121035.000000 0.000000
55854993.000000 120003.000000 0.000000
56111624.000000 120702.000000 0.000000
56122906.000000 120600.000000 0.000000
56146552.000000 121146.000000 0.000000
56132648.000000 120950.000000 0.000000
56110609.000000 120856.000000 0.000000
56077996.000000 120715.000000 0.000000
56123941.000000 120661.000000 8.000000
56119886.000000 120654.000000 0.000000
56206885.000000 121052.000000 0.000000
56188117.000000 120995.000000 0.000000
56215227.000000 121106.000000 0.000000
56214507.000000 121027.000000 0.000000
56197238.000000 121118.000000 0.000000
56131773.000000 120509.000000 0.000000
56207049.000000 121073.000000 0.000000
56052618.000000 120565.000000 0.000000
56116761.000000 120704.000000 0.000000
56075160.000000 120699.000000 0.000000
56194954.000000 121096.000000 0.000000
56124715.000000 120834.000000 0.000000
56204165.000000 121248.000000 0.000000
56080677.000000 120714.000000 0.000000
56069724.000000 120672.000000 0.000000
56133658.000000 120649.000000 0.000000
56213099.000000 121178.000000 0.000000
56103209.000000 120750.000000 45.000000
56197810.000000 121020.000000 0.000000
56179244.000000 121093.000000 0.000000
56142919.000000 120837.000000 0.000000
56199152.000000 121081.000000 0.000000
56189930.000000 121195.000000 0.000000
56200576.000000 121213.000000 0.000000
56078862.000000 120569.000000 0.000000
56219341.000000 121102.000000 0.000000
56108912.000000 120796.000000 0.000000
56100686.000000 120695.000000 0.000000
55721982.000000 119861.000000 1027.000000
56115017.000000 120639.000000 0.000000
56069777.000000 120753.000000 0.000000
56211496.000000 121263.000000 0.000000
56154074.000000 120912.000000 0.000000
56051758.000000 120744.000000 0.000000
56056842.000000 120533.000000 0.000000
56184663.000000 120971.000000 0.000000
56195884.000000 121014.000000 0.000000
56211309.000000 121091.000000 0.000000
56196679.000000 121061.000000 0.000000
56073846.000000 120582.000000 0.000000
56077534.000000 120478.000000 31.000000
55782207.000000 119802.000000 955.000000
56037290.000000 120627.000000 0.000000
56185869.000000 121210.000000 0.000000
56219712.000000 121060.000000 0.000000
56114314.000000 120719.000000 0.000000
56139612.000000 120746.000000 0.000000
56127061.000000 120789.000000 0.000000
56178236.000000 121106.000000 0.000000
56079072.000000 120496.000000 0.000000
56206994.000000 121304.000000 0.000000
56199343.000000 121074.000000 0.000000
56178384.000000 121031.000000 0.000000
56057714.000000 120903.000000 609.000000
56184777.000000 121296.000000 0.000000
56208766.000000 121080.000000 0.000000
56207597.000000 121281.000000 0.000000
55349044.000000 119108.000000 1983.000000
