56172780.000000 121067.000000 0.000000
56148546.000000 121001.000000 0.000000
56091982.000000 120615.000000 0.000000
56148633.000000 121054.000000 0.000000
56157096.000000 121068.000000 0.000000
56149766.000000 121179.000000 0.000000
56097417.000000 120628.000000 0.000000
56188098.000000 121193.000000 0.000000
56165405.000000 121109.000000 0.000000
56155810.000000 120927.000000 0.000000
56158199.000000 120951.000000 0.000000
56091974.000000 120745.000000 0.000000
56084526.000000 120458.000000 0.000000
56068983.000000 120558.000000 0.000000
56166728.000000 121174.000000 0.000000
56144451.000000 121012.000000 0.000000
56094298.000000 120549.000000 0.000000
56099777.000000 120672.000000 0.000000
56071038.000000 120744.000000 0.000000
56074474.000000 120658.000000 0.000000
56094688.000000 120554.000000 0.000000
56141614.000000 121138.000000 0.000000
56081507.000000 120538.000000 0.000000
56093278.000000 120684.000000 0.000000
56173666.000000 121176.000000 0.000000
56172200.000000 121012.000000 0.000000
56163530.000000 121002.000000 0.000000
56180012.000000 121155.000000 0.000000
55948113.000000 120674.000000 0.000000
56108014.000000 120574.000000 0.000000
56116185.000000 120621.000000 0.000000
56174789.000000 121153.000000 0.000000
56128461.000000 120941.000000 0.000000
56102271.000000 120660.000000 0.000000
56172338.000000 120969.000000 0.000000
56101018.000000 120586.000000 0.000000
56166788.000000 120993.000000 0.000000
56178299.000000 121136.000000 0.000000
56092607.000000 120531.000000 0.000000
56166630.000000 121100.000000 0.000000
56071893.000000 120538.000000 0.000000
56154287.000000 121078.000000 0.000000
56081292.000000 120611.000000 0.000000
56141341.000000 121092.000000 0.000000
56168828.000000 121119.000000 0.000000
56166256.000000 121121.000000 0.000000
56148679.000000 121105.000000 0.000000
56173386.000000 121067.000000 0.000000
56175007.000000 121129.000000 0.000000
56156981.000000 121177.000000 0.000000
56170811.000000 121161.000000 0.000000
56179069.000000 121190.000000 0.000000
56164107.000000 121052.000000 0.000000
56174260.000000 121145.000000 0.000000
56087612.000000 120684.000000 0.000000
56170745.000000 121048.000000 0.000000
56086939.000000 120531.000000 0.000000
56165100.000000 121114.000000 0.000000
56096902.000000 120710.000000 0.000000
56162733.000000 121312.000000 0.000000
56187592.000000 121141.000000 0.000000
56092228.000000 120559.000000 0.000000
56172403.000000 121128.000000 0.000000
56039733.000000 120577.000000 0.000000
56105377.000000 120691.000000 0.000000
56150568.000000 120904.000000 0.000000
56141472.000000 120976.000000 0.000000
56062043.000000 120618.000000 0.000000
56150348.000000 121147.000000 0.000000
56164231.000000 121002.000000 0.000000
56081440.000000 120583.000000 0.000000
56104282.000000 120584.000000 0.000000
56179286.000000 121001.000000 0.000000
56129521.000000 120921.000000 0.000000
56168970.000000 121089.000000 0.000000
56174709.000000 121239.000000 0.000000
56173775.000000 121112.000000 0.000000
56097940.000000 120522.000000 0.000000
56098674.000000 120738.000000 0.000000
56084167.000000 120726.000000 0.000000
56181346.000000 121045.000000 0.000000
56164008.000000 121158.000000 0.000000
56091843.000000 120657.000000 0.000000
56076411.000000 120594.000000 0.000000
56103755.000000 120523.000000 0.000000
56092075.000000 120654.000000 0.000000
55682149.000000 120145.000000 0.000000
56098510.000000 120673.000000 0.000000
56175114.000000 121137.000000 0.000000
56162565.000000 120954.000000 0.000000
56145726.000000 121057.000000 0.000000
56096984.000000 120645.000000 0.000000
56157127.000000 121126.000000 0.000000
56092811.000000 120516.000000 0.000000
56079792.000000 120540.000000 0.000000
56069555.000000 120541.000000 0.000000
55667813.000000 120128.000000 0.000000
56165534.000000 121106.000000 0.000000
56161619.000000 120961.000000 0.000000
56084669.000000 120607.000000 0.000000
