55810148.000000 120067.000000 0.000000
55787955.000000 119950.000000 0.000000
55795975.000000 120127.000000 0.000000
55819962.000000 120122.000000 0.000000
55804940.000000 120057.000000 0.000000
55803465.000000 120070.000000 0.000000
55789890.000000 120063.000000 0.000000
55805278.000000 120083.000000 0.000000
55792420.000000 120108.000000 0.000000
55854997.000000 120427.000000 0.000000
55801903.000000 120092.000000 0.000000
55866026.000000 120546.000000 0.000000
55805553.000000 120257.000000 0.000000
55795720.000000 120071.000000 0.000000
55826960.000000 120394.000000 0.000000
55804742.000000 120206.000000 0.000000
55841285.000000 120448.000000 0.000000
55822780.000000 120232.000000 0.000000
55839471.000000 120496.000000 0.000000
55772076.000000 120088.000000 0.000000
55794221.000000 120080.000000 0.000000
55859717.000000 120550.000000 0.000000
55741928.000000 120155.000000 0.000000
55854784.000000 120662.000000 0.000000
55789677.000000 120099.000000 0.000000
55815898.000000 120129.000000 0.000000
55786146.000000 120077.000000 0.000000
55899847.000000 120474.000000 0.000000
55798664.000000 120195.000000 0.000000
55835668.000000 120387.000000 0.000000
55855818.000000 120555.000000 0.000000
55808850.000000 120146.000000 0.000000
55794554.000000 120053.000000 0.000000
55877199.000000 120576.000000 0.000000
55808391.000000 120109.000000 0.000000
55808325.000000 120100.000000 0.000000
55820573.000000 120557.000000 0.000000
55872825.000000 120543.000000 0.000000
55862291.000000 120555.000000 0.000000
55887007.000000 120546.000000 0.000000
55818503.000000 120086.000000 0.000000
55787009.000000 120069.000000 0.000000
55800068.000000 120182.000000 0.000000
55785005.000000 120113.000000 0.000000
55804515.000000 120140.000000 0.000000
55793972.000000 120314.000000 0.000000
55871914.000000 120633.000000 0.000000
55801403.000000 120260.000000 0.000000
55789132.000000 120158.000000 0.000000
55857164.000000 120688.000000 0.000000
55891086.000000 120551.000000 0.000000
55815533.000000 120159.000000 0.000000
55814491.000000 120080.000000 0.000000
55810983.000000 120083.000000 0.000000
55785785.000000 120008.000000 0.000000
55902981.000000 120534.000000 0.000000
55781322.000000 120203.000000 0.000000
55812173.000000 120103.000000 0.000000
55805853.000000 120165.000000 0.000000
55802184.000000 120139.000000 0.000000
55798236.000000 120022.000000 0.000000
55792745.000000 120206.000000 0.000000
55796045.000000 119965.000000 0.000000
55801740.000000 120130.000000 0.000000
55813372.000000 120108.000000 0.000000
55845070.000000 120454.000000 0.000000
55871526.000000 120494.000000 0.000000
55820450.000000 119991.000000 0.000000
55864928.000000 120608.000000 0.000000
55808117.000000 120063.000000 0.000000
55790437.000000 120127.000000 0.000000
55797971.000000 120152.000000 0.000000
55801354.000000 120096.000000 0.000000
55858363.000000 120563.000000 0.000000
55804274.000000 120121.000000 0.000000
55879934.000000 120645.000000 0.000000
55809497.000000 120138.000000 0.000000
55877998.000000 120564.000000 0.000000
55809011.000000 120191.000000 0.000000
55817879.000000 120049.000000 0.000000
55801881.000000 120150.000000 0.000000
55803293.000000 120044.000000 0.000000
55793534.000000 120148.000000 0.000000
55665884.000000 119782.000000 0.000000
55771140.000000 120175.000000 0.000000
55777782.000000 120029.000000 0.000000
55789964.000000 120170.000000 0.000000
55801335.000000 120021.000000 0.000000
55703754.000000 120146.000000 0.000000
55802656.000000 120168.000000 0.000000
55791684.000000 120113.000000 0.000000
55804799.000000 120241.000000 0.000000
55818746.000000 120161.000000 0.000000
55792017.000000 120076.000000 0.000000
55791306.000000 120110.000000 0.000000
55812103.000000 120148.000000 0.000000
55786237.000000 120009.000000 0.000000
55798994.000000 120186.000000 0.000000
55794798.000000 120118.000000 0.000000
55782294.000000 120227.000000 0.000000
