55946792.000000 120755.000000 0.000000
55953619.000000 120626.000000 0.000000
55951360.000000 120680.000000 0.000000
55849801.000000 120298.000000 0.000000
55928938.000000 120678.000000 0.000000
55950976.000000 120818.000000 0.000000
55940123.000000 120696.000000 0.000000
55968018.000000 120709.000000 0.000000
55932292.000000 120871.000000 0.000000
55939767.000000 120697.000000 0.000000
55950434.000000 120703.000000 0.000000
55947332.000000 120771.000000 0.000000
55973277.000000 120726.000000 0.000000
55969480.000000 120705.000000 0.000000
55975999.000000 120652.000000 0.000000
55934402.000000 120807.000000 0.000000
55921643.000000 120765.000000 0.000000
55934438.000000 120703.000000 0.000000
55966992.000000 120945.000000 0.000000
55947787.000000 120657.000000 0.000000
55974254.000000 120766.000000 0.000000
55974350.000000 120529.000000 0.000000
55902841.000000 120091.000000 0.000000
55924716.000000 120598.000000 0.000000
55962098.000000 120546.000000 0.000000
55937866.000000 120779.000000 0.000000
55938109.000000 120879.000000 0.000000
55969475.000000 120547.000000 0.000000
55850536.000000 120484.000000 0.000000
55963328.000000 120704.000000 0.000000
55945972.000000 120659.000000 0.000000
55929754.000000 120637.000000 0.000000
55959320.000000 120726.000000 0.000000
55971360.000000 120696.000000 0.000000
55937840.000000 120780.000000 0.000000
55950630.000000 120660.000000 0.000000
55963583.000000 120789.000000 0.000000
55887346.000000 120635.000000 12.000000
55943933.000000 120768.000000 0.000000
55943839.000000 120796.000000 0.000000
55460903.000000 119357.000000 0.000000
55960128.000000 120684.000000 0.000000
55945663.000000 120561.000000 0.000000
55943219.000000 120556.000000 0.000000
55945895.000000 120679.000000 0.000000
55934602.000000 120588.000000 0.000000
55957286.000000 120649.000000 0.000000
55951743.000000 120697.000000 0.000000
55792565.000000 120221.000000 0.000000
55942101.000000 120784.000000 0.000000
55935714.000000 120770.000000 0.000000
55966233.000000 120733.000000 0.000000
55962473.000000 120754.000000 0.000000
55955256.000000 120655.000000 0.000000
55485410.000000 119332.000000 0.000000
55966360.000000 120704.000000 0.000000
55808066.000000 120496.000000 0.000000
55951839.000000 120651.000000 0.000000
55937032.000000 120726.000000 0.000000
55923674.000000 120550.000000 0.000000
55951435.000000 120660.000000 0.000000
55940167.000000 120699.000000 0.000000
55928157.000000 120572.000000 0.000000
55842020.000000 120251.000000 0.000000
55942326.000000 120639.000000 0.000000
55888415.000000 120306.000000 0.000000
55957190.000000 120801.000000 0.000000
55943662.000000 120597.000000 0.000000
55936750.000000 120633.000000 0.000000
55959972.000000 120734.000000 0.000000
55874305.000000 120230.000000 0.000000
55927340.000000 120646.000000 0.000000
55944166.000000 120730.000000 0.000000
55943774.000000 120744.000000 0.000000
55938970.000000 120678.000000 0.000000
55877394.000000 120940.000000 0.000000
55918939.000000 120607.000000 0.000000
55947542.000000 120654.000000 0.000000
55941631.000000 120726.000000 0.000000
55807588.000000 120231.000000 0.000000
55964409.000000 120647.000000 0.000000
55964837.000000 120626.000000 0.000000
55902992.000000 120239.000000 0.000000
55938179.000000 120733.000000 0.000000
55957600.000000 120654.000000 0.000000
55963384.000000 120741.000000 0.000000
55928771.000000 120761.000000 0.000000
55948617.000000 120637.000000 0.000000
55946608.000000 120607.000000 0.000000
55941706.000000 120739.000000 0.000000
55964565.000000 120707.000000 0.000000
55953653.000000 120518.000000 0.000000
55904473.000000 120294.000000 0.000000
55954899.000000 120713.000000 0.000000
55940171.000000 120628.000000 0.000000
55941803.000000 120694.000000 0.000000
55917787.000000 120601.000000 0.000000
55958808.000000 120731.000000 0.000000
55941234.000000 120738.000000 0.000000
55938455.000000 120624.000000 0.000000
