55961702.000000 120733.000000 1.000000
55994230.000000 120863.000000 0.000000
55968374.000000 120981.000000 0.000000
55882253.000000 120363.000000 0.000000
55984560.000000 120819.000000 0.000000
55985234.000000 120812.000000 0.000000
55907437.000000 120781.000000 0.000000
55966581.000000 120727.000000 0.000000
55875296.000000 120208.000000 0.000000
55985756.000000 120765.000000 0.000000
55983241.000000 120799.000000 0.000000
55974498.000000 120805.000000 0.000000
55972320.000000 120761.000000 0.000000
55998471.000000 120739.000000 0.000000
55902999.000000 120254.000000 0.000000
55914735.000000 120429.000000 0.000000
55838186.000000 120444.000000 0.000000
55974254.000000 120730.000000 0.000000
55896059.000000 120278.000000 0.000000
55980388.000000 120771.000000 0.000000
55895869.000000 120227.000000 0.000000
55976601.000000 120751.000000 0.000000
55901144.000000 120380.000000 0.000000
55976304.000000 120613.000000 0.000000
55960423.000000 120778.000000 0.000000
55990760.000000 120731.000000 0.000000
55994154.000000 120789.000000 0.000000
55989564.000000 120740.000000 0.000000
55996639.000000 120886.000000 0.000000
55968490.000000 120829.000000 0.000000
55838688.000000 120620.000000 0.000000
55992880.000000 120850.000000 0.000000
55984495.000000 120719.000000 0.000000
55993810.000000 120758.000000 0.000000
55972910.000000 120726.000000 0.000000
55989338.000000 120668.000000 0.000000
55991942.000000 120597.000000 0.000000
55980051.000000 120789.000000 0.000000
55863310.000000 120669.000000 0.000000
55988741.000000 120697.000000 0.000000
55896323.000000 120402.000000 0.000000
55979274.000000 120783.000000 0.000000
56004476.000000 120759.000000 0.000000
55901365.000000 120378.000000 0.000000
55980780.000000 120736.000000 0.000000
55904137.000000 120323.000000 0.000000
56003718.000000 120768.000000 0.000000
55902941.000000 120268.000000 0.000000
55902294.000000 120219.000000 0.000000
55968889.000000 120743.000000 0.000000
55886104.000000 120353.000000 0.000000
55874791.000000 120479.000000 0.000000
55994203.000000 120857.000000 0.000000
55881912.000000 120197.000000 0.000000
55868385.000000 120703.000000 0.000000
55938890.000000 120622.000000 0.000000
55858105.000000 120637.000000 0.000000
55769663.000000 120400.000000 0.000000
56002546.000000 120914.000000 0.000000
55897930.000000 120336.000000 0.000000
55953207.000000 120794.000000 0.000000
55890476.000000 120281.000000 0.000000
55972112.000000 120779.000000 0.000000
55897681.000000 120326.000000 0.000000
55887652.000000 120197.000000 0.000000
55999863.000000 120826.000000 0.000000
55980277.000000 120718.000000 0.000000
55995655.000000 120765.000000 0.000000
55980916.000000 120759.000000 0.000000
55930938.000000 120744.000000 0.000000
55889891.000000 120263.000000 0.000000
55984471.000000 120964.000000 0.000000
55969626.000000 120774.000000 0.000000
55905579.000000 120409.000000 0.000000
55942403.000000 120508.000000 0.000000
55973129.000000 120648.000000 0.000000
55994240.000000 120846.000000 0.000000
55889042.000000 120155.000000 0.000000
55764069.000000 120346.000000 0.000000
55964508.000000 120782.000000 0.000000
55984209.000000 120795.000000 0.000000
55884357.000000 120184.000000 0.000000
55901707.000000 120166.000000 0.000000
55972941.000000 120824.000000 0.000000
55943627.000000 120782.000000 0.000000
55976139.000000 120817.000000 0.000000
55980246.000000 120821.000000 0.000000
55998276.000000 120964.000000 0.000000
55967793.000000 120661.000000 0.000000
55902298.000000 120313.000000 0.000000
55981529.000000 120961.000000 0.000000
55747086.000000 120391.000000 0.000000
55978779.000000 120754.000000 0.000000
55890955.000000 120100.000000 0.000000
55980765.000000 120791.000000 0.000000
55957093.000000 120874.000000 0.000000
55982982.000000 120768.000000 0.000000
55852241.000000 120678.000000 0.000000
55730536.000000 120198.000000 0.000000
55968409.000000 120802.000000 0.000000
