56091326.000000 122112.000000 0.000000
55991797.000000 121694.000000 0.000000
55845521.000000 121298.000000 0.000000
56039383.000000 121777.000000 0.000000
56030313.000000 121788.000000 0.000000
56056482.000000 121645.000000 0.000000
56038354.000000 121730.000000 0.000000
56203547.000000 121213.000000 0.000000
55931578.000000 121966.000000 0.000000
56106986.000000 122131.000000 0.000000
56122897.000000 122095.000000 0.000000
56155020.000000 121864.000000 0.000000
56128967.000000 122534.000000 0.000000
56065012.000000 122269.000000 0.000000
56060141.000000 121854.000000 0.000000
56063214.000000 121773.000000 0.000000
56018666.000000 121934.000000 0.000000
56044291.000000 121694.000000 0.000000
56046578.000000 121561.000000 0.000000
56046521.000000 121670.000000 0.000000
56155313.000000 122129.000000 0.000000
56152246.000000 120717.000000 0.000000
56042103.000000 121858.000000 0.000000
56052388.000000 121917.000000 0.000000
56041431.000000 121756.000000 0.000000
56048290.000000 121788.000000 0.000000
56180208.000000 120967.000000 0.000000
56128167.000000 122406.000000 0.000000
56061821.000000 121709.000000 0.000000
56060284.000000 121714.000000 0.000000
56132368.000000 122260.000000 0.000000
56049871.000000 121641.000000 0.000000
56044365.000000 121813.000000 0.000000
56138668.000000 122528.000000 0.000000
56006111.000000 121717.000000 0.000000
56029729.000000 121643.000000 0.000000
56033667.000000 121769.000000 0.000000
56177718.000000 121158.000000 0.000000
56042257.000000 121675.000000 0.000000
56040711.000000 121740.000000 0.000000
56067123.000000 121715.000000 0.000000
56043686.000000 121715.000000 0.000000
56021789.000000 121674.000000 0.000000
56053939.000000 121874.000000 0.000000
56038115.000000 121934.000000 0.000000
56093587.000000 121080.000000 0.000000
56212862.000000 121106.000000 0.000000
56164578.000000 121571.000000 0.000000
56035979.000000 121827.000000 0.000000
56026687.000000 122160.000000 0.000000
56025536.000000 121667.000000 0.000000
56044068.000000 121810.000000 0.000000
56000978.000000 121601.000000 0.000000
56042912.000000 121814.000000 0.000000
56036724.000000 121827.000000 0.000000
56026018.000000 121665.000000 0.000000
56032484.000000 121745.000000 0.000000
56020350.000000 121590.000000 0.000000
56049752.000000 121840.000000 0.000000
56019332.000000 121883.000000 0.000000
56029447.000000 121555.000000 0.000000
56024860.000000 121793.000000 0.000000
56041329.000000 121658.000000 0.000000
56018067.000000 121708.000000 0.000000
56055977.000000 121822.000000 0.000000
56000072.000000 121754.000000 0.000000
56204060.000000 121140.000000 0.000000
56191529.000000 121176.000000 0.000000
56029090.000000 121897.000000 0.000000
56065318.000000 122001.000000 0.000000
56033574.000000 121603.000000 0.000000
56072345.000000 122257.000000 0.000000
56018089.000000 121745.000000 0.000000
55829742.000000 121139.000000 0.000000
56046114.000000 121710.000000 0.000000
56029273.000000 121645.000000 0.000000
56070924.000000 121717.000000 0.000000
56176874.000000 121247.000000 0.000000
56050784.000000 121680.000000 0.000000
56033598.000000 121848.000000 0.000000
56053884.000000 121793.000000 0.000000
56025882.000000 121836.000000 0.000000
56013975.000000 121734.000000 0.000000
56021189.000000 121685.000000 0.000000
56069534.000000 121626.000000 0.000000
56216430.000000 121216.000000 0.000000
56033739.000000 121754.000000 0.000000
56046682.000000 121748.000000 0.000000
56045399.000000 121782.000000 0.000000
56040989.000000 121877.000000 0.000000
55907314.000000 121367.000000 0.000000
56046317.000000 121640.000000 0.000000
56029240.000000 121775.000000 0.000000
56108280.000000 122255.000000 0.000000
56037431.000000 121609.000000 0.000000
56046784.000000 121666.000000 0.000000
56132003.000000 122307.000000 0.000000
56042403.000000 121685.000000 0.000000
56095035.000000 122495.000000 0.000000
56036918.000000 121593.000000 0.000000
