56058469.000000 120529.000000 0.000000
56045431.000000 120762.000000 0.000000
56057731.000000 120592.000000 0.000000
56073279.000000 120678.000000 0.000000
56060994.000000 120509.000000 0.000000
56071260.000000 120590.000000 0.000000
56051394.000000 120575.000000 0.000000
56047731.000000 120458.000000 0.000000
56053343.000000 120521.000000 0.000000
56045992.000000 120626.000000 0.000000
56047867.000000 120593.000000 0.000000
56046705.000000 120600.000000 0.000000
56150985.000000 121008.000000 0.000000
56139797.000000 121035.000000 0.000000
56112477.000000 120445.000000 0.000000
56147616.000000 120936.000000 0.000000
56172307.000000 120799.000000 0.000000
56072587.000000 120523.000000 0.000000
56046563.000000 120509.000000 0.000000
56044696.000000 120530.000000 0.000000
56060622.000000 120507.000000 0.000000
56064647.000000 120786.000000 196.000000
56061053.000000 120617.000000 0.000000
56065918.000000 120439.000000 0.000000
56065248.000000 120565.000000 0.000000
56073704.000000 120527.000000 0.000000
56054021.000000 120662.000000 0.000000
56037583.000000 120582.000000 0.000000
56025317.000000 120482.000000 71.000000
56061736.000000 120582.000000 0.000000
56154727.000000 120979.000000 0.000000
56058644.000000 120644.000000 0.000000
56049852.000000 120559.000000 11.000000
56058393.000000 120657.000000 0.000000
56137758.000000 121025.000000 0.000000
56138806.000000 121017.000000 0.000000
56062961.000000 120657.000000 0.000000
56030175.000000 120514.000000 0.000000
56154763.000000 121049.000000 0.000000
56061875.000000 120438.000000 0.000000
56058737.000000 120514.000000 0.000000
56053841.000000 120629.000000 0.000000
56043101.000000 120657.000000 0.000000
56036066.000000 120457.000000 0.000000
56070390.000000 120503.000000 0.000000
56143890.000000 120904.000000 0.000000
56153869.000000 121037.000000 0.000000
56153034.000000 120957.000000 0.000000
56152140.000000 121005.000000 0.000000
56142600.000000 120999.000000 0.000000
56046978.000000 120628.000000 11.000000
56074277.000000 120953.000000 0.000000
56160125.000000 120919.000000 0.000000
56046576.000000 120594.000000 0.000000
56134442.000000 121054.000000 0.000000
56042879.000000 120603.000000 0.000000
56063029.000000 120755.000000 0.000000
56048647.000000 120628.000000 0.000000
56062134.000000 120587.000000 0.000000
56161001.000000 120933.000000 0.000000
56082726.000000 120892.000000 0.000000
56135624.000000 121058.000000 0.000000
56019373.000000 120539.000000 47.000000
56161399.000000 121044.000000 0.000000
56068920.000000 120565.000000 0.000000
56164102.000000 121059.000000 0.000000
55289637.000000 119147.000000 2006.000000
55043325.000000 118349.000000 2797.000000
56153964.000000 120996.000000 0.000000
56086243.000000 120658.000000 0.000000
56013883.000000 120446.000000 0.000000
56069864.000000 120583.000000 0.000000
56091252.000000 120653.000000 0.000000
56076062.000000 120640.000000 0.000000
56053549.000000 120517.000000 0.000000
56056119.000000 120564.000000 0.000000
56049827.000000 120514.000000 0.000000
56038974.000000 120588.000000 0.000000
56093597.000000 120826.000000 0.000000
56147094.000000 120908.000000 0.000000
56077345.000000 120607.000000 0.000000
56050704.000000 120551.000000 0.000000
56143140.000000 121073.000000 0.000000
56164191.000000 121103.000000 0.000000
56128901.000000 120801.000000 0.000000
56047892.000000 120690.000000 0.000000
56048487.000000 120632.000000 0.000000
56064938.000000 120654.000000 0.000000
56008278.000000 120500.000000 0.000000
56138443.000000 120952.000000 0.000000
56060349.000000 120709.000000 0.000000
56149914.000000 120992.000000 0.000000
56171062.000000 121044.000000 0.000000
56133261.000000 120984.000000 0.000000
56118449.000000 121068.000000 0.000000
56143141.000000 120964.000000 0.000000
56061805.000000 120615.000000 0.000000
56071626.000000 120733.000000 0.000000
56133577.000000 121082.000000 0.000000
56099521.000000 120982.000000 0.000000
