55999922.000000 120496.000000 0.000000
55975100.000000 120393.000000 0.000000
55978344.000000 120548.000000 0.000000
56004390.000000 120524.000000 0.000000
55992617.000000 120438.000000 0.000000
55983572.000000 120441.000000 0.000000
55886805.000000 120394.000000 0.000000
55847348.000000 120218.000000 0.000000
55947776.000000 120466.000000 0.000000
55991469.000000 120570.000000 0.000000
55986066.000000 120528.000000 0.000000
55968017.000000 120586.000000 0.000000
55980973.000000 120383.000000 0.000000
55971355.000000 120418.000000 0.000000
55992520.000000 120460.000000 0.000000
55986683.000000 120352.000000 0.000000
55973600.000000 120414.000000 0.000000
56080594.000000 121097.000000 0.000000
55961008.000000 120424.000000 0.000000
55971781.000000 120513.000000 0.000000
55956077.000000 120584.000000 0.000000
55977691.000000 120368.000000 0.000000
56003195.000000 120386.000000 0.000000
55985554.000000 120468.000000 0.000000
55996445.000000 120488.000000 0.000000
55966209.000000 120473.000000 0.000000
55976490.000000 120609.000000 0.000000
55967139.000000 120503.000000 0.000000
55976941.000000 120468.000000 0.000000
55963864.000000 120465.000000 0.000000
55982667.000000 120402.000000 0.000000
56003615.000000 120589.000000 0.000000
55967132.000000 120465.000000 0.000000
55966543.000000 120413.000000 0.000000
55969594.000000 120472.000000 0.000000
55970523.000000 120473.000000 0.000000
56086762.000000 120928.000000 0.000000
55976352.000000 120473.000000 0.000000
55987501.000000 120459.000000 0.000000
55999477.000000 120489.000000 0.000000
55968980.000000 120424.000000 0.000000
56008780.000000 120443.000000 0.000000
55984978.000000 120405.000000 0.000000
55938287.000000 120379.000000 0.000000
55995801.000000 120452.000000 0.000000
55979280.000000 120483.000000 0.000000
55985141.000000 120416.000000 0.000000
55955043.000000 120454.000000 0.000000
55971078.000000 120634.000000 0.000000
55909942.000000 120484.000000 0.000000
55990857.000000 120397.000000 0.000000
55991612.000000 120528.000000 0.000000
55972116.000000 120440.000000 0.000000
55974173.000000 120375.000000 0.000000
55998192.000000 120433.000000 0.000000
55977216.000000 120511.000000 0.000000
55971574.000000 120441.000000 0.000000
56006076.000000 120653.000000 0.000000
55835075.000000 120151.000000 0.000000
55980194.000000 120400.000000 0.000000
55982800.000000 120495.000000 0.000000
55983347.000000 120410.000000 0.000000
55964064.000000 120454.000000 0.000000
56000050.000000 120500.000000 0.000000
55967913.000000 120467.000000 0.000000
55963855.000000 120486.000000 0.000000
55977938.000000 120487.000000 0.000000
55983662.000000 120438.000000 0.000000
55961880.000000 120445.000000 0.000000
56001661.000000 120510.000000 0.000000
55967920.000000 120569.000000 0.000000
55989667.000000 120433.000000 0.000000
55992697.000000 120377.000000 0.000000
55981309.000000 120493.000000 0.000000
55985507.000000 120450.000000 0.000000
55973409.000000 120519.000000 0.000000
55981823.000000 120427.000000 0.000000
55517791.000000 120882.000000 0.000000
55980663.000000 120467.000000 0.000000
55981399.000000 120426.000000 0.000000
55996096.000000 120504.000000 0.000000
55999715.000000 120515.000000 0.000000
55983563.000000 120402.000000 0.000000
55994064.000000 120415.000000 0.000000
55983028.000000 120549.000000 0.000000
56006950.000000 120447.000000 0.000000
55990191.000000 120439.000000 0.000000
55977056.000000 120405.000000 0.000000
55992491.000000 120556.000000 0.000000
56001781.000000 120478.000000 0.000000
55967937.000000 120541.000000 0.000000
55999220.000000 120425.000000 0.000000
55974415.000000 120439.000000 0.000000
55968655.000000 120478.000000 0.000000
55982962.000000 120358.000000 0.000000
55965789.000000 120641.000000 0.000000
55984480.000000 120482.000000 0.000000
56018731.000000 120817.000000 0.000000
55986123.000000 120481.000000 0.000000
55979263.000000 120486.000000 0.000000
