55887010.000000 120281.000000 0.000000
55854232.000000 120165.000000 0.000000
55880429.000000 120307.000000 0.000000
55874765.000000 120209.000000 0.000000
55865025.000000 120233.000000 0.000000
55868991.000000 120197.000000 0.000000
55856855.000000 120222.000000 0.000000
55864372.000000 120207.000000 0.000000
55846146.000000 120272.000000 0.000000
55844540.000000 120290.000000 0.000000
55839438.000000 120357.000000 0.000000
55858212.000000 120383.000000 0.000000
55881547.000000 120252.000000 0.000000
55866349.000000 120187.000000 0.000000
55812109.000000 120236.000000 0.000000
55867059.000000 120367.000000 0.000000
55852493.000000 120264.000000 0.000000
55873477.000000 120142.000000 0.000000
55872574.000000 120185.000000 0.000000
55864589.000000 120253.000000 0.000000
55867425.000000 120165.000000 0.000000
55853794.000000 120243.000000 0.000000
55861009.000000 120294.000000 0.000000
55860247.000000 120334.000000 0.000000
55870977.000000 120241.000000 0.000000
55866238.000000 120267.000000 0.000000
55568814.000000 119727.000000 0.000000
55872131.000000 120320.000000 0.000000
55839305.000000 120190.000000 0.000000
55862007.000000 120263.000000 0.000000
55862919.000000 120168.000000 0.000000
55871209.000000 120210.000000 0.000000
55866482.000000 120249.000000 0.000000
55874267.000000 120289.000000 0.000000
55867744.000000 120401.000000 0.000000
55876326.000000 120318.000000 0.000000
55878165.000000 120194.000000 0.000000
55868192.000000 120446.000000 0.000000
55869767.000000 120262.000000 0.000000
55870483.000000 120279.000000 0.000000
55885552.000000 120237.000000 0.000000
55863419.000000 120268.000000 0.000000
55881108.000000 120168.000000 0.000000
55875651.000000 120301.000000 0.000000
55877998.000000 120274.000000 0.000000
55857465.000000 120225.000000 0.000000
55852624.000000 120019.000000 0.000000
55874163.000000 120177.000000 0.000000
55872375.000000 120160.000000 0.000000
55864354.000000 120156.000000 0.000000
55879114.000000 120355.000000 0.000000
55892618.000000 120152.000000 0.000000
55870601.000000 120264.000000 0.000000
55866606.000000 120195.000000 0.000000
55871734.000000 120106.000000 0.000000
55876118.000000 120209.000000 0.000000
55878827.000000 120192.000000 0.000000
55872351.000000 120248.000000 0.000000
55877709.000000 120239.000000 0.000000
55867726.000000 120267.000000 0.000000
55861364.000000 120201.000000 0.000000
55816839.000000 120222.000000 0.000000
55855594.000000 120460.000000 0.000000
55856863.000000 120451.000000 0.000000
55882298.000000 120322.000000 0.000000
55878649.000000 120235.000000 0.000000
55890041.000000 120324.000000 0.000000
55874359.000000 120294.000000 0.000000
55854202.000000 120270.000000 0.000000
55870254.000000 120175.000000 0.000000
55863996.000000 120212.000000 0.000000
55870292.000000 120178.000000 0.000000
55861135.000000 120148.000000 0.000000
55846417.000000 120229.000000 0.000000
55849003.000000 120507.000000 0.000000
55886681.000000 120096.000000 0.000000
55880797.000000 120312.000000 0.000000
55870770.000000 120136.000000 0.000000
55869658.000000 120231.000000 0.000000
55870930.000000 120306.000000 0.000000
55847875.000000 120235.000000 0.000000
55868968.000000 120237.000000 0.000000
55425747.000000 119245.000000 0.000000
55867494.000000 120342.000000 0.000000
55870876.000000 120338.000000 0.000000
55875093.000000 120238.000000 0.000000
55895931.000000 120199.000000 0.000000
55874691.000000 120188.000000 0.000000
55860704.000000 120272.000000 0.000000
55721268.000000 119930.000000 0.000000
55874860.000000 120284.000000 0.000000
55849502.000000 120147.000000 0.000000
55857602.000000 120245.000000 0.000000
55854853.000000 120186.000000 0.000000
55880975.000000 120228.000000 0.000000
55800790.000000 120044.000000 0.000000
55875367.000000 120354.000000 0.000000
55882679.000000 120197.000000 0.000000
55870684.000000 120440.000000 0.000000
55952198.000000 120652.000000 0.000000
