55957432.000000 120496.000000 0.000000
56004511.000000 120501.000000 0.000000
55958650.000000 120559.000000 0.000000
55999632.000000 120557.000000 0.000000
56002470.000000 120470.000000 0.000000
56008040.000000 120439.000000 0.000000
55992104.000000 120487.000000 0.000000
55983765.000000 120392.000000 0.000000
55992370.000000 120393.000000 0.000000
55984754.000000 120543.000000 0.000000
55987499.000000 120612.000000 0.000000
55974143.000000 120532.000000 0.000000
56001203.000000 120499.000000 0.000000
55998709.000000 120580.000000 0.000000
55967164.000000 120418.000000 0.000000
55991273.000000 120664.000000 0.000000
55993190.000000 120477.000000 0.000000
55976382.000000 120529.000000 0.000000
55963955.000000 120419.000000 0.000000
55991203.000000 120562.000000 0.000000
56008472.000000 120285.000000 0.000000
55997481.000000 120400.000000 0.000000
56000654.000000 120608.000000 0.000000
55992327.000000 120435.000000 0.000000
55988500.000000 120514.000000 0.000000
55990476.000000 120508.000000 0.000000
55987837.000000 120452.000000 0.000000
55525031.000000 120924.000000 0.000000
55971863.000000 120570.000000 0.000000
55997264.000000 120383.000000 0.000000
56007630.000000 120569.000000 0.000000
56026390.000000 120559.000000 0.000000
55971819.000000 120493.000000 0.000000
56010115.000000 120506.000000 0.000000
56006798.000000 120494.000000 0.000000
55979994.000000 120461.000000 0.000000
55994032.000000 120592.000000 0.000000
55974131.000000 120621.000000 0.000000
55972580.000000 120423.000000 0.000000
55970185.000000 120442.000000 0.000000
55954783.000000 120493.000000 0.000000
55971145.000000 120421.000000 0.000000
55972147.000000 120485.000000 0.000000
55978920.000000 120458.000000 0.000000
55961530.000000 120565.000000 0.000000
55981484.000000 120560.000000 0.000000
55987608.000000 120383.000000 0.000000
55957655.000000 120422.000000 0.000000
55964199.000000 120447.000000 0.000000
56008457.000000 120370.000000 0.000000
55988060.000000 120641.000000 0.000000
56016533.000000 120555.000000 0.000000
56000253.000000 120529.000000 0.000000
56009836.000000 120438.000000 0.000000
56003951.000000 120480.000000 0.000000
55976691.000000 120561.000000 0.000000
56006333.000000 120590.000000 0.000000
55989361.000000 120561.000000 0.000000
55989280.000000 120456.000000 0.000000
55982580.000000 120454.000000 0.000000
55968796.000000 120630.000000 0.000000
55995390.000000 120392.000000 0.000000
56005870.000000 120560.000000 0.000000
55989993.000000 120553.000000 0.000000
56008067.000000 120494.000000 0.000000
55976626.000000 120555.000000 0.000000
55994367.000000 120495.000000 0.000000
55943858.000000 120390.000000 0.000000
55987994.000000 120442.000000 0.000000
55978936.000000 120349.000000 0.000000
55960549.000000 120469.000000 0.000000
56012224.000000 120416.000000 0.000000
55993342.000000 120407.000000 0.000000
56013714.000000 120480.000000 0.000000
55981250.000000 120493.000000 0.000000
55963330.000000 120702.000000 0.000000
55993539.000000 120471.000000 0.000000
55984838.000000 120461.000000 0.000000
56004360.000000 120551.000000 0.000000
55982989.000000 120560.000000 0.000000
55974562.000000 120390.000000 0.000000
56000014.000000 120493.000000 0.000000
55980816.000000 120687.000000 0.000000
55936751.000000 120459.000000 0.000000
56012025.000000 120403.000000 0.000000
55991202.000000 120496.000000 0.000000
55998143.000000 120436.000000 0.000000
56003764.000000 120471.000000 0.000000
55954695.000000 120483.000000 0.000000
55973515.000000 120555.000000 0.000000
56053838.000000 120966.000000 0.000000
55856914.000000 120298.000000 0.000000
55995396.000000 120650.000000 0.000000
55984279.000000 120608.000000 0.000000
55974602.000000 120455.000000 0.000000
55991097.000000 120494.000000 0.000000
56006264.000000 120501.000000 0.000000
55911162.000000 120236.000000 0.000000
55998305.000000 120514.000000 0.000000
55998416.000000 120376.000000 0.000000
