55991989.000000 120445.000000 0.000000
56000554.000000 120572.000000 0.000000
55962436.000000 120348.000000 0.000000
55966435.000000 120423.000000 0.000000
55963336.000000 120424.000000 0.000000
56045977.000000 120862.000000 0.000000
56062530.000000 120937.000000 0.000000
55969571.000000 120407.000000 0.000000
55964162.000000 120382.000000 0.000000
55988315.000000 120430.000000 0.000000
56058632.000000 120752.000000 0.000000
56054638.000000 120908.000000 0.000000
55954684.000000 120359.000000 0.000000
56060195.000000 120953.000000 0.000000
55977038.000000 120541.000000 0.000000
56061845.000000 120919.000000 0.000000
56072186.000000 120882.000000 0.000000
56069208.000000 120845.000000 0.000000
56070542.000000 120852.000000 0.000000
55942849.000000 120529.000000 0.000000
55952737.000000 120456.000000 0.000000
56054089.000000 120969.000000 0.000000
56051351.000000 120911.000000 0.000000
56024848.000000 120532.000000 0.000000
55964861.000000 120413.000000 0.000000
56065000.000000 120745.000000 0.000000
55977557.000000 120437.000000 0.000000
55977967.000000 120418.000000 0.000000
56012182.000000 120585.000000 0.000000
55984678.000000 120479.000000 0.000000
55962594.000000 120332.000000 0.000000
55966204.000000 120442.000000 0.000000
55966020.000000 120506.000000 0.000000
55977207.000000 120384.000000 0.000000
55990099.000000 120368.000000 0.000000
56059206.000000 120752.000000 0.000000
55976435.000000 120418.000000 0.000000
56063276.000000 120776.000000 0.000000
56078645.000000 120729.000000 0.000000
55987119.000000 120465.000000 0.000000
56070525.000000 120842.000000 0.000000
56065176.000000 120915.000000 0.000000
56064346.000000 120749.000000 0.000000
56044347.000000 120823.000000 0.000000
55974595.000000 120415.000000 0.000000
55993616.000000 120508.000000 0.000000
55981519.000000 120325.000000 0.000000
55972765.000000 120435.000000 0.000000
56067491.000000 120981.000000 0.000000
55963193.000000 120312.000000 0.000000
55976142.000000 120512.000000 0.000000
56075136.000000 120795.000000 0.000000
55988624.000000 120505.000000 0.000000
56067078.000000 120816.000000 0.000000
56042822.000000 120813.000000 0.000000
56054514.000000 120823.000000 0.000000
56044976.000000 120864.000000 0.000000
55953373.000000 120383.000000 0.000000
56062039.000000 120812.000000 0.000000
56070018.000000 120939.000000 0.000000
55917083.000000 120571.000000 0.000000
55993128.000000 120481.000000 0.000000
56076360.000000 120744.000000 0.000000
56043552.000000 120904.000000 0.000000
56053868.000000 120972.000000 0.000000
56078566.000000 120864.000000 0.000000
55973610.000000 120348.000000 0.000000
55973527.000000 120501.000000 0.000000
55992454.000000 120484.000000 0.000000
56063164.000000 120871.000000 0.000000
56005466.000000 120625.000000 0.000000
55975375.000000 120455.000000 0.000000
55956478.000000 120527.000000 0.000000
55974149.000000 120371.000000 0.000000
56062548.000000 120892.000000 0.000000
56049653.000000 120793.000000 0.000000
56053828.000000 120885.000000 0.000000
55964281.000000 120381.000000 0.000000
56039509.000000 120659.000000 0.000000
56061584.000000 120832.000000 0.000000
55981864.000000 120496.000000 0.000000
55976800.000000 120328.000000 0.000000
55974282.000000 120434.000000 0.000000
56012116.000000 120616.000000 0.000000
55915353.000000 120204.000000 0.000000
55984521.000000 120509.000000 0.000000
56056458.000000 120814.000000 0.000000
55965977.000000 120352.000000 0.000000
56060975.000000 120815.000000 0.000000
56014347.000000 120732.000000 0.000000
55974885.000000 120530.000000 0.000000
56084241.000000 120726.000000 0.000000
56068036.000000 120824.000000 0.000000
55951325.000000 120450.000000 0.000000
55981722.000000 120463.000000 0.000000
56051507.000000 120722.000000 0.000000
56079802.000000 120986.000000 0.000000
55965673.000000 120428.000000 0.000000
56060355.000000 120925.000000 0.000000
55984597.000000 120333.000000 0.000000
