47817159.000000 105098.000000 24849.000000
46006766.000000 100349.000000 28629.000000
46623296.000000 101772.000000 28627.000000
48219048.000000 104703.000000 23971.000000
45593391.000000 98958.000000 30033.000000
47016927.000000 102296.000000 26364.000000
46667257.000000 101974.000000 27483.000000
46977151.000000 102428.000000 25844.000000
47235424.000000 101731.000000 26444.000000
47309217.000000 103195.000000 25357.000000
44944996.000000 98007.000000 32944.000000
47218124.000000 102335.000000 25360.000000
47613302.000000 103521.000000 25056.000000
45756720.000000 100032.000000 29619.000000
45454624.000000 98638.000000 31619.000000
46808371.000000 101410.000000 26843.000000
46941640.000000 103380.000000 26071.000000
48268202.000000 104564.000000 22872.000000
47091552.000000 101639.000000 27090.000000
47443541.000000 102798.000000 26027.000000
47409620.000000 103448.000000 25223.000000
46414942.000000 101310.000000 26509.000000
46316718.000000 100134.000000 28668.000000
47333746.000000 103390.000000 25436.000000
47898118.000000 104192.000000 23810.000000
45163126.000000 98709.000000 31927.000000
46943377.000000 101526.000000 27467.000000
48482483.000000 105440.000000 22551.000000
45752688.000000 99985.000000 30813.000000
46211356.000000 99856.000000 29557.000000
43922744.000000 95373.000000 36357.000000
47797457.000000 104048.000000 24045.000000
47161415.000000 102957.000000 25297.000000
43902969.000000 96380.000000 36170.000000
46543181.000000 100800.000000 28502.000000
45926007.000000 99898.000000 29404.000000
47535462.000000 103207.000000 24590.000000
49407031.000000 107067.000000 19645.000000
47917510.000000 103820.000000 24077.000000
45947462.000000 99207.000000 30085.000000
47628974.000000 102963.000000 25152.000000
46073966.000000 100286.000000 29634.000000
46588955.000000 101633.000000 28463.000000
48812062.000000 106272.000000 21899.000000
47761181.000000 103729.000000 25013.000000
47433697.000000 102863.000000 26506.000000
46584926.000000 102084.000000 28150.000000
47628403.000000 104063.000000 25185.000000
48251940.000000 105544.000000 23495.000000
45816558.000000 99239.000000 30503.000000
47446199.000000 102883.000000 25504.000000
47265067.000000 102076.000000 26454.000000
46819510.000000 102617.000000 26924.000000
47183094.000000 101629.000000 26287.000000
49677537.000000 108297.000000 18659.000000
47873192.000000 103341.000000 24399.000000
46855310.000000 101971.000000 27361.000000
48143977.000000 103565.000000 24045.000000
47058111.000000 102647.000000 27016.000000
47668621.000000 103269.000000 25039.000000
48333087.000000 104313.000000 23151.000000
47856908.000000 103677.000000 24361.000000
46526329.000000 101644.000000 27554.000000
48929345.000000 106386.000000 21270.000000
47404406.000000 104935.000000 25729.000000
44985316.000000 98444.000000 32102.000000
46829131.000000 101670.000000 28112.000000
44597849.000000 97300.000000 33747.000000
47027847.000000 101901.000000 26262.000000
47343781.000000 102011.000000 25776.000000
46199266.000000 100823.000000 29503.000000
49458691.000000 106561.000000 19674.000000
47306964.000000 102504.000000 25853.000000
46860210.000000 102548.000000 28017.000000
48500686.000000 105631.000000 21810.000000
47791844.000000 103417.000000 24367.000000
47158152.000000 101939.000000 26683.000000
47251166.000000 103148.000000 25654.000000
49198551.000000 106327.000000 20027.000000
48717870.000000 105807.000000 21489.000000
48546105.000000 105870.000000 21635.000000
47443279.000000 102803.000000 25023.000000
48139223.000000 104651.000000 23830.000000
48138463.000000 104288.000000 23627.000000
45288528.000000 98967.000000 32124.000000
48839660.000000 106033.000000 21494.000000
46426552.000000 100086.000000 28643.000000
47637836.000000 103008.000000 24719.000000
47027004.000000 101756.000000 26731.000000
46890784.000000 101529.000000 27900.000000
45387656.000000 98145.000000 30690.000000
45009109.000000 98069.000000 32069.000000
46523596.000000 101197.000000 27529.000000
46313923.000000 100911.000000 27239.000000
46751246.000000 102131.000000 26620.000000
49700050.000000 107508.000000 18764.000000
49121125.000000 107192.000000 20155.000000
47105649.000000 102537.000000 25165.000000
46660981.000000 102045.000000 26610.000000
46547879.000000 100995.000000 26910.000000
