56190379.000000 120857.000000 0.000000
56191760.000000 120895.000000 0.000000
56267859.000000 121435.000000 0.000000
56267072.000000 121431.000000 0.000000
56255691.000000 121448.000000 0.000000
56192168.000000 120891.000000 0.000000
56250678.000000 121263.000000 0.000000
56212360.000000 120846.000000 0.000000
56250757.000000 121067.000000 0.000000
56254989.000000 121173.000000 0.000000
56209613.000000 120834.000000 0.000000
56157997.000000 120881.000000 0.000000
56255878.000000 121426.000000 0.000000
56205634.000000 120937.000000 0.000000
56165604.000000 120844.000000 0.000000
56293444.000000 121373.000000 0.000000
56202601.000000 120926.000000 0.000000
56257978.000000 121401.000000 0.000000
56263792.000000 121349.000000 0.000000
56204661.000000 120922.000000 0.000000
56203268.000000 120827.000000 0.000000
56272007.000000 121335.000000 0.000000
56205323.000000 120832.000000 0.000000
56202928.000000 121001.000000 0.000000
56260602.000000 121488.000000 0.000000
56207644.000000 121134.000000 0.000000
56279587.000000 121389.000000 0.000000
56192338.000000 120915.000000 0.000000
56284802.000000 121432.000000 0.000000
56194356.000000 120852.000000 0.000000
56267160.000000 121327.000000 0.000000
56247389.000000 121407.000000 0.000000
56253697.000000 121433.000000 0.000000
56246457.000000 121338.000000 0.000000
56278097.000000 121342.000000 0.000000
56181990.000000 120906.000000 0.000000
56279546.000000 121536.000000 0.000000
56203775.000000 121059.000000 0.000000
56278785.000000 121429.000000 0.000000
56291926.000000 121441.000000 0.000000
56159707.000000 120768.000000 0.000000
56223242.000000 120862.000000 0.000000
56202998.000000 120966.000000 0.000000
56200027.000000 120988.000000 0.000000
56216238.000000 120971.000000 0.000000
56287673.000000 121449.000000 0.000000
56187346.000000 120945.000000 0.000000
56181042.000000 120903.000000 0.000000
56212740.000000 121209.000000 0.000000
56190222.000000 120906.000000 0.000000
56211581.000000 120892.000000 0.000000
56279076.000000 121495.000000 0.000000
56206286.000000 121173.000000 0.000000
56233663.000000 121200.000000 0.000000
56204630.000000 120761.000000 0.000000
56191498.000000 120850.000000 0.000000
56183553.000000 120782.000000 0.000000
56236755.000000 121381.000000 0.000000
56202449.000000 120907.000000 0.000000
56185997.000000 120815.000000 0.000000
56181494.000000 120781.000000 0.000000
56196551.000000 120817.000000 0.000000
56268927.000000 121382.000000 0.000000
56199019.000000 120654.000000 0.000000
56197654.000000 120946.000000 0.000000
56206730.000000 120926.000000 0.000000
56266997.000000 121458.000000 0.000000
56254775.000000 121194.000000 0.000000
56280080.000000 121507.000000 0.000000
56198647.000000 120742.000000 0.000000
56234101.000000 120925.000000 0.000000
56199243.000000 120921.000000 0.000000
56292508.000000 121390.000000 0.000000
56207616.000000 120979.000000 0.000000
56197309.000000 120951.000000 0.000000
56303403.000000 121274.000000 0.000000
56186187.000000 120906.000000 0.000000
56214439.000000 120825.000000 0.000000
56199527.000000 120912.000000 0.000000
56185584.000000 120790.000000 0.000000
56166850.000000 120871.000000 0.000000
56181782.000000 120953.000000 0.000000
56207486.000000 120832.000000 0.000000
56212991.000000 120837.000000 0.000000
56173547.000000 120900.000000 0.000000
56180986.000000 120952.000000 0.000000
56204888.000000 120951.000000 0.000000
56154001.000000 120935.000000 0.000000
56205994.000000 120870.000000 0.000000
56178784.000000 120776.000000 0.000000
56201539.000000 120861.000000 0.000000
56268963.000000 121348.000000 0.000000
56187056.000000 120878.000000 0.000000
56250440.000000 121294.000000 0.000000
56185113.000000 121013.000000 0.000000
56184378.000000 120836.000000 0.000000
56261362.000000 121381.000000 0.000000
56292061.000000 121406.000000 0.000000
56215871.000000 120825.000000 0.000000
56182630.000000 121036.000000 0.000000
