56036275.000000 122146.000000 0.000000
56043649.000000 121998.000000 0.000000
56059456.000000 122049.000000 0.000000
55927594.000000 121753.000000 0.000000
55972955.000000 121552.000000 0.000000
55665400.000000 119949.000000 0.000000
56048980.000000 122239.000000 0.000000
56054570.000000 122049.000000 0.000000
56036538.000000 122110.000000 0.000000
56111647.000000 122179.000000 0.000000
56056425.000000 122114.000000 0.000000
55978315.000000 121605.000000 0.000000
56026187.000000 122276.000000 0.000000
56055634.000000 122138.000000 0.000000
56052315.000000 122188.000000 0.000000
56033575.000000 121897.000000 0.000000
56036178.000000 122180.000000 0.000000
56051208.000000 122044.000000 0.000000
56008906.000000 121908.000000 0.000000
56027947.000000 122312.000000 0.000000
55942445.000000 121789.000000 0.000000
56050100.000000 122049.000000 0.000000
56051354.000000 122086.000000 0.000000
56045128.000000 122252.000000 0.000000
56044590.000000 122272.000000 0.000000
56061084.000000 122150.000000 0.000000
56062635.000000 122190.000000 0.000000
55938784.000000 121746.000000 0.000000
56041541.000000 122080.000000 0.000000
56034887.000000 122220.000000 0.000000
56011382.000000 122257.000000 0.000000
56041474.000000 122165.000000 0.000000
56059070.000000 122161.000000 0.000000
56051002.000000 122117.000000 0.000000
56034219.000000 122106.000000 0.000000
56046099.000000 122085.000000 0.000000
56032161.000000 122101.000000 0.000000
56021158.000000 122219.000000 0.000000
55977322.000000 122348.000000 0.000000
55974151.000000 122065.000000 0.000000
56012121.000000 122419.000000 0.000000
56034636.000000 122352.000000 0.000000
56083192.000000 122140.000000 0.000000
56053875.000000 122159.000000 0.000000
55982394.000000 122351.000000 0.000000
56036155.000000 122091.000000 0.000000
56049948.000000 121996.000000 0.000000
56044478.000000 122105.000000 0.000000
56061896.000000 122256.000000 0.000000
56035801.000000 122107.000000 0.000000
56036043.000000 122137.000000 0.000000
56043842.000000 122108.000000 0.000000
56056220.000000 122093.000000 0.000000
56058627.000000 121962.000000 0.000000
56027957.000000 122006.000000 0.000000
56046934.000000 122094.000000 0.000000
56026371.000000 122187.000000 0.000000
56032996.000000 122135.000000 0.000000
56030696.000000 122103.000000 0.000000
56036629.000000 122168.000000 0.000000
56050607.000000 122210.000000 0.000000
56028215.000000 122100.000000 0.000000
55954033.000000 121571.000000 0.000000
56051226.000000 121853.000000 0.000000
56054289.000000 122114.000000 0.000000
55973261.000000 122386.000000 0.000000
56037125.000000 122091.000000 0.000000
56027859.000000 122280.000000 0.000000
56050692.000000 121948.000000 0.000000
56043655.000000 122081.000000 0.000000
55752947.000000 121741.000000 0.000000
56071135.000000 121876.000000 0.000000
56038796.000000 122054.000000 0.000000
56027357.000000 122207.000000 0.000000
56038847.000000 122241.000000 0.000000
56015431.000000 122081.000000 0.000000
56056188.000000 122178.000000 0.000000
56096502.000000 122201.000000 0.000000
56058070.000000 122222.000000 0.000000
55988634.000000 121681.000000 0.000000
56015419.000000 121994.000000 0.000000
56029538.000000 122069.000000 0.000000
56032021.000000 121970.000000 0.000000
56059544.000000 122094.000000 0.000000
56049219.000000 122194.000000 0.000000
55955582.000000 121807.000000 0.000000
56038056.000000 122172.000000 0.000000
56037186.000000 122112.000000 0.000000
55942063.000000 121892.000000 0.000000
56025712.000000 122044.000000 0.000000
56039526.000000 122318.000000 0.000000
56041782.000000 122300.000000 0.000000
56027633.000000 122067.000000 0.000000
56041252.000000 122125.000000 0.000000
55961173.000000 121675.000000 0.000000
56028880.000000 122216.000000 0.000000
56050350.000000 122025.000000 0.000000
56032564.000000 122104.000000 0.000000
56036388.000000 122205.000000 0.000000
56059068.000000 122040.000000 0.000000
