56171949.000000 120873.000000 0.000000
56199911.000000 120928.000000 0.000000
56171153.000000 120810.000000 0.000000
56285071.000000 121181.000000 0.000000
56195433.000000 120909.000000 0.000000
56178419.000000 120950.000000 0.000000
56200857.000000 120866.000000 0.000000
56180407.000000 120990.000000 0.000000
56190796.000000 121016.000000 0.000000
56194474.000000 120741.000000 0.000000
56069653.000000 120881.000000 512.000000
56079811.000000 120708.000000 343.000000
56183235.000000 120946.000000 0.000000
56106018.000000 120701.000000 6.000000
56272722.000000 121327.000000 0.000000
56190245.000000 120946.000000 0.000000
56191525.000000 120934.000000 0.000000
56179803.000000 120934.000000 0.000000
56274547.000000 121376.000000 0.000000
56290361.000000 121415.000000 0.000000
56187758.000000 120918.000000 0.000000
56291381.000000 121244.000000 0.000000
56193724.000000 120896.000000 0.000000
56205720.000000 121012.000000 0.000000
56175917.000000 120806.000000 0.000000
55883268.000000 120256.000000 775.000000
56305139.000000 121428.000000 0.000000
56168661.000000 121041.000000 0.000000
56279508.000000 121307.000000 0.000000
56195561.000000 120775.000000 0.000000
56140248.000000 120684.000000 178.000000
55883116.000000 120528.000000 966.000000
56269460.000000 121224.000000 0.000000
56272907.000000 121308.000000 0.000000
56195856.000000 120904.000000 0.000000
56196335.000000 121009.000000 0.000000
56187242.000000 120872.000000 0.000000
56169559.000000 120887.000000 0.000000
56191924.000000 120913.000000 0.000000
56209185.000000 120945.000000 0.000000
56189501.000000 120920.000000 0.000000
56187641.000000 120856.000000 0.000000
56166640.000000 120875.000000 0.000000
56182059.000000 120717.000000 0.000000
56192410.000000 121055.000000 0.000000
56159655.000000 120703.000000 0.000000
56183821.000000 120793.000000 0.000000
56174556.000000 120940.000000 0.000000
56282226.000000 121330.000000 0.000000
56063786.000000 120639.000000 194.000000
56166249.000000 120731.000000 0.000000
56175125.000000 120731.000000 0.000000
55949611.000000 120531.000000 0.000000
55273167.000000 119031.000000 2757.000000
56195117.000000 120899.000000 0.000000
56270823.000000 121349.000000 0.000000
56167091.000000 120826.000000 0.000000
56184978.000000 120848.000000 0.000000
56191676.000000 120831.000000 0.000000
56161544.000000 120733.000000 53.000000
56193887.000000 120948.000000 0.000000
56202305.000000 120968.000000 0.000000
56200073.000000 120922.000000 0.000000
56192923.000000 120872.000000 0.000000
56279156.000000 121465.000000 0.000000
56190362.000000 120924.000000 0.000000
56191672.000000 120945.000000 6.000000
56170913.000000 120671.000000 0.000000
56173859.000000 120916.000000 0.000000
56193768.000000 120813.000000 0.000000
56204336.000000 120866.000000 0.000000
56185282.000000 120835.000000 0.000000
56183670.000000 120845.000000 0.000000
56184326.000000 120923.000000 0.000000
56187695.000000 120729.000000 0.000000
56172772.000000 120935.000000 0.000000
56190950.000000 120904.000000 0.000000
56281180.000000 121282.000000 0.000000
56192118.000000 120854.000000 0.000000
56203529.000000 121234.000000 0.000000
56185914.000000 120898.000000 0.000000
56166817.000000 120790.000000 0.000000
56168591.000000 120824.000000 23.000000
56182202.000000 120695.000000 0.000000
56161204.000000 120939.000000 162.000000
56219001.000000 120952.000000 0.000000
56192618.000000 121006.000000 0.000000
56274351.000000 121334.000000 0.000000
56261961.000000 121336.000000 0.000000
56209503.000000 121089.000000 0.000000
56184428.000000 120949.000000 0.000000
56169009.000000 120768.000000 0.000000
56196087.000000 120838.000000 0.000000
56175330.000000 121011.000000 0.000000
56218036.000000 120868.000000 0.000000
56165215.000000 120955.000000 0.000000
56184050.000000 121018.000000 0.000000
56298452.000000 121345.000000 0.000000
56167906.000000 120798.000000 0.000000
56139584.000000 120707.000000 0.000000
