56093320.000000 120634.000000 0.000000
56120064.000000 120756.000000 0.000000
56117146.000000 120746.000000 0.000000
56113777.000000 120738.000000 0.000000
56215300.000000 121142.000000 0.000000
56114198.000000 120808.000000 0.000000
56121978.000000 120673.000000 0.000000
56114032.000000 120805.000000 0.000000
56216323.000000 121132.000000 0.000000
56213292.000000 121145.000000 0.000000
56212023.000000 121241.000000 0.000000
56193691.000000 121033.000000 0.000000
56216243.000000 121129.000000 0.000000
56101643.000000 120801.000000 0.000000
56209197.000000 121122.000000 0.000000
56117946.000000 120612.000000 0.000000
56087840.000000 120741.000000 0.000000
56089125.000000 120594.000000 0.000000
56149062.000000 120633.000000 0.000000
56040107.000000 120692.000000 0.000000
56087481.000000 120741.000000 0.000000
56110576.000000 120730.000000 0.000000
56028273.000000 120534.000000 0.000000
56108354.000000 120831.000000 0.000000
56089830.000000 120557.000000 0.000000
56108843.000000 120704.000000 0.000000
56185395.000000 121046.000000 0.000000
56207513.000000 121138.000000 0.000000
56099517.000000 120545.000000 0.000000
56098328.000000 120866.000000 0.000000
56108322.000000 120603.000000 0.000000
55955753.000000 120590.000000 0.000000
56199778.000000 120988.000000 0.000000
56099332.000000 120808.000000 0.000000
56186630.000000 121029.000000 0.000000
56212309.000000 121047.000000 0.000000
56205297.000000 121234.000000 0.000000
56122443.000000 120594.000000 0.000000
56184095.000000 121152.000000 0.000000
56113113.000000 120773.000000 0.000000
56090774.000000 120691.000000 0.000000
56109177.000000 120841.000000 0.000000
56099012.000000 120786.000000 0.000000
56110905.000000 120770.000000 0.000000
56096350.000000 120671.000000 0.000000
56087450.000000 120658.000000 0.000000
56124128.000000 120778.000000 0.000000
55976371.000000 120365.000000 0.000000
56193637.000000 121113.000000 0.000000
56100621.000000 120654.000000 0.000000
56177963.000000 121121.000000 0.000000
56193313.000000 121098.000000 0.000000
55904792.000000 120183.000000 0.000000
56101025.000000 120686.000000 0.000000
56092449.000000 120765.000000 0.000000
56118283.000000 120671.000000 0.000000
56095609.000000 120749.000000 0.000000
56138406.000000 120957.000000 0.000000
56174207.000000 121122.000000 0.000000
56204208.000000 121037.000000 0.000000
56200314.000000 121085.000000 0.000000
56116431.000000 120693.000000 0.000000
56108358.000000 120724.000000 0.000000
56092873.000000 120844.000000 0.000000
56088071.000000 120612.000000 0.000000
56100115.000000 120741.000000 0.000000
56202778.000000 121093.000000 0.000000
56131160.000000 120776.000000 0.000000
56105771.000000 120758.000000 0.000000
56109164.000000 120611.000000 0.000000
56111378.000000 120645.000000 0.000000
56105831.000000 120578.000000 0.000000
56214253.000000 121227.000000 0.000000
56187619.000000 120963.000000 0.000000
56096454.000000 120864.000000 0.000000
56196429.000000 120986.000000 0.000000
56112298.000000 120687.000000 0.000000
56108288.000000 120699.000000 0.000000
56191823.000000 121119.000000 0.000000
56116395.000000 120816.000000 0.000000
56105107.000000 120617.000000 0.000000
56122030.000000 120768.000000 0.000000
56108989.000000 120757.000000 0.000000
56070964.000000 120578.000000 0.000000
56123977.000000 120763.000000 0.000000
56117468.000000 120727.000000 0.000000
56126776.000000 120706.000000 0.000000
56109154.000000 120679.000000 0.000000
56125177.000000 120609.000000 0.000000
56099582.000000 120712.000000 0.000000
56086613.000000 120688.000000 0.000000
56208561.000000 121131.000000 0.000000
56134194.000000 120771.000000 0.000000
56191291.000000 121066.000000 0.000000
56113554.000000 120755.000000 0.000000
56105912.000000 120720.000000 0.000000
56147427.000000 120777.000000 0.000000
56097685.000000 120573.000000 0.000000
56099721.000000 120764.000000 0.000000
56096288.000000 120800.000000 0.000000
