56244935.000000 121092.000000 0.000000
56196116.000000 121159.000000 0.000000
56241173.000000 121270.000000 0.000000
56120228.000000 120754.000000 0.000000
56252181.000000 121282.000000 0.000000
56231975.000000 121214.000000 0.000000
56204376.000000 121210.000000 0.000000
56245498.000000 121241.000000 0.000000
56256949.000000 121112.000000 0.000000
56248650.000000 121174.000000 0.000000
56240145.000000 121242.000000 0.000000
56248487.000000 121051.000000 0.000000
56249391.000000 121094.000000 0.000000
56247623.000000 121186.000000 0.000000
56245144.000000 121267.000000 0.000000
56222364.000000 121163.000000 0.000000
56165219.000000 120874.000000 0.000000
56253902.000000 121357.000000 0.000000
56242307.000000 121283.000000 0.000000
56256916.000000 121216.000000 0.000000
56251650.000000 121269.000000 0.000000
56222405.000000 121169.000000 0.000000
56187263.000000 120739.000000 0.000000
56248496.000000 121011.000000 0.000000
56244555.000000 121193.000000 0.000000
56237294.000000 121175.000000 0.000000
56241180.000000 121199.000000 0.000000
56207126.000000 121230.000000 0.000000
56252636.000000 121358.000000 0.000000
56187141.000000 121131.000000 0.000000
56139568.000000 120632.000000 0.000000
56203912.000000 120894.000000 0.000000
56232071.000000 121042.000000 0.000000
56233821.000000 121070.000000 0.000000
56183983.000000 120851.000000 0.000000
56180096.000000 120582.000000 0.000000
56236440.000000 121155.000000 0.000000
56246311.000000 121403.000000 0.000000
56256181.000000 121285.000000 0.000000
56243340.000000 121174.000000 0.000000
56269189.000000 121283.000000 0.000000
56189051.000000 120814.000000 0.000000
56258504.000000 121185.000000 0.000000
56239236.000000 121219.000000 0.000000
56117173.000000 120730.000000 0.000000
56230910.000000 121112.000000 0.000000
56155986.000000 120760.000000 0.000000
56149105.000000 120754.000000 0.000000
56236705.000000 121205.000000 0.000000
56236612.000000 121108.000000 0.000000
56231085.000000 121168.000000 0.000000
56242655.000000 121170.000000 0.000000
56248661.000000 121282.000000 0.000000
56235930.000000 121108.000000 0.000000
56245519.000000 121280.000000 0.000000
56251781.000000 121243.000000 0.000000
56251830.000000 121330.000000 0.000000
56210444.000000 121071.000000 0.000000
56165741.000000 120623.000000 0.000000
56254499.000000 121243.000000 0.000000
56185043.000000 120716.000000 0.000000
56236747.000000 121160.000000 0.000000
56188111.000000 120860.000000 0.000000
56172449.000000 121190.000000 0.000000
56250516.000000 121355.000000 0.000000
56173444.000000 120791.000000 0.000000
56235722.000000 121376.000000 0.000000
56254448.000000 121152.000000 0.000000
56155774.000000 120761.000000 0.000000
56243689.000000 121241.000000 0.000000
56255251.000000 121348.000000 0.000000
56216000.000000 121211.000000 0.000000
56159091.000000 120784.000000 0.000000
56189028.000000 120618.000000 0.000000
56163327.000000 120658.000000 0.000000
56238768.000000 121210.000000 0.000000
56177573.000000 120753.000000 0.000000
56248460.000000 121129.000000 0.000000
56170234.000000 120723.000000 0.000000
56208882.000000 120933.000000 0.000000
56241804.000000 121227.000000 0.000000
56242934.000000 121202.000000 0.000000
56187628.000000 121058.000000 0.000000
56231749.000000 121282.000000 0.000000
56160249.000000 120667.000000 0.000000
56248016.000000 121219.000000 0.000000
56205185.000000 121075.000000 0.000000
56170317.000000 120696.000000 0.000000
56252258.000000 121287.000000 0.000000
56245159.000000 121257.000000 0.000000
56236153.000000 121197.000000 0.000000
56250172.000000 121239.000000 0.000000
56251766.000000 121184.000000 0.000000
56252743.000000 121124.000000 0.000000
56260126.000000 121130.000000 0.000000
56245680.000000 121197.000000 0.000000
56170572.000000 120708.000000 0.000000
56155144.000000 121064.000000 0.000000
56193451.000000 120794.000000 0.000000
56238914.000000 121287.000000 0.000000
