55605660.000000 120081.000000 717.000000
55713282.000000 119953.000000 0.000000
55738943.000000 120071.000000 0.000000
55722270.000000 120045.000000 0.000000
55592953.000000 119932.000000 720.000000
54883221.000000 118513.000000 2830.000000
55512659.000000 119810.000000 992.000000
55815671.000000 120445.000000 0.000000
55454500.000000 119688.000000 1195.000000
55712872.000000 119852.000000 59.000000
55671533.000000 119791.000000 206.000000
55660770.000000 119852.000000 266.000000
55521441.000000 119852.000000 940.000000
55747429.000000 120050.000000 23.000000
55276954.000000 119068.000000 1448.000000
55295371.000000 119093.000000 1367.000000
55787672.000000 120267.000000 0.000000
55670665.000000 120341.000000 469.000000
55803119.000000 120359.000000 36.000000
55777732.000000 120011.000000 0.000000
55758953.000000 119903.000000 96.000000
55761924.000000 120381.000000 0.000000
55577594.000000 119990.000000 828.000000
55718496.000000 120002.000000 49.000000
55368645.000000 119435.000000 1454.000000
55390765.000000 119414.000000 1331.000000
55740470.000000 120068.000000 14.000000
55480202.000000 119837.000000 1038.000000
55742066.000000 120103.000000 0.000000
54261766.000000 117142.000000 4502.000000
54326926.000000 116912.000000 4142.000000
55445568.000000 119360.000000 958.000000
55084293.000000 118552.000000 2054.000000
55762393.000000 120215.000000 211.000000
55610218.000000 119980.000000 693.000000
55733612.000000 119964.000000 12.000000
55429465.000000 119358.000000 1000.000000
55834082.000000 120433.000000 0.000000
55615963.000000 120072.000000 487.000000
55747137.000000 120155.000000 0.000000
55565331.000000 119904.000000 846.000000
55252329.000000 118751.000000 1636.000000
55692224.000000 119923.000000 0.000000
55759891.000000 120069.000000 0.000000
55408387.000000 119675.000000 1252.000000
55722246.000000 119968.000000 0.000000
55514876.000000 119758.000000 1015.000000
55737270.000000 120125.000000 0.000000
54996767.000000 118458.000000 2329.000000
54951192.000000 118341.000000 2338.000000
55662953.000000 120023.000000 477.000000
55775606.000000 120194.000000 9.000000
54883688.000000 118382.000000 2615.000000
55755093.000000 120152.000000 40.000000
54798413.000000 118263.000000 3035.000000
55244823.000000 118980.000000 1491.000000
55338071.000000 119119.000000 1241.000000
55689414.000000 120144.000000 419.000000
55755301.000000 120245.000000 30.000000
55380783.000000 119190.000000 1197.000000
55196215.000000 118783.000000 1699.000000
55809331.000000 120457.000000 84.000000
55815167.000000 120591.000000 0.000000
55747824.000000 119956.000000 0.000000
55749612.000000 120207.000000 0.000000
55704473.000000 119838.000000 125.000000
55800261.000000 120415.000000 36.000000
55731988.000000 119968.000000 0.000000
54849287.000000 118395.000000 2740.000000
55741273.000000 120088.000000 0.000000
54344084.000000 117334.000000 3492.000000
54524321.000000 117698.000000 3348.000000
55670074.000000 120179.000000 417.000000
55688255.000000 120094.000000 87.000000
55694966.000000 120135.000000 23.000000
55835123.000000 120363.000000 12.000000
55722539.000000 120033.000000 18.000000
54905251.000000 118265.000000 2122.000000
55151560.000000 118721.000000 1540.000000
54666323.000000 117969.000000 3393.000000
55726006.000000 119932.000000 44.000000
55320643.000000 119406.000000 789.000000
55729065.000000 120049.000000 0.000000
55475592.000000 119747.000000 764.000000
55464830.000000 119781.000000 1186.000000
55737173.000000 120053.000000 45.000000
55572964.000000 119705.000000 44.000000
54834983.000000 117931.000000 2350.000000
55006184.000000 118444.000000 1889.000000
55091353.000000 118538.000000 1680.000000
54954530.000000 118288.000000 1992.000000
55466669.000000 119772.000000 760.000000
55477796.000000 119596.000000 771.000000
55558052.000000 119647.000000 410.000000
55698553.000000 119955.000000 172.000000
55350999.000000 119332.000000 1416.000000
55733815.000000 120032.000000 0.000000
55805524.000000 120520.000000 0.000000
55814267.000000 120498.000000 0.000000
55786285.000000 120103.000000 23.000000
