55894298.000000 120276.000000 0.000000
55960493.000000 120905.000000 0.000000
55909453.000000 120542.000000 145.000000
55886848.000000 120107.000000 0.000000
55902502.000000 120232.000000 0.000000
55910352.000000 120298.000000 0.000000
55906619.000000 120319.000000 0.000000
55411856.000000 119357.000000 68.000000
55892108.000000 120199.000000 0.000000
55893897.000000 120190.000000 0.000000
55878103.000000 120259.000000 0.000000
55835283.000000 120135.000000 77.000000
55870342.000000 120265.000000 0.000000
55910595.000000 120348.000000 0.000000
55872668.000000 120363.000000 0.000000
55889364.000000 120256.000000 0.000000
55726030.000000 119921.000000 329.000000
55893237.000000 120337.000000 0.000000
55430590.000000 119266.000000 1412.000000
55904349.000000 120333.000000 0.000000
55860543.000000 120522.000000 365.000000
55909161.000000 120199.000000 0.000000
55907147.000000 120265.000000 0.000000
55906004.000000 120428.000000 0.000000
55907059.000000 120309.000000 0.000000
55901854.000000 120178.000000 0.000000
55883000.000000 120150.000000 0.000000
55883765.000000 120225.000000 0.000000
55745555.000000 120000.000000 0.000000
55953798.000000 120665.000000 0.000000
55906641.000000 120392.000000 0.000000
55753856.000000 120355.000000 705.000000
55926144.000000 120605.000000 0.000000
55898040.000000 120382.000000 0.000000
55925333.000000 120496.000000 0.000000
55880849.000000 120238.000000 0.000000
55911448.000000 120325.000000 0.000000
55873955.000000 120349.000000 0.000000
55847543.000000 120258.000000 0.000000
55877335.000000 120320.000000 0.000000
55905465.000000 120270.000000 0.000000
55898425.000000 120238.000000 0.000000
55871149.000000 120313.000000 0.000000
55897263.000000 120244.000000 0.000000
55906163.000000 120303.000000 0.000000
55892800.000000 120259.000000 0.000000
55979022.000000 120779.000000 0.000000
55894705.000000 120162.000000 0.000000
55887932.000000 120281.000000 0.000000
55913852.000000 120397.000000 0.000000
55817607.000000 120469.000000 0.000000
55914345.000000 120164.000000 0.000000
55878532.000000 120273.000000 0.000000
55906904.000000 120328.000000 0.000000
55885155.000000 120237.000000 0.000000
55860752.000000 120266.000000 0.000000
55873661.000000 120224.000000 0.000000
55925996.000000 120537.000000 0.000000
55894405.000000 120287.000000 10.000000
55960075.000000 120783.000000 0.000000
55890805.000000 120113.000000 0.000000
55970043.000000 120693.000000 0.000000
55751560.000000 119947.000000 0.000000
55910455.000000 120249.000000 0.000000
55903086.000000 120214.000000 0.000000
55899599.000000 120679.000000 172.000000
55900482.000000 120234.000000 0.000000
55883515.000000 120311.000000 0.000000
55913483.000000 120295.000000 0.000000
55880660.000000 120316.000000 0.000000
55925541.000000 120296.000000 0.000000
55905735.000000 120320.000000 0.000000
55098606.000000 118658.000000 1606.000000
55338040.000000 119034.000000 1558.000000
55901747.000000 120308.000000 0.000000
55872332.000000 120289.000000 0.000000
55895978.000000 120229.000000 0.000000
55974490.000000 120664.000000 0.000000
55893278.000000 120377.000000 0.000000
55676524.000000 119872.000000 0.000000
55833103.000000 120143.000000 133.000000
55859577.000000 120130.000000 90.000000
55949921.000000 120793.000000 0.000000
55981459.000000 120914.000000 0.000000
55891193.000000 120328.000000 0.000000
55902258.000000 120419.000000 0.000000
55871023.000000 120285.000000 0.000000
55963364.000000 120744.000000 65.000000
55997076.000000 120714.000000 0.000000
55901389.000000 120314.000000 0.000000
55978027.000000 120767.000000 0.000000
55984946.000000 120807.000000 0.000000
55964789.000000 120620.000000 0.000000
55433299.000000 119216.000000 0.000000
55910735.000000 120266.000000 0.000000
55922588.000000 120304.000000 0.000000
55925116.000000 120162.000000 0.000000
55897188.000000 120289.000000 0.000000
55887474.000000 120314.000000 28.000000
55886846.000000 120372.000000 0.000000
