55401258.000000 120775.000000 1417.000000
54583331.000000 117634.000000 3269.000000
55007303.000000 120038.000000 2284.000000
54216402.000000 116731.000000 4649.000000
55361601.000000 120602.000000 1463.000000
55323943.000000 120248.000000 1398.000000
54294462.000000 117318.000000 4601.000000
53802647.000000 116170.000000 6105.000000
53868441.000000 116121.000000 5450.000000
55742192.000000 119866.000000 748.000000
54701147.000000 117864.000000 3269.000000
53457320.000000 115365.000000 7406.000000
54513108.000000 117529.000000 3511.000000
53490646.000000 115276.000000 6686.000000
55567487.000000 120420.000000 979.000000
52642308.000000 113403.000000 9520.000000
54642291.000000 117957.000000 3494.000000
53581530.000000 115383.000000 6679.000000
54342113.000000 117260.000000 4418.000000
54645383.000000 117784.000000 3290.000000
54246345.000000 117185.000000 4852.000000
54017154.000000 116311.000000 5174.000000
53843349.000000 116225.000000 5997.000000
53666306.000000 115748.000000 6374.000000
53341196.000000 115147.000000 7721.000000
54980147.000000 119629.000000 2250.000000
53812678.000000 115963.000000 5979.000000
52694107.000000 113691.000000 9125.000000
53153839.000000 114378.000000 8005.000000
54407467.000000 117298.000000 4294.000000
53201495.000000 114512.000000 7698.000000
54880291.000000 118443.000000 2902.000000
53952640.000000 116018.000000 5562.000000
54999433.000000 119554.000000 2171.000000
55092409.000000 119840.000000 2090.000000
53769773.000000 116015.000000 6025.000000
53724423.000000 115502.000000 5968.000000
53744316.000000 115764.000000 5740.000000
54207992.000000 117002.000000 4981.000000
54713181.000000 118079.000000 3468.000000
55373670.000000 120669.000000 1554.000000
54777590.000000 119253.000000 2727.000000
54405354.000000 117303.000000 4219.000000
55321584.000000 120555.000000 1773.000000
54983896.000000 119880.000000 2411.000000
54460553.000000 117387.000000 3789.000000
55621785.000000 119802.000000 998.000000
54562658.000000 117818.000000 3673.000000
55259376.000000 120399.000000 1869.000000
54769068.000000 118235.000000 3131.000000
54940855.000000 119973.000000 2451.000000
53761330.000000 115864.000000 5718.000000
53358366.000000 115073.000000 7348.000000
53392667.000000 115141.000000 7196.000000
54262447.000000 117169.000000 4468.000000
53590196.000000 115600.000000 6569.000000
53843367.000000 115901.000000 5592.000000
54255829.000000 116987.000000 4386.000000
55428075.000000 120780.000000 1436.000000
54208662.000000 116727.000000 4805.000000
54260566.000000 116870.000000 4385.000000
54844710.000000 118394.000000 2881.000000
54460759.000000 117332.000000 3836.000000
55001254.000000 119928.000000 2351.000000
55221203.000000 120331.000000 1912.000000
55521595.000000 121076.000000 1206.000000
54679796.000000 117862.000000 3340.000000
53310514.000000 114683.000000 7461.000000
53230826.000000 114652.000000 7582.000000
55372227.000000 120541.000000 1488.000000
53633662.000000 115694.000000 6417.000000
53094961.000000 114443.000000 8254.000000
54048924.000000 116601.000000 5190.000000
53292477.000000 114748.000000 7066.000000
53276594.000000 114961.000000 7476.000000
53417905.000000 115312.000000 7123.000000
55114613.000000 120089.000000 2144.000000
53792681.000000 115811.000000 5290.000000
54476138.000000 117325.000000 3661.000000
53830465.000000 116219.000000 5839.000000
54575949.000000 117554.000000 3451.000000
53054467.000000 113966.000000 8513.000000
53787239.000000 116053.000000 6114.000000
54222830.000000 116736.000000 4553.000000
53357845.000000 114743.000000 7328.000000
53853016.000000 116158.000000 5794.000000
54477293.000000 117548.000000 4133.000000
53952017.000000 116401.000000 5289.000000
55190178.000000 120023.000000 1765.000000
54100738.000000 116699.000000 5333.000000
55303816.000000 120500.000000 1669.000000
55697267.000000 120075.000000 954.000000
54124750.000000 116807.000000 5171.000000
54680380.000000 117708.000000 3302.000000
53878317.000000 115939.000000 5368.000000
54446314.000000 117253.000000 3984.000000
54748310.000000 118239.000000 3226.000000
55004045.000000 119996.000000 2441.000000
53881745.000000 116365.000000 5111.000000
54540086.000000 117751.000000 3836.000000
