55809484.000000 120374.000000 0.000000
55773279.000000 120538.000000 0.000000
55770672.000000 120393.000000 0.000000
55776559.000000 120469.000000 0.000000
55797521.000000 120438.000000 0.000000
55813290.000000 120407.000000 0.000000
55802782.000000 120392.000000 0.000000
55803317.000000 120344.000000 0.000000
55806402.000000 120413.000000 0.000000
55789154.000000 120420.000000 0.000000
55800640.000000 120488.000000 0.000000
55805638.000000 120439.000000 0.000000
55800905.000000 120486.000000 0.000000
55783084.000000 120332.000000 0.000000
55765879.000000 120289.000000 0.000000
55785585.000000 120672.000000 0.000000
55778056.000000 120320.000000 0.000000
55803466.000000 120582.000000 0.000000
55786110.000000 120452.000000 0.000000
55792044.000000 120366.000000 0.000000
55718774.000000 119959.000000 0.000000
55789791.000000 120608.000000 0.000000
55776944.000000 120313.000000 0.000000
55762381.000000 120403.000000 0.000000
55675041.000000 119979.000000 0.000000
55718441.000000 120033.000000 0.000000
55735421.000000 120062.000000 0.000000
55798766.000000 120356.000000 0.000000
55722010.000000 120007.000000 0.000000
55716443.000000 120011.000000 0.000000
55723234.000000 119966.000000 0.000000
55790410.000000 120445.000000 0.000000
55812429.000000 120281.000000 0.000000
55786491.000000 120399.000000 0.000000
55799593.000000 120396.000000 0.000000
55797305.000000 120547.000000 0.000000
55806278.000000 120466.000000 0.000000
55818235.000000 120386.000000 0.000000
55797437.000000 120526.000000 0.000000
55750388.000000 120432.000000 0.000000
55786782.000000 120425.000000 0.000000
55801954.000000 120515.000000 0.000000
55791474.000000 120512.000000 0.000000
55813805.000000 120537.000000 0.000000
55802700.000000 120382.000000 0.000000
55821657.000000 120518.000000 0.000000
55783242.000000 120586.000000 0.000000
55804518.000000 120526.000000 0.000000
55782055.000000 120514.000000 0.000000
55765745.000000 120453.000000 0.000000
55755151.000000 120555.000000 0.000000
55793309.000000 120509.000000 0.000000
55768377.000000 120378.000000 0.000000
55804589.000000 120545.000000 0.000000
55796067.000000 120417.000000 0.000000
55769340.000000 120188.000000 0.000000
55793975.000000 120386.000000 0.000000
55791902.000000 120628.000000 0.000000
55749707.000000 120051.000000 0.000000
55786505.000000 120510.000000 0.000000
55790687.000000 120409.000000 0.000000
55797495.000000 120406.000000 0.000000
55790738.000000 120469.000000 0.000000
55791700.000000 120398.000000 0.000000
55782507.000000 120486.000000 0.000000
55744928.000000 120056.000000 0.000000
55789766.000000 120496.000000 0.000000
55727558.000000 119922.000000 0.000000
55738070.000000 120002.000000 0.000000
55804499.000000 120424.000000 0.000000
55737004.000000 120011.000000 0.000000
55725359.000000 120050.000000 0.000000
55774051.000000 120447.000000 0.000000
55743588.000000 120103.000000 0.000000
55790829.000000 120536.000000 0.000000
55731320.000000 119946.000000 0.000000
55729485.000000 120007.000000 0.000000
55776994.000000 120330.000000 0.000000
55795038.000000 120443.000000 0.000000
55713991.000000 119956.000000 0.000000
55782195.000000 120458.000000 0.000000
55805915.000000 120498.000000 0.000000
55778436.000000 120375.000000 0.000000
55794027.000000 120480.000000 0.000000
55796527.000000 120391.000000 0.000000
55794660.000000 120404.000000 0.000000
55786135.000000 120377.000000 0.000000
55803278.000000 120499.000000 0.000000
55700836.000000 120032.000000 0.000000
55803488.000000 120318.000000 0.000000
55783152.000000 120497.000000 0.000000
55775288.000000 120406.000000 0.000000
55788953.000000 120523.000000 0.000000
55635803.000000 119912.000000 0.000000
55776755.000000 120419.000000 0.000000
55760044.000000 120559.000000 0.000000
55788541.000000 120449.000000 0.000000
55810296.000000 120405.000000 0.000000
55789312.000000 120483.000000 0.000000
55797403.000000 120475.000000 0.000000
