53038647.000000 114410.000000 7032.000000
54960963.000000 118652.000000 2245.000000
54257696.000000 117568.000000 4372.000000
54013891.000000 117087.000000 5013.000000
54286713.000000 117364.000000 3978.000000
55126637.000000 119436.000000 1846.000000
54411697.000000 117497.000000 3639.000000
54945539.000000 118667.000000 2292.000000
53663612.000000 116202.000000 6033.000000
54226720.000000 117319.000000 4585.000000
53064028.000000 114532.000000 7858.000000
53105988.000000 114768.000000 7561.000000
54808241.000000 118357.000000 2760.000000
55036550.000000 119015.000000 1953.000000
55466086.000000 120139.000000 946.000000
53359219.000000 115607.000000 6227.000000
54245328.000000 117506.000000 4177.000000
55035982.000000 119162.000000 1472.000000
54649817.000000 118134.000000 2827.000000
54630867.000000 117974.000000 3221.000000
54445581.000000 117532.000000 3865.000000
55745149.000000 120387.000000 47.000000
54791127.000000 118467.000000 2723.000000
55331292.000000 119696.000000 1450.000000
54412156.000000 117780.000000 4063.000000
55426650.000000 119925.000000 1128.000000
55199626.000000 119484.000000 1773.000000
54478289.000000 117556.000000 3342.000000
53482088.000000 115840.000000 6707.000000
55003435.000000 119113.000000 2017.000000
54159868.000000 117077.000000 3864.000000
54245827.000000 117150.000000 4224.000000
55725106.000000 120659.000000 290.000000
54111173.000000 117122.000000 5083.000000
54079807.000000 117085.000000 5078.000000
54575400.000000 117804.000000 3511.000000
52883893.000000 114072.000000 8342.000000
54549347.000000 117861.000000 3445.000000
53399433.000000 115239.000000 6829.000000
54902770.000000 118585.000000 2129.000000
54519294.000000 117999.000000 3808.000000
53536913.000000 115897.000000 6691.000000
54759509.000000 118289.000000 2874.000000
55007143.000000 118938.000000 2483.000000
54872501.000000 118881.000000 2487.000000
53898488.000000 116574.000000 5597.000000
53068951.000000 114509.000000 7919.000000
53533449.000000 115891.000000 6663.000000
54239893.000000 117335.000000 4672.000000
53929646.000000 116848.000000 5479.000000
54213635.000000 117373.000000 4729.000000
52516992.000000 113821.000000 9436.000000
54666911.000000 118110.000000 3207.000000
52749617.000000 114271.000000 8893.000000
53769702.000000 116490.000000 5882.000000
53875191.000000 116734.000000 5733.000000
54223586.000000 117309.000000 4739.000000
54148223.000000 117241.000000 4895.000000
53510040.000000 115869.000000 6757.000000
55313180.000000 119832.000000 1385.000000
53116464.000000 114764.000000 7724.000000
54768434.000000 118191.000000 2747.000000
54317798.000000 117180.000000 4296.000000
54195975.000000 117073.000000 4450.000000
53184235.000000 114990.000000 7425.000000
54308263.000000 117379.000000 3984.000000
53911658.000000 116736.000000 5425.000000
52609135.000000 113972.000000 9100.000000
52918759.000000 114309.000000 8022.000000
53325989.000000 115238.000000 7101.000000
55132362.000000 119529.000000 2013.000000
52689094.000000 114112.000000 8893.000000
53613961.000000 116196.000000 6410.000000
53818843.000000 116431.000000 5726.000000
54455339.000000 117518.000000 3866.000000
53494699.000000 115867.000000 6813.000000
54432979.000000 117620.000000 3877.000000
54145274.000000 117093.000000 4946.000000
54357594.000000 117395.000000 3959.000000
53588123.000000 116095.000000 6000.000000
52807841.000000 114223.000000 8520.000000
54355277.000000 117396.000000 4142.000000
53186221.000000 115118.000000 7592.000000
54163070.000000 117292.000000 4880.000000
52737562.000000 114134.000000 8916.000000
54456838.000000 117737.000000 3852.000000
53559310.000000 115939.000000 6702.000000
55006347.000000 119130.000000 2325.000000
55318786.000000 119806.000000 1473.000000
55692669.000000 120562.000000 398.000000
55250059.000000 119561.000000 1683.000000
55559474.000000 120104.000000 782.000000
54945408.000000 118659.000000 2227.000000
53590591.000000 116008.000000 6396.000000
54407801.000000 117547.000000 3921.000000
54200943.000000 117156.000000 4522.000000
53009957.000000 114414.000000 7767.000000
53374207.000000 115552.000000 7141.000000
54820271.000000 118477.000000 2516.000000
54004464.000000 116830.000000 5268.000000
