56061095.000000 122170.000000 0.000000
56029819.000000 122126.000000 0.000000
56030054.000000 122104.000000 0.000000
56032428.000000 122116.000000 0.000000
56027443.000000 122135.000000 0.000000
56032404.000000 122167.000000 0.000000
56028631.000000 122164.000000 0.000000
56027683.000000 122367.000000 0.000000
56008878.000000 122037.000000 0.000000
56036151.000000 122080.000000 0.000000
56044998.000000 122023.000000 0.000000
56026101.000000 122278.000000 0.000000
56048268.000000 122369.000000 0.000000
56048575.000000 122180.000000 0.000000
56037875.000000 122086.000000 0.000000
56039616.000000 122129.000000 0.000000
56035871.000000 122041.000000 0.000000
56036392.000000 122222.000000 0.000000
56057275.000000 122131.000000 0.000000
56027067.000000 122130.000000 0.000000
56055308.000000 122146.000000 0.000000
56059898.000000 122123.000000 0.000000
56040973.000000 122203.000000 0.000000
56051195.000000 122078.000000 0.000000
56008032.000000 122263.000000 0.000000
56028050.000000 121967.000000 0.000000
56038370.000000 122168.000000 0.000000
56051474.000000 122156.000000 0.000000
56049532.000000 122208.000000 0.000000
55947355.000000 121726.000000 0.000000
56015086.000000 122164.000000 0.000000
56049564.000000 122108.000000 0.000000
56012757.000000 121522.000000 0.000000
56052713.000000 122172.000000 0.000000
56037967.000000 122064.000000 0.000000
56050128.000000 122219.000000 0.000000
56032149.000000 122152.000000 0.000000
56051048.000000 122138.000000 0.000000
56018320.000000 122168.000000 0.000000
56062859.000000 122048.000000 0.000000
55981465.000000 121568.000000 0.000000
56037975.000000 122020.000000 0.000000
56026206.000000 122129.000000 0.000000
56064666.000000 122259.000000 0.000000
56038894.000000 122162.000000 0.000000
56054187.000000 122184.000000 0.000000
56036287.000000 122163.000000 0.000000
56057684.000000 122226.000000 0.000000
56048775.000000 122169.000000 0.000000
55985414.000000 122049.000000 0.000000
56065430.000000 122131.000000 0.000000
55992916.000000 122000.000000 0.000000
56051444.000000 122187.000000 0.000000
56061348.000000 122015.000000 0.000000
56039597.000000 122142.000000 0.000000
56057111.000000 122171.000000 0.000000
56035360.000000 122118.000000 0.000000
56040367.000000 122257.000000 0.000000
56057425.000000 122061.000000 0.000000
56049681.000000 122253.000000 0.000000
56013011.000000 122026.000000 0.000000
56020389.000000 122112.000000 0.000000
56051358.000000 122181.000000 0.000000
56051836.000000 122210.000000 0.000000
56038951.000000 122192.000000 0.000000
56044389.000000 122191.000000 0.000000
56031808.000000 122113.000000 0.000000
56030954.000000 122073.000000 0.000000
56060581.000000 121964.000000 0.000000
56027412.000000 122140.000000 0.000000
56019459.000000 122154.000000 0.000000
56033560.000000 122042.000000 0.000000
55950097.000000 121567.000000 0.000000
55987522.000000 122133.000000 0.000000
56034282.000000 122108.000000 0.000000
56042396.000000 122147.000000 0.000000
56023019.000000 122287.000000 0.000000
55990113.000000 122030.000000 0.000000
56029322.000000 122257.000000 0.000000
56027386.000000 122276.000000 0.000000
55982522.000000 121729.000000 0.000000
56036894.000000 122399.000000 0.000000
56054122.000000 122252.000000 0.000000
55967034.000000 121540.000000 0.000000
56055431.000000 121877.000000 0.000000
56048089.000000 122200.000000 0.000000
55978595.000000 121559.000000 0.000000
56047723.000000 122203.000000 0.000000
56058664.000000 121956.000000 0.000000
56052092.000000 122282.000000 0.000000
56045545.000000 122328.000000 0.000000
56052009.000000 122197.000000 0.000000
56037263.000000 122139.000000 0.000000
56073403.000000 121467.000000 0.000000
56042933.000000 122191.000000 0.000000
56043360.000000 122160.000000 0.000000
55984592.000000 121667.000000 0.000000
56051168.000000 122117.000000 0.000000
56031216.000000 121959.000000 0.000000
56016273.000000 122223.000000 0.000000
