56029910.000000 120552.000000 0.000000
55994660.000000 120872.000000 0.000000
55994116.000000 120777.000000 0.000000
56016725.000000 120525.000000 0.000000
56016181.000000 120480.000000 0.000000
56009797.000000 120510.000000 0.000000
55992609.000000 120521.000000 0.000000
56010951.000000 120601.000000 0.000000
55999981.000000 120543.000000 0.000000
56100198.000000 120720.000000 0.000000
55492596.000000 119433.000000 0.000000
56108095.000000 120916.000000 0.000000
56077113.000000 120796.000000 0.000000
56111451.000000 121030.000000 0.000000
56029921.000000 120589.000000 0.000000
56116675.000000 120876.000000 0.000000
56031033.000000 120509.000000 0.000000
56004138.000000 120530.000000 0.000000
56026502.000000 120567.000000 0.000000
55993501.000000 120491.000000 0.000000
56112505.000000 120917.000000 0.000000
56108877.000000 120823.000000 0.000000
55885646.000000 120686.000000 0.000000
56004100.000000 120615.000000 0.000000
56011860.000000 120466.000000 0.000000
56005188.000000 120430.000000 0.000000
56024181.000000 120444.000000 0.000000
55995012.000000 120381.000000 0.000000
56006821.000000 120408.000000 0.000000
55908153.000000 120826.000000 0.000000
56123041.000000 120965.000000 0.000000
56017781.000000 120409.000000 0.000000
56110839.000000 120939.000000 0.000000
56040812.000000 120588.000000 0.000000
56078616.000000 120807.000000 0.000000
56013288.000000 120646.000000 0.000000
56136373.000000 120937.000000 0.000000
55998202.000000 120463.000000 0.000000
56017763.000000 120489.000000 0.000000
56006664.000000 120448.000000 0.000000
56129629.000000 121121.000000 0.000000
56010832.000000 120658.000000 0.000000
56137547.000000 120892.000000 0.000000
56112495.000000 120891.000000 0.000000
55997379.000000 120519.000000 0.000000
56013005.000000 120584.000000 0.000000
56119174.000000 120999.000000 0.000000
56018800.000000 120378.000000 0.000000
56031654.000000 120488.000000 0.000000
56036822.000000 120448.000000 0.000000
56039583.000000 120577.000000 0.000000
56006421.000000 120394.000000 0.000000
55896124.000000 120220.000000 0.000000
56042708.000000 120595.000000 0.000000
55981842.000000 120774.000000 0.000000
56119785.000000 120961.000000 0.000000
56034444.000000 120681.000000 0.000000
56026328.000000 120521.000000 0.000000
56026469.000000 120475.000000 0.000000
56120683.000000 121031.000000 0.000000
56114475.000000 120917.000000 0.000000
56003197.000000 120627.000000 0.000000
55494299.000000 119414.000000 0.000000
56128343.000000 120938.000000 0.000000
56087306.000000 120843.000000 0.000000
56029226.000000 120408.000000 0.000000
56000496.000000 120472.000000 0.000000
55983882.000000 120438.000000 0.000000
56005207.000000 120492.000000 0.000000
55913158.000000 120997.000000 0.000000
55909222.000000 121025.000000 0.000000
55985191.000000 120465.000000 0.000000
55990262.000000 120491.000000 0.000000
56096406.000000 121051.000000 0.000000
56032489.000000 120570.000000 0.000000
55974792.000000 120517.000000 0.000000
55982178.000000 120565.000000 0.000000
55745128.000000 119929.000000 0.000000
55963762.000000 120757.000000 0.000000
56118629.000000 120935.000000 0.000000
56082175.000000 120693.000000 0.000000
55994937.000000 120482.000000 0.000000
55859205.000000 120314.000000 0.000000
56023506.000000 120483.000000 0.000000
56005297.000000 120471.000000 0.000000
56020204.000000 120590.000000 0.000000
56013568.000000 120412.000000 0.000000
56026477.000000 120410.000000 0.000000
56022673.000000 120535.000000 0.000000
56010163.000000 120410.000000 0.000000
56122118.000000 120865.000000 0.000000
56021651.000000 120424.000000 0.000000
56126762.000000 120939.000000 0.000000
55982922.000000 120432.000000 0.000000
56111546.000000 120982.000000 0.000000
56004409.000000 120465.000000 0.000000
56003960.000000 120554.000000 0.000000
56112554.000000 120949.000000 0.000000
56018080.000000 120554.000000 0.000000
56027607.000000 120448.000000 0.000000
