55962652.000000 120779.000000 0.000000
55924152.000000 120632.000000 0.000000
55944690.000000 120638.000000 0.000000
55945579.000000 120651.000000 0.000000
55875591.000000 120248.000000 0.000000
55962068.000000 120704.000000 0.000000
55956335.000000 120717.000000 0.000000
55892463.000000 120158.000000 0.000000
55875017.000000 120687.000000 0.000000
55954642.000000 120576.000000 0.000000
55756466.000000 119953.000000 0.000000
55963476.000000 120721.000000 0.000000
55947728.000000 120614.000000 0.000000
55933317.000000 120583.000000 0.000000
55843526.000000 120497.000000 0.000000
55931747.000000 120695.000000 0.000000
55974992.000000 120569.000000 0.000000
55950133.000000 120603.000000 0.000000
55959116.000000 120691.000000 0.000000
55935108.000000 120715.000000 0.000000
55957021.000000 120751.000000 0.000000
55950866.000000 120709.000000 0.000000
55964921.000000 120707.000000 0.000000
55909325.000000 120823.000000 0.000000
55943617.000000 120754.000000 0.000000
55948220.000000 120820.000000 0.000000
55925716.000000 120669.000000 0.000000
55980532.000000 120780.000000 0.000000
55953440.000000 120538.000000 0.000000
55974878.000000 120646.000000 0.000000
55943442.000000 120653.000000 0.000000
55944341.000000 120785.000000 0.000000
55947426.000000 120601.000000 0.000000
55963690.000000 120635.000000 0.000000
55956162.000000 120910.000000 0.000000
55957741.000000 120643.000000 0.000000
55953174.000000 120612.000000 0.000000
55953418.000000 120689.000000 0.000000
55954170.000000 120807.000000 0.000000
55953412.000000 120764.000000 0.000000
55924320.000000 120256.000000 0.000000
55875486.000000 120392.000000 0.000000
55892025.000000 120365.000000 0.000000
55884443.000000 120250.000000 0.000000
55869228.000000 120140.000000 0.000000
55959233.000000 120615.000000 0.000000
55958782.000000 120679.000000 0.000000
55865908.000000 120178.000000 0.000000
55861516.000000 120144.000000 0.000000
55912359.000000 120177.000000 0.000000
55903977.000000 120108.000000 0.000000
55958934.000000 120738.000000 0.000000
55979325.000000 120846.000000 0.000000
55978594.000000 120539.000000 0.000000
55961463.000000 120671.000000 0.000000
55958381.000000 120763.000000 0.000000
55935380.000000 120500.000000 0.000000
55932611.000000 120687.000000 0.000000
55949615.000000 120717.000000 0.000000
55953002.000000 120741.000000 0.000000
55949107.000000 120717.000000 0.000000
55957186.000000 120593.000000 0.000000
55924120.000000 120660.000000 0.000000
55942229.000000 120565.000000 0.000000
55931200.000000 120679.000000 0.000000
55935736.000000 120715.000000 0.000000
55951520.000000 120571.000000 0.000000
55966327.000000 120814.000000 0.000000
55951488.000000 120693.000000 0.000000
55888076.000000 120212.000000 0.000000
55959994.000000 120700.000000 0.000000
55957136.000000 120493.000000 0.000000
55951213.000000 120666.000000 0.000000
55945422.000000 120585.000000 0.000000
55935436.000000 120795.000000 0.000000
55950376.000000 120620.000000 0.000000
55973331.000000 120511.000000 0.000000
55941021.000000 120749.000000 0.000000
55961002.000000 120729.000000 0.000000
55947931.000000 120759.000000 0.000000
55839076.000000 120452.000000 0.000000
55957983.000000 120703.000000 0.000000
55938696.000000 120735.000000 0.000000
55963442.000000 120567.000000 0.000000
55950517.000000 120667.000000 0.000000
55966818.000000 120706.000000 0.000000
55946419.000000 120759.000000 0.000000
55963840.000000 120881.000000 0.000000
55960186.000000 120702.000000 0.000000
55953846.000000 120583.000000 0.000000
55974169.000000 120650.000000 0.000000
55960125.000000 120691.000000 0.000000
55970723.000000 120856.000000 0.000000
55956206.000000 120679.000000 0.000000
55940803.000000 120747.000000 0.000000
55955548.000000 120580.000000 0.000000
55946621.000000 120782.000000 0.000000
55956719.000000 120706.000000 0.000000
55953818.000000 120757.000000 0.000000
55938286.000000 120601.000000 0.000000
