55948118.000000 120572.000000 0.000000
55936571.000000 120685.000000 0.000000
55942433.000000 120713.000000 0.000000
55925712.000000 120789.000000 0.000000
55944354.000000 120777.000000 0.000000
55926346.000000 120563.000000 0.000000
55949878.000000 120681.000000 0.000000
55747806.000000 120020.000000 0.000000
55870838.000000 120488.000000 0.000000
55913678.000000 120750.000000 0.000000
55807016.000000 120120.000000 0.000000
55938041.000000 120696.000000 0.000000
55928089.000000 120676.000000 0.000000
55928328.000000 120618.000000 0.000000
55931813.000000 120807.000000 0.000000
55954774.000000 120742.000000 0.000000
55926981.000000 120763.000000 0.000000
55865282.000000 120251.000000 0.000000
55875431.000000 120400.000000 0.000000
55865011.000000 120158.000000 0.000000
55895688.000000 120534.000000 0.000000
55943800.000000 120702.000000 0.000000
55951341.000000 120664.000000 0.000000
55933413.000000 120588.000000 0.000000
55905517.000000 120630.000000 0.000000
55931111.000000 120760.000000 0.000000
55938794.000000 120604.000000 0.000000
55922494.000000 120685.000000 0.000000
55921707.000000 120801.000000 0.000000
55914587.000000 120671.000000 0.000000
55938012.000000 120783.000000 0.000000
55943439.000000 120723.000000 0.000000
55903942.000000 120713.000000 0.000000
55940290.000000 120538.000000 0.000000
55927863.000000 120623.000000 0.000000
55926530.000000 120821.000000 0.000000
55935446.000000 120719.000000 0.000000
55916216.000000 120526.000000 0.000000
55933019.000000 120792.000000 0.000000
55942439.000000 120632.000000 0.000000
55911718.000000 120691.000000 0.000000
55771604.000000 120115.000000 0.000000
55940016.000000 120611.000000 0.000000
55944907.000000 120742.000000 0.000000
55924353.000000 120701.000000 0.000000
55937390.000000 120574.000000 0.000000
55916765.000000 120600.000000 0.000000
55910172.000000 120811.000000 0.000000
55931231.000000 120604.000000 0.000000
55949512.000000 120749.000000 0.000000
55920432.000000 120637.000000 0.000000
55938120.000000 120660.000000 0.000000
55921469.000000 120554.000000 0.000000
55916444.000000 120634.000000 0.000000
55902472.000000 120590.000000 0.000000
55936549.000000 120762.000000 0.000000
55864237.000000 120117.000000 0.000000
55940909.000000 120654.000000 0.000000
55919714.000000 120629.000000 0.000000
55917374.000000 120678.000000 0.000000
55926146.000000 120576.000000 0.000000
55930451.000000 120759.000000 0.000000
55916933.000000 120567.000000 0.000000
55909949.000000 120636.000000 0.000000
55886399.000000 120342.000000 0.000000
55949184.000000 120640.000000 0.000000
55879106.000000 120531.000000 0.000000
55891653.000000 120106.000000 0.000000
55915543.000000 120653.000000 0.000000
55845842.000000 120204.000000 0.000000
55848671.000000 120229.000000 0.000000
55873380.000000 120229.000000 0.000000
55861062.000000 120189.000000 0.000000
55885804.000000 120201.000000 0.000000
55861848.000000 120248.000000 0.000000
55931040.000000 120634.000000 0.000000
55925902.000000 120743.000000 0.000000
55915298.000000 120800.000000 0.000000
55925393.000000 120584.000000 0.000000
55953583.000000 120737.000000 0.000000
55877604.000000 120248.000000 0.000000
55931916.000000 120751.000000 0.000000
55949854.000000 120646.000000 0.000000
55920038.000000 120611.000000 0.000000
55924895.000000 120608.000000 0.000000
55931611.000000 120908.000000 0.000000
55954093.000000 120638.000000 0.000000
55936823.000000 120663.000000 0.000000
55944971.000000 120656.000000 0.000000
55859800.000000 120092.000000 0.000000
55859320.000000 120125.000000 0.000000
55862226.000000 120135.000000 0.000000
55927790.000000 120620.000000 0.000000
55918571.000000 120602.000000 0.000000
55909662.000000 120628.000000 0.000000
55917127.000000 120482.000000 0.000000
55917986.000000 120640.000000 0.000000
55936267.000000 120566.000000 0.000000
55941358.000000 120767.000000 0.000000
55929549.000000 120678.000000 0.000000
