47569595.000000 103762.000000 25127.000000
48428036.000000 105019.000000 22218.000000
46824903.000000 100869.000000 27511.000000
47828316.000000 103587.000000 24790.000000
48401522.000000 104767.000000 22639.000000
48348014.000000 104768.000000 23100.000000
47465169.000000 102504.000000 25488.000000
46630974.000000 101920.000000 27018.000000
46448806.000000 101259.000000 27629.000000
45765039.000000 99259.000000 30764.000000
47115649.000000 101721.000000 26331.000000
47614422.000000 103436.000000 23694.000000
47778106.000000 103982.000000 23540.000000
49689763.000000 107989.000000 18226.000000
46282582.000000 100378.000000 27951.000000
47332475.000000 102185.000000 25297.000000
46868796.000000 101558.000000 26634.000000
47098199.000000 101889.000000 26772.000000
46347415.000000 100997.000000 27662.000000
47922265.000000 104537.000000 22129.000000
44532876.000000 97788.000000 34283.000000
46471771.000000 101528.000000 27090.000000
45607767.000000 100276.000000 30870.000000
45324145.000000 98718.000000 31058.000000
47134021.000000 102713.000000 25319.000000
47043963.000000 102664.000000 25358.000000
47848123.000000 103862.000000 24775.000000
763167.000000 49223.000000 48089.000000
46218553.000000 101216.000000 28254.000000
45654338.000000 100435.000000 29635.000000
47502280.000000 104122.000000 25209.000000
47808485.000000 104668.000000 24337.000000
49742297.000000 107234.000000 18616.000000
48732905.000000 105309.000000 21834.000000
47912498.000000 104600.000000 24352.000000
47245202.000000 102903.000000 25902.000000
47272169.000000 102406.000000 26246.000000
46452286.000000 101222.000000 28707.000000
46635952.000000 103161.000000 28054.000000
46446813.000000 100638.000000 28232.000000
46071568.000000 101504.000000 29387.000000
46948865.000000 102431.000000 26924.000000
46113987.000000 100435.000000 29480.000000
46650638.000000 101388.000000 28691.000000
48467891.000000 105308.000000 21625.000000
47856981.000000 103689.000000 24568.000000
45975887.000000 99549.000000 30162.000000
45619520.000000 98584.000000 31160.000000
47807872.000000 103449.000000 24829.000000
45738639.000000 99277.000000 30245.000000
46771897.000000 101556.000000 27637.000000
47492629.000000 102780.000000 25228.000000
47255574.000000 103055.000000 26235.000000
47594102.000000 102862.000000 24988.000000
47572725.000000 103739.000000 24974.000000
48621899.000000 107118.000000 21580.000000
49017440.000000 105686.000000 20708.000000
47915297.000000 104252.000000 23915.000000
47945040.000000 103607.000000 24078.000000
44532130.000000 97501.000000 34076.000000
49679778.000000 107793.000000 18881.000000
47531488.000000 104081.000000 25227.000000
49815034.000000 107407.000000 18432.000000
48487259.000000 105697.000000 22356.000000
46727168.000000 102646.000000 27722.000000
47374058.000000 104466.000000 25660.000000
40294613.000000 104554.000000 29032.000000
47074118.000000 101979.000000 26839.000000
50803313.000000 109430.000000 15459.000000
47953004.000000 104370.000000 23881.000000
48551971.000000 104536.000000 22465.000000
48144391.000000 104564.000000 23290.000000
48492939.000000 104478.000000 22288.000000
49651055.000000 107709.000000 18571.000000
48634051.000000 105751.000000 20474.000000
49358284.000000 106753.000000 18218.000000
48675670.000000 107285.000000 19411.000000
38179781.000000 87888.000000 19874.000000
49290019.000000 106974.000000 19836.000000
47929088.000000 104842.000000 22039.000000
47050419.000000 102343.000000 26688.000000
45695346.000000 100661.000000 29703.000000
49444730.000000 107011.000000 18182.000000
47206118.000000 103251.000000 25384.000000
46311294.000000 101188.000000 26811.000000
47521290.000000 104048.000000 23717.000000
46520147.000000 102314.000000 26460.000000
46497236.000000 101495.000000 27179.000000
1162481.000000 26242.000000 24285.000000
47368491.000000 104203.000000 24770.000000
46320476.000000 101165.000000 27498.000000
47664694.000000 104482.000000 22666.000000
48027016.000000 104889.000000 22637.000000
47849824.000000 104452.000000 22400.000000
47023407.000000 103215.000000 24340.000000
46224417.000000 101420.000000 26545.000000
45643357.000000 101303.000000 29909.000000
46516080.000000 100566.000000 27400.000000
46268662.000000 100465.000000 28003.000000
47161548.000000 102515.000000 25314.000000
