56109438.000000 120715.000000 0.000000
56165653.000000 120947.000000 0.000000
56192121.000000 121065.000000 0.000000
56205644.000000 121135.000000 0.000000
56109694.000000 120854.000000 0.000000
56157936.000000 121092.000000 0.000000
56176164.000000 121009.000000 0.000000
56078761.000000 120633.000000 0.000000
56161855.000000 121133.000000 0.000000
56117434.000000 121062.000000 0.000000
56127902.000000 120950.000000 0.000000
56087382.000000 120604.000000 0.000000
56153889.000000 121072.000000 0.000000
56155705.000000 121041.000000 0.000000
56160498.000000 120947.000000 0.000000
56061304.000000 121320.000000 0.000000
55918802.000000 120579.000000 0.000000
56151404.000000 121166.000000 0.000000
56075789.000000 120563.000000 0.000000
56070887.000000 120662.000000 0.000000
56162652.000000 121031.000000 0.000000
56149333.000000 121040.000000 0.000000
56178474.000000 121021.000000 0.000000
56072998.000000 120588.000000 0.000000
56075481.000000 120756.000000 0.000000
56152967.000000 121041.000000 0.000000
56094692.000000 120634.000000 0.000000
56095679.000000 120636.000000 0.000000
56190409.000000 121019.000000 0.000000
56073311.000000 120601.000000 0.000000
56088320.000000 120643.000000 0.000000
56088614.000000 120579.000000 0.000000
56151220.000000 121047.000000 0.000000
56162751.000000 121126.000000 0.000000
56042440.000000 120575.000000 0.000000
56074723.000000 120602.000000 0.000000
56074544.000000 121112.000000 0.000000
56082962.000000 120692.000000 0.000000
56187758.000000 121221.000000 0.000000
56142730.000000 121099.000000 0.000000
56193529.000000 121068.000000 0.000000
56175163.000000 121122.000000 0.000000
56165554.000000 121145.000000 0.000000
56083824.000000 120524.000000 0.000000
56164587.000000 121063.000000 0.000000
56158825.000000 121146.000000 0.000000
56161102.000000 121014.000000 0.000000
56086379.000000 120621.000000 0.000000
56065724.000000 120738.000000 0.000000
56075950.000000 120580.000000 0.000000
56168629.000000 121057.000000 0.000000
56094305.000000 120642.000000 0.000000
56165681.000000 121242.000000 0.000000
56154016.000000 121177.000000 0.000000
56160320.000000 120968.000000 0.000000
56168355.000000 121011.000000 0.000000
56091694.000000 120569.000000 0.000000
56109239.000000 120813.000000 0.000000
56148712.000000 121051.000000 0.000000
56070885.000000 120619.000000 0.000000
56167235.000000 120991.000000 0.000000
56038641.000000 120575.000000 0.000000
56113462.000000 121094.000000 0.000000
56052337.000000 121278.000000 0.000000
56168598.000000 121045.000000 0.000000
56171715.000000 121079.000000 0.000000
56088191.000000 120592.000000 0.000000
56086938.000000 120589.000000 0.000000
56071682.000000 120684.000000 0.000000
56168475.000000 121063.000000 0.000000
56070229.000000 120564.000000 0.000000
56169217.000000 121157.000000 0.000000
56163226.000000 121094.000000 0.000000
56177143.000000 121193.000000 0.000000
56200471.000000 121123.000000 0.000000
56178335.000000 121143.000000 0.000000
56186749.000000 120979.000000 0.000000
56059694.000000 120625.000000 0.000000
56102958.000000 120559.000000 0.000000
56097636.000000 120491.000000 0.000000
56184506.000000 121000.000000 0.000000
56158847.000000 121086.000000 0.000000
56187667.000000 121056.000000 0.000000
56091644.000000 120688.000000 0.000000
56171602.000000 121142.000000 0.000000
56054278.000000 120604.000000 0.000000
56082472.000000 120606.000000 0.000000
56072362.000000 120651.000000 0.000000
56097233.000000 120624.000000 0.000000
56071496.000000 120511.000000 0.000000
56153953.000000 120994.000000 0.000000
56066224.000000 120612.000000 0.000000
56093417.000000 121023.000000 0.000000
56166129.000000 121015.000000 0.000000
56086800.000000 120543.000000 0.000000
56082089.000000 120604.000000 0.000000
56189066.000000 121067.000000 0.000000
56167197.000000 121080.000000 0.000000
56188012.000000 121127.000000 0.000000
56163757.000000 121015.000000 0.000000
