56143534.000000 120684.000000 0.000000
56153548.000000 120631.000000 0.000000
56222075.000000 121079.000000 0.000000
56252012.000000 121174.000000 0.000000
55631824.000000 119564.000000 0.000000
56156376.000000 120730.000000 0.000000
56257977.000000 121121.000000 0.000000
56152288.000000 120814.000000 0.000000
56202485.000000 121040.000000 0.000000
56246725.000000 121208.000000 0.000000
56096943.000000 120674.000000 0.000000
56239193.000000 121180.000000 0.000000
56157178.000000 120768.000000 0.000000
56150536.000000 120766.000000 0.000000
56169016.000000 120939.000000 0.000000
56237790.000000 121183.000000 0.000000
56036569.000000 120816.000000 0.000000
56134042.000000 120781.000000 0.000000
56175266.000000 120959.000000 0.000000
56127977.000000 120780.000000 0.000000
56190453.000000 121149.000000 0.000000
56157781.000000 120632.000000 0.000000
56155287.000000 120844.000000 0.000000
56178315.000000 120642.000000 0.000000
56233467.000000 121083.000000 0.000000
56248923.000000 121169.000000 0.000000
56180368.000000 120784.000000 0.000000
56178752.000000 121133.000000 0.000000
56130914.000000 120792.000000 0.000000
56148357.000000 120713.000000 0.000000
56250213.000000 121212.000000 0.000000
56169941.000000 120867.000000 0.000000
56261497.000000 121053.000000 0.000000
56237678.000000 121174.000000 0.000000
56226022.000000 121041.000000 0.000000
56252995.000000 121131.000000 0.000000
56248645.000000 121125.000000 0.000000
56243622.000000 121238.000000 0.000000
56250588.000000 121178.000000 0.000000
56263752.000000 121236.000000 0.000000
56229853.000000 121249.000000 0.000000
56230023.000000 121292.000000 0.000000
56241068.000000 121155.000000 0.000000
56263508.000000 121284.000000 0.000000
56188545.000000 120984.000000 0.000000
56218920.000000 121026.000000 0.000000
56249924.000000 121120.000000 0.000000
56258508.000000 121256.000000 0.000000
56253331.000000 121296.000000 0.000000
56251772.000000 121222.000000 0.000000
56254566.000000 121198.000000 0.000000
56264345.000000 121168.000000 0.000000
56121075.000000 120769.000000 0.000000
56239985.000000 121205.000000 0.000000
56262597.000000 121222.000000 0.000000
56146377.000000 120874.000000 0.000000
56151228.000000 120799.000000 0.000000
56256069.000000 121272.000000 0.000000
56169646.000000 120664.000000 0.000000
56257249.000000 121256.000000 0.000000
56253811.000000 121116.000000 0.000000
56146500.000000 121460.000000 0.000000
56157859.000000 121425.000000 0.000000
56140443.000000 120675.000000 0.000000
56254669.000000 121078.000000 0.000000
56240964.000000 121245.000000 0.000000
56236329.000000 121261.000000 0.000000
56022430.000000 120649.000000 0.000000
56248611.000000 121148.000000 0.000000
56079759.000000 121049.000000 0.000000
56234772.000000 121248.000000 0.000000
56242342.000000 121176.000000 0.000000
56249162.000000 121221.000000 0.000000
56164129.000000 120940.000000 0.000000
56149094.000000 120721.000000 0.000000
56181059.000000 120911.000000 0.000000
56242760.000000 121187.000000 0.000000
56272212.000000 121161.000000 0.000000
56259821.000000 121302.000000 0.000000
56114677.000000 121276.000000 0.000000
56239076.000000 121326.000000 0.000000
56195482.000000 120885.000000 0.000000
56248797.000000 121193.000000 0.000000
56239288.000000 121223.000000 0.000000
56226512.000000 121232.000000 0.000000
56255854.000000 121144.000000 0.000000
56216613.000000 121305.000000 0.000000
56263426.000000 121283.000000 0.000000
56244442.000000 121172.000000 0.000000
56218001.000000 120914.000000 0.000000
56245669.000000 121235.000000 0.000000
56134608.000000 120868.000000 0.000000
56233821.000000 121150.000000 0.000000
56252117.000000 121163.000000 0.000000
56131546.000000 120737.000000 0.000000
56251435.000000 121197.000000 0.000000
56159416.000000 120733.000000 0.000000
56249318.000000 121130.000000 0.000000
56162624.000000 120724.000000 0.000000
56246219.000000 121145.000000 0.000000
