56098598.000000 120644.000000 0.000000
54732568.000000 119473.000000 3583.000000
56138642.000000 120954.000000 213.000000
55659170.000000 119769.000000 1307.000000
56119091.000000 120775.000000 0.000000
55719615.000000 120099.000000 1380.000000
56089306.000000 120735.000000 21.000000
56149930.000000 120978.000000 112.000000
56104418.000000 120656.000000 10.000000
56168068.000000 121109.000000 73.000000
56123357.000000 120763.000000 0.000000
56109880.000000 120580.000000 24.000000
56094268.000000 120693.000000 59.000000
56083678.000000 120738.000000 26.000000
56083791.000000 120663.000000 156.000000
56217725.000000 121192.000000 0.000000
55944683.000000 120540.000000 751.000000
56119414.000000 120722.000000 0.000000
54375501.000000 116805.000000 5048.000000
54551391.000000 117392.000000 4420.000000
55972598.000000 120326.000000 485.000000
55694310.000000 119570.000000 1348.000000
55720441.000000 120143.000000 1079.000000
55955307.000000 120306.000000 281.000000
55723266.000000 119904.000000 764.000000
56106274.000000 120689.000000 0.000000
54731650.000000 119639.000000 3706.000000
56130625.000000 120691.000000 0.000000
56116790.000000 120588.000000 0.000000
56104803.000000 120784.000000 0.000000
55303543.000000 119122.000000 2139.000000
55862714.000000 120153.000000 718.000000
56115768.000000 120634.000000 80.000000
55911499.000000 120217.000000 656.000000
56196865.000000 121115.000000 0.000000
55837005.000000 120162.000000 909.000000
55792928.000000 119971.000000 961.000000
55789894.000000 120108.000000 1018.000000
56160562.000000 120808.000000 0.000000
56105592.000000 120682.000000 0.000000
55850438.000000 120313.000000 841.000000
55655854.000000 119743.000000 0.000000
55933224.000000 120321.000000 562.000000
56112390.000000 120684.000000 20.000000
55093549.000000 119756.000000 2606.000000
55637545.000000 119622.000000 0.000000
56157498.000000 120987.000000 87.000000
55862138.000000 120149.000000 817.000000
55464285.000000 119666.000000 2295.000000
56223112.000000 121044.000000 0.000000
56114424.000000 120668.000000 0.000000
56103789.000000 120760.000000 0.000000
56116352.000000 120787.000000 11.000000
56099216.000000 120761.000000 0.000000
55758775.000000 119996.000000 1062.000000
56052059.000000 120885.000000 479.000000
56114051.000000 120795.000000 0.000000
55533017.000000 119402.000000 1733.000000
54947667.000000 119742.000000 2984.000000
55743129.000000 119955.000000 1133.000000
55873504.000000 120452.000000 972.000000
55767923.000000 119754.000000 1012.000000
56108881.000000 120660.000000 0.000000
56141893.000000 120994.000000 142.000000
56100358.000000 120783.000000 0.000000
56151681.000000 121091.000000 86.000000
55745320.000000 119984.000000 1097.000000
56192897.000000 121071.000000 0.000000
56120476.000000 120698.000000 0.000000
56175267.000000 121108.000000 0.000000
56104681.000000 120735.000000 0.000000
56124873.000000 120822.000000 0.000000
55793094.000000 120102.000000 974.000000
55716734.000000 119917.000000 1180.000000
55011649.000000 119869.000000 2830.000000
54978689.000000 119699.000000 2835.000000
56160887.000000 121040.000000 96.000000
56194109.000000 121187.000000 0.000000
55695589.000000 119713.000000 1259.000000
56120950.000000 120816.000000 15.000000
55454643.000000 119119.000000 1980.000000
56116825.000000 121110.000000 171.000000
56125064.000000 120705.000000 0.000000
55463319.000000 119122.000000 1913.000000
56110371.000000 120708.000000 0.000000
56023512.000000 120832.000000 576.000000
55811089.000000 119933.000000 881.000000
55327375.000000 119156.000000 2503.000000
56075303.000000 120634.000000 80.000000
56083320.000000 120690.000000 0.000000
55408733.000000 119414.000000 2249.000000
56107961.000000 120887.000000 52.000000
56117553.000000 120662.000000 0.000000
54770629.000000 119331.000000 3719.000000
56168186.000000 120939.000000 114.000000
56037069.000000 120766.000000 643.000000
53594329.000000 115209.000000 7225.000000
55095180.000000 119886.000000 2529.000000
56094783.000000 120701.000000 72.000000
54719060.000000 119276.000000 3859.000000
