55978091.000000 120771.000000 0.000000
55964790.000000 120839.000000 0.000000
55954789.000000 120715.000000 0.000000
55943329.000000 120569.000000 0.000000
55929473.000000 120518.000000 0.000000
55973646.000000 120545.000000 0.000000
55853905.000000 120288.000000 0.000000
55859939.000000 120279.000000 0.000000
55957191.000000 120672.000000 0.000000
55962540.000000 120658.000000 0.000000
55956166.000000 120752.000000 0.000000
55947948.000000 120589.000000 0.000000
55929606.000000 120568.000000 0.000000
55941634.000000 120730.000000 0.000000
55974985.000000 120725.000000 0.000000
55959469.000000 120511.000000 0.000000
55955279.000000 120662.000000 0.000000
55951198.000000 120727.000000 0.000000
55880311.000000 120204.000000 0.000000
55960102.000000 120590.000000 0.000000
55939062.000000 120697.000000 0.000000
55931055.000000 120929.000000 0.000000
55956289.000000 120684.000000 0.000000
55929967.000000 120736.000000 0.000000
55951839.000000 120767.000000 0.000000
55942205.000000 120649.000000 0.000000
55963888.000000 120868.000000 0.000000
55964876.000000 120714.000000 0.000000
55973611.000000 120677.000000 0.000000
55959524.000000 120742.000000 0.000000
55957160.000000 120522.000000 0.000000
55975584.000000 120700.000000 0.000000
55859468.000000 120317.000000 0.000000
55960255.000000 120611.000000 0.000000
55952985.000000 120864.000000 0.000000
55923663.000000 120463.000000 0.000000
55948036.000000 120793.000000 0.000000
55865737.000000 120201.000000 0.000000
55886831.000000 120172.000000 0.000000
55909831.000000 120691.000000 0.000000
55905755.000000 120244.000000 0.000000
55942321.000000 120494.000000 0.000000
55957623.000000 120565.000000 0.000000
55968182.000000 120691.000000 0.000000
55949189.000000 120791.000000 0.000000
55926459.000000 120805.000000 0.000000
55962696.000000 120628.000000 0.000000
55947150.000000 120715.000000 0.000000
55940055.000000 120858.000000 0.000000
55979984.000000 120641.000000 0.000000
55964885.000000 120751.000000 0.000000
55952328.000000 120668.000000 0.000000
55919750.000000 120260.000000 0.000000
55883704.000000 120082.000000 0.000000
55936844.000000 120796.000000 0.000000
55941433.000000 120641.000000 0.000000
55964342.000000 120749.000000 0.000000
55937124.000000 120670.000000 0.000000
55947844.000000 120668.000000 0.000000
55949679.000000 120766.000000 0.000000
55945070.000000 120565.000000 0.000000
55874725.000000 120198.000000 0.000000
55958962.000000 120715.000000 0.000000
55933413.000000 120804.000000 0.000000
55963872.000000 120781.000000 0.000000
55979806.000000 120771.000000 0.000000
55988607.000000 120748.000000 0.000000
55960117.000000 120674.000000 0.000000
55978671.000000 120772.000000 0.000000
55952802.000000 120743.000000 0.000000
55972123.000000 120679.000000 0.000000
55968914.000000 120813.000000 0.000000
55670228.000000 120093.000000 0.000000
55945280.000000 120681.000000 0.000000
55967964.000000 120813.000000 0.000000
55790310.000000 120453.000000 0.000000
55794609.000000 120405.000000 0.000000
55973723.000000 120656.000000 0.000000
55968748.000000 120708.000000 0.000000
55950276.000000 120671.000000 0.000000
55806461.000000 120492.000000 0.000000
55886767.000000 120179.000000 0.000000
55796852.000000 120432.000000 0.000000
55860885.000000 120444.000000 0.000000
55762608.000000 120402.000000 0.000000
55984635.000000 120692.000000 0.000000
55936724.000000 120754.000000 0.000000
55959383.000000 120716.000000 0.000000
55966819.000000 120535.000000 0.000000
55953166.000000 120697.000000 0.000000
55909049.000000 120717.000000 0.000000
55930547.000000 120642.000000 0.000000
55916761.000000 120795.000000 0.000000
55810582.000000 120554.000000 0.000000
55940919.000000 120692.000000 0.000000
55942318.000000 120772.000000 0.000000
55917614.000000 120778.000000 0.000000
55950687.000000 120649.000000 0.000000
55953131.000000 120619.000000 0.000000
55949979.000000 120762.000000 0.000000
