56195479.000000 121009.000000 0.000000
56179571.000000 120849.000000 0.000000
56181918.000000 120907.000000 0.000000
56163411.000000 120808.000000 0.000000
56189471.000000 121038.000000 0.000000
56158908.000000 120773.000000 0.000000
56172705.000000 120931.000000 0.000000
56186790.000000 120933.000000 0.000000
56170081.000000 121003.000000 0.000000
56171231.000000 120770.000000 0.000000
56269755.000000 121282.000000 0.000000
56195720.000000 120894.000000 0.000000
56192162.000000 120988.000000 0.000000
56198767.000000 120991.000000 0.000000
56195561.000000 120943.000000 0.000000
56133467.000000 120823.000000 0.000000
56189111.000000 120859.000000 0.000000
56143144.000000 120900.000000 0.000000
56273365.000000 121159.000000 0.000000
56182329.000000 120831.000000 0.000000
56290391.000000 121229.000000 0.000000
56198238.000000 121014.000000 0.000000
56172480.000000 120916.000000 0.000000
56200082.000000 120964.000000 0.000000
56261019.000000 121217.000000 0.000000
56198959.000000 120836.000000 0.000000
56162024.000000 120953.000000 0.000000
56048122.000000 120768.000000 0.000000
56199983.000000 120849.000000 0.000000
56153021.000000 120893.000000 0.000000
56162775.000000 120746.000000 0.000000
56196067.000000 121026.000000 0.000000
56184970.000000 120974.000000 0.000000
56185744.000000 120981.000000 0.000000
56192674.000000 120895.000000 0.000000
56179269.000000 120781.000000 0.000000
56163814.000000 120826.000000 0.000000
56296575.000000 121243.000000 0.000000
56187317.000000 120870.000000 0.000000
56189730.000000 120897.000000 0.000000
56193645.000000 120892.000000 0.000000
56269597.000000 121512.000000 0.000000
56195883.000000 120977.000000 0.000000
56188814.000000 120859.000000 0.000000
56178945.000000 120834.000000 0.000000
56202271.000000 120917.000000 0.000000
56182083.000000 120862.000000 0.000000
56179233.000000 120899.000000 0.000000
56198320.000000 120874.000000 0.000000
56203271.000000 120858.000000 0.000000
56179341.000000 120844.000000 0.000000
56179153.000000 120801.000000 0.000000
56187716.000000 120876.000000 0.000000
56192292.000000 120806.000000 0.000000
56173660.000000 120886.000000 0.000000
56179991.000000 120834.000000 0.000000
56191234.000000 120860.000000 0.000000
56171384.000000 120802.000000 0.000000
56200483.000000 120763.000000 0.000000
56178855.000000 120924.000000 0.000000
56172160.000000 120881.000000 0.000000
56190331.000000 120873.000000 0.000000
56277766.000000 121399.000000 0.000000
56289489.000000 121279.000000 0.000000
56188132.000000 120834.000000 0.000000
56243424.000000 121166.000000 0.000000
56137917.000000 120748.000000 0.000000
56179910.000000 120940.000000 0.000000
56175757.000000 120895.000000 0.000000
56165325.000000 120810.000000 0.000000
56274347.000000 121164.000000 0.000000
56290788.000000 121402.000000 0.000000
56283054.000000 121175.000000 0.000000
56201115.000000 120684.000000 0.000000
56192645.000000 120863.000000 0.000000
56261439.000000 121403.000000 0.000000
56264620.000000 121278.000000 0.000000
56229484.000000 121152.000000 0.000000
56179758.000000 120833.000000 0.000000
56166693.000000 120957.000000 0.000000
56176321.000000 120895.000000 0.000000
56180351.000000 120878.000000 0.000000
56175562.000000 120903.000000 0.000000
56206810.000000 120903.000000 0.000000
56279171.000000 121346.000000 0.000000
56190928.000000 120828.000000 0.000000
56191880.000000 120916.000000 0.000000
56159108.000000 120893.000000 0.000000
56272577.000000 121274.000000 0.000000
56286047.000000 121386.000000 0.000000
56195167.000000 120942.000000 0.000000
56196235.000000 121000.000000 0.000000
56250769.000000 121126.000000 0.000000
56273745.000000 121233.000000 0.000000
56187049.000000 120815.000000 0.000000
56185944.000000 120858.000000 0.000000
56110950.000000 120766.000000 0.000000
56194434.000000 120987.000000 0.000000
56273693.000000 121365.000000 0.000000
56283169.000000 121099.000000 0.000000
