56193017.000000 121006.000000 0.000000
56198954.000000 120885.000000 0.000000
56204695.000000 120961.000000 0.000000
56196434.000000 120848.000000 0.000000
56241640.000000 121388.000000 0.000000
56187341.000000 120817.000000 0.000000
56192357.000000 121012.000000 0.000000
56204596.000000 120978.000000 0.000000
56189938.000000 121053.000000 0.000000
56198702.000000 120826.000000 0.000000
56288127.000000 121361.000000 0.000000
56176942.000000 120863.000000 0.000000
56188504.000000 121016.000000 0.000000
56192416.000000 121016.000000 0.000000
56192196.000000 120985.000000 0.000000
56118597.000000 120784.000000 0.000000
56197120.000000 120928.000000 0.000000
56144865.000000 120961.000000 0.000000
56201608.000000 120881.000000 0.000000
56201164.000000 120847.000000 0.000000
56188217.000000 120788.000000 0.000000
56202951.000000 121034.000000 0.000000
56143847.000000 120904.000000 0.000000
56157709.000000 120937.000000 0.000000
56187566.000000 120814.000000 0.000000
56172996.000000 120806.000000 0.000000
56151686.000000 120960.000000 0.000000
56175527.000000 121056.000000 0.000000
56183008.000000 120849.000000 0.000000
56197269.000000 120969.000000 0.000000
56188265.000000 121011.000000 0.000000
56187895.000000 121082.000000 0.000000
56188684.000000 120991.000000 0.000000
56161480.000000 120929.000000 0.000000
56185116.000000 120910.000000 0.000000
56195519.000000 120841.000000 0.000000
56183202.000000 120895.000000 0.000000
56190922.000000 120785.000000 0.000000
56185356.000000 120908.000000 0.000000
56207547.000000 120961.000000 0.000000
56174272.000000 120910.000000 0.000000
56266931.000000 121550.000000 0.000000
56203815.000000 121029.000000 0.000000
56196455.000000 120871.000000 0.000000
56211348.000000 120924.000000 0.000000
56193722.000000 120956.000000 0.000000
56186344.000000 120895.000000 0.000000
56190819.000000 120933.000000 0.000000
56172997.000000 120831.000000 0.000000
56202517.000000 120847.000000 0.000000
56184525.000000 120881.000000 0.000000
56200414.000000 120878.000000 0.000000
56193493.000000 120922.000000 0.000000
56208527.000000 120820.000000 0.000000
56165817.000000 120923.000000 0.000000
56213634.000000 120945.000000 0.000000
56161361.000000 120857.000000 0.000000
56189822.000000 120844.000000 0.000000
56192963.000000 120819.000000 0.000000
56184505.000000 120952.000000 0.000000
56206931.000000 120937.000000 0.000000
56181675.000000 120930.000000 0.000000
56285544.000000 121411.000000 0.000000
56228292.000000 121027.000000 0.000000
56203326.000000 120861.000000 0.000000
56191421.000000 120857.000000 0.000000
56155707.000000 120812.000000 0.000000
56200572.000000 121001.000000 0.000000
56191265.000000 120915.000000 0.000000
56161922.000000 120839.000000 0.000000
56202961.000000 120803.000000 0.000000
56144768.000000 120900.000000 0.000000
56290721.000000 121195.000000 0.000000
56190438.000000 120735.000000 0.000000
56181826.000000 120858.000000 0.000000
56283371.000000 121453.000000 0.000000
56198655.000000 120956.000000 0.000000
56180783.000000 120981.000000 0.000000
56196652.000000 120863.000000 0.000000
56194667.000000 121059.000000 0.000000
56201967.000000 120987.000000 0.000000
56192339.000000 120942.000000 0.000000
56202174.000000 120967.000000 0.000000
56184641.000000 120952.000000 0.000000
56200964.000000 120906.000000 0.000000
56192289.000000 120830.000000 0.000000
56187717.000000 120927.000000 0.000000
56197365.000000 120984.000000 0.000000
56274004.000000 121331.000000 0.000000
56269910.000000 121339.000000 0.000000
56188610.000000 120965.000000 0.000000
56189811.000000 121039.000000 0.000000
56208910.000000 120794.000000 0.000000
56207121.000000 120850.000000 0.000000
56204795.000000 120902.000000 0.000000
56207447.000000 120907.000000 0.000000
56197578.000000 120902.000000 0.000000
56203081.000000 121068.000000 0.000000
56289616.000000 121440.000000 0.000000
56296247.000000 121126.000000 0.000000
