56199485.000000 120789.000000 0.000000
56208750.000000 120829.000000 0.000000
56206579.000000 120879.000000 0.000000
56214515.000000 120869.000000 0.000000
56221111.000000 121064.000000 0.000000
56232844.000000 121089.000000 0.000000
56272414.000000 121394.000000 0.000000
56217967.000000 120814.000000 0.000000
56225394.000000 120877.000000 0.000000
56226063.000000 120744.000000 0.000000
56218985.000000 120839.000000 0.000000
56219224.000000 120960.000000 0.000000
56200950.000000 121044.000000 0.000000
56273150.000000 121507.000000 0.000000
56217625.000000 120855.000000 0.000000
56224941.000000 121005.000000 0.000000
56298582.000000 121456.000000 0.000000
56227725.000000 120831.000000 0.000000
56179444.000000 120850.000000 0.000000
56223655.000000 120947.000000 0.000000
56241266.000000 121368.000000 0.000000
56202087.000000 120848.000000 0.000000
56221346.000000 121038.000000 0.000000
56266651.000000 121559.000000 0.000000
56212953.000000 120848.000000 0.000000
56168449.000000 120901.000000 0.000000
56277784.000000 121345.000000 0.000000
56188858.000000 120994.000000 0.000000
56207649.000000 120929.000000 0.000000
56216957.000000 120897.000000 0.000000
56199335.000000 120889.000000 0.000000
56198529.000000 120949.000000 0.000000
56236792.000000 120937.000000 0.000000
56222102.000000 121215.000000 0.000000
56296332.000000 121471.000000 0.000000
56215252.000000 120967.000000 0.000000
56289105.000000 121544.000000 0.000000
56205286.000000 120832.000000 0.000000
56201765.000000 120974.000000 0.000000
56198365.000000 120888.000000 0.000000
56208451.000000 120995.000000 0.000000
56216013.000000 120843.000000 0.000000
56210687.000000 120963.000000 0.000000
56235812.000000 120875.000000 0.000000
56220521.000000 120903.000000 0.000000
56221535.000000 120869.000000 0.000000
56209979.000000 120948.000000 0.000000
56220255.000000 120893.000000 0.000000
56271952.000000 121374.000000 0.000000
56202372.000000 120817.000000 0.000000
56190349.000000 120819.000000 0.000000
56211824.000000 120899.000000 0.000000
56213057.000000 120931.000000 0.000000
56227586.000000 121028.000000 0.000000
56221287.000000 121016.000000 0.000000
56205534.000000 120893.000000 0.000000
56198454.000000 120896.000000 0.000000
56222572.000000 120901.000000 0.000000
56283970.000000 121384.000000 0.000000
56219396.000000 120776.000000 0.000000
56208530.000000 120929.000000 0.000000
56223594.000000 120968.000000 0.000000
56222566.000000 121000.000000 0.000000
56230385.000000 120984.000000 0.000000
56056521.000000 120624.000000 0.000000
56193936.000000 120815.000000 0.000000
56207909.000000 121004.000000 0.000000
55765939.000000 120203.000000 0.000000
56189076.000000 120891.000000 0.000000
56298916.000000 121552.000000 0.000000
56227923.000000 120820.000000 0.000000
56279011.000000 121618.000000 0.000000
56215528.000000 120894.000000 0.000000
56262279.000000 121461.000000 0.000000
56193404.000000 120905.000000 0.000000
56212146.000000 120806.000000 0.000000
55979398.000000 120331.000000 0.000000
56209854.000000 121016.000000 0.000000
56227105.000000 120791.000000 0.000000
56213699.000000 121007.000000 0.000000
56251458.000000 121232.000000 0.000000
56265437.000000 121339.000000 0.000000
56230943.000000 121300.000000 0.000000
56213287.000000 120827.000000 0.000000
56216873.000000 120994.000000 0.000000
56218006.000000 121032.000000 0.000000
56206050.000000 121236.000000 0.000000
56215491.000000 120859.000000 0.000000
56193576.000000 120933.000000 0.000000
56204789.000000 120942.000000 0.000000
56207906.000000 121046.000000 0.000000
56226833.000000 120985.000000 0.000000
56210043.000000 120868.000000 0.000000
56286068.000000 121281.000000 0.000000
56223521.000000 120856.000000 0.000000
56225180.000000 120972.000000 0.000000
55675490.000000 119759.000000 0.000000
56292139.000000 121348.000000 0.000000
56199285.000000 120832.000000 0.000000
56195029.000000 120925.000000 0.000000
