53827737.000000 115858.000000 6062.000000
52770929.000000 113813.000000 9755.000000
54198333.000000 116859.000000 5301.000000
53358334.000000 115120.000000 7588.000000
52117756.000000 112328.000000 11198.000000
52548133.000000 112902.000000 9921.000000
54520697.000000 117409.000000 4019.000000
53956854.000000 116225.000000 5921.000000
54032963.000000 116498.000000 5956.000000
53072309.000000 114418.000000 8494.000000
54064234.000000 116353.000000 5583.000000
52343249.000000 113175.000000 10417.000000
53814367.000000 115721.000000 6388.000000
51967207.000000 111831.000000 11752.000000
54654944.000000 117704.000000 3530.000000
55029933.000000 118379.000000 2452.000000
53567027.000000 115444.000000 6953.000000
54288340.000000 116939.000000 4700.000000
53837709.000000 116140.000000 6339.000000
53799420.000000 116072.000000 6436.000000
54325246.000000 117235.000000 4812.000000
53276181.000000 114667.000000 7620.000000
53310562.000000 114868.000000 7542.000000
53975795.000000 116442.000000 6067.000000
53817907.000000 115934.000000 6502.000000
53480532.000000 115080.000000 7156.000000
53400891.000000 114918.000000 7321.000000
53869148.000000 115910.000000 5975.000000
53897767.000000 115982.000000 6034.000000
53949693.000000 116399.000000 5958.000000
52142427.000000 112225.000000 10323.000000
53295715.000000 115006.000000 7893.000000
53435251.000000 114994.000000 7194.000000
54042069.000000 116455.000000 5803.000000
54889026.000000 118374.000000 2798.000000
52896563.000000 114096.000000 9135.000000
53049762.000000 114392.000000 8547.000000
53864083.000000 115843.000000 6110.000000
54326967.000000 116989.000000 4571.000000
54143839.000000 116585.000000 5328.000000
53971810.000000 116327.000000 5987.000000
54756303.000000 117926.000000 2978.000000
54536376.000000 117424.000000 3990.000000
55490430.000000 119888.000000 1062.000000
54470372.000000 117296.000000 2809.000000
54068277.000000 116539.000000 5845.000000
55021757.000000 118418.000000 2376.000000
54324642.000000 117206.000000 4813.000000
54458541.000000 117458.000000 4412.000000
54155101.000000 116550.000000 5117.000000
54167057.000000 116693.000000 5322.000000
54501597.000000 117558.000000 4187.000000
53257459.000000 114939.000000 7932.000000
55185057.000000 118934.000000 2040.000000
54357330.000000 117168.000000 4674.000000
54436825.000000 117396.000000 4337.000000
54828554.000000 118001.000000 2775.000000
54033470.000000 116227.000000 5448.000000
54779242.000000 117794.000000 2934.000000
54644440.000000 117734.000000 3546.000000
52952234.000000 114240.000000 8913.000000
53726300.000000 115855.000000 6614.000000
54207278.000000 116507.000000 5034.000000
54482233.000000 117441.000000 4456.000000
54754744.000000 117766.000000 3022.000000
53485059.000000 115149.000000 7059.000000
54528359.000000 117262.000000 4078.000000
52893363.000000 114267.000000 8901.000000
54635419.000000 117721.000000 3499.000000
53838870.000000 115819.000000 6064.000000
54578603.000000 117563.000000 3843.000000
54136010.000000 116858.000000 5237.000000
54692971.000000 117644.000000 3499.000000
53466192.000000 115070.000000 7235.000000
51791455.000000 111752.000000 12169.000000
53814985.000000 115904.000000 6578.000000
51753644.000000 111781.000000 12253.000000
52593607.000000 113191.000000 9929.000000
52121241.000000 112326.000000 11324.000000
53785862.000000 116110.000000 6369.000000
53806005.000000 116049.000000 6420.000000
51971845.000000 112123.000000 11698.000000
54287624.000000 117004.000000 4927.000000
54306873.000000 117266.000000 4929.000000
54733998.000000 118091.000000 3552.000000
53356018.000000 115008.000000 7212.000000
52267444.000000 112788.000000 10523.000000
55802815.000000 120013.000000 141.000000
54328738.000000 117274.000000 4739.000000
53341544.000000 114698.000000 7620.000000
55370848.000000 119526.000000 1665.000000
53861840.000000 116073.000000 6230.000000
54719558.000000 117871.000000 2987.000000
55076284.000000 118550.000000 2302.000000
54757464.000000 118100.000000 3596.000000
54340019.000000 117134.000000 4926.000000
55234058.000000 119225.000000 2132.000000
52911686.000000 114096.000000 7773.000000
53450605.000000 115270.000000 7492.000000
53661286.000000 115807.000000 6803.000000
