56211595.000000 120852.000000 0.000000
56192162.000000 121009.000000 0.000000
56180018.000000 120942.000000 0.000000
56289169.000000 121467.000000 0.000000
56192807.000000 120950.000000 0.000000
56297219.000000 121402.000000 0.000000
56291722.000000 121326.000000 0.000000
56137678.000000 120881.000000 0.000000
56189407.000000 120983.000000 0.000000
56165597.000000 121017.000000 0.000000
56185767.000000 120832.000000 0.000000
56184684.000000 120924.000000 0.000000
56165410.000000 120842.000000 0.000000
56192689.000000 121022.000000 0.000000
56284966.000000 121384.000000 0.000000
56167385.000000 121053.000000 0.000000
56175050.000000 121011.000000 0.000000
56173802.000000 120919.000000 0.000000
56189734.000000 120914.000000 0.000000
56182780.000000 120838.000000 0.000000
56277917.000000 121324.000000 0.000000
56176076.000000 121014.000000 0.000000
56191967.000000 120891.000000 0.000000
56189076.000000 120885.000000 0.000000
56189496.000000 120994.000000 0.000000
56278401.000000 121295.000000 0.000000
56143810.000000 120807.000000 0.000000
56177899.000000 121054.000000 0.000000
56191740.000000 120877.000000 0.000000
56165814.000000 120878.000000 0.000000
56201369.000000 121041.000000 0.000000
56167870.000000 121054.000000 0.000000
56239666.000000 121069.000000 0.000000
56193527.000000 120914.000000 0.000000
56280712.000000 121377.000000 0.000000
56246091.000000 121344.000000 0.000000
56295059.000000 121347.000000 0.000000
56171205.000000 120862.000000 0.000000
56172248.000000 120953.000000 0.000000
56198305.000000 120857.000000 0.000000
56186398.000000 120946.000000 0.000000
56183415.000000 120855.000000 0.000000
56163556.000000 120979.000000 0.000000
56195671.000000 120915.000000 0.000000
56202060.000000 121013.000000 0.000000
56190342.000000 120913.000000 0.000000
56157066.000000 120941.000000 0.000000
56182223.000000 120980.000000 0.000000
56300979.000000 121232.000000 0.000000
56192267.000000 120910.000000 0.000000
56309366.000000 121356.000000 0.000000
56197753.000000 120742.000000 0.000000
56167472.000000 120900.000000 0.000000
56191795.000000 120951.000000 0.000000
56178697.000000 120895.000000 0.000000
56176189.000000 120947.000000 0.000000
56174555.000000 120923.000000 0.000000
56187120.000000 121015.000000 0.000000
56183612.000000 120835.000000 0.000000
56182735.000000 120952.000000 0.000000
56183697.000000 120908.000000 0.000000
56165125.000000 120975.000000 0.000000
56188491.000000 120891.000000 0.000000
56185928.000000 120855.000000 0.000000
56277087.000000 121385.000000 0.000000
56169212.000000 121046.000000 0.000000
56263453.000000 121391.000000 0.000000
56167755.000000 120895.000000 0.000000
56182792.000000 120973.000000 0.000000
56183229.000000 120946.000000 0.000000
56183856.000000 120950.000000 0.000000
56181796.000000 120938.000000 0.000000
56135596.000000 120766.000000 0.000000
56198705.000000 120940.000000 0.000000
56192892.000000 121054.000000 0.000000
56177241.000000 120901.000000 0.000000
56190372.000000 120845.000000 0.000000
56184704.000000 120976.000000 0.000000
56242001.000000 121212.000000 0.000000
56197938.000000 120882.000000 0.000000
56205130.000000 121038.000000 0.000000
56293519.000000 121403.000000 0.000000
56270806.000000 121390.000000 0.000000
56295569.000000 121364.000000 0.000000
56187532.000000 120839.000000 0.000000
56189936.000000 120911.000000 0.000000
56190546.000000 120889.000000 0.000000
56189690.000000 120961.000000 0.000000
56194089.000000 121078.000000 0.000000
56206945.000000 120959.000000 0.000000
56188273.000000 120883.000000 0.000000
56207066.000000 120857.000000 0.000000
56185377.000000 121060.000000 0.000000
56188017.000000 120937.000000 0.000000
56173927.000000 121021.000000 0.000000
56187473.000000 120857.000000 0.000000
56169332.000000 120772.000000 0.000000
56138001.000000 120939.000000 0.000000
56194496.000000 120927.000000 0.000000
56177135.000000 120893.000000 0.000000
