55801327.000000 120471.000000 0.000000
55824731.000000 120436.000000 0.000000
55820774.000000 120531.000000 0.000000
55809148.000000 120469.000000 0.000000
55757538.000000 120001.000000 0.000000
55733660.000000 119999.000000 0.000000
55748738.000000 119984.000000 0.000000
55763335.000000 120054.000000 0.000000
55743561.000000 119937.000000 0.000000
55829241.000000 120500.000000 0.000000
55770868.000000 120323.000000 0.000000
55475546.000000 119589.000000 0.000000
55816156.000000 120492.000000 0.000000
55847808.000000 120484.000000 0.000000
55748088.000000 119971.000000 0.000000
55833781.000000 120393.000000 0.000000
55730145.000000 119927.000000 0.000000
55749729.000000 120012.000000 0.000000
55726958.000000 120135.000000 0.000000
55735656.000000 120016.000000 0.000000
55732935.000000 119997.000000 0.000000
55738829.000000 119991.000000 0.000000
55793996.000000 120508.000000 0.000000
55782241.000000 120355.000000 0.000000
55822304.000000 120500.000000 0.000000
55707585.000000 119929.000000 0.000000
55804958.000000 120322.000000 0.000000
55741077.000000 120004.000000 0.000000
55823700.000000 120426.000000 0.000000
55718625.000000 119981.000000 0.000000
55797353.000000 120291.000000 0.000000
55817487.000000 120463.000000 0.000000
55771557.000000 120266.000000 0.000000
55833464.000000 120480.000000 0.000000
55814393.000000 120462.000000 0.000000
55806011.000000 120572.000000 0.000000
55805246.000000 120558.000000 0.000000
55740222.000000 119874.000000 0.000000
55474598.000000 119723.000000 0.000000
55731102.000000 120038.000000 0.000000
55732889.000000 119921.000000 0.000000
55722694.000000 120072.000000 0.000000
55751902.000000 120039.000000 0.000000
55725977.000000 120046.000000 0.000000
55740541.000000 120077.000000 0.000000
55743399.000000 119956.000000 0.000000
55790743.000000 120495.000000 0.000000
55790014.000000 120425.000000 0.000000
55829683.000000 120470.000000 0.000000
55813910.000000 120611.000000 0.000000
55759214.000000 120304.000000 0.000000
55753482.000000 119998.000000 0.000000
55816785.000000 120374.000000 0.000000
55810808.000000 120600.000000 0.000000
55726485.000000 120050.000000 0.000000
55741766.000000 120236.000000 0.000000
55760919.000000 120196.000000 0.000000
55798715.000000 120309.000000 0.000000
55745971.000000 120023.000000 0.000000
55735379.000000 119945.000000 0.000000
55736599.000000 120064.000000 0.000000
55804331.000000 120527.000000 0.000000
55766120.000000 120531.000000 0.000000
55793459.000000 120583.000000 0.000000
55748256.000000 119917.000000 0.000000
55743264.000000 120028.000000 0.000000
55823463.000000 120584.000000 0.000000
55696076.000000 119903.000000 0.000000
55818496.000000 120437.000000 0.000000
55821727.000000 120746.000000 0.000000
55756135.000000 120025.000000 0.000000
55750182.000000 120020.000000 0.000000
55813757.000000 120454.000000 0.000000
55738571.000000 120001.000000 0.000000
55832126.000000 120623.000000 0.000000
55830124.000000 120544.000000 0.000000
55791575.000000 120421.000000 0.000000
55744414.000000 120020.000000 0.000000
55836054.000000 120551.000000 0.000000
55727711.000000 120016.000000 0.000000
55748351.000000 120162.000000 0.000000
55754512.000000 120088.000000 0.000000
55635925.000000 120198.000000 0.000000
55747783.000000 119921.000000 0.000000
55800443.000000 120505.000000 0.000000
55805267.000000 120503.000000 0.000000
55731256.000000 120010.000000 0.000000
55741090.000000 119966.000000 0.000000
55738524.000000 120029.000000 0.000000
55740938.000000 120125.000000 0.000000
55816587.000000 120483.000000 0.000000
55730281.000000 120051.000000 0.000000
55747342.000000 120187.000000 0.000000
55724095.000000 120062.000000 0.000000
55718639.000000 119990.000000 0.000000
55743524.000000 120048.000000 0.000000
55722268.000000 120014.000000 0.000000
55730291.000000 120050.000000 0.000000
55827355.000000 120347.000000 0.000000
55831088.000000 120507.000000 0.000000
