56171990.000000 121041.000000 0.000000
56017452.000000 120546.000000 0.000000
55979345.000000 120758.000000 0.000000
56171466.000000 121151.000000 0.000000
56191462.000000 121079.000000 0.000000
56175403.000000 121023.000000 0.000000
55684636.000000 120025.000000 0.000000
56150675.000000 121069.000000 0.000000
56169298.000000 121255.000000 0.000000
56200331.000000 121086.000000 0.000000
56034433.000000 120535.000000 0.000000
56189731.000000 121019.000000 0.000000
56171607.000000 121124.000000 0.000000
56174135.000000 121153.000000 0.000000
56173990.000000 121047.000000 0.000000
56170146.000000 121108.000000 0.000000
56147334.000000 121071.000000 0.000000
56170674.000000 121133.000000 0.000000
56167374.000000 121253.000000 0.000000
56142050.000000 121004.000000 0.000000
56093702.000000 120546.000000 0.000000
56102989.000000 120624.000000 0.000000
56194177.000000 121225.000000 0.000000
56051409.000000 121298.000000 0.000000
56177723.000000 121084.000000 0.000000
56205418.000000 121174.000000 0.000000
56151667.000000 121158.000000 0.000000
56118395.000000 120718.000000 0.000000
55985265.000000 120669.000000 0.000000
56154854.000000 120980.000000 0.000000
56185101.000000 121157.000000 0.000000
56198985.000000 121149.000000 0.000000
56209832.000000 121019.000000 0.000000
56117343.000000 120701.000000 0.000000
56187605.000000 121167.000000 0.000000
56190037.000000 121090.000000 0.000000
56175609.000000 121238.000000 0.000000
56050662.000000 121201.000000 0.000000
56193853.000000 121136.000000 0.000000
56174941.000000 120960.000000 0.000000
56181438.000000 121164.000000 0.000000
56159845.000000 121097.000000 0.000000
56069754.000000 120923.000000 0.000000
56074454.000000 120500.000000 0.000000
56155208.000000 121035.000000 0.000000
56162574.000000 121018.000000 0.000000
56060921.000000 121301.000000 0.000000
56145138.000000 120968.000000 0.000000
56176024.000000 121081.000000 0.000000
55862887.000000 120081.000000 0.000000
56168689.000000 121062.000000 0.000000
55972313.000000 120531.000000 0.000000
56003129.000000 120761.000000 0.000000
56172726.000000 121119.000000 0.000000
56098693.000000 121015.000000 0.000000
56174797.000000 121088.000000 0.000000
56175894.000000 121105.000000 0.000000
56194835.000000 121199.000000 0.000000
56186880.000000 121221.000000 0.000000
56203315.000000 121270.000000 0.000000
56181986.000000 121271.000000 0.000000
56202015.000000 121032.000000 0.000000
56191266.000000 121207.000000 0.000000
56099131.000000 120569.000000 0.000000
56170052.000000 121067.000000 0.000000
56106091.000000 120698.000000 0.000000
56185898.000000 121032.000000 0.000000
56183555.000000 121115.000000 0.000000
56171763.000000 121093.000000 0.000000
56175310.000000 121232.000000 0.000000
56092171.000000 120749.000000 0.000000
56162362.000000 121173.000000 0.000000
56193313.000000 121179.000000 0.000000
56102516.000000 120600.000000 0.000000
56096412.000000 120817.000000 0.000000
56193994.000000 121047.000000 0.000000
56195196.000000 121148.000000 0.000000
56205540.000000 121155.000000 0.000000
56137844.000000 121024.000000 0.000000
56065794.000000 121339.000000 0.000000
56189621.000000 120977.000000 0.000000
56180509.000000 121016.000000 0.000000
56159407.000000 121118.000000 0.000000
56103246.000000 120720.000000 0.000000
56030009.000000 120542.000000 0.000000
56184395.000000 121144.000000 0.000000
56167774.000000 121020.000000 0.000000
56188941.000000 121052.000000 0.000000
56193368.000000 121071.000000 0.000000
56174503.000000 121155.000000 0.000000
56182145.000000 121059.000000 0.000000
56178020.000000 121074.000000 0.000000
56187144.000000 121276.000000 0.000000
56100266.000000 120513.000000 0.000000
55897233.000000 120473.000000 0.000000
56033852.000000 120635.000000 0.000000
56048492.000000 121234.000000 0.000000
56185683.000000 121097.000000 0.000000
56052677.000000 120648.000000 0.000000
56202624.000000 121192.000000 0.000000
