56180443.000000 121138.000000 0.000000
56193376.000000 121042.000000 0.000000
56186453.000000 121071.000000 0.000000
56103884.000000 120688.000000 0.000000
56198144.000000 121095.000000 0.000000
56150695.000000 121005.000000 0.000000
56107324.000000 120747.000000 0.000000
56093930.000000 120571.000000 0.000000
56159723.000000 121284.000000 0.000000
56203893.000000 121080.000000 0.000000
56176926.000000 121098.000000 0.000000
56034252.000000 121219.000000 0.000000
56097180.000000 120716.000000 0.000000
56196430.000000 121206.000000 0.000000
56116138.000000 120764.000000 0.000000
56190256.000000 121200.000000 0.000000
56189380.000000 121154.000000 0.000000
56105985.000000 120642.000000 0.000000
56123414.000000 120925.000000 0.000000
56165516.000000 120959.000000 0.000000
56202899.000000 121244.000000 0.000000
56185036.000000 121139.000000 0.000000
56176963.000000 121135.000000 0.000000
56162236.000000 121166.000000 0.000000
56178506.000000 121053.000000 0.000000
56171582.000000 121116.000000 0.000000
56191053.000000 121050.000000 0.000000
56059704.000000 121191.000000 0.000000
56193110.000000 121119.000000 0.000000
56171476.000000 121136.000000 0.000000
56187625.000000 121233.000000 0.000000
56176713.000000 121139.000000 0.000000
56180882.000000 121112.000000 0.000000
56148549.000000 121087.000000 0.000000
56097297.000000 120770.000000 0.000000
56137297.000000 121022.000000 0.000000
56183977.000000 121018.000000 0.000000
55993022.000000 120830.000000 0.000000
56153961.000000 121058.000000 0.000000
56117894.000000 120745.000000 0.000000
55977918.000000 120776.000000 0.000000
56065286.000000 120666.000000 0.000000
56137872.000000 121021.000000 0.000000
56105572.000000 120636.000000 0.000000
56119430.000000 120631.000000 0.000000
56163604.000000 121061.000000 0.000000
56129178.000000 120972.000000 0.000000
56154402.000000 121065.000000 0.000000
56085745.000000 120737.000000 0.000000
56176256.000000 121013.000000 0.000000
56077683.000000 120598.000000 0.000000
56169269.000000 121046.000000 0.000000
56172219.000000 121140.000000 0.000000
56188852.000000 121203.000000 0.000000
56092569.000000 120544.000000 0.000000
56146326.000000 120921.000000 0.000000
56188412.000000 121197.000000 0.000000
56096825.000000 120644.000000 0.000000
56182446.000000 121200.000000 0.000000
56111214.000000 120753.000000 0.000000
56051493.000000 121109.000000 0.000000
56109723.000000 120960.000000 0.000000
56201239.000000 121237.000000 0.000000
56172609.000000 121052.000000 0.000000
56178804.000000 121003.000000 0.000000
56180815.000000 121195.000000 0.000000
56090176.000000 120631.000000 0.000000
56203296.000000 121109.000000 0.000000
56091507.000000 120718.000000 0.000000
56176106.000000 121169.000000 0.000000
56093508.000000 120720.000000 0.000000
56030784.000000 120697.000000 0.000000
56180382.000000 121050.000000 0.000000
56194852.000000 121043.000000 0.000000
56177769.000000 121047.000000 0.000000
56002580.000000 120720.000000 0.000000
56175243.000000 121064.000000 0.000000
56097662.000000 120547.000000 0.000000
56148335.000000 121175.000000 0.000000
56190070.000000 121111.000000 0.000000
56140768.000000 120639.000000 0.000000
56105369.000000 120720.000000 0.000000
56163514.000000 121054.000000 0.000000
56050427.000000 120605.000000 0.000000
56074635.000000 120823.000000 0.000000
56114578.000000 120642.000000 0.000000
56079799.000000 120490.000000 0.000000
56101773.000000 120553.000000 0.000000
56084998.000000 120642.000000 0.000000
56157401.000000 121101.000000 0.000000
56202403.000000 121146.000000 0.000000
56082585.000000 120631.000000 0.000000
56158764.000000 121116.000000 0.000000
56099567.000000 120657.000000 0.000000
56183895.000000 121238.000000 0.000000
56170151.000000 121106.000000 0.000000
56187686.000000 121131.000000 0.000000
56174055.000000 121122.000000 0.000000
56186205.000000 121057.000000 0.000000
55760838.000000 120227.000000 0.000000
