56250479.000000 121299.000000 0.000000
56178669.000000 120789.000000 0.000000
56249619.000000 121336.000000 0.000000
56185122.000000 121142.000000 0.000000
56284701.000000 121265.000000 0.000000
56283861.000000 121298.000000 0.000000
56199623.000000 120944.000000 0.000000
56261291.000000 121292.000000 0.000000
56236329.000000 120888.000000 0.000000
56217150.000000 120864.000000 0.000000
56262447.000000 121272.000000 0.000000
56212543.000000 120852.000000 0.000000
56204234.000000 120855.000000 0.000000
56206047.000000 120795.000000 0.000000
56186947.000000 120799.000000 0.000000
56217891.000000 120693.000000 0.000000
56217955.000000 120977.000000 0.000000
56269861.000000 121343.000000 0.000000
56187499.000000 120872.000000 0.000000
56183537.000000 120856.000000 0.000000
56271369.000000 121441.000000 0.000000
56269503.000000 121420.000000 0.000000
56202222.000000 120873.000000 0.000000
56269084.000000 121335.000000 0.000000
56195290.000000 120852.000000 0.000000
56189597.000000 120824.000000 0.000000
56192053.000000 120992.000000 0.000000
56270500.000000 121286.000000 0.000000
56197043.000000 120858.000000 0.000000
56197089.000000 120851.000000 0.000000
56265431.000000 121418.000000 0.000000
56162958.000000 120914.000000 0.000000
56202942.000000 121034.000000 0.000000
56192581.000000 120792.000000 0.000000
56197473.000000 120916.000000 0.000000
56182031.000000 120788.000000 0.000000
56208233.000000 120855.000000 0.000000
56209183.000000 121045.000000 0.000000
56191068.000000 120837.000000 0.000000
56236065.000000 121172.000000 0.000000
56205792.000000 120790.000000 0.000000
56172317.000000 120858.000000 0.000000
56273090.000000 121544.000000 0.000000
56174727.000000 120958.000000 0.000000
56193638.000000 120861.000000 0.000000
56201301.000000 120893.000000 0.000000
56202114.000000 120819.000000 0.000000
56201512.000000 120778.000000 0.000000
56247525.000000 121347.000000 0.000000
56195799.000000 120936.000000 0.000000
56256902.000000 121425.000000 0.000000
56264523.000000 121354.000000 0.000000
56183701.000000 120864.000000 0.000000
56285990.000000 121358.000000 0.000000
56157904.000000 120751.000000 0.000000
56235900.000000 121279.000000 0.000000
56202865.000000 120939.000000 0.000000
56201939.000000 120939.000000 0.000000
56209932.000000 120743.000000 0.000000
56211492.000000 120791.000000 0.000000
56268176.000000 121293.000000 0.000000
56250696.000000 121523.000000 0.000000
56218440.000000 120878.000000 0.000000
56209854.000000 121016.000000 0.000000
56222683.000000 120994.000000 0.000000
56275759.000000 121445.000000 0.000000
56257857.000000 121231.000000 0.000000
56210684.000000 121117.000000 0.000000
56262927.000000 121351.000000 0.000000
56194904.000000 120947.000000 0.000000
56187528.000000 120912.000000 0.000000
56270893.000000 121475.000000 0.000000
56227560.000000 121053.000000 0.000000
56176113.000000 120864.000000 0.000000
56206226.000000 120942.000000 0.000000
56216822.000000 120898.000000 0.000000
56270465.000000 121342.000000 0.000000
56280482.000000 121341.000000 0.000000
56208482.000000 120920.000000 0.000000
56190925.000000 120845.000000 0.000000
56274716.000000 121331.000000 0.000000
56247042.000000 121369.000000 0.000000
56260582.000000 121312.000000 0.000000
56139512.000000 120748.000000 0.000000
56187660.000000 120853.000000 0.000000
56201254.000000 120817.000000 0.000000
56286047.000000 121376.000000 0.000000
56278458.000000 121314.000000 0.000000
56274920.000000 121320.000000 0.000000
56208650.000000 120989.000000 0.000000
56196517.000000 120940.000000 0.000000
56278337.000000 121444.000000 0.000000
56202564.000000 120902.000000 0.000000
56201490.000000 120835.000000 0.000000
56217802.000000 121013.000000 0.000000
56189300.000000 120935.000000 0.000000
56269929.000000 121443.000000 0.000000
56267504.000000 121460.000000 0.000000
56237824.000000 121403.000000 0.000000
56244023.000000 121342.000000 0.000000
