45329453.000000 99517.000000 30396.000000
47210436.000000 106713.000000 25646.000000
47163295.000000 102195.000000 26977.000000
47712921.000000 105167.000000 24229.000000
47762663.000000 103626.000000 24131.000000
47061520.000000 101753.000000 26306.000000
47247665.000000 102377.000000 26648.000000
48010333.000000 104119.000000 24628.000000
48898352.000000 105217.000000 21910.000000
46641561.000000 101650.000000 28406.000000
47889375.000000 104576.000000 24977.000000
46730675.000000 101709.000000 28214.000000
46595371.000000 101716.000000 29098.000000
44876956.000000 97366.000000 33541.000000
46837458.000000 103181.000000 27545.000000
47948970.000000 105707.000000 24405.000000
48002991.000000 104595.000000 24365.000000
48387082.000000 104168.000000 23564.000000
48362114.000000 105099.000000 23185.000000
49300759.000000 106452.000000 20476.000000
48018236.000000 104625.000000 24618.000000
46950156.000000 101736.000000 27792.000000
48483813.000000 104717.000000 22671.000000
47820289.000000 104600.000000 24954.000000
48477960.000000 105291.000000 23146.000000
46172258.000000 100767.000000 29564.000000
45814446.000000 101160.000000 28928.000000
48604176.000000 105451.000000 22556.000000
48242542.000000 104525.000000 23842.000000
45555086.000000 99247.000000 32039.000000
47112002.000000 102315.000000 25279.000000
47879332.000000 104921.000000 24984.000000
47416516.000000 103994.000000 26267.000000
46869425.000000 101519.000000 27851.000000
47857308.000000 104293.000000 24606.000000
49459913.000000 106654.000000 20209.000000
47705101.000000 103977.000000 25664.000000
46983232.000000 101088.000000 27877.000000
46435350.000000 101256.000000 29286.000000
48774345.000000 105647.000000 22183.000000
46312349.000000 100144.000000 29493.000000
42598733.000000 96629.000000 40119.000000
47244908.000000 102169.000000 26530.000000
47338542.000000 103688.000000 26083.000000
48097247.000000 103968.000000 24276.000000
46209371.000000 101422.000000 29514.000000
47606315.000000 102972.000000 25186.000000
47566555.000000 102436.000000 25651.000000
46671844.000000 101606.000000 28146.000000
44619308.000000 97369.000000 33152.000000
49003622.000000 106896.000000 21297.000000
49297854.000000 106994.000000 20771.000000
49066167.000000 106096.000000 21611.000000
46852093.000000 100854.000000 28156.000000
46654232.000000 100977.000000 28379.000000
48042715.000000 103514.000000 24007.000000
48304359.000000 104787.000000 23541.000000
47129644.000000 103285.000000 23393.000000
46937362.000000 101798.000000 27662.000000
48619050.000000 106619.000000 22180.000000
48360907.000000 104748.000000 23394.000000
48611453.000000 105277.000000 22625.000000
48795425.000000 105172.000000 22274.000000
48923022.000000 106644.000000 21494.000000
48573058.000000 106775.000000 22459.000000
48524120.000000 106436.000000 22776.000000
49600621.000000 107461.000000 19604.000000
48039247.000000 104865.000000 24178.000000
46412064.000000 101389.000000 29028.000000
47713172.000000 104034.000000 25239.000000
47844390.000000 103615.000000 25135.000000
47977077.000000 104229.000000 23160.000000
48383535.000000 104368.000000 23281.000000
45952932.000000 99462.000000 30997.000000
48599608.000000 104520.000000 22565.000000
48851193.000000 106361.000000 21740.000000
48568642.000000 104514.000000 22701.000000
47297241.000000 102522.000000 26701.000000
47675805.000000 103160.000000 25630.000000
49681233.000000 107681.000000 19347.000000
46076298.000000 100592.000000 29097.000000
47824823.000000 103852.000000 23702.000000
48300306.000000 105296.000000 22253.000000
47721031.000000 103050.000000 23953.000000
47783184.000000 103301.000000 24124.000000
49386841.000000 106732.000000 20682.000000
49258250.000000 106316.000000 20961.000000
49463096.000000 107470.000000 20054.000000
47110890.000000 102044.000000 27492.000000
47889318.000000 103060.000000 24918.000000
46104025.000000 101499.000000 30449.000000
46072734.000000 99887.000000 30878.000000
44836867.000000 96973.000000 35307.000000
44370511.000000 96376.000000 36320.000000
48662375.000000 105169.000000 22595.000000
44213361.000000 96718.000000 35708.000000
46369058.000000 100951.000000 28523.000000
48185718.000000 105616.000000 23702.000000
46466238.000000 100980.000000 27992.000000
47556641.000000 104260.000000 24553.000000
