55926150.000000 120235.000000 0.000000
55965847.000000 120540.000000 0.000000
56011619.000000 120887.000000 0.000000
55938168.000000 120410.000000 0.000000
55916214.000000 120425.000000 0.000000
55941033.000000 120272.000000 0.000000
56013896.000000 120807.000000 0.000000
55951421.000000 120446.000000 0.000000
55907713.000000 120402.000000 0.000000
55951581.000000 120374.000000 0.000000
55926367.000000 120135.000000 0.000000
55930440.000000 120324.000000 0.000000
55902993.000000 120267.000000 0.000000
55946856.000000 120395.000000 0.000000
55945743.000000 120192.000000 0.000000
55948366.000000 120492.000000 0.000000
55997166.000000 120862.000000 0.000000
55931388.000000 120441.000000 0.000000
55921212.000000 120591.000000 0.000000
55945712.000000 120424.000000 0.000000
56006549.000000 120726.000000 0.000000
56008195.000000 120873.000000 0.000000
55951542.000000 120156.000000 0.000000
55927309.000000 120404.000000 0.000000
56010860.000000 120623.000000 0.000000
55909027.000000 120267.000000 0.000000
55912877.000000 120421.000000 0.000000
55941564.000000 120466.000000 0.000000
55935611.000000 120388.000000 0.000000
55917387.000000 120235.000000 0.000000
55806277.000000 120037.000000 0.000000
55961219.000000 120466.000000 0.000000
55930558.000000 120388.000000 0.000000
55959666.000000 120401.000000 0.000000
56013787.000000 120765.000000 0.000000
56000993.000000 120790.000000 0.000000
55953167.000000 120425.000000 0.000000
55998154.000000 120749.000000 0.000000
55939633.000000 120239.000000 0.000000
56017894.000000 120938.000000 0.000000
55952790.000000 120309.000000 0.000000
55957007.000000 120294.000000 0.000000
55940697.000000 120321.000000 0.000000
55964252.000000 120073.000000 0.000000
55931667.000000 120337.000000 0.000000
55965697.000000 120272.000000 0.000000
55830513.000000 120261.000000 0.000000
55934227.000000 120469.000000 0.000000
55922354.000000 120358.000000 0.000000
55927596.000000 120341.000000 0.000000
55943648.000000 120340.000000 0.000000
55917967.000000 120377.000000 0.000000
55944104.000000 120329.000000 0.000000
55986698.000000 120967.000000 0.000000
56040491.000000 120944.000000 0.000000
56009476.000000 120699.000000 0.000000
55921636.000000 120379.000000 0.000000
56003426.000000 120795.000000 0.000000
55988310.000000 120746.000000 0.000000
55793003.000000 120054.000000 0.000000
55940522.000000 120344.000000 0.000000
55937555.000000 120286.000000 0.000000
55929383.000000 120301.000000 0.000000
55895681.000000 120264.000000 0.000000
55937400.000000 120423.000000 0.000000
55921979.000000 120348.000000 0.000000
55919494.000000 120307.000000 0.000000
55930338.000000 120248.000000 0.000000
55927381.000000 120403.000000 0.000000
55922257.000000 120306.000000 0.000000
55976085.000000 120561.000000 0.000000
55924961.000000 120455.000000 0.000000
55934678.000000 120296.000000 0.000000
55918586.000000 120328.000000 0.000000
55983943.000000 120786.000000 0.000000
55942380.000000 120229.000000 0.000000
55924130.000000 120278.000000 0.000000
55917903.000000 120339.000000 0.000000
55936746.000000 120578.000000 0.000000
55929597.000000 120207.000000 0.000000
55950565.000000 120360.000000 0.000000
55926825.000000 120310.000000 0.000000
55935948.000000 120407.000000 0.000000
55953008.000000 120406.000000 0.000000
55943819.000000 120333.000000 0.000000
55943888.000000 120247.000000 0.000000
56008056.000000 120731.000000 0.000000
55952461.000000 120275.000000 0.000000
55957135.000000 120359.000000 0.000000
55985018.000000 120617.000000 0.000000
55951236.000000 120438.000000 0.000000
55926218.000000 120346.000000 0.000000
55996620.000000 120682.000000 0.000000
55941744.000000 120467.000000 0.000000
55948260.000000 120367.000000 0.000000
55939237.000000 120401.000000 0.000000
55919980.000000 120408.000000 0.000000
55921388.000000 120391.000000 0.000000
55934881.000000 120548.000000 0.000000
55930683.000000 120435.000000 0.000000
