55980220.000000 120635.000000 0.000000
55922163.000000 120271.000000 0.000000
56005914.000000 120830.000000 0.000000
55901900.000000 120202.000000 0.000000
55977313.000000 120648.000000 0.000000
55989057.000000 120774.000000 0.000000
55882725.000000 120311.000000 0.000000
55979281.000000 120831.000000 0.000000
55953455.000000 120701.000000 0.000000
55976664.000000 120823.000000 0.000000
55917583.000000 120642.000000 0.000000
55982927.000000 120862.000000 0.000000
55916394.000000 120283.000000 0.000000
55951373.000000 120662.000000 0.000000
55947629.000000 120398.000000 0.000000
55962678.000000 120787.000000 0.000000
55993105.000000 120759.000000 0.000000
55992749.000000 120904.000000 0.000000
55999157.000000 120743.000000 0.000000
55989476.000000 120865.000000 0.000000
55906839.000000 120315.000000 0.000000
55983942.000000 120761.000000 0.000000
55996726.000000 120700.000000 0.000000
55912920.000000 120192.000000 0.000000
55987569.000000 120813.000000 0.000000
55891169.000000 120250.000000 0.000000
55968748.000000 120716.000000 0.000000
55976847.000000 120801.000000 0.000000
55912946.000000 120302.000000 0.000000
55910955.000000 120187.000000 0.000000
55917254.000000 120374.000000 0.000000
56002079.000000 120748.000000 0.000000
55901594.000000 120282.000000 0.000000
55985902.000000 120795.000000 0.000000
55990120.000000 120692.000000 0.000000
55969275.000000 120633.000000 0.000000
55981318.000000 120797.000000 0.000000
55992583.000000 120888.000000 0.000000
55898432.000000 120319.000000 0.000000
55999271.000000 120671.000000 0.000000
55906777.000000 120327.000000 0.000000
55990355.000000 120851.000000 0.000000
55903015.000000 120324.000000 0.000000
55903529.000000 120423.000000 0.000000
55892278.000000 120231.000000 0.000000
55867782.000000 120338.000000 0.000000
55914771.000000 120290.000000 0.000000
55988863.000000 120621.000000 0.000000
55886252.000000 120120.000000 0.000000
55813275.000000 120704.000000 0.000000
55914023.000000 120276.000000 0.000000
55885539.000000 120246.000000 0.000000
55968238.000000 120830.000000 0.000000
55906660.000000 120208.000000 0.000000
55974672.000000 120754.000000 0.000000
55910287.000000 120237.000000 0.000000
55909004.000000 120222.000000 0.000000
55910169.000000 120171.000000 0.000000
55911215.000000 120166.000000 0.000000
55987466.000000 120788.000000 0.000000
55991872.000000 120728.000000 0.000000
55983565.000000 120746.000000 0.000000
55893642.000000 120264.000000 0.000000
55899961.000000 120193.000000 0.000000
55994486.000000 120802.000000 0.000000
55976192.000000 120674.000000 0.000000
55895174.000000 120335.000000 0.000000
55901996.000000 120193.000000 0.000000
55972492.000000 120657.000000 0.000000
55952380.000000 120714.000000 0.000000
55909967.000000 120308.000000 0.000000
55984811.000000 120596.000000 0.000000
55987111.000000 120751.000000 0.000000
55888187.000000 120299.000000 0.000000
55993047.000000 120823.000000 0.000000
55932395.000000 120413.000000 0.000000
55917180.000000 120258.000000 0.000000
55914372.000000 120251.000000 0.000000
55900388.000000 120371.000000 0.000000
55909157.000000 120349.000000 0.000000
55848628.000000 120177.000000 0.000000
55866458.000000 120404.000000 0.000000
55800203.000000 120267.000000 0.000000
55901579.000000 120224.000000 0.000000
55907004.000000 120187.000000 0.000000
55894198.000000 120225.000000 0.000000
55896032.000000 120160.000000 0.000000
55886748.000000 120295.000000 0.000000
55868924.000000 120293.000000 0.000000
55887368.000000 120325.000000 0.000000
55915385.000000 120263.000000 0.000000
55863508.000000 120206.000000 0.000000
55967361.000000 120578.000000 0.000000
55912986.000000 120261.000000 0.000000
55990721.000000 120703.000000 0.000000
55987278.000000 120768.000000 0.000000
55965398.000000 120638.000000 0.000000
55881693.000000 120186.000000 0.000000
55991319.000000 120722.000000 0.000000
55976802.000000 120828.000000 0.000000
