56010224.000000 120654.000000 0.000000
55974483.000000 120635.000000 0.000000
55971948.000000 120602.000000 11.000000
55720373.000000 120194.000000 663.000000
55969862.000000 120529.000000 0.000000
55939493.000000 120652.000000 83.000000
55930575.000000 120458.000000 0.000000
55930481.000000 120302.000000 0.000000
55981429.000000 120745.000000 0.000000
55994861.000000 120564.000000 0.000000
55993045.000000 120759.000000 0.000000
55991204.000000 120881.000000 0.000000
55977424.000000 120578.000000 30.000000
55927268.000000 120421.000000 0.000000
55985377.000000 120759.000000 0.000000
55960379.000000 120694.000000 0.000000
55999220.000000 120800.000000 0.000000
55974353.000000 120629.000000 0.000000
55986505.000000 120675.000000 0.000000
55989737.000000 120666.000000 0.000000
55978378.000000 120792.000000 0.000000
55978760.000000 120671.000000 0.000000
55979177.000000 120683.000000 0.000000
55923593.000000 120639.000000 0.000000
55909555.000000 120174.000000 0.000000
55926981.000000 120425.000000 0.000000
55923891.000000 120524.000000 0.000000
55896560.000000 120212.000000 0.000000
55905415.000000 120080.000000 0.000000
55875900.000000 120304.000000 0.000000
55898559.000000 120302.000000 0.000000
55901482.000000 120324.000000 0.000000
55984039.000000 120645.000000 0.000000
55912901.000000 120203.000000 0.000000
55967077.000000 120764.000000 0.000000
55901165.000000 120204.000000 0.000000
55985553.000000 120833.000000 0.000000
55991398.000000 120907.000000 0.000000
55981941.000000 120961.000000 0.000000
55927439.000000 120650.000000 0.000000
55963539.000000 120675.000000 4.000000
55992332.000000 120724.000000 0.000000
55972825.000000 120640.000000 0.000000
55906205.000000 120187.000000 0.000000
55920519.000000 120304.000000 0.000000
55903314.000000 120228.000000 0.000000
55912219.000000 120324.000000 0.000000
55998866.000000 120525.000000 0.000000
56007445.000000 120731.000000 0.000000
55990715.000000 120740.000000 0.000000
55993265.000000 120749.000000 0.000000
55907988.000000 120370.000000 0.000000
55889175.000000 120256.000000 0.000000
55887814.000000 120435.000000 0.000000
55887837.000000 120385.000000 0.000000
55819393.000000 120274.000000 0.000000
55903037.000000 120373.000000 0.000000
55934558.000000 120266.000000 0.000000
55907770.000000 120289.000000 0.000000
55777308.000000 120444.000000 32.000000
55905191.000000 120175.000000 0.000000
55898856.000000 120274.000000 0.000000
55909764.000000 120296.000000 0.000000
55901665.000000 120311.000000 0.000000
55901272.000000 120311.000000 0.000000
55900554.000000 120344.000000 0.000000
56008149.000000 120708.000000 0.000000
56002415.000000 120697.000000 0.000000
55975930.000000 120835.000000 0.000000
55990772.000000 120813.000000 0.000000
55637390.000000 120029.000000 958.000000
55998839.000000 120728.000000 0.000000
55981413.000000 120859.000000 0.000000
55898499.000000 120368.000000 0.000000
55974935.000000 120556.000000 0.000000
55876067.000000 120283.000000 0.000000
55993648.000000 120683.000000 0.000000
55910928.000000 120202.000000 0.000000
55920617.000000 120228.000000 0.000000
55911448.000000 120292.000000 0.000000
55915466.000000 120269.000000 0.000000
55905810.000000 120254.000000 0.000000
55957255.000000 120323.000000 0.000000
55675035.000000 119938.000000 917.000000
55867942.000000 120579.000000 0.000000
55908438.000000 120384.000000 0.000000
55981355.000000 120574.000000 0.000000
55968577.000000 120678.000000 0.000000
56004763.000000 120751.000000 0.000000
55974399.000000 120818.000000 0.000000
55985973.000000 120778.000000 0.000000
55898219.000000 120128.000000 0.000000
55962863.000000 120870.000000 0.000000
55902914.000000 120247.000000 0.000000
55901559.000000 120205.000000 0.000000
55692354.000000 119893.000000 561.000000
55900084.000000 120457.000000 0.000000
55891369.000000 120215.000000 0.000000
55918064.000000 120436.000000 0.000000
55283752.000000 119229.000000 1871.000000
