56148185.000000 120993.000000 157.000000
56184933.000000 121107.000000 0.000000
55696706.000000 119735.000000 1342.000000
56187790.000000 121039.000000 16.000000
55801032.000000 119947.000000 1066.000000
56148886.000000 120834.000000 0.000000
55648242.000000 119937.000000 1677.000000
56197844.000000 121204.000000 18.000000
56184132.000000 121176.000000 33.000000
55875517.000000 120219.000000 731.000000
56120070.000000 120737.000000 12.000000
55881214.000000 120540.000000 951.000000
56175510.000000 121052.000000 0.000000
56125613.000000 120653.000000 0.000000
55868247.000000 120470.000000 961.000000
55739021.000000 119940.000000 1134.000000
55860814.000000 120110.000000 889.000000
55893705.000000 120395.000000 994.000000
55329950.000000 119162.000000 2504.000000
55890161.000000 120497.000000 961.000000
56115209.000000 120560.000000 0.000000
56184585.000000 121217.000000 43.000000
56126681.000000 120711.000000 3.000000
56005379.000000 120394.000000 371.000000
56045315.000000 120516.000000 192.000000
56168867.000000 121044.000000 2.000000
55234981.000000 118775.000000 2734.000000
56083627.000000 120563.000000 148.000000
56127038.000000 120700.000000 0.000000
56120636.000000 120678.000000 0.000000
55591503.000000 119609.000000 1720.000000
56010158.000000 120745.000000 691.000000
56064066.000000 120811.000000 507.000000
56114225.000000 120670.000000 0.000000
55997070.000000 120468.000000 12.000000
55732866.000000 119906.000000 1125.000000
56174809.000000 121124.000000 1.000000
56083940.000000 120593.000000 69.000000
56122358.000000 120606.000000 0.000000
56100292.000000 120973.000000 0.000000
54882015.000000 118023.000000 3795.000000
55941393.000000 120618.000000 827.000000
56192922.000000 121141.000000 2.000000
55652954.000000 120011.000000 1739.000000
55518655.000000 119285.000000 1297.000000
56112986.000000 120717.000000 0.000000
56058589.000000 120678.000000 153.000000
55692984.000000 119969.000000 1535.000000
55112729.000000 118866.000000 3177.000000
55562130.000000 119751.000000 1958.000000
56123988.000000 120726.000000 2.000000
55658286.000000 119750.000000 1705.000000
56110329.000000 120720.000000 0.000000
56117568.000000 120663.000000 0.000000
56109208.000000 120692.000000 0.000000
56029938.000000 120462.000000 324.000000
56184989.000000 121299.000000 20.000000
56087169.000000 120565.000000 20.000000
55482510.000000 119336.000000 1871.000000
55527695.000000 119726.000000 324.000000
56118103.000000 120747.000000 11.000000
55616943.000000 119622.000000 1362.000000
55791888.000000 119987.000000 1019.000000
56190590.000000 121170.000000 37.000000
56188836.000000 121038.000000 0.000000
56057870.000000 120546.000000 2.000000
56116222.000000 120779.000000 15.000000
55771491.000000 120286.000000 1282.000000
55823199.000000 120399.000000 1126.000000
55825337.000000 120487.000000 1126.000000
56111448.000000 120733.000000 0.000000
55851090.000000 120424.000000 1121.000000
56110617.000000 120688.000000 0.000000
56175726.000000 121099.000000 51.000000
56197957.000000 121249.000000 0.000000
55736120.000000 120160.000000 1466.000000
55970531.000000 120550.000000 699.000000
56075825.000000 120503.000000 104.000000
56026236.000000 120419.000000 281.000000
56101581.000000 120672.000000 170.000000
56035666.000000 120489.000000 255.000000
55918721.000000 120257.000000 686.000000
56105739.000000 120687.000000 0.000000
56087771.000000 120670.000000 137.000000
56184476.000000 121131.000000 65.000000
55704357.000000 120020.000000 1477.000000
56087364.000000 120641.000000 0.000000
56102544.000000 120664.000000 46.000000
56077861.000000 120651.000000 0.000000
55265787.000000 118847.000000 2645.000000
56186138.000000 121138.000000 63.000000
56120464.000000 120703.000000 6.000000
55957405.000000 120729.000000 687.000000
55321056.000000 119224.000000 2736.000000
55685239.000000 119807.000000 1343.000000
55100765.000000 118680.000000 3303.000000
55055712.000000 118371.000000 3270.000000
55548843.000000 119343.000000 1415.000000
56119271.000000 120758.000000 0.000000
55353662.000000 119178.000000 2654.000000
