56160302.000000 122336.000000 0.000000
56065560.000000 122055.000000 7.000000
56051675.000000 121833.000000 0.000000
56054879.000000 121693.000000 0.000000
56026734.000000 121741.000000 0.000000
56073720.000000 121792.000000 0.000000
56061861.000000 121843.000000 0.000000
56135301.000000 122333.000000 0.000000
56118104.000000 122359.000000 0.000000
56052194.000000 121710.000000 0.000000
55862393.000000 121662.000000 540.000000
55933721.000000 121597.000000 372.000000
56134272.000000 122380.000000 0.000000
56068384.000000 122052.000000 6.000000
56064476.000000 121891.000000 0.000000
56149950.000000 122362.000000 0.000000
56058521.000000 121898.000000 0.000000
56053542.000000 121950.000000 0.000000
56088709.000000 121906.000000 0.000000
56063070.000000 121891.000000 0.000000
56049725.000000 121930.000000 0.000000
56047469.000000 121790.000000 0.000000
56049446.000000 121766.000000 0.000000
56029703.000000 121878.000000 0.000000
55982059.000000 121661.000000 0.000000
55995242.000000 120736.000000 745.000000
56050896.000000 121960.000000 0.000000
56119021.000000 122533.000000 0.000000
56046707.000000 121735.000000 0.000000
56130655.000000 122247.000000 0.000000
56018598.000000 121691.000000 184.000000
55925088.000000 120535.000000 936.000000
56065878.000000 121837.000000 0.000000
56084732.000000 121862.000000 0.000000
56116113.000000 122168.000000 0.000000
56043087.000000 121834.000000 0.000000
56034233.000000 121815.000000 0.000000
56059056.000000 121925.000000 0.000000
56131584.000000 122285.000000 0.000000
56020768.000000 121832.000000 0.000000
56113851.000000 122234.000000 0.000000
56105749.000000 122095.000000 0.000000
56057257.000000 121698.000000 0.000000
56030405.000000 121579.000000 0.000000
56115881.000000 122350.000000 0.000000
56181544.000000 122251.000000 0.000000
56076269.000000 121733.000000 0.000000
56056397.000000 121869.000000 0.000000
56066698.000000 121778.000000 0.000000
55970147.000000 121606.000000 181.000000
56062737.000000 121719.000000 0.000000
56136435.000000 122053.000000 0.000000
56160567.000000 122493.000000 0.000000
55272186.000000 119278.000000 2787.000000
56137018.000000 122392.000000 0.000000
56056381.000000 121883.000000 0.000000
56066291.000000 121796.000000 0.000000
56131693.000000 122254.000000 0.000000
56165036.000000 122240.000000 0.000000
56150482.000000 122280.000000 17.000000
56059752.000000 121938.000000 0.000000
56131909.000000 122353.000000 0.000000
56119834.000000 122283.000000 0.000000
56130140.000000 122281.000000 0.000000
56031310.000000 121878.000000 0.000000
56146634.000000 122262.000000 0.000000
56141329.000000 122321.000000 4.000000
56085481.000000 121744.000000 0.000000
56064478.000000 121852.000000 0.000000
56141482.000000 122241.000000 0.000000
56126108.000000 122206.000000 0.000000
55976889.000000 121761.000000 0.000000
56174896.000000 122295.000000 0.000000
56153779.000000 122401.000000 0.000000
56070653.000000 121741.000000 0.000000
56144604.000000 122457.000000 0.000000
56157193.000000 122257.000000 0.000000
56054985.000000 121763.000000 0.000000
56048535.000000 121825.000000 0.000000
56123529.000000 122296.000000 0.000000
56150741.000000 122270.000000 0.000000
56142364.000000 122350.000000 0.000000
56119246.000000 122213.000000 11.000000
56069339.000000 121644.000000 0.000000
56088084.000000 122302.000000 164.000000
56045616.000000 121741.000000 0.000000
56126301.000000 122336.000000 0.000000
56062258.000000 121956.000000 0.000000
56085982.000000 121921.000000 0.000000
56041008.000000 121887.000000 0.000000
56165446.000000 122378.000000 0.000000
56163332.000000 122223.000000 0.000000
56052733.000000 121816.000000 0.000000
56142283.000000 122449.000000 0.000000
56049912.000000 121786.000000 0.000000
56158022.000000 122453.000000 0.000000
56148729.000000 122463.000000 0.000000
56034059.000000 121785.000000 0.000000
56155248.000000 122358.000000 0.000000
56159889.000000 122214.000000 0.000000
