55310126.000000 123148.000000 1355.000000
55069293.000000 122019.000000 1676.000000
55396399.000000 122610.000000 1229.000000
55615721.000000 123106.000000 59.000000
55837641.000000 123464.000000 0.000000
55812649.000000 123513.000000 0.000000
55808526.000000 123535.000000 66.000000
55891185.000000 123702.000000 0.000000
55849379.000000 123518.000000 3.000000
55374085.000000 122522.000000 1284.000000
55213558.000000 122024.000000 1269.000000
55641592.000000 123822.000000 0.000000
55683093.000000 123234.000000 9.000000
55807535.000000 123532.000000 0.000000
54882825.000000 121359.000000 2987.000000
55633942.000000 123036.000000 10.000000
55584229.000000 122905.000000 0.000000
55853494.000000 123687.000000 6.000000
55119395.000000 121998.000000 2191.000000
55874535.000000 123595.000000 0.000000
55876000.000000 123680.000000 26.000000
55831239.000000 123852.000000 67.000000
55891331.000000 123650.000000 0.000000
55842478.000000 123449.000000 3.000000
55842903.000000 123674.000000 0.000000
55911551.000000 123545.000000 0.000000
55888386.000000 123784.000000 0.000000
55853608.000000 123602.000000 31.000000
55760757.000000 123751.000000 44.000000
55832053.000000 123534.000000 32.000000
55451742.000000 122773.000000 1166.000000
55338390.000000 122505.000000 1365.000000
55432641.000000 122675.000000 460.000000
55613337.000000 123262.000000 420.000000
55510570.000000 123095.000000 355.000000
55481303.000000 122532.000000 411.000000
55815735.000000 123495.000000 27.000000
54217324.000000 120492.000000 4846.000000
54983591.000000 121744.000000 1858.000000
55339712.000000 122563.000000 1565.000000
55817946.000000 123455.000000 18.000000
55637256.000000 123071.000000 152.000000
55648893.000000 123234.000000 0.000000
55651598.000000 123003.000000 3.000000
55863921.000000 123460.000000 0.000000
55660911.000000 123178.000000 8.000000
55136702.000000 122152.000000 1980.000000
55101388.000000 121774.000000 1898.000000
55001935.000000 121772.000000 1967.000000
55552827.000000 122934.000000 403.000000
55531215.000000 122647.000000 1041.000000
55135879.000000 122081.000000 2179.000000
55202821.000000 122800.000000 1261.000000
55811458.000000 123520.000000 43.000000
55298777.000000 123070.000000 129.000000
55864843.000000 123617.000000 0.000000
55519395.000000 123451.000000 506.000000
55649816.000000 123201.000000 25.000000
55851885.000000 123631.000000 0.000000
55723863.000000 123255.000000 0.000000
55340215.000000 122873.000000 21.000000
55832064.000000 123552.000000 48.000000
55702605.000000 123704.000000 467.000000
55686672.000000 123128.000000 580.000000
55512861.000000 122855.000000 952.000000
55870505.000000 123642.000000 5.000000
55870722.000000 123686.000000 0.000000
55888233.000000 123766.000000 9.000000
55793872.000000 123576.000000 76.000000
55547656.000000 122944.000000 798.000000
55740269.000000 123363.000000 362.000000
55575230.000000 123106.000000 988.000000
55835826.000000 123511.000000 49.000000
55648726.000000 123699.000000 23.000000
55165530.000000 122169.000000 512.000000
55836565.000000 124175.000000 17.000000
55355681.000000 122483.000000 14.000000
55631915.000000 123178.000000 7.000000
55838786.000000 123336.000000 0.000000
55607002.000000 123055.000000 49.000000
55545945.000000 122919.000000 343.000000
55607931.000000 122996.000000 17.000000
55575628.000000 123096.000000 9.000000
55664891.000000 123184.000000 45.000000
55895092.000000 123562.000000 0.000000
55745773.000000 123266.000000 305.000000
55844076.000000 123655.000000 10.000000
55371563.000000 122472.000000 1283.000000
55839527.000000 123612.000000 0.000000
55852291.000000 124377.000000 3.000000
55699650.000000 123267.000000 0.000000
55870527.000000 123632.000000 0.000000
55482379.000000 122839.000000 1020.000000
55878278.000000 124161.000000 0.000000
55853445.000000 124020.000000 9.000000
55869666.000000 123671.000000 0.000000
55583876.000000 123316.000000 0.000000
55543050.000000 123025.000000 205.000000
54777819.000000 121135.000000 2649.000000
55699734.000000 123288.000000 0.000000
