55984604.000000 120964.000000 0.000000
55990387.000000 120656.000000 0.000000
55988048.000000 120959.000000 0.000000
55990321.000000 120666.000000 0.000000
55948651.000000 120385.000000 0.000000
55904393.000000 120208.000000 0.000000
55984754.000000 120610.000000 0.000000
55975996.000000 120784.000000 0.000000
55825040.000000 120157.000000 0.000000
55978959.000000 120594.000000 0.000000
55992039.000000 120728.000000 0.000000
55788088.000000 120589.000000 0.000000
55977378.000000 120690.000000 0.000000
55999458.000000 120721.000000 0.000000
55979612.000000 120764.000000 0.000000
55985387.000000 120875.000000 0.000000
55934682.000000 120569.000000 0.000000
55894584.000000 120266.000000 0.000000
55913762.000000 120411.000000 0.000000
55911935.000000 120491.000000 0.000000
55900680.000000 120216.000000 0.000000
55906352.000000 120290.000000 0.000000
55909931.000000 120226.000000 0.000000
55882981.000000 120376.000000 0.000000
55978820.000000 120761.000000 0.000000
55974275.000000 120916.000000 0.000000
55893612.000000 120311.000000 0.000000
55991306.000000 120732.000000 0.000000
55896565.000000 120301.000000 0.000000
55898139.000000 120232.000000 0.000000
55835991.000000 120296.000000 0.000000
55899170.000000 120455.000000 0.000000
55887610.000000 120256.000000 0.000000
55951671.000000 120876.000000 0.000000
55970108.000000 120772.000000 0.000000
55986493.000000 120633.000000 0.000000
55995892.000000 120759.000000 0.000000
55872406.000000 120337.000000 0.000000
55982325.000000 120737.000000 0.000000
55995906.000000 120799.000000 0.000000
55978426.000000 120725.000000 0.000000
56002952.000000 120778.000000 0.000000
55984061.000000 120757.000000 0.000000
55880140.000000 120192.000000 0.000000
55899998.000000 120199.000000 0.000000
55884615.000000 120182.000000 0.000000
55907649.000000 120356.000000 0.000000
55902983.000000 120373.000000 0.000000
55910305.000000 120302.000000 0.000000
55886489.000000 120221.000000 0.000000
55965471.000000 120738.000000 0.000000
55911676.000000 120340.000000 0.000000
55922074.000000 120236.000000 0.000000
55813653.000000 120508.000000 0.000000
55990007.000000 120758.000000 0.000000
55923757.000000 120646.000000 0.000000
55872677.000000 120222.000000 0.000000
55892582.000000 120260.000000 0.000000
55882670.000000 120210.000000 0.000000
55884119.000000 120248.000000 0.000000
55886080.000000 120100.000000 0.000000
55892283.000000 120324.000000 0.000000
55916749.000000 120214.000000 0.000000
55897647.000000 120407.000000 0.000000
55894170.000000 120156.000000 0.000000
55892694.000000 120319.000000 0.000000
56005034.000000 120759.000000 0.000000
55892906.000000 120246.000000 0.000000
55906461.000000 120173.000000 0.000000
55912433.000000 120301.000000 0.000000
55993537.000000 120750.000000 0.000000
55908160.000000 120225.000000 0.000000
55966841.000000 120752.000000 0.000000
55951460.000000 120642.000000 0.000000
55903662.000000 120275.000000 0.000000
55887855.000000 120307.000000 0.000000
55997063.000000 120884.000000 0.000000
55759423.000000 119893.000000 0.000000
55460407.000000 119736.000000 0.000000
55929144.000000 120396.000000 0.000000
56001939.000000 120796.000000 0.000000
55911665.000000 120252.000000 0.000000
55807039.000000 120447.000000 0.000000
55980000.000000 120741.000000 0.000000
55972181.000000 120634.000000 0.000000
55967824.000000 120630.000000 0.000000
55972064.000000 120725.000000 0.000000
55980608.000000 120646.000000 0.000000
55913030.000000 120439.000000 0.000000
55877210.000000 120299.000000 0.000000
55882057.000000 120301.000000 0.000000
55909796.000000 120519.000000 0.000000
55987108.000000 120662.000000 0.000000
55886278.000000 120305.000000 0.000000
55888298.000000 120444.000000 0.000000
55947688.000000 120772.000000 0.000000
55891878.000000 120213.000000 0.000000
55980986.000000 120733.000000 0.000000
55889004.000000 120136.000000 0.000000
55992455.000000 120789.000000 0.000000
