56107883.000000 121107.000000 530.000000
56069686.000000 120554.000000 373.000000
56266782.000000 121516.000000 0.000000
56171345.000000 120756.000000 25.000000
56129783.000000 120891.000000 0.000000
56124796.000000 120654.000000 222.000000
56022772.000000 120535.000000 556.000000
56211557.000000 121040.000000 0.000000
56270003.000000 121334.000000 70.000000
56191224.000000 120900.000000 6.000000
56134993.000000 120865.000000 158.000000
56196809.000000 120960.000000 0.000000
56168269.000000 121032.000000 0.000000
56180786.000000 120925.000000 0.000000
55544930.000000 119500.000000 1912.000000
56187790.000000 120921.000000 0.000000
56208477.000000 120841.000000 0.000000
56122920.000000 121027.000000 455.000000
56186942.000000 120868.000000 61.000000
56140215.000000 121154.000000 444.000000
56113017.000000 120957.000000 524.000000
55945860.000000 120706.000000 976.000000
56215016.000000 120890.000000 0.000000
55989753.000000 120267.000000 716.000000
56126692.000000 120796.000000 185.000000
56198468.000000 120940.000000 0.000000
55971419.000000 120944.000000 945.000000
56211133.000000 120885.000000 27.000000
56095840.000000 121167.000000 6.000000
56306279.000000 121266.000000 11.000000
55805930.000000 120013.000000 1139.000000
56139091.000000 120784.000000 196.000000
56186854.000000 120849.000000 0.000000
55974719.000000 120734.000000 933.000000
56208150.000000 121142.000000 192.000000
56198957.000000 120949.000000 0.000000
56143672.000000 120813.000000 0.000000
56197699.000000 120922.000000 0.000000
55918951.000000 120138.000000 950.000000
56161759.000000 120922.000000 0.000000
56258492.000000 121289.000000 36.000000
56297088.000000 121338.000000 0.000000
56183112.000000 120931.000000 10.000000
56198453.000000 120968.000000 0.000000
56182497.000000 120925.000000 3.000000
55951935.000000 120409.000000 798.000000
56194058.000000 120972.000000 12.000000
55623901.000000 119568.000000 1638.000000
56145187.000000 120686.000000 64.000000
55852332.000000 120299.000000 1053.000000
56071292.000000 120507.000000 383.000000
56147042.000000 121170.000000 354.000000
55943350.000000 120610.000000 971.000000
56154107.000000 120743.000000 148.000000
56193157.000000 120854.000000 0.000000
56207458.000000 120978.000000 0.000000
56173123.000000 120874.000000 21.000000
56016477.000000 120441.000000 0.000000
55908265.000000 120368.000000 868.000000
56144452.000000 121003.000000 309.000000
56180753.000000 120804.000000 0.000000
56270043.000000 121348.000000 0.000000
56201974.000000 120811.000000 0.000000
56093229.000000 120967.000000 589.000000
55737889.000000 119865.000000 1384.000000
55927585.000000 120260.000000 411.000000
56188530.000000 120929.000000 0.000000
56168497.000000 121025.000000 0.000000
55267966.000000 119009.000000 2567.000000
56178849.000000 121081.000000 275.000000
56241238.000000 121304.000000 42.000000
55614834.000000 119869.000000 1940.000000
55943956.000000 120334.000000 0.000000
56176037.000000 120856.000000 0.000000
56138241.000000 120843.000000 0.000000
56203746.000000 120974.000000 0.000000
55789765.000000 119968.000000 1231.000000
56186565.000000 120982.000000 35.000000
55852358.000000 120193.000000 1083.000000
55721255.000000 119737.000000 1368.000000
55967035.000000 120628.000000 862.000000
55880460.000000 120040.000000 913.000000
56180301.000000 120935.000000 0.000000
56251939.000000 121261.000000 0.000000
56197648.000000 120977.000000 0.000000
56110346.000000 120750.000000 0.000000
56189956.000000 120946.000000 0.000000
56124538.000000 120824.000000 243.000000
55233241.000000 118654.000000 2691.000000
56179947.000000 120888.000000 19.000000
56189368.000000 120835.000000 0.000000
56189343.000000 120918.000000 0.000000
56098917.000000 120704.000000 238.000000
55515708.000000 119694.000000 2221.000000
56182972.000000 120964.000000 0.000000
56203364.000000 120913.000000 0.000000
56199098.000000 120944.000000 0.000000
55918342.000000 120148.000000 858.000000
56117077.000000 120699.000000 147.000000
56255856.000000 121286.000000 66.000000
