56044746.000000 122063.000000 0.000000
56048518.000000 122038.000000 0.000000
56053750.000000 122112.000000 0.000000
56039710.000000 122096.000000 0.000000
55941801.000000 121657.000000 0.000000
56046131.000000 122049.000000 0.000000
56059161.000000 122092.000000 0.000000
56014245.000000 122260.000000 0.000000
56038421.000000 122257.000000 0.000000
56038627.000000 122066.000000 0.000000
55993463.000000 121709.000000 0.000000
56055664.000000 122118.000000 0.000000
56041922.000000 122121.000000 0.000000
56065388.000000 122141.000000 0.000000
56044589.000000 122032.000000 0.000000
56041902.000000 122222.000000 0.000000
56025638.000000 122151.000000 0.000000
56022125.000000 122098.000000 0.000000
56056791.000000 122170.000000 0.000000
56063671.000000 122149.000000 0.000000
56036649.000000 122157.000000 0.000000
55930814.000000 121823.000000 0.000000
56047699.000000 122261.000000 0.000000
56037807.000000 122139.000000 0.000000
56036644.000000 122128.000000 0.000000
56047846.000000 122012.000000 0.000000
56044571.000000 122114.000000 0.000000
55964118.000000 121609.000000 0.000000
56040413.000000 122035.000000 0.000000
56041413.000000 122069.000000 0.000000
56038831.000000 122160.000000 0.000000
55974926.000000 121991.000000 0.000000
56050513.000000 122218.000000 0.000000
56037228.000000 122282.000000 0.000000
56053203.000000 122073.000000 0.000000
56051094.000000 122174.000000 0.000000
56056403.000000 122026.000000 0.000000
56038901.000000 122221.000000 0.000000
56019590.000000 122196.000000 0.000000
56053291.000000 122232.000000 0.000000
56058605.000000 122019.000000 0.000000
56037639.000000 122117.000000 0.000000
56060102.000000 122046.000000 0.000000
56060372.000000 121988.000000 0.000000
56043302.000000 122213.000000 0.000000
56019724.000000 122335.000000 0.000000
56048663.000000 122314.000000 0.000000
56035437.000000 122035.000000 0.000000
56049183.000000 122171.000000 0.000000
56048399.000000 121945.000000 0.000000
55958282.000000 122032.000000 0.000000
56064943.000000 121996.000000 0.000000
56048800.000000 122157.000000 0.000000
56039356.000000 122147.000000 0.000000
55818723.000000 121364.000000 0.000000
56012172.000000 122130.000000 0.000000
56039792.000000 122213.000000 0.000000
56036337.000000 122019.000000 0.000000
56041066.000000 122114.000000 0.000000
55981519.000000 121945.000000 0.000000
56029892.000000 122399.000000 0.000000
56050294.000000 121944.000000 0.000000
56014784.000000 122306.000000 0.000000
56050720.000000 122050.000000 0.000000
56030874.000000 122246.000000 0.000000
55885586.000000 121768.000000 0.000000
56045685.000000 122025.000000 0.000000
55984771.000000 121667.000000 0.000000
56058999.000000 122016.000000 0.000000
56048585.000000 122074.000000 0.000000
56065505.000000 122124.000000 0.000000
56028799.000000 122073.000000 0.000000
56029113.000000 122266.000000 0.000000
56051592.000000 122249.000000 0.000000
56029211.000000 122187.000000 0.000000
56044602.000000 122101.000000 0.000000
56053326.000000 122180.000000 0.000000
56030500.000000 122240.000000 0.000000
56042863.000000 122368.000000 0.000000
56030426.000000 122155.000000 0.000000
56058522.000000 122052.000000 0.000000
56052895.000000 122076.000000 0.000000
56015406.000000 122103.000000 0.000000
56048610.000000 122157.000000 0.000000
56066710.000000 122038.000000 0.000000
56050426.000000 122345.000000 0.000000
56056667.000000 122161.000000 0.000000
56061907.000000 122061.000000 0.000000
56057331.000000 121957.000000 0.000000
56041852.000000 122234.000000 0.000000
56043757.000000 122203.000000 0.000000
56067380.000000 122087.000000 0.000000
56047415.000000 122227.000000 0.000000
56042927.000000 122268.000000 0.000000
56046490.000000 122118.000000 0.000000
56059884.000000 122024.000000 0.000000
56011502.000000 122315.000000 0.000000
56045882.000000 122263.000000 0.000000
56033570.000000 122063.000000 0.000000
56053629.000000 122262.000000 0.000000
