51588309.000000 111277.000000 14051.000000
52220413.000000 112435.000000 11920.000000
53330541.000000 114843.000000 8555.000000
53615058.000000 110116.000000 6811.000000
52371334.000000 112679.000000 11133.000000
52374625.000000 112970.000000 11423.000000
52633302.000000 113492.000000 10731.000000
51042503.000000 110010.000000 15536.000000
52447034.000000 113012.000000 11517.000000
53255357.000000 114861.000000 8885.000000
53688984.000000 115925.000000 7497.000000
53513497.000000 115463.000000 8103.000000
51918841.000000 112022.000000 13014.000000
53829743.000000 115998.000000 7198.000000
53116465.000000 114420.000000 9436.000000
52928144.000000 114168.000000 9915.000000
53277011.000000 114514.000000 8822.000000
53582532.000000 115659.000000 7931.000000
53464113.000000 115182.000000 8260.000000
53785255.000000 116006.000000 7438.000000
52360701.000000 112774.000000 11474.000000
52205822.000000 112507.000000 12412.000000
53405016.000000 115076.000000 8416.000000
53592308.000000 115253.000000 7826.000000
53635843.000000 115456.000000 7497.000000
51762043.000000 111487.000000 13392.000000
53512526.000000 115414.000000 8190.000000
52961466.000000 113849.000000 9706.000000
53489258.000000 115523.000000 8386.000000
52688243.000000 113568.000000 10742.000000
52879210.000000 113976.000000 9782.000000
53158058.000000 114320.000000 9064.000000
53259481.000000 114572.000000 8528.000000
