48256227.000000 105224.000000 23974.000000
46355736.000000 100194.000000 28118.000000
46823854.000000 102814.000000 27602.000000
47947405.000000 104102.000000 24081.000000
45676340.000000 99437.000000 30429.000000
46924615.000000 102078.000000 26325.000000
46874765.000000 103239.000000 26565.000000
47229779.000000 102303.000000 25484.000000
47228472.000000 102009.000000 26843.000000
47320079.000000 103299.000000 25417.000000
45128161.000000 98182.000000 33045.000000
47219802.000000 102881.000000 25933.000000
47816539.000000 104076.000000 25326.000000
45908868.000000 100376.000000 29759.000000
45822514.000000 98831.000000 31090.000000
46758934.000000 102856.000000 26686.000000
47312501.000000 103272.000000 25567.000000
48058088.000000 104542.000000 23462.000000
47026985.000000 101848.000000 27521.000000
47411688.000000 102696.000000 26417.000000
47664371.000000 103913.000000 25474.000000
46911561.000000 103308.000000 25673.000000
46264051.000000 102212.000000 28851.000000
47696318.000000 103355.000000 24991.000000
48145517.000000 104641.000000 23873.000000
45365865.000000 98299.000000 31408.000000
46961686.000000 101654.000000 27757.000000
48502239.000000 105684.000000 22887.000000
46031876.000000 100225.000000 30627.000000
46352651.000000 100465.000000 29510.000000
43924000.000000 95572.000000 36531.000000
47871556.000000 104191.000000 24148.000000
47292130.000000 103256.000000 25471.000000
44073475.000000 96462.000000 36052.000000
46529277.000000 101122.000000 28813.000000
45929603.000000 100535.000000 30037.000000
47713134.000000 103870.000000 24994.000000
49771336.000000 107225.000000 19149.000000
47980094.000000 104020.000000 24493.000000
46117119.000000 99467.000000 30151.000000
47760342.000000 103103.000000 25315.000000
46112837.000000 101029.000000 30263.000000
46397542.000000 103532.000000 28843.000000
49184652.000000 106098.000000 21233.000000
47847996.000000 103485.000000 25031.000000
47384857.000000 103321.000000 27239.000000
46803760.000000 103914.000000 27524.000000
47912776.000000 104013.000000 24693.000000
48635143.000000 105386.000000 22592.000000
46056793.000000 99561.000000 30569.000000
47622065.000000 103702.000000 25934.000000
47523731.000000 102523.000000 26239.000000
46841534.000000 102668.000000 26849.000000
47355679.000000 101859.000000 26422.000000
49757016.000000 107872.000000 18173.000000
47711046.000000 103450.000000 24713.000000
46889133.000000 102055.000000 27549.000000
47975725.000000 103741.000000 24579.000000
47287896.000000 102812.000000 26773.000000
48033707.000000 103399.000000 24511.000000
48457148.000000 104974.000000 23371.000000
47808839.000000 104357.000000 25014.000000
46685377.000000 102876.000000 26866.000000
49138173.000000 106455.000000 20953.000000
47737818.000000 104827.000000 25318.000000
44945062.000000 98405.000000 32251.000000
46962911.000000 101353.000000 27505.000000
44758027.000000 97830.000000 33544.000000
47313725.000000 101975.000000 26195.000000
47398156.000000 102498.000000 26153.000000
46486562.000000 101308.000000 28627.000000
49537115.000000 107114.000000 20130.000000
47626049.000000 103362.000000 25819.000000
46968961.000000 102394.000000 27602.000000
48590984.000000 105520.000000 21551.000000
47832878.000000 103810.000000 24663.000000
47306795.000000 101935.000000 26620.000000
47375802.000000 103674.000000 25950.000000
49329162.000000 106620.000000 20459.000000
48861465.000000 106201.000000 21571.000000
49292005.000000 106066.000000 20693.000000
47818567.000000 102992.000000 24698.000000
48189088.000000 104674.000000 23826.000000
48205534.000000 104336.000000 23622.000000
42694879.000000 109364.000000 46402.000000
48878660.000000 106093.000000 21729.000000
46489056.000000 101768.000000 28224.000000
47782145.000000 103793.000000 25102.000000
47124354.000000 102272.000000 26842.000000
46877447.000000 101291.000000 27881.000000
45599867.000000 98799.000000 31092.000000
44932711.000000 97868.000000 31960.000000
46525284.000000 102659.000000 27159.000000
46441989.000000 101132.000000 27310.000000
47060718.000000 102165.000000 26158.000000
49835046.000000 107777.000000 18842.000000
49450162.000000 107832.000000 20267.000000
43746363.000000 104462.000000 32615.000000
47022325.000000 103530.000000 25710.000000
46495360.000000 102465.000000 26738.000000
