56007374.000000 120528.000000 0.000000
56087308.000000 120892.000000 0.000000
56001647.000000 120322.000000 0.000000
55980873.000000 120434.000000 0.000000
55640898.000000 120844.000000 865.000000
55986057.000000 120452.000000 0.000000
56001772.000000 120409.000000 0.000000
55989637.000000 120495.000000 0.000000
55404313.000000 122208.000000 1006.000000
56041115.000000 120763.000000 42.000000
55993350.000000 120326.000000 0.000000
55960643.000000 120493.000000 11.000000
56057483.000000 120966.000000 43.000000
55958538.000000 120342.000000 23.000000
55176604.000000 120539.000000 1885.000000
55977133.000000 120404.000000 9.000000
55505675.000000 120878.000000 966.000000
55879934.000000 120579.000000 707.000000
55962086.000000 120322.000000 74.000000
55173250.000000 121653.000000 1771.000000
55344900.000000 121744.000000 1234.000000
55860862.000000 120301.000000 611.000000
56061253.000000 120965.000000 56.000000
56006178.000000 120420.000000 0.000000
56053766.000000 120895.000000 75.000000
55453128.000000 122264.000000 1138.000000
55815133.000000 120047.000000 634.000000
55201617.000000 121786.000000 497.000000
55970536.000000 120438.000000 21.000000
55968029.000000 120767.000000 357.000000
55829761.000000 120044.000000 708.000000
55986768.000000 120489.000000 0.000000
56053532.000000 120745.000000 68.000000
54645261.000000 117577.000000 4022.000000
55997072.000000 120584.000000 0.000000
55971922.000000 120512.000000 15.000000
54960847.000000 119952.000000 2238.000000
56052053.000000 120818.000000 23.000000
55988742.000000 120442.000000 0.000000
56043545.000000 120771.000000 133.000000
55985529.000000 120505.000000 0.000000
55824029.000000 120183.000000 619.000000
56060549.000000 120936.000000 44.000000
55636033.000000 120868.000000 897.000000
55875601.000000 120217.000000 389.000000
56024715.000000 120829.000000 113.000000
56007497.000000 120691.000000 139.000000
55851252.000000 120288.000000 441.000000
55227457.000000 120347.000000 2068.000000
55670865.000000 121356.000000 905.000000
55232963.000000 120543.000000 1957.000000
55992541.000000 120666.000000 150.000000
56024479.000000 120625.000000 147.000000
55955609.000000 120462.000000 0.000000
55989244.000000 120590.000000 0.000000
55140867.000000 118833.000000 2623.000000
55917822.000000 120373.000000 186.000000
55339963.000000 122065.000000 1401.000000
55966863.000000 120560.000000 0.000000
55984757.000000 120600.000000 251.000000
55985542.000000 120553.000000 0.000000
55003612.000000 118414.000000 2881.000000
54865865.000000 117970.000000 3264.000000
55023836.000000 119673.000000 2361.000000
55697275.000000 121425.000000 851.000000
55956359.000000 120448.000000 73.000000
55013401.000000 119731.000000 2426.000000
55817503.000000 120178.000000 741.000000
55989547.000000 120408.000000 0.000000
55984568.000000 120502.000000 0.000000
55702679.000000 121484.000000 901.000000
56002793.000000 120477.000000 0.000000
55272712.000000 121882.000000 1491.000000
56051697.000000 121064.000000 42.000000
55847616.000000 120123.000000 575.000000
55206215.000000 120482.000000 2046.000000
55595603.000000 121063.000000 1080.000000
55416412.000000 122079.000000 1282.000000
55995202.000000 120617.000000 0.000000
55991723.000000 120528.000000 0.000000
55595814.000000 121145.000000 1119.000000
55602895.000000 121370.000000 904.000000
56048959.000000 120809.000000 38.000000
55382509.000000 121806.000000 1155.000000
55671066.000000 121370.000000 921.000000
55988810.000000 120576.000000 0.000000
55986820.000000 120428.000000 0.000000
55954209.000000 120482.000000 0.000000
55855566.000000 120177.000000 504.000000
55972773.000000 120398.000000 38.000000
55049486.000000 118487.000000 2709.000000
55981480.000000 120333.000000 78.000000
55992471.000000 120455.000000 0.000000
55991604.000000 120685.000000 0.000000
55967128.000000 120548.000000 0.000000
55989960.000000 120458.000000 5.000000
55962842.000000 120314.000000 9.000000
55957814.000000 120555.000000 67.000000
55965766.000000 120455.000000 46.000000
55398834.000000 122084.000000 1172.000000
