55879264.000000 120228.000000 0.000000
55897713.000000 120367.000000 0.000000
55900563.000000 120325.000000 0.000000
55900798.000000 120244.000000 0.000000
55871199.000000 120257.000000 0.000000
55875355.000000 120297.000000 0.000000
55892622.000000 120438.000000 0.000000
55881114.000000 120281.000000 0.000000
55891488.000000 120341.000000 0.000000
55874565.000000 120482.000000 0.000000
55867730.000000 120346.000000 0.000000
55893361.000000 120383.000000 0.000000
55924012.000000 120273.000000 0.000000
55895509.000000 120367.000000 0.000000
55889245.000000 120277.000000 0.000000
55964098.000000 120597.000000 0.000000
55910661.000000 120229.000000 0.000000
55894260.000000 120235.000000 0.000000
55893336.000000 120252.000000 0.000000
55917110.000000 120330.000000 0.000000
55890864.000000 120263.000000 0.000000
55889095.000000 120279.000000 0.000000
55897584.000000 120275.000000 0.000000
55967138.000000 120762.000000 0.000000
55918919.000000 120297.000000 0.000000
55895749.000000 120304.000000 0.000000
55896307.000000 120197.000000 0.000000
55902831.000000 120330.000000 0.000000
55867443.000000 120038.000000 0.000000
55859352.000000 120278.000000 0.000000
55819620.000000 120179.000000 0.000000
55894556.000000 120190.000000 0.000000
55890765.000000 120455.000000 0.000000
55908873.000000 120198.000000 0.000000
55889422.000000 120354.000000 0.000000
55981871.000000 120671.000000 0.000000
55882666.000000 120212.000000 0.000000
55898508.000000 120335.000000 0.000000
55888269.000000 120308.000000 0.000000
55903923.000000 120433.000000 0.000000
55910060.000000 120276.000000 0.000000
55899847.000000 120329.000000 0.000000
55902025.000000 120373.000000 0.000000
55898119.000000 120176.000000 0.000000
55894690.000000 120219.000000 0.000000
55915985.000000 120282.000000 0.000000
55903057.000000 120247.000000 0.000000
55894443.000000 120411.000000 0.000000
55888449.000000 120495.000000 0.000000
55890229.000000 120355.000000 0.000000
55881574.000000 120320.000000 0.000000
55903905.000000 120309.000000 0.000000
55898288.000000 120330.000000 0.000000
55985657.000000 120748.000000 0.000000
55878878.000000 120149.000000 0.000000
55876608.000000 120228.000000 0.000000
55898288.000000 120274.000000 0.000000
55880941.000000 120352.000000 0.000000
55899809.000000 120248.000000 0.000000
55892684.000000 120361.000000 0.000000
55901956.000000 120170.000000 0.000000
55898707.000000 120270.000000 0.000000
55905727.000000 120438.000000 0.000000
55890499.000000 120371.000000 0.000000
55924117.000000 120391.000000 0.000000
55890553.000000 120324.000000 0.000000
55876273.000000 120089.000000 0.000000
55909104.000000 120121.000000 0.000000
55889992.000000 120329.000000 0.000000
55915469.000000 120233.000000 0.000000
55875672.000000 120245.000000 0.000000
55907444.000000 120213.000000 0.000000
55900407.000000 120299.000000 0.000000
55671942.000000 119849.000000 0.000000
55873527.000000 120139.000000 0.000000
55888927.000000 120286.000000 0.000000
55960024.000000 120769.000000 0.000000
55901528.000000 120369.000000 0.000000
55918182.000000 120223.000000 0.000000
55909355.000000 120328.000000 0.000000
55864797.000000 120246.000000 0.000000
55913889.000000 120264.000000 0.000000
55881719.000000 120393.000000 0.000000
55890366.000000 120284.000000 0.000000
55867802.000000 120270.000000 0.000000
55888288.000000 120166.000000 0.000000
55892538.000000 120269.000000 0.000000
55866868.000000 120347.000000 0.000000
55909844.000000 120358.000000 0.000000
55911157.000000 120153.000000 0.000000
55886639.000000 120330.000000 0.000000
55904362.000000 120371.000000 0.000000
55883752.000000 120261.000000 0.000000
55877681.000000 120264.000000 0.000000
55899939.000000 120252.000000 0.000000
55895308.000000 120173.000000 0.000000
55897427.000000 120095.000000 0.000000
55886624.000000 120330.000000 0.000000
55901180.000000 120308.000000 0.000000
55900009.000000 120327.000000 0.000000
