56004658.000000 120747.000000 0.000000
55963961.000000 120585.000000 0.000000
55985127.000000 120693.000000 0.000000
55986331.000000 120680.000000 0.000000
55810489.000000 120298.000000 0.000000
55970578.000000 120807.000000 0.000000
55863518.000000 120279.000000 0.000000
55963994.000000 120655.000000 0.000000
55982392.000000 120966.000000 0.000000
55968746.000000 120727.000000 0.000000
55972274.000000 120736.000000 0.000000
55990059.000000 120728.000000 0.000000
55974624.000000 120737.000000 0.000000
56005652.000000 120845.000000 0.000000
55978914.000000 120799.000000 0.000000
55975108.000000 120653.000000 0.000000
55992078.000000 120666.000000 0.000000
55918105.000000 120281.000000 0.000000
55965347.000000 120681.000000 75.000000
55890134.000000 120275.000000 0.000000
55996140.000000 120733.000000 0.000000
55994883.000000 120801.000000 0.000000
56001497.000000 120819.000000 0.000000
56005618.000000 120789.000000 0.000000
56004034.000000 120844.000000 0.000000
55979025.000000 120701.000000 0.000000
55474143.000000 119641.000000 0.000000
55902218.000000 120210.000000 0.000000
55900279.000000 120378.000000 0.000000
55882997.000000 120328.000000 0.000000
55912282.000000 120309.000000 0.000000
55888559.000000 120360.000000 0.000000
55890837.000000 120230.000000 0.000000
55887525.000000 120295.000000 0.000000
55892761.000000 120181.000000 0.000000
56017292.000000 120700.000000 0.000000
55965620.000000 120678.000000 0.000000
55983812.000000 120924.000000 0.000000
55965212.000000 120793.000000 22.000000
55988996.000000 120891.000000 0.000000
55875805.000000 120232.000000 179.000000
55984885.000000 120680.000000 0.000000
55932397.000000 120408.000000 0.000000
56001274.000000 120749.000000 0.000000
55963776.000000 120655.000000 0.000000
55897415.000000 120721.000000 0.000000
55957143.000000 120691.000000 0.000000
55947562.000000 120646.000000 126.000000
55895840.000000 120261.000000 0.000000
55908149.000000 120209.000000 0.000000
55889400.000000 120382.000000 0.000000
55981002.000000 120772.000000 0.000000
55331902.000000 119482.000000 1572.000000
55993461.000000 120955.000000 0.000000
55981748.000000 120715.000000 0.000000
55983795.000000 120744.000000 0.000000
55997968.000000 120767.000000 0.000000
55913142.000000 120357.000000 0.000000
55981325.000000 120694.000000 0.000000
55987594.000000 120784.000000 0.000000
55961349.000000 120620.000000 124.000000
55984758.000000 120866.000000 0.000000
55974763.000000 120935.000000 0.000000
55915270.000000 120257.000000 0.000000
55952692.000000 120690.000000 126.000000
55996938.000000 120711.000000 21.000000
55882166.000000 120294.000000 0.000000
55914555.000000 120227.000000 0.000000
55979131.000000 120813.000000 0.000000
55991416.000000 120855.000000 0.000000
56004065.000000 120710.000000 0.000000
55892504.000000 120072.000000 0.000000
55988894.000000 120663.000000 0.000000
55205791.000000 119292.000000 1627.000000
55993145.000000 120692.000000 0.000000
55904684.000000 120430.000000 0.000000
55927878.000000 120442.000000 0.000000
55936295.000000 120412.000000 0.000000
55993049.000000 120810.000000 0.000000
55886310.000000 120236.000000 0.000000
55904849.000000 120314.000000 0.000000
55908755.000000 120247.000000 0.000000
55850612.000000 120194.000000 0.000000
55880836.000000 120239.000000 0.000000
55999624.000000 120787.000000 0.000000
56002046.000000 120645.000000 0.000000
55990548.000000 120766.000000 0.000000
55914866.000000 120205.000000 0.000000
56005259.000000 120744.000000 0.000000
55782424.000000 120328.000000 0.000000
55983666.000000 120642.000000 0.000000
55915883.000000 120290.000000 0.000000
55789653.000000 119951.000000 306.000000
55977991.000000 120872.000000 0.000000
55964303.000000 120613.000000 0.000000
55896072.000000 120262.000000 0.000000
55890808.000000 120329.000000 0.000000
55465331.000000 119517.000000 0.000000
55892666.000000 120191.000000 0.000000
55903705.000000 120275.000000 0.000000
