56259009.000000 121362.000000 0.000000
56260540.000000 121397.000000 0.000000
56182236.000000 120831.000000 0.000000
56260500.000000 121240.000000 0.000000
56260574.000000 121472.000000 0.000000
56261708.000000 121269.000000 0.000000
56254117.000000 121302.000000 0.000000
56159884.000000 120807.000000 0.000000
56148989.000000 121433.000000 0.000000
56172383.000000 120838.000000 0.000000
56248311.000000 121360.000000 0.000000
56268981.000000 121287.000000 0.000000
56219171.000000 120825.000000 0.000000
56241642.000000 121252.000000 0.000000
55798254.000000 120380.000000 0.000000
56266414.000000 121382.000000 0.000000
56181490.000000 120889.000000 0.000000
56264834.000000 121328.000000 0.000000
56187383.000000 120883.000000 0.000000
56264798.000000 121177.000000 0.000000
56194598.000000 120616.000000 0.000000
55930182.000000 120337.000000 0.000000
56234408.000000 121370.000000 0.000000
56181531.000000 120940.000000 0.000000
56265656.000000 121409.000000 0.000000
56203015.000000 120825.000000 0.000000
56262013.000000 121367.000000 0.000000
56171936.000000 120785.000000 0.000000
56216575.000000 120902.000000 0.000000
56283300.000000 121337.000000 0.000000
56268031.000000 121361.000000 0.000000
56199235.000000 120816.000000 0.000000
56241975.000000 121405.000000 0.000000
56206779.000000 120842.000000 0.000000
56177524.000000 120887.000000 0.000000
56251254.000000 121286.000000 0.000000
56279760.000000 121441.000000 0.000000
56250434.000000 121308.000000 0.000000
56283041.000000 121324.000000 0.000000
56272414.000000 121342.000000 0.000000
56018585.000000 120818.000000 0.000000
56186430.000000 120789.000000 0.000000
56263563.000000 121291.000000 0.000000
56178774.000000 120826.000000 0.000000
56242106.000000 121260.000000 0.000000
56195558.000000 120868.000000 0.000000
56197694.000000 120853.000000 0.000000
56196772.000000 120903.000000 0.000000
56183609.000000 120720.000000 0.000000
56280709.000000 121427.000000 0.000000
55919289.000000 120521.000000 0.000000
56165413.000000 121044.000000 0.000000
56189588.000000 120882.000000 0.000000
56166345.000000 120973.000000 0.000000
56007652.000000 120774.000000 0.000000
56278303.000000 121300.000000 0.000000
56176994.000000 120813.000000 0.000000
56176219.000000 120998.000000 0.000000
56278953.000000 121226.000000 0.000000
56266627.000000 121489.000000 0.000000
56250958.000000 121318.000000 0.000000
56187964.000000 120831.000000 0.000000
56272057.000000 121329.000000 0.000000
56202915.000000 120968.000000 0.000000
56210732.000000 120715.000000 0.000000
56272442.000000 121430.000000 0.000000
56184341.000000 120787.000000 0.000000
56216330.000000 120897.000000 0.000000
56215412.000000 120829.000000 0.000000
56183682.000000 120775.000000 0.000000
56203161.000000 120960.000000 0.000000
56267241.000000 121333.000000 0.000000
56200714.000000 121033.000000 0.000000
56174563.000000 120837.000000 0.000000
56264777.000000 121302.000000 0.000000
56210852.000000 120963.000000 0.000000
56148178.000000 120937.000000 0.000000
56167098.000000 120832.000000 0.000000
56175991.000000 120926.000000 0.000000
56247511.000000 121231.000000 0.000000
56263992.000000 121328.000000 0.000000
56254920.000000 121425.000000 0.000000
56260597.000000 121379.000000 0.000000
56182834.000000 120875.000000 0.000000
56196911.000000 120863.000000 0.000000
56262878.000000 121304.000000 0.000000
56201494.000000 120915.000000 0.000000
56199464.000000 120865.000000 0.000000
56280764.000000 121323.000000 0.000000
56276805.000000 121258.000000 0.000000
56234183.000000 121346.000000 0.000000
56166922.000000 121591.000000 0.000000
56255576.000000 121328.000000 0.000000
56262833.000000 121313.000000 0.000000
56193773.000000 120861.000000 0.000000
56207870.000000 120986.000000 0.000000
56291152.000000 121300.000000 0.000000
56203134.000000 121001.000000 0.000000
56256481.000000 121396.000000 0.000000
56272242.000000 121469.000000 0.000000
