55799406.000000 120573.000000 0.000000
55739576.000000 120054.000000 0.000000
55749881.000000 120073.000000 0.000000
55821521.000000 120519.000000 0.000000
55738916.000000 120047.000000 0.000000
55821787.000000 120487.000000 0.000000
55752226.000000 120093.000000 0.000000
55810340.000000 120421.000000 0.000000
55790308.000000 120420.000000 0.000000
55834907.000000 120513.000000 0.000000
55826260.000000 120502.000000 0.000000
55736493.000000 120085.000000 0.000000
55726313.000000 120084.000000 0.000000
55711564.000000 119961.000000 0.000000
55752225.000000 120133.000000 0.000000
55744695.000000 120015.000000 0.000000
55719279.000000 120067.000000 0.000000
55481248.000000 119661.000000 0.000000
55747174.000000 120061.000000 0.000000
55638517.000000 119954.000000 0.000000
55717330.000000 119968.000000 0.000000
55731110.000000 119945.000000 0.000000
55745503.000000 120002.000000 0.000000
55715126.000000 119941.000000 0.000000
55747768.000000 120074.000000 0.000000
55713591.000000 120183.000000 0.000000
55718489.000000 119981.000000 0.000000
55736925.000000 120116.000000 0.000000
55730000.000000 119949.000000 0.000000
55734071.000000 119980.000000 0.000000
55726993.000000 119997.000000 0.000000
55733311.000000 119952.000000 0.000000
55711490.000000 119979.000000 0.000000
55809063.000000 120385.000000 0.000000
55812232.000000 120521.000000 0.000000
55799493.000000 120443.000000 0.000000
55818046.000000 120480.000000 0.000000
55737822.000000 119969.000000 0.000000
55736685.000000 119971.000000 0.000000
55741791.000000 120019.000000 0.000000
55747853.000000 120103.000000 0.000000
55754314.000000 120077.000000 0.000000
55726215.000000 120143.000000 0.000000
55829817.000000 120552.000000 0.000000
55748171.000000 119955.000000 0.000000
55714145.000000 120132.000000 0.000000
55751413.000000 120163.000000 0.000000
55740171.000000 120110.000000 0.000000
55741581.000000 119938.000000 0.000000
55733547.000000 120016.000000 0.000000
55803307.000000 120528.000000 0.000000
55818029.000000 120293.000000 0.000000
55734220.000000 120139.000000 0.000000
55836833.000000 120589.000000 0.000000
55743192.000000 120140.000000 0.000000
55688616.000000 119921.000000 0.000000
55735733.000000 120057.000000 0.000000
55713668.000000 119921.000000 0.000000
55722902.000000 120058.000000 0.000000
55731707.000000 119960.000000 0.000000
55722415.000000 120054.000000 0.000000
55744496.000000 120083.000000 0.000000
55740221.000000 120095.000000 0.000000
55783385.000000 120278.000000 0.000000
55745446.000000 119937.000000 0.000000
55758776.000000 120062.000000 0.000000
55733211.000000 120107.000000 0.000000
55741308.000000 120178.000000 0.000000
55731363.000000 119978.000000 0.000000
55765198.000000 119944.000000 0.000000
55800474.000000 120526.000000 0.000000
55735437.000000 120039.000000 0.000000
55744623.000000 120020.000000 0.000000
55730983.000000 119978.000000 0.000000
55728561.000000 120135.000000 0.000000
55732213.000000 120110.000000 0.000000
55758292.000000 120070.000000 0.000000
55738977.000000 120018.000000 0.000000
55751579.000000 120057.000000 0.000000
55746779.000000 119976.000000 0.000000
55667488.000000 120150.000000 0.000000
55739655.000000 119944.000000 0.000000
55758787.000000 120088.000000 0.000000
55747851.000000 120124.000000 0.000000
55750037.000000 120061.000000 0.000000
55806180.000000 120349.000000 0.000000
55789329.000000 120464.000000 0.000000
55743568.000000 120112.000000 0.000000
55758090.000000 120125.000000 0.000000
55731948.000000 120029.000000 0.000000
55732676.000000 119882.000000 0.000000
55707906.000000 120111.000000 0.000000
55747805.000000 120090.000000 0.000000
55743636.000000 120107.000000 0.000000
55731621.000000 120193.000000 0.000000
55700698.000000 120097.000000 0.000000
55716469.000000 120037.000000 0.000000
55727952.000000 120066.000000 0.000000
55757555.000000 120071.000000 0.000000
55740890.000000 119958.000000 0.000000
