56195317.000000 120994.000000 0.000000
56193012.000000 120849.000000 0.000000
56217913.000000 120997.000000 0.000000
56123708.000000 120983.000000 0.000000
56174975.000000 120859.000000 0.000000
56174272.000000 120911.000000 0.000000
56202156.000000 120825.000000 0.000000
56201618.000000 120909.000000 0.000000
56274593.000000 121444.000000 0.000000
56177375.000000 120818.000000 0.000000
56196021.000000 120890.000000 0.000000
56184258.000000 121500.000000 0.000000
56168071.000000 120836.000000 0.000000
56216574.000000 121089.000000 0.000000
56221371.000000 121274.000000 0.000000
56282488.000000 121439.000000 0.000000
56102664.000000 120985.000000 0.000000
56206418.000000 120850.000000 0.000000
56177495.000000 120908.000000 0.000000
56203612.000000 120990.000000 0.000000
56182212.000000 120917.000000 0.000000
56202198.000000 120980.000000 0.000000
56201019.000000 120939.000000 0.000000
56239157.000000 121137.000000 0.000000
56268923.000000 121531.000000 0.000000
56174521.000000 121027.000000 0.000000
56278935.000000 121393.000000 0.000000
56201057.000000 120831.000000 0.000000
56273638.000000 121249.000000 0.000000
56273939.000000 121377.000000 0.000000
56274625.000000 121459.000000 0.000000
56210863.000000 120970.000000 0.000000
56223798.000000 121059.000000 0.000000
56187319.000000 120871.000000 0.000000
56172435.000000 120782.000000 0.000000
56164116.000000 120801.000000 0.000000
56177370.000000 120967.000000 0.000000
56201300.000000 120845.000000 0.000000
56202208.000000 120788.000000 0.000000
56065607.000000 120864.000000 0.000000
56273177.000000 121425.000000 0.000000
56194573.000000 120916.000000 0.000000
56205373.000000 120849.000000 0.000000
56196995.000000 120766.000000 0.000000
56255533.000000 121270.000000 0.000000
56193944.000000 120912.000000 0.000000
56174546.000000 120936.000000 0.000000
56185410.000000 120916.000000 0.000000
56175598.000000 120911.000000 0.000000
56206020.000000 120909.000000 0.000000
56197615.000000 120804.000000 0.000000
56171487.000000 120872.000000 0.000000
56189823.000000 120949.000000 0.000000
56182717.000000 120824.000000 0.000000
56193013.000000 121070.000000 0.000000
56108346.000000 120748.000000 0.000000
56184659.000000 120799.000000 0.000000
56190058.000000 121000.000000 0.000000
56179935.000000 120703.000000 0.000000
56268788.000000 121488.000000 0.000000
56191940.000000 120772.000000 0.000000
56261902.000000 121379.000000 0.000000
56183403.000000 120908.000000 0.000000
56176476.000000 120923.000000 0.000000
56194105.000000 120738.000000 0.000000
56257031.000000 121290.000000 0.000000
56275178.000000 121445.000000 0.000000
56206225.000000 120879.000000 0.000000
56182145.000000 121057.000000 0.000000
56184609.000000 120886.000000 0.000000
56213306.000000 120845.000000 0.000000
56207033.000000 120913.000000 0.000000
56208655.000000 121011.000000 0.000000
56187250.000000 120796.000000 0.000000
56204725.000000 120949.000000 0.000000
56255078.000000 121281.000000 0.000000
56201236.000000 120841.000000 0.000000
56212685.000000 120876.000000 0.000000
56199414.000000 120760.000000 0.000000
56188208.000000 120962.000000 0.000000
56277424.000000 121486.000000 0.000000
56218367.000000 121104.000000 0.000000
56198101.000000 120819.000000 0.000000
56189656.000000 120846.000000 0.000000
56272477.000000 121347.000000 0.000000
56232187.000000 121355.000000 0.000000
56210304.000000 120844.000000 0.000000
56209980.000000 120934.000000 0.000000
56188925.000000 120915.000000 0.000000
56218393.000000 121006.000000 0.000000
56210273.000000 120921.000000 0.000000
56164138.000000 120849.000000 0.000000
56267547.000000 121397.000000 0.000000
56280886.000000 121382.000000 0.000000
56288604.000000 121340.000000 0.000000
56149646.000000 120931.000000 0.000000
56152540.000000 120954.000000 0.000000
56189437.000000 120895.000000 0.000000
56116622.000000 120702.000000 0.000000
56205497.000000 120994.000000 0.000000
