55905928.000000 120561.000000 21.000000
55852237.000000 120533.000000 226.000000
55411413.000000 119262.000000 1454.000000
55966311.000000 120715.000000 0.000000
55964155.000000 120540.000000 0.000000
55510067.000000 119547.000000 1353.000000
55475103.000000 119270.000000 1337.000000
55946369.000000 120620.000000 36.000000
55848282.000000 120622.000000 285.000000
55855839.000000 120254.000000 0.000000
55949647.000000 120647.000000 0.000000
55368931.000000 119431.000000 2037.000000
55230296.000000 118725.000000 2093.000000
55666335.000000 120009.000000 948.000000
55831217.000000 120244.000000 39.000000
55767965.000000 119995.000000 248.000000
55938162.000000 120554.000000 0.000000
55852979.000000 120569.000000 264.000000
55618579.000000 119631.000000 848.000000
55113249.000000 118504.000000 2370.000000
55936245.000000 120644.000000 4.000000
55832486.000000 120228.000000 75.000000
55534797.000000 119791.000000 876.000000
55950451.000000 120672.000000 0.000000
55344674.000000 118996.000000 1823.000000
55323418.000000 118983.000000 1892.000000
55911405.000000 120391.000000 0.000000
55446452.000000 119651.000000 1687.000000
55957880.000000 120503.000000 28.000000
55415661.000000 119245.000000 1572.000000
55919657.000000 120458.000000 0.000000
55934817.000000 120687.000000 0.000000
55943572.000000 120763.000000 0.000000
55967426.000000 120761.000000 0.000000
55800526.000000 120025.000000 68.000000
55959589.000000 120657.000000 0.000000
55845371.000000 120369.000000 0.000000
55829457.000000 120287.000000 81.000000
55817715.000000 120175.000000 55.000000
55948142.000000 120535.000000 18.000000
55938998.000000 120669.000000 0.000000
55840697.000000 120066.000000 106.000000
55940551.000000 120694.000000 0.000000
55925084.000000 120776.000000 15.000000
55245092.000000 119027.000000 2248.000000
55968551.000000 120762.000000 0.000000
55834666.000000 120204.000000 75.000000
55965965.000000 120749.000000 0.000000
55945608.000000 120943.000000 3.000000
55932373.000000 120600.000000 0.000000
55947854.000000 120617.000000 0.000000
55355218.000000 119110.000000 1792.000000
55518616.000000 119706.000000 1385.000000
55933328.000000 120708.000000 0.000000
55962949.000000 120731.000000 0.000000
55857179.000000 120195.000000 53.000000
55430079.000000 119297.000000 1415.000000
55909907.000000 120554.000000 46.000000
55642121.000000 120163.000000 943.000000
55886784.000000 120585.000000 0.000000
55819846.000000 120449.000000 436.000000
55174448.000000 118633.000000 2226.000000
55274686.000000 119184.000000 2225.000000
55765930.000000 120284.000000 651.000000
55705610.000000 120194.000000 728.000000
55970241.000000 120718.000000 0.000000
55903957.000000 120644.000000 0.000000
55946544.000000 120811.000000 21.000000
55670715.000000 120213.000000 958.000000
55867826.000000 120652.000000 0.000000
55965059.000000 120771.000000 0.000000
55938226.000000 120752.000000 18.000000
55933769.000000 120653.000000 0.000000
55944427.000000 120804.000000 0.000000
55818704.000000 120216.000000 56.000000
55060251.000000 118765.000000 2666.000000
55533429.000000 119650.000000 1342.000000
55942985.000000 120645.000000 0.000000
55956583.000000 120655.000000 0.000000
55782610.000000 120194.000000 587.000000
55940464.000000 120696.000000 12.000000
55980450.000000 120650.000000 0.000000
55938585.000000 120633.000000 23.000000
55949783.000000 120704.000000 0.000000
55954823.000000 120734.000000 0.000000
55944889.000000 120731.000000 0.000000
55954569.000000 120731.000000 0.000000
55653225.000000 119666.000000 705.000000
55254983.000000 119077.000000 2053.000000
55974006.000000 120649.000000 11.000000
55938617.000000 120651.000000 0.000000
55975913.000000 120670.000000 0.000000
55742738.000000 120112.000000 638.000000
55927105.000000 120602.000000 41.000000
55828812.000000 120335.000000 1.000000
55926397.000000 120634.000000 0.000000
55974538.000000 120645.000000 17.000000
54464118.000000 117172.000000 3749.000000
55818095.000000 120127.000000 65.000000
55697093.000000 119783.000000 513.000000
