56025893.000000 120574.000000 0.000000
55965618.000000 120410.000000 0.000000
56121521.000000 120922.000000 0.000000
56056558.000000 120533.000000 0.000000
56052257.000000 120577.000000 0.000000
56157616.000000 120996.000000 0.000000
56047955.000000 120472.000000 0.000000
56144191.000000 121054.000000 0.000000
56053222.000000 120582.000000 0.000000
56146915.000000 120821.000000 0.000000
56120363.000000 120934.000000 0.000000
56094176.000000 120955.000000 0.000000
56119686.000000 120921.000000 0.000000
55976492.000000 120466.000000 0.000000
56176808.000000 120938.000000 0.000000
56155650.000000 120968.000000 0.000000
56136246.000000 121030.000000 0.000000
56132913.000000 120964.000000 0.000000
55957945.000000 120574.000000 0.000000
56144758.000000 121005.000000 0.000000
56150794.000000 121119.000000 0.000000
56056056.000000 120458.000000 0.000000
56041805.000000 120621.000000 0.000000
56140302.000000 121043.000000 0.000000
56125011.000000 121020.000000 0.000000
56138106.000000 121036.000000 0.000000
56132389.000000 121014.000000 0.000000
56107052.000000 120927.000000 0.000000
56038730.000000 120485.000000 0.000000
55599223.000000 119857.000000 0.000000
56041798.000000 120668.000000 0.000000
55988111.000000 120687.000000 0.000000
56154228.000000 121006.000000 0.000000
56142235.000000 120940.000000 0.000000
56122658.000000 121006.000000 0.000000
55952108.000000 120783.000000 0.000000
56049224.000000 120696.000000 0.000000
56061688.000000 120667.000000 0.000000
56150584.000000 121012.000000 0.000000
56062392.000000 120688.000000 0.000000
56147163.000000 121039.000000 0.000000
56034876.000000 120637.000000 0.000000
56048116.000000 120604.000000 0.000000
56140536.000000 120909.000000 0.000000
56141253.000000 121064.000000 0.000000
56132287.000000 121132.000000 0.000000
56140300.000000 120925.000000 0.000000
56134725.000000 120980.000000 0.000000
56140625.000000 121044.000000 0.000000
56147945.000000 120963.000000 0.000000
56059769.000000 120482.000000 0.000000
56149721.000000 121078.000000 0.000000
56069088.000000 120616.000000 0.000000
56054149.000000 120643.000000 0.000000
56054350.000000 120629.000000 0.000000
56057601.000000 120723.000000 0.000000
56145658.000000 120967.000000 0.000000
56164016.000000 120996.000000 0.000000
56064847.000000 120528.000000 0.000000
56097810.000000 120751.000000 0.000000
56055131.000000 120471.000000 0.000000
56157832.000000 121114.000000 0.000000
56140987.000000 120977.000000 0.000000
56162770.000000 120977.000000 0.000000
56160364.000000 121142.000000 0.000000
55951665.000000 120849.000000 0.000000
55953836.000000 120632.000000 0.000000
56055329.000000 120535.000000 0.000000
56151291.000000 121094.000000 0.000000
56131331.000000 120959.000000 0.000000
56149969.000000 121080.000000 0.000000
56119405.000000 120833.000000 0.000000
56052902.000000 120784.000000 0.000000
56041940.000000 120565.000000 0.000000
56136735.000000 121095.000000 0.000000
56144983.000000 120873.000000 0.000000
56142345.000000 120942.000000 0.000000
55965574.000000 120627.000000 0.000000
56021090.000000 121068.000000 0.000000
56145378.000000 120950.000000 0.000000
55957153.000000 120740.000000 0.000000
56157238.000000 121086.000000 0.000000
56131966.000000 121006.000000 0.000000
56024587.000000 120539.000000 0.000000
56134410.000000 121071.000000 0.000000
56158196.000000 121034.000000 0.000000
56072590.000000 120750.000000 0.000000
56123696.000000 121053.000000 0.000000
56095174.000000 121009.000000 0.000000
56087063.000000 120713.000000 0.000000
56142429.000000 121034.000000 0.000000
56152809.000000 121036.000000 0.000000
56059139.000000 120565.000000 0.000000
55979619.000000 120474.000000 0.000000
56134417.000000 121048.000000 0.000000
56146709.000000 121141.000000 0.000000
56118467.000000 120972.000000 0.000000
56131448.000000 120981.000000 0.000000
56133755.000000 121021.000000 0.000000
56163318.000000 121039.000000 0.000000
