56007097.000000 120801.000000 0.000000
55941659.000000 120270.000000 0.000000
56015997.000000 120681.000000 0.000000
56001477.000000 120689.000000 0.000000
55937065.000000 120397.000000 0.000000
55964640.000000 120688.000000 0.000000
55953024.000000 120384.000000 0.000000
56004122.000000 120914.000000 0.000000
55935853.000000 120308.000000 0.000000
56011280.000000 120755.000000 0.000000
55989353.000000 120747.000000 0.000000
56012838.000000 120784.000000 0.000000
55944941.000000 120366.000000 0.000000
55927072.000000 120420.000000 0.000000
55946786.000000 120273.000000 0.000000
56007972.000000 120807.000000 0.000000
56019230.000000 120831.000000 0.000000
55910810.000000 120256.000000 0.000000
55922402.000000 120379.000000 0.000000
55830665.000000 120528.000000 0.000000
56026930.000000 120803.000000 0.000000
55947492.000000 120499.000000 0.000000
55941308.000000 120254.000000 0.000000
55929217.000000 120379.000000 0.000000
55920286.000000 120342.000000 0.000000
55822493.000000 120348.000000 0.000000
55940710.000000 120362.000000 0.000000
56006061.000000 120748.000000 0.000000
56010458.000000 120762.000000 0.000000
55706122.000000 119858.000000 0.000000
55926866.000000 120239.000000 0.000000
55924096.000000 120354.000000 0.000000
55942631.000000 120503.000000 0.000000
55938960.000000 120405.000000 0.000000
55948341.000000 120276.000000 0.000000
55918582.000000 120422.000000 0.000000
55901378.000000 120362.000000 0.000000
55992950.000000 120698.000000 0.000000
56012308.000000 120745.000000 0.000000
55945084.000000 120369.000000 0.000000
55930885.000000 120235.000000 0.000000
55923276.000000 120176.000000 0.000000
56026345.000000 120927.000000 0.000000
55953890.000000 120439.000000 0.000000
56003135.000000 120638.000000 0.000000
56011887.000000 120777.000000 0.000000
55950217.000000 120687.000000 0.000000
55932087.000000 120351.000000 0.000000
56033616.000000 120756.000000 0.000000
55920245.000000 120253.000000 0.000000
55831431.000000 120536.000000 0.000000
55842697.000000 120479.000000 0.000000
55991373.000000 120822.000000 0.000000
56013472.000000 120771.000000 0.000000
55914705.000000 120393.000000 0.000000
56003720.000000 120791.000000 0.000000
55942375.000000 120322.000000 0.000000
55928860.000000 120249.000000 0.000000
55945047.000000 120203.000000 0.000000
56004900.000000 120761.000000 0.000000
55926087.000000 120239.000000 0.000000
55863783.000000 120079.000000 0.000000
56011079.000000 120706.000000 0.000000
56015729.000000 120623.000000 0.000000
56019635.000000 120844.000000 0.000000
55937065.000000 120359.000000 0.000000
55937518.000000 120342.000000 0.000000
56026222.000000 120748.000000 0.000000
55994740.000000 120821.000000 0.000000
55842719.000000 120456.000000 0.000000
56011917.000000 120895.000000 0.000000
55968131.000000 120426.000000 0.000000
55943420.000000 120333.000000 0.000000
56030240.000000 120658.000000 0.000000
55929361.000000 120218.000000 0.000000
56001795.000000 120758.000000 0.000000
55937050.000000 120322.000000 0.000000
55814019.000000 120350.000000 0.000000
56008711.000000 120758.000000 0.000000
55986290.000000 120838.000000 0.000000
56035559.000000 120810.000000 0.000000
55762006.000000 120207.000000 0.000000
55928654.000000 120489.000000 0.000000
55951411.000000 120332.000000 0.000000
55948416.000000 120339.000000 0.000000
55939267.000000 120363.000000 0.000000
55778401.000000 120399.000000 0.000000
55804861.000000 120444.000000 0.000000
56028824.000000 120848.000000 0.000000
55956991.000000 120141.000000 0.000000
56008439.000000 120835.000000 0.000000
56027426.000000 120859.000000 0.000000
55944191.000000 120411.000000 0.000000
55965964.000000 120325.000000 0.000000
55950140.000000 120333.000000 0.000000
55956752.000000 120293.000000 0.000000
55905858.000000 120312.000000 0.000000
55940470.000000 120217.000000 0.000000
55958159.000000 120535.000000 0.000000
56003928.000000 120777.000000 0.000000
