56018575.000000 122126.000000 0.000000
56046945.000000 122206.000000 0.000000
56053548.000000 122102.000000 0.000000
56044323.000000 122389.000000 0.000000
56071820.000000 122082.000000 0.000000
56053813.000000 122046.000000 0.000000
56056376.000000 121974.000000 0.000000
56056221.000000 122195.000000 0.000000
56060999.000000 122066.000000 0.000000
56040414.000000 122111.000000 0.000000
56071863.000000 122104.000000 0.000000
56053992.000000 122084.000000 0.000000
56050789.000000 122138.000000 0.000000
56060128.000000 122041.000000 0.000000
56060550.000000 122142.000000 0.000000
56053928.000000 122123.000000 0.000000
56035281.000000 122065.000000 0.000000
56015041.000000 121733.000000 0.000000
55890038.000000 121671.000000 0.000000
56043101.000000 122135.000000 0.000000
55986933.000000 121696.000000 0.000000
56038747.000000 122137.000000 0.000000
55981753.000000 121679.000000 0.000000
56016938.000000 122180.000000 0.000000
55946467.000000 121641.000000 0.000000
56051884.000000 122237.000000 0.000000
56030218.000000 122260.000000 0.000000
56039591.000000 122048.000000 0.000000
56030277.000000 122320.000000 0.000000
56029792.000000 122199.000000 0.000000
56055978.000000 122230.000000 0.000000
56007730.000000 121965.000000 0.000000
56053225.000000 122151.000000 0.000000
56047667.000000 122115.000000 0.000000
56033116.000000 122242.000000 0.000000
56050483.000000 122199.000000 0.000000
56044015.000000 122296.000000 0.000000
56041518.000000 122264.000000 0.000000
55956766.000000 121824.000000 0.000000
56026932.000000 122137.000000 0.000000
56068767.000000 122096.000000 0.000000
56028290.000000 122046.000000 0.000000
56020411.000000 122221.000000 0.000000
55959500.000000 121657.000000 0.000000
56042315.000000 122180.000000 0.000000
55555345.000000 119634.000000 1668.000000
56021428.000000 122188.000000 0.000000
56058187.000000 122187.000000 0.000000
56014934.000000 122090.000000 0.000000
56042536.000000 122119.000000 0.000000
56004489.000000 122213.000000 0.000000
56058503.000000 122278.000000 0.000000
56047223.000000 122300.000000 0.000000
56037461.000000 122034.000000 0.000000
55945082.000000 121797.000000 0.000000
56060338.000000 122289.000000 0.000000
55969243.000000 121838.000000 0.000000
56057576.000000 122098.000000 0.000000
55944034.000000 121825.000000 0.000000
56040058.000000 122209.000000 0.000000
56037745.000000 122212.000000 0.000000
56019195.000000 122119.000000 0.000000
56033671.000000 122129.000000 0.000000
56027569.000000 122104.000000 0.000000
56022786.000000 122204.000000 0.000000
56014172.000000 122218.000000 0.000000
56027677.000000 122254.000000 0.000000
56064300.000000 121993.000000 0.000000
56028664.000000 122120.000000 0.000000
56018976.000000 122073.000000 0.000000
56033596.000000 121907.000000 0.000000
56064443.000000 122014.000000 0.000000
56052679.000000 122066.000000 0.000000
56037972.000000 122289.000000 0.000000
56067204.000000 122100.000000 0.000000
56024919.000000 122104.000000 0.000000
56033638.000000 122105.000000 0.000000
56026057.000000 122349.000000 0.000000
56025471.000000 122149.000000 0.000000
56028073.000000 122237.000000 0.000000
56059822.000000 122007.000000 0.000000
56030303.000000 122197.000000 0.000000
56064680.000000 122187.000000 0.000000
56038101.000000 122199.000000 0.000000
56038330.000000 122254.000000 0.000000
56052298.000000 122012.000000 0.000000
56042499.000000 122086.000000 0.000000
56041216.000000 122106.000000 0.000000
56057663.000000 122203.000000 0.000000
56040711.000000 122123.000000 0.000000
56045384.000000 122051.000000 0.000000
56012593.000000 122182.000000 0.000000
56040982.000000 121943.000000 0.000000
56049624.000000 122318.000000 0.000000
56041201.000000 122189.000000 0.000000
56043891.000000 122202.000000 0.000000
56048950.000000 122065.000000 0.000000
56045235.000000 122164.000000 0.000000
56054563.000000 122175.000000 0.000000
56038440.000000 122112.000000 0.000000
