55760177.000000 119937.000000 0.000000
55750644.000000 119982.000000 0.000000
55819595.000000 120346.000000 0.000000
55728746.000000 119913.000000 0.000000
55825468.000000 120625.000000 0.000000
55738883.000000 120066.000000 0.000000
55717000.000000 120007.000000 0.000000
55746575.000000 119911.000000 0.000000
55719111.000000 119949.000000 0.000000
55748511.000000 119872.000000 0.000000
55741752.000000 119921.000000 0.000000
55718498.000000 120034.000000 0.000000
55756409.000000 120245.000000 0.000000
55724315.000000 120168.000000 0.000000
55581486.000000 119714.000000 0.000000
55734808.000000 120135.000000 0.000000
55804815.000000 120490.000000 0.000000
55712699.000000 119837.000000 0.000000
55718453.000000 120011.000000 0.000000
55720560.000000 119974.000000 0.000000
55709863.000000 120039.000000 0.000000
55747588.000000 120023.000000 0.000000
55741510.000000 120126.000000 0.000000
55731678.000000 120196.000000 0.000000
55744658.000000 119936.000000 0.000000
55727831.000000 120077.000000 0.000000
55799636.000000 120406.000000 0.000000
55752171.000000 120147.000000 0.000000
55755570.000000 120057.000000 0.000000
55728851.000000 119984.000000 0.000000
55703980.000000 119981.000000 0.000000
55747797.000000 120176.000000 0.000000
55744985.000000 120013.000000 0.000000
55811263.000000 120514.000000 0.000000
55789172.000000 120456.000000 0.000000
55804875.000000 120459.000000 0.000000
55816502.000000 120665.000000 0.000000
55745520.000000 119963.000000 0.000000
55732323.000000 120070.000000 0.000000
55741376.000000 120062.000000 0.000000
55713739.000000 120076.000000 0.000000
55751733.000000 119974.000000 0.000000
55737229.000000 120095.000000 0.000000
55740884.000000 119953.000000 0.000000
55732223.000000 120018.000000 0.000000
55822712.000000 120381.000000 0.000000
55741662.000000 120065.000000 0.000000
55754247.000000 120051.000000 0.000000
55814925.000000 120539.000000 0.000000
55747612.000000 119929.000000 0.000000
55741021.000000 119924.000000 0.000000
55748852.000000 120002.000000 0.000000
55729232.000000 120016.000000 0.000000
55734846.000000 120060.000000 0.000000
55736853.000000 120076.000000 0.000000
55737602.000000 120013.000000 0.000000
55733067.000000 119985.000000 0.000000
55726042.000000 119991.000000 0.000000
55766707.000000 120274.000000 0.000000
55816000.000000 120326.000000 0.000000
55737403.000000 120061.000000 0.000000
55734251.000000 120096.000000 0.000000
55719466.000000 120043.000000 0.000000
55733950.000000 120054.000000 0.000000
55725203.000000 120004.000000 0.000000
55732730.000000 120001.000000 0.000000
55738465.000000 120078.000000 0.000000
55400763.000000 119196.000000 0.000000
55741123.000000 120033.000000 0.000000
55725148.000000 120137.000000 0.000000
55744660.000000 119919.000000 0.000000
55714142.000000 120255.000000 0.000000
55749174.000000 119961.000000 0.000000
55728049.000000 120153.000000 0.000000
55737332.000000 120111.000000 0.000000
55807817.000000 120314.000000 0.000000
55747198.000000 120003.000000 0.000000
55727596.000000 120100.000000 0.000000
55739042.000000 119904.000000 0.000000
55729611.000000 120103.000000 0.000000
55807203.000000 120532.000000 0.000000
55722512.000000 120065.000000 0.000000
55713371.000000 119962.000000 0.000000
55708942.000000 119846.000000 0.000000
55748903.000000 120064.000000 0.000000
55744964.000000 120131.000000 0.000000
55732742.000000 120182.000000 0.000000
55755392.000000 119969.000000 0.000000
55742850.000000 120029.000000 0.000000
55749625.000000 120075.000000 0.000000
55740293.000000 120055.000000 0.000000
55757825.000000 120059.000000 0.000000
55751406.000000 120048.000000 0.000000
55742006.000000 120109.000000 0.000000
55735463.000000 119911.000000 0.000000
55739231.000000 120023.000000 0.000000
55481164.000000 119628.000000 0.000000
55734302.000000 120046.000000 0.000000
55757670.000000 120028.000000 0.000000
55716547.000000 120057.000000 0.000000
