56126417.000000 120649.000000 0.000000
56127760.000000 120667.000000 0.000000
55655622.000000 119657.000000 0.000000
56114451.000000 120805.000000 0.000000
56125904.000000 120717.000000 0.000000
56202582.000000 121303.000000 0.000000
56122316.000000 120665.000000 0.000000
56107865.000000 120685.000000 0.000000
56120210.000000 120713.000000 0.000000
56122201.000000 120634.000000 0.000000
56159384.000000 120923.000000 0.000000
56128979.000000 120629.000000 0.000000
56171141.000000 120896.000000 0.000000
56104186.000000 120589.000000 0.000000
56124368.000000 120705.000000 0.000000
56109911.000000 120674.000000 0.000000
56108368.000000 120579.000000 0.000000
56111432.000000 120721.000000 0.000000
56110711.000000 120637.000000 0.000000
56193653.000000 121140.000000 0.000000
56117832.000000 120697.000000 0.000000
56128073.000000 120653.000000 0.000000
55858565.000000 120140.000000 0.000000
56137227.000000 120716.000000 0.000000
56119442.000000 120783.000000 0.000000
56111621.000000 120778.000000 0.000000
56088145.000000 120623.000000 0.000000
56109119.000000 120650.000000 0.000000
56096262.000000 120706.000000 0.000000
56120894.000000 120676.000000 0.000000
56206208.000000 121160.000000 0.000000
56154129.000000 120761.000000 0.000000
56133314.000000 121365.000000 0.000000
56089483.000000 120595.000000 0.000000
56098056.000000 120640.000000 0.000000
56181031.000000 121105.000000 0.000000
56184058.000000 121132.000000 0.000000
56201477.000000 121272.000000 0.000000
56190494.000000 121008.000000 0.000000
56099144.000000 120657.000000 0.000000
56104653.000000 120673.000000 0.000000
56110800.000000 120749.000000 0.000000
56107582.000000 120694.000000 0.000000
56111896.000000 120689.000000 0.000000
56148616.000000 120573.000000 0.000000
56113101.000000 120695.000000 0.000000
56090350.000000 120661.000000 0.000000
56127883.000000 121273.000000 0.000000
56107227.000000 120598.000000 0.000000
56115510.000000 120709.000000 0.000000
56100077.000000 120520.000000 0.000000
56087420.000000 120672.000000 0.000000
56110636.000000 120571.000000 0.000000
56107886.000000 120695.000000 0.000000
56062903.000000 120912.000000 0.000000
56103604.000000 120636.000000 0.000000
56173962.000000 121149.000000 0.000000
56186728.000000 121142.000000 0.000000
56095171.000000 120689.000000 0.000000
56083616.000000 120597.000000 0.000000
56122802.000000 120793.000000 0.000000
56115355.000000 120649.000000 0.000000
56094616.000000 120632.000000 0.000000
56102755.000000 120724.000000 0.000000
56080550.000000 120599.000000 0.000000
56125691.000000 120726.000000 0.000000
56193806.000000 121094.000000 0.000000
56118150.000000 120663.000000 0.000000
56120113.000000 120731.000000 0.000000
56163503.000000 120738.000000 0.000000
56129414.000000 120545.000000 0.000000
56194065.000000 121247.000000 0.000000
56108989.000000 120687.000000 0.000000
56105587.000000 120756.000000 0.000000
56134193.000000 120807.000000 0.000000
56128669.000000 120745.000000 0.000000
56099236.000000 120670.000000 0.000000
56052608.000000 120888.000000 0.000000
56183587.000000 121278.000000 0.000000
56113967.000000 120647.000000 0.000000
56115320.000000 120645.000000 0.000000
56096536.000000 120735.000000 0.000000
56074687.000000 120965.000000 0.000000
56200965.000000 121184.000000 0.000000
55908988.000000 120234.000000 0.000000
56204430.000000 121124.000000 0.000000
56197559.000000 121121.000000 0.000000
56110488.000000 120665.000000 0.000000
55932598.000000 120494.000000 0.000000
56124675.000000 120669.000000 0.000000
56109890.000000 120649.000000 0.000000
56125552.000000 120650.000000 0.000000
56073955.000000 120565.000000 0.000000
56140423.000000 120698.000000 0.000000
56098857.000000 120671.000000 0.000000
56172905.000000 121105.000000 0.000000
56120411.000000 120664.000000 0.000000
56095992.000000 120637.000000 0.000000
56109186.000000 120595.000000 0.000000
56095391.000000 120683.000000 0.000000
