56227437.000000 121233.000000 0.000000
56202110.000000 120926.000000 0.000000
56176778.000000 120835.000000 0.000000
56223112.000000 121038.000000 0.000000
56086333.000000 121095.000000 0.000000
56270102.000000 121345.000000 0.000000
56195076.000000 120963.000000 0.000000
56287827.000000 121294.000000 0.000000
56224044.000000 121173.000000 0.000000
56282574.000000 121407.000000 0.000000
55975483.000000 120404.000000 0.000000
56291574.000000 121405.000000 0.000000
56198372.000000 121129.000000 0.000000
56199308.000000 120767.000000 0.000000
56194724.000000 120948.000000 0.000000
56264106.000000 121283.000000 0.000000
56292404.000000 121380.000000 0.000000
56168453.000000 120837.000000 0.000000
56174426.000000 120807.000000 0.000000
56176882.000000 120768.000000 0.000000
56164079.000000 120990.000000 0.000000
56180739.000000 120905.000000 0.000000
56203853.000000 120738.000000 0.000000
56160817.000000 120860.000000 0.000000
56227662.000000 121053.000000 0.000000
56260057.000000 121362.000000 0.000000
56276656.000000 121468.000000 0.000000
56187663.000000 120875.000000 0.000000
56259971.000000 121255.000000 0.000000
56212673.000000 120972.000000 0.000000
56184376.000000 120857.000000 0.000000
56221994.000000 121205.000000 0.000000
56275665.000000 121313.000000 0.000000
56155633.000000 120993.000000 0.000000
56269038.000000 121271.000000 0.000000
56279796.000000 121175.000000 0.000000
56182192.000000 120854.000000 0.000000
56181844.000000 120824.000000 0.000000
56188162.000000 120869.000000 0.000000
56170902.000000 120870.000000 0.000000
56214507.000000 121208.000000 0.000000
56174297.000000 120987.000000 0.000000
56177005.000000 120893.000000 0.000000
56062525.000000 120549.000000 0.000000
56265806.000000 121326.000000 0.000000
56174930.000000 120893.000000 0.000000
56209187.000000 120740.000000 0.000000
55537456.000000 119685.000000 0.000000
56172115.000000 120908.000000 0.000000
56236449.000000 121147.000000 0.000000
56271388.000000 121425.000000 0.000000
56261490.000000 121260.000000 0.000000
56178127.000000 120809.000000 0.000000
56173286.000000 120915.000000 0.000000
56177428.000000 120985.000000 0.000000
56077670.000000 120738.000000 0.000000
56270836.000000 121353.000000 0.000000
56291327.000000 121336.000000 0.000000
56253278.000000 121462.000000 0.000000
56163883.000000 120757.000000 0.000000
56257955.000000 121274.000000 0.000000
56182192.000000 120999.000000 0.000000
56241957.000000 121341.000000 0.000000
56254541.000000 121205.000000 0.000000
56262633.000000 121308.000000 0.000000
56188966.000000 120951.000000 0.000000
56193508.000000 120806.000000 0.000000
56272468.000000 121204.000000 0.000000
56129045.000000 120977.000000 0.000000
56192398.000000 120814.000000 0.000000
56267027.000000 121348.000000 0.000000
56284606.000000 121352.000000 0.000000
56278153.000000 121360.000000 0.000000
56191074.000000 120903.000000 0.000000
56181560.000000 120915.000000 0.000000
56271497.000000 121388.000000 0.000000
56190617.000000 120996.000000 0.000000
56296026.000000 121272.000000 0.000000
56197732.000000 120913.000000 0.000000
56152687.000000 120956.000000 0.000000
56161729.000000 120962.000000 0.000000
56160639.000000 120809.000000 0.000000
56193406.000000 120932.000000 0.000000
56169762.000000 120953.000000 0.000000
56185635.000000 120937.000000 0.000000
56263354.000000 121233.000000 0.000000
56199739.000000 120666.000000 0.000000
56183380.000000 120912.000000 0.000000
56162944.000000 120778.000000 0.000000
56180697.000000 120932.000000 0.000000
56192345.000000 121007.000000 0.000000
56194502.000000 120921.000000 0.000000
55763951.000000 120339.000000 0.000000
56270631.000000 121525.000000 0.000000
56184826.000000 120736.000000 0.000000
56271086.000000 121144.000000 0.000000
56166822.000000 120816.000000 0.000000
56264858.000000 121370.000000 0.000000
56274622.000000 121140.000000 0.000000
56285338.000000 121252.000000 0.000000
