55912613.000000 120638.000000 0.000000
55905997.000000 120500.000000 0.000000
55897885.000000 120582.000000 0.000000
55903574.000000 120517.000000 0.000000
55828744.000000 120212.000000 0.000000
55901716.000000 120471.000000 0.000000
55908633.000000 120574.000000 0.000000
55904644.000000 120746.000000 0.000000
55896341.000000 120694.000000 0.000000
55899472.000000 120487.000000 0.000000
55837663.000000 120167.000000 0.000000
55909804.000000 120512.000000 0.000000
55912220.000000 120647.000000 0.000000
55893608.000000 120530.000000 0.000000
55888369.000000 120542.000000 0.000000
55911130.000000 120715.000000 0.000000
55899141.000000 120646.000000 0.000000
55886422.000000 120634.000000 0.000000
55804149.000000 120500.000000 0.000000
55905696.000000 120648.000000 0.000000
55922118.000000 120589.000000 0.000000
55814050.000000 120296.000000 0.000000
55907606.000000 120683.000000 0.000000
55914015.000000 120626.000000 0.000000
55919274.000000 120595.000000 0.000000
55888441.000000 120489.000000 0.000000
55897727.000000 120579.000000 0.000000
55852519.000000 120156.000000 0.000000
55910144.000000 120527.000000 0.000000
55890374.000000 120628.000000 0.000000
55908294.000000 120596.000000 0.000000
55901841.000000 120601.000000 0.000000
55910643.000000 120693.000000 0.000000
55915043.000000 120750.000000 0.000000
55921792.000000 120530.000000 0.000000
55904821.000000 120633.000000 0.000000
55892580.000000 120513.000000 0.000000
55896894.000000 120767.000000 0.000000
55892486.000000 120695.000000 0.000000
55896334.000000 120591.000000 0.000000
55913401.000000 120642.000000 0.000000
55905556.000000 120564.000000 0.000000
55832807.000000 120138.000000 0.000000
55821094.000000 120046.000000 0.000000
55888456.000000 120678.000000 0.000000
55892644.000000 120850.000000 0.000000
55861447.000000 120677.000000 0.000000
55919323.000000 120559.000000 0.000000
55894110.000000 120536.000000 0.000000
55913868.000000 120580.000000 0.000000
55926024.000000 120725.000000 0.000000
55901856.000000 120502.000000 0.000000
55919551.000000 120567.000000 0.000000
55903612.000000 120502.000000 0.000000
55897841.000000 120551.000000 0.000000
55888226.000000 120586.000000 0.000000
55919313.000000 120637.000000 0.000000
55885329.000000 120505.000000 0.000000
55894623.000000 120584.000000 0.000000
55925978.000000 120592.000000 0.000000
55819953.000000 120716.000000 0.000000
55907571.000000 120427.000000 0.000000
55901928.000000 120788.000000 0.000000
55914648.000000 120560.000000 0.000000
55913052.000000 120663.000000 0.000000
55917250.000000 120572.000000 0.000000
55876538.000000 120482.000000 0.000000
55851152.000000 120138.000000 0.000000
55899857.000000 120492.000000 0.000000
55919647.000000 120634.000000 0.000000
55822370.000000 120199.000000 0.000000
55873943.000000 120596.000000 0.000000
55889077.000000 120664.000000 0.000000
55914363.000000 120718.000000 0.000000
55903784.000000 120746.000000 0.000000
55921660.000000 120615.000000 0.000000
55927714.000000 120714.000000 0.000000
55901470.000000 120647.000000 0.000000
55906575.000000 120833.000000 0.000000
55901230.000000 120625.000000 0.000000
55888246.000000 120525.000000 0.000000
55899690.000000 120575.000000 0.000000
55917019.000000 120647.000000 0.000000
55911388.000000 120668.000000 0.000000
55914348.000000 120483.000000 0.000000
55908825.000000 120714.000000 0.000000
55827187.000000 120218.000000 0.000000
55833146.000000 120139.000000 0.000000
55844445.000000 120164.000000 0.000000
55905645.000000 120701.000000 0.000000
55921527.000000 120748.000000 0.000000
55804189.000000 120095.000000 0.000000
55903352.000000 120613.000000 0.000000
55892896.000000 120672.000000 0.000000
55896820.000000 120630.000000 0.000000
55891690.000000 120489.000000 0.000000
55901221.000000 120754.000000 0.000000
55890400.000000 120708.000000 0.000000
55897744.000000 120626.000000 0.000000
55896463.000000 120732.000000 0.000000
