55915265.000000 120718.000000 0.000000
55929060.000000 120677.000000 0.000000
55918873.000000 120524.000000 0.000000
55761337.000000 120339.000000 0.000000
55913748.000000 120686.000000 0.000000
55910371.000000 120643.000000 0.000000
55930892.000000 120583.000000 0.000000
55855610.000000 120264.000000 0.000000
55925508.000000 120699.000000 0.000000
55847588.000000 120173.000000 0.000000
55878254.000000 120398.000000 0.000000
55750792.000000 120416.000000 0.000000
55766024.000000 120324.000000 0.000000
55934066.000000 120637.000000 0.000000
55928543.000000 120751.000000 0.000000
55944136.000000 120785.000000 0.000000
55762746.000000 120321.000000 0.000000
55937976.000000 120608.000000 0.000000
55919605.000000 120670.000000 0.000000
55883583.000000 120328.000000 0.000000
55882516.000000 120259.000000 0.000000
55850422.000000 120287.000000 0.000000
55852601.000000 120241.000000 0.000000
55926871.000000 120586.000000 0.000000
55935762.000000 120775.000000 0.000000
55888576.000000 120619.000000 0.000000
55949024.000000 120755.000000 0.000000
55945459.000000 120626.000000 0.000000
55931470.000000 120569.000000 0.000000
55941423.000000 120764.000000 0.000000
55913292.000000 120785.000000 0.000000
55630665.000000 119773.000000 0.000000
55935517.000000 120661.000000 0.000000
55861444.000000 120245.000000 0.000000
55888811.000000 120382.000000 0.000000
55767862.000000 120309.000000 0.000000
55900961.000000 120629.000000 0.000000
55862201.000000 120118.000000 0.000000
55855253.000000 120126.000000 0.000000
55919552.000000 120559.000000 0.000000
55712436.000000 120278.000000 0.000000
55935103.000000 120656.000000 0.000000
55939818.000000 120615.000000 0.000000
55872802.000000 120107.000000 0.000000
55914295.000000 120619.000000 0.000000
55865696.000000 120236.000000 0.000000
55837925.000000 120271.000000 0.000000
55862172.000000 120227.000000 0.000000
55858263.000000 120284.000000 0.000000
55867233.000000 120498.000000 0.000000
55859179.000000 120132.000000 0.000000
55854083.000000 120223.000000 0.000000
55882196.000000 120573.000000 0.000000
55858237.000000 120165.000000 0.000000
55867532.000000 120397.000000 0.000000
55758645.000000 120033.000000 0.000000
55773552.000000 120348.000000 0.000000
55882554.000000 120373.000000 0.000000
55845355.000000 120013.000000 0.000000
55912469.000000 120810.000000 0.000000
55857082.000000 120083.000000 0.000000
56010857.000000 120851.000000 0.000000
55511813.000000 119812.000000 0.000000
55867307.000000 120265.000000 0.000000
55871316.000000 120084.000000 0.000000
55918921.000000 120660.000000 0.000000
55930829.000000 120784.000000 0.000000
55856924.000000 120194.000000 0.000000
55938579.000000 120745.000000 0.000000
55854764.000000 120321.000000 0.000000
55876476.000000 120177.000000 0.000000
55882537.000000 120292.000000 0.000000
55835919.000000 120261.000000 0.000000
55863185.000000 120106.000000 0.000000
55869783.000000 120291.000000 0.000000
55930749.000000 120648.000000 0.000000
55825242.000000 120117.000000 0.000000
55871712.000000 120225.000000 0.000000
55947529.000000 120549.000000 0.000000
55945227.000000 120779.000000 0.000000
55914639.000000 120757.000000 0.000000
55672709.000000 120181.000000 0.000000
55943453.000000 120605.000000 0.000000
55855575.000000 120228.000000 0.000000
55910587.000000 120643.000000 0.000000
55859502.000000 120589.000000 0.000000
55861612.000000 120131.000000 0.000000
55944983.000000 120654.000000 0.000000
55922901.000000 120661.000000 0.000000
55946415.000000 120734.000000 0.000000
55946896.000000 120666.000000 0.000000
55918081.000000 120621.000000 0.000000
55951249.000000 120730.000000 0.000000
55940463.000000 120676.000000 0.000000
55735861.000000 120216.000000 0.000000
55921525.000000 120701.000000 0.000000
55919464.000000 120717.000000 0.000000
55839793.000000 120196.000000 0.000000
55892480.000000 120490.000000 0.000000
55845490.000000 120284.000000 0.000000
