55863839.000000 120575.000000 1.000000
55975559.000000 120797.000000 0.000000
55908454.000000 120310.000000 0.000000
55954542.000000 120758.000000 0.000000
55980230.000000 120787.000000 0.000000
55966082.000000 120863.000000 0.000000
56002981.000000 120776.000000 0.000000
55765103.000000 120368.000000 0.000000
55968347.000000 120762.000000 0.000000
55971776.000000 120670.000000 0.000000
55971261.000000 120695.000000 0.000000
55992883.000000 120889.000000 0.000000
55914859.000000 120177.000000 1.000000
55871759.000000 120239.000000 0.000000
55978328.000000 120869.000000 0.000000
55968337.000000 120734.000000 0.000000
55999256.000000 120657.000000 0.000000
56002337.000000 120796.000000 0.000000
55896045.000000 120407.000000 0.000000
55916747.000000 120301.000000 0.000000
55908152.000000 120223.000000 0.000000
55977910.000000 120813.000000 0.000000
55913836.000000 120271.000000 0.000000
55973845.000000 120833.000000 0.000000
55977428.000000 120851.000000 0.000000
56002378.000000 120774.000000 0.000000
55975895.000000 120673.000000 0.000000
55996089.000000 120864.000000 0.000000
55979390.000000 120851.000000 0.000000
56004355.000000 120712.000000 0.000000
55970829.000000 120620.000000 0.000000
55995090.000000 120899.000000 0.000000
55973431.000000 120707.000000 0.000000
55979352.000000 120725.000000 0.000000
56006034.000000 120702.000000 0.000000
56005747.000000 120693.000000 0.000000
55991491.000000 120710.000000 0.000000
55995291.000000 120772.000000 0.000000
55991546.000000 120611.000000 0.000000
55984806.000000 120789.000000 0.000000
55923763.000000 120412.000000 0.000000
55978677.000000 120776.000000 0.000000
55964013.000000 120653.000000 0.000000
55960651.000000 120772.000000 0.000000
55977643.000000 120782.000000 0.000000
55990591.000000 120861.000000 0.000000
55987170.000000 120863.000000 0.000000
55985141.000000 120749.000000 0.000000
55989955.000000 120816.000000 0.000000
55968785.000000 120854.000000 0.000000
55983102.000000 120848.000000 0.000000
55990910.000000 120864.000000 0.000000
55995539.000000 120761.000000 0.000000
56009143.000000 120842.000000 0.000000
55986623.000000 120735.000000 0.000000
55993337.000000 120785.000000 0.000000
55999101.000000 120689.000000 0.000000
55977979.000000 120803.000000 0.000000
55933071.000000 120413.000000 0.000000
55958512.000000 120975.000000 0.000000
56004698.000000 120851.000000 0.000000
56003273.000000 120742.000000 0.000000
55995746.000000 120871.000000 0.000000
55979012.000000 120767.000000 0.000000
55999599.000000 120791.000000 0.000000
55962493.000000 120622.000000 0.000000
55956292.000000 120663.000000 0.000000
55982526.000000 120795.000000 0.000000
55968855.000000 120842.000000 0.000000
55979598.000000 120717.000000 0.000000
55978880.000000 120715.000000 0.000000
55990541.000000 120715.000000 0.000000
55992636.000000 120738.000000 0.000000
55994664.000000 120815.000000 0.000000
55985570.000000 120790.000000 0.000000
55981726.000000 120903.000000 0.000000
55997098.000000 120811.000000 0.000000
55997220.000000 120658.000000 0.000000
55919979.000000 120344.000000 0.000000
55910604.000000 120433.000000 0.000000
55984927.000000 120705.000000 0.000000
55987197.000000 120826.000000 0.000000
55945133.000000 120516.000000 0.000000
55903356.000000 120279.000000 0.000000
55908344.000000 120195.000000 0.000000
55971622.000000 120704.000000 0.000000
55468245.000000 119835.000000 0.000000
55929394.000000 120452.000000 0.000000
55979965.000000 120816.000000 0.000000
55959052.000000 120637.000000 0.000000
55973037.000000 120766.000000 0.000000
55915163.000000 120333.000000 0.000000
55977359.000000 120829.000000 0.000000
55922060.000000 120236.000000 0.000000
55942610.000000 120564.000000 0.000000
55969187.000000 120647.000000 0.000000
55465116.000000 119767.000000 0.000000
55961178.000000 120833.000000 0.000000
55983411.000000 120634.000000 0.000000
55984283.000000 120738.000000 0.000000
