56174659.000000 121065.000000 0.000000
56013976.000000 120698.000000 0.000000
55978824.000000 120338.000000 140.000000
56163970.000000 120883.000000 0.000000
56167292.000000 121020.000000 0.000000
56135884.000000 121010.000000 0.000000
56153617.000000 121116.000000 0.000000
55480696.000000 119405.000000 79.000000
56143512.000000 120963.000000 0.000000
56160401.000000 120964.000000 0.000000
56032737.000000 120577.000000 0.000000
55997406.000000 120442.000000 76.000000
56118805.000000 120995.000000 0.000000
56124344.000000 121017.000000 0.000000
56140993.000000 121116.000000 0.000000
56053508.000000 120587.000000 0.000000
55924590.000000 120259.000000 326.000000
56052512.000000 120682.000000 0.000000
55523539.000000 119378.000000 1383.000000
56052894.000000 120620.000000 0.000000
55901187.000000 120243.000000 352.000000
56140536.000000 120919.000000 0.000000
56166099.000000 120974.000000 0.000000
56149615.000000 121158.000000 0.000000
56164415.000000 121065.000000 0.000000
56146955.000000 120939.000000 0.000000
56173181.000000 120928.000000 0.000000
56069518.000000 120550.000000 0.000000
56153238.000000 120981.000000 0.000000
56073520.000000 120646.000000 0.000000
56157583.000000 121074.000000 0.000000
55772891.000000 120378.000000 728.000000
56149342.000000 121090.000000 0.000000
56043954.000000 120630.000000 0.000000
56049418.000000 120526.000000 0.000000
56042084.000000 120536.000000 0.000000
56161052.000000 121044.000000 0.000000
56068185.000000 120685.000000 0.000000
56046981.000000 120573.000000 0.000000
56061295.000000 120660.000000 0.000000
56158107.000000 121028.000000 0.000000
56148913.000000 120928.000000 0.000000
56038763.000000 120613.000000 0.000000
56040656.000000 120479.000000 0.000000
56143042.000000 120986.000000 0.000000
56061794.000000 120550.000000 0.000000
55956330.000000 120388.000000 0.000000
56061214.000000 120460.000000 0.000000
56150235.000000 121051.000000 0.000000
56141313.000000 121073.000000 0.000000
56107340.000000 120939.000000 0.000000
56094354.000000 120724.000000 0.000000
56162452.000000 121013.000000 0.000000
56157500.000000 121035.000000 0.000000
56050533.000000 120490.000000 0.000000
56146416.000000 121066.000000 0.000000
56139710.000000 121012.000000 0.000000
56079371.000000 120768.000000 0.000000
56041792.000000 120502.000000 10.000000
56034563.000000 120658.000000 0.000000
56151135.000000 120890.000000 0.000000
56077726.000000 120564.000000 0.000000
56162757.000000 120972.000000 0.000000
56160780.000000 120957.000000 0.000000
56099844.000000 120645.000000 0.000000
56070953.000000 120942.000000 139.000000
56157068.000000 120975.000000 0.000000
56071636.000000 120709.000000 0.000000
56066391.000000 120543.000000 0.000000
56064397.000000 120591.000000 0.000000
56142483.000000 120949.000000 0.000000
56075472.000000 120602.000000 0.000000
55367520.000000 119181.000000 1607.000000
55387507.000000 119110.000000 1574.000000
56164309.000000 121022.000000 0.000000
56130801.000000 121001.000000 0.000000
56145730.000000 120951.000000 0.000000
56058202.000000 120502.000000 0.000000
56134738.000000 121087.000000 0.000000
56132234.000000 121104.000000 0.000000
55987237.000000 120381.000000 145.000000
56037945.000000 120409.000000 92.000000
56055588.000000 120692.000000 0.000000
56056451.000000 120759.000000 0.000000
56162496.000000 121056.000000 0.000000
55959226.000000 120505.000000 0.000000
56057200.000000 120619.000000 0.000000
56032174.000000 120536.000000 70.000000
56074251.000000 120633.000000 0.000000
56067533.000000 120654.000000 0.000000
56063399.000000 120621.000000 0.000000
56055193.000000 120610.000000 0.000000
56051734.000000 120548.000000 0.000000
55516808.000000 119372.000000 0.000000
56151071.000000 121005.000000 0.000000
56074476.000000 120451.000000 0.000000
56161382.000000 120938.000000 0.000000
56060497.000000 120602.000000 0.000000
56052011.000000 120626.000000 29.000000
56042834.000000 120627.000000 0.000000
