55764222.000000 120485.000000 0.000000
55783110.000000 120372.000000 0.000000
55714963.000000 119968.000000 0.000000
55798714.000000 120306.000000 0.000000
55701698.000000 119919.000000 0.000000
55717964.000000 120093.000000 0.000000
55766702.000000 120255.000000 0.000000
55777569.000000 120468.000000 0.000000
55688893.000000 120171.000000 0.000000
55801235.000000 120462.000000 0.000000
55742749.000000 120188.000000 0.000000
55789172.000000 120382.000000 0.000000
55792066.000000 120339.000000 0.000000
55776214.000000 120453.000000 0.000000
55719033.000000 120358.000000 0.000000
55786349.000000 120480.000000 0.000000
55780985.000000 120527.000000 0.000000
55795483.000000 120408.000000 0.000000
55791980.000000 120394.000000 0.000000
55708443.000000 120028.000000 0.000000
55728777.000000 119966.000000 0.000000
55702637.000000 119840.000000 0.000000
55751025.000000 120368.000000 0.000000
55694977.000000 119991.000000 0.000000
55702148.000000 120082.000000 0.000000
55779196.000000 120286.000000 0.000000
55669466.000000 119886.000000 0.000000
55727311.000000 119966.000000 0.000000
55720950.000000 119963.000000 0.000000
55719344.000000 120066.000000 0.000000
55695137.000000 120025.000000 0.000000
55719432.000000 120067.000000 0.000000
55775027.000000 120423.000000 0.000000
55777814.000000 120199.000000 0.000000
55787733.000000 120447.000000 0.000000
55713609.000000 119936.000000 0.000000
55782193.000000 120263.000000 0.000000
55757656.000000 120409.000000 0.000000
55759311.000000 120441.000000 0.000000
55790053.000000 120459.000000 0.000000
55727600.000000 120269.000000 0.000000
55764001.000000 120594.000000 0.000000
55726468.000000 120079.000000 0.000000
55766003.000000 120332.000000 0.000000
55710150.000000 119869.000000 0.000000
55716352.000000 119926.000000 0.000000
55731386.000000 120027.000000 0.000000
55718467.000000 119906.000000 0.000000
55762544.000000 120479.000000 0.000000
55717332.000000 120099.000000 0.000000
55778678.000000 120512.000000 0.000000
55767839.000000 120543.000000 0.000000
55633964.000000 120186.000000 0.000000
55745146.000000 119869.000000 0.000000
55726170.000000 119929.000000 0.000000
55778247.000000 120351.000000 0.000000
55729018.000000 120215.000000 0.000000
55774010.000000 120532.000000 0.000000
55768016.000000 120636.000000 0.000000
55612146.000000 119828.000000 0.000000
55764429.000000 120409.000000 0.000000
55722389.000000 120043.000000 0.000000
55781510.000000 120467.000000 0.000000
55301364.000000 119182.000000 0.000000
55736410.000000 119957.000000 0.000000
55690837.000000 120088.000000 0.000000
55716815.000000 120000.000000 0.000000
55723526.000000 119916.000000 0.000000
55693833.000000 119945.000000 0.000000
55709672.000000 119945.000000 0.000000
55766920.000000 120358.000000 0.000000
55701233.000000 120039.000000 0.000000
55695832.000000 120039.000000 0.000000
55726081.000000 119865.000000 0.000000
55705304.000000 120007.000000 0.000000
55690281.000000 119998.000000 0.000000
55559657.000000 119856.000000 0.000000
55719825.000000 119880.000000 0.000000
55524040.000000 120141.000000 0.000000
55721607.000000 119903.000000 0.000000
55747380.000000 120059.000000 0.000000
55714174.000000 120002.000000 0.000000
55713787.000000 120016.000000 0.000000
55768709.000000 120394.000000 0.000000
55731421.000000 119904.000000 0.000000
55715864.000000 120096.000000 0.000000
55701512.000000 119931.000000 0.000000
55705071.000000 120025.000000 0.000000
55692064.000000 119910.000000 0.000000
55641820.000000 120423.000000 0.000000
55788335.000000 120504.000000 0.000000
55736375.000000 120079.000000 0.000000
55694626.000000 120074.000000 0.000000
55704706.000000 120019.000000 0.000000
55725996.000000 119871.000000 0.000000
55759869.000000 120373.000000 0.000000
55687960.000000 119994.000000 0.000000
55722169.000000 119960.000000 0.000000
55723940.000000 119999.000000 0.000000
55771281.000000 120402.000000 0.000000
