55965109.000000 120745.000000 2.000000
55317914.000000 119137.000000 1419.000000
54943450.000000 118538.000000 2939.000000
54929337.000000 118376.000000 2916.000000
55696273.000000 120068.000000 549.000000
55972284.000000 120775.000000 21.000000
55435763.000000 119731.000000 1285.000000
55475575.000000 119181.000000 1063.000000
55789672.000000 120125.000000 307.000000
55966808.000000 120743.000000 0.000000
55821834.000000 120252.000000 115.000000
55969329.000000 120657.000000 17.000000
55963750.000000 120693.000000 0.000000
55967532.000000 120696.000000 44.000000
55772684.000000 120097.000000 355.000000
55143725.000000 118615.000000 1969.000000
55845025.000000 120190.000000 162.000000
55985202.000000 120666.000000 0.000000
55906520.000000 120400.000000 32.000000
55985806.000000 120738.000000 0.000000
55968118.000000 120881.000000 0.000000
55963613.000000 120793.000000 28.000000
55888531.000000 120510.000000 71.000000
55427799.000000 119740.000000 1348.000000
54891557.000000 118432.000000 3062.000000
55834337.000000 120074.000000 204.000000
55975987.000000 120828.000000 0.000000
55896076.000000 120548.000000 28.000000
55984017.000000 120901.000000 23.000000
55974819.000000 120721.000000 0.000000
54965358.000000 118664.000000 2827.000000
55308934.000000 119078.000000 1060.000000
54402249.000000 117470.000000 4478.000000
55958768.000000 120695.000000 0.000000
55981358.000000 120683.000000 10.000000
55215688.000000 118952.000000 1695.000000
55606827.000000 120126.000000 859.000000
55979966.000000 120726.000000 0.000000
55840369.000000 120412.000000 431.000000
55986053.000000 120766.000000 0.000000
55947303.000000 120638.000000 124.000000
55956168.000000 120753.000000 0.000000
55970751.000000 120590.000000 0.000000
55971612.000000 120785.000000 0.000000
55990284.000000 120860.000000 0.000000
55857387.000000 120579.000000 0.000000
55751119.000000 120121.000000 502.000000
55419697.000000 119267.000000 1195.000000
55934153.000000 120697.000000 108.000000
55812865.000000 120140.000000 250.000000
55956666.000000 120818.000000 2.000000
55902750.000000 120263.000000 0.000000
55956315.000000 120659.000000 0.000000
55981646.000000 120757.000000 24.000000
55589538.000000 119901.000000 1043.000000
55958487.000000 120746.000000 0.000000
55834192.000000 120153.000000 140.000000
55947657.000000 120691.000000 0.000000
55989160.000000 120836.000000 0.000000
55994609.000000 120802.000000 0.000000
55992376.000000 120840.000000 11.000000
55959134.000000 120731.000000 0.000000
55694730.000000 119865.000000 234.000000
55849179.000000 120128.000000 115.000000
55986125.000000 120789.000000 0.000000
55831456.000000 120111.000000 269.000000
55816291.000000 120329.000000 45.000000
54930768.000000 118269.000000 2758.000000
55044903.000000 118343.000000 2467.000000
55327845.000000 119144.000000 1387.000000
55568279.000000 119807.000000 996.000000
55627115.000000 120025.000000 890.000000
55903956.000000 120241.000000 0.000000
55905364.000000 120350.000000 0.000000
55397671.000000 119306.000000 1236.000000
55796050.000000 120473.000000 505.000000
55318033.000000 119137.000000 1511.000000
55959988.000000 120653.000000 0.000000
55623811.000000 119683.000000 738.000000
55986574.000000 120730.000000 0.000000
55355473.000000 119444.000000 1765.000000
55995874.000000 120625.000000 0.000000
55440522.000000 119623.000000 1367.000000
55405711.000000 119383.000000 1468.000000
55955648.000000 120808.000000 0.000000
55901446.000000 120276.000000 0.000000
55955874.000000 120592.000000 0.000000
55447699.000000 119616.000000 1350.000000
55802092.000000 120286.000000 530.000000
55177740.000000 118660.000000 2028.000000
55998585.000000 120651.000000 0.000000
55965858.000000 120709.000000 0.000000
55481399.000000 119494.000000 951.000000
55971123.000000 120800.000000 0.000000
55938106.000000 120627.000000 0.000000
55961484.000000 120771.000000 0.000000
55873081.000000 120248.000000 102.000000
55251648.000000 119229.000000 1957.000000
55832592.000000 120338.000000 483.000000
55309412.000000 119127.000000 1382.000000
