56053533.000000 122127.000000 0.000000
56020600.000000 121966.000000 0.000000
56058941.000000 122260.000000 0.000000
56044537.000000 122175.000000 0.000000
56052593.000000 122097.000000 0.000000
56031589.000000 122208.000000 0.000000
56001967.000000 122169.000000 0.000000
56024476.000000 122172.000000 0.000000
55997207.000000 122229.000000 0.000000
56032371.000000 122121.000000 0.000000
56053101.000000 122199.000000 0.000000
56031678.000000 122179.000000 0.000000
56040802.000000 122063.000000 0.000000
56037917.000000 122238.000000 0.000000
55941152.000000 121657.000000 0.000000
56044823.000000 122199.000000 0.000000
56057826.000000 122098.000000 0.000000
56026636.000000 122163.000000 0.000000
55941404.000000 121987.000000 0.000000
56045359.000000 122175.000000 0.000000
55995064.000000 122059.000000 0.000000
56035574.000000 122136.000000 0.000000
56054065.000000 122215.000000 0.000000
56043761.000000 122133.000000 0.000000
55902724.000000 121677.000000 0.000000
56037437.000000 122255.000000 0.000000
56044398.000000 122296.000000 0.000000
56029704.000000 122218.000000 0.000000
56025698.000000 122105.000000 0.000000
56048464.000000 122137.000000 0.000000
56037658.000000 122170.000000 0.000000
56045478.000000 122009.000000 0.000000
56056680.000000 122117.000000 0.000000
56048417.000000 122092.000000 0.000000
56059522.000000 122178.000000 0.000000
56050941.000000 122196.000000 0.000000
56043632.000000 122204.000000 0.000000
56053905.000000 122224.000000 0.000000
56057621.000000 122207.000000 0.000000
56054097.000000 122276.000000 0.000000
56035788.000000 122138.000000 0.000000
56034362.000000 122090.000000 0.000000
56060220.000000 122137.000000 0.000000
55925521.000000 121594.000000 0.000000
56028507.000000 122116.000000 0.000000
56039550.000000 122213.000000 0.000000
56007987.000000 122263.000000 0.000000
56017079.000000 122019.000000 0.000000
56035398.000000 122219.000000 0.000000
56025656.000000 122143.000000 0.000000
56035456.000000 122150.000000 0.000000
56051181.000000 122189.000000 0.000000
56034531.000000 122091.000000 0.000000
56043281.000000 122045.000000 0.000000
56036535.000000 122069.000000 0.000000
55992646.000000 121774.000000 0.000000
56043245.000000 122190.000000 0.000000
56025864.000000 122161.000000 0.000000
56049719.000000 122237.000000 0.000000
56058828.000000 122055.000000 0.000000
56048476.000000 122129.000000 0.000000
56052212.000000 122233.000000 0.000000
56034185.000000 122162.000000 0.000000
56059797.000000 121882.000000 0.000000
56047868.000000 122094.000000 0.000000
56050505.000000 122159.000000 0.000000
55984200.000000 121524.000000 0.000000
56057138.000000 122196.000000 0.000000
56016405.000000 122224.000000 0.000000
56069314.000000 122139.000000 0.000000
56040448.000000 122272.000000 0.000000
55985820.000000 122187.000000 0.000000
56040915.000000 122156.000000 0.000000
56014817.000000 122097.000000 0.000000
56034764.000000 122287.000000 0.000000
56017829.000000 122217.000000 0.000000
56048107.000000 122020.000000 0.000000
56044398.000000 122068.000000 0.000000
56028513.000000 122144.000000 0.000000
55979675.000000 121726.000000 0.000000
56057406.000000 122173.000000 0.000000
56035432.000000 122002.000000 0.000000
56026153.000000 122180.000000 0.000000
56044380.000000 122174.000000 0.000000
56042492.000000 122204.000000 0.000000
56045872.000000 122338.000000 0.000000
56046838.000000 122192.000000 0.000000
56042196.000000 122112.000000 0.000000
56060417.000000 122030.000000 0.000000
55949631.000000 121575.000000 0.000000
56059428.000000 122286.000000 0.000000
56041395.000000 122308.000000 0.000000
56056897.000000 122314.000000 0.000000
56051574.000000 122076.000000 0.000000
56028572.000000 122009.000000 0.000000
56045816.000000 122152.000000 0.000000
56035318.000000 122184.000000 0.000000
56041810.000000 122134.000000 0.000000
56046991.000000 122099.000000 0.000000
56031208.000000 122098.000000 0.000000
