55941381.000000 120644.000000 791.000000
56222657.000000 121241.000000 8.000000
56184399.000000 121002.000000 94.000000
56038443.000000 121822.000000 2.000000
56128557.000000 122358.000000 11.000000
56040543.000000 121944.000000 2.000000
56020813.000000 121696.000000 2.000000
55989585.000000 121769.000000 0.000000
56029903.000000 120817.000000 508.000000
56037536.000000 121765.000000 1.000000
56020444.000000 121649.000000 0.000000
56040009.000000 121828.000000 2.000000
56061645.000000 120806.000000 382.000000
56173420.000000 121534.000000 6.000000
56026142.000000 120773.000000 550.000000
55561036.000000 119457.000000 1864.000000
56012534.000000 120545.000000 250.000000
55932245.000000 121515.000000 0.000000
55884002.000000 120115.000000 702.000000
56040013.000000 121617.000000 0.000000
56169729.000000 121227.000000 0.000000
55879829.000000 120302.000000 700.000000
56049685.000000 121683.000000 0.000000
55962678.000000 120549.000000 754.000000
56211917.000000 121123.000000 0.000000
55872606.000000 120407.000000 974.000000
56113940.000000 121821.000000 0.000000
56211904.000000 120994.000000 0.000000
56031183.000000 121891.000000 1.000000
55975315.000000 120637.000000 649.000000
55958463.000000 120649.000000 704.000000
55856729.000000 120305.000000 720.000000
55611117.000000 119856.000000 1860.000000
55238828.000000 118727.000000 2812.000000
56105632.000000 122237.000000 55.000000
56143755.000000 121187.000000 0.000000
56021422.000000 121596.000000 1.000000
56077261.000000 122320.000000 0.000000
56093728.000000 122291.000000 0.000000
56053289.000000 121699.000000 0.000000
56085043.000000 120784.000000 64.000000
56048319.000000 120879.000000 490.000000
56053229.000000 121718.000000 0.000000
56021174.000000 121688.000000 0.000000
56205854.000000 121268.000000 0.000000
56206047.000000 121164.000000 0.000000
56210794.000000 121159.000000 0.000000
55859623.000000 120068.000000 716.000000
55482057.000000 119180.000000 2034.000000
54750712.000000 117827.000000 4202.000000
55753352.000000 120138.000000 1303.000000
56064466.000000 121781.000000 0.000000
56137851.000000 122040.000000 0.000000
56070273.000000 121744.000000 0.000000
56037118.000000 121551.000000 4.000000
56029755.000000 121708.000000 1.000000
55779912.000000 120194.000000 1339.000000
56056753.000000 121730.000000 0.000000
56148248.000000 121945.000000 6.000000
55843853.000000 120363.000000 1116.000000
56061828.000000 121710.000000 13.000000
56093068.000000 122379.000000 0.000000
56014712.000000 121526.000000 0.000000
55309596.000000 119175.000000 2796.000000
56033818.000000 121866.000000 43.000000
55611334.000000 119581.000000 1709.000000
55448634.000000 119165.000000 2284.000000
56074946.000000 120617.000000 112.000000
56062013.000000 120991.000000 417.000000
56019476.000000 121881.000000 15.000000
56047643.000000 121658.000000 0.000000
56080678.000000 120713.000000 139.000000
55850966.000000 120137.000000 749.000000
56072440.000000 120508.000000 145.000000
56151331.000000 121340.000000 22.000000
55998799.000000 121753.000000 0.000000
56048884.000000 121734.000000 0.000000
55545374.000000 119778.000000 2189.000000
56183831.000000 121002.000000 72.000000
55925468.000000 120679.000000 829.000000
56020200.000000 121868.000000 0.000000
55699021.000000 119713.000000 1361.000000
55878167.000000 120460.000000 538.000000
56026417.000000 121616.000000 0.000000
55817371.000000 120287.000000 1285.000000
56059699.000000 121710.000000 23.000000
56059497.000000 121757.000000 47.000000
55845011.000000 120250.000000 933.000000
55117183.000000 118424.000000 3044.000000
56209505.000000 121224.000000 27.000000
55646045.000000 120085.000000 1387.000000
55564421.000000 119360.000000 1849.000000
54596697.000000 117587.000000 3099.000000
56036754.000000 121857.000000 0.000000
56045899.000000 121698.000000 0.000000
56016637.000000 121724.000000 32.000000
56044461.000000 121537.000000 34.000000
55385846.000000 119314.000000 2509.000000
54971680.000000 118519.000000 3650.000000
56042402.000000 121729.000000 4.000000
