56272419.000000 121298.000000 0.000000
56277804.000000 121248.000000 0.000000
56204076.000000 120997.000000 0.000000
56187991.000000 120719.000000 0.000000
56274199.000000 121100.000000 0.000000
56177601.000000 120784.000000 0.000000
56216033.000000 120733.000000 0.000000
56282107.000000 121279.000000 0.000000
56177816.000000 120751.000000 0.000000
56189084.000000 120661.000000 0.000000
56249824.000000 121194.000000 0.000000
56259511.000000 121373.000000 0.000000
56255329.000000 121297.000000 0.000000
56268172.000000 121272.000000 0.000000
56261190.000000 121426.000000 0.000000
56189452.000000 120863.000000 0.000000
56264021.000000 121193.000000 0.000000
56251457.000000 121163.000000 0.000000
56167517.000000 120821.000000 0.000000
56251136.000000 121273.000000 0.000000
56193216.000000 120763.000000 0.000000
56013843.000000 120732.000000 0.000000
56188700.000000 120882.000000 0.000000
56179977.000000 120734.000000 0.000000
56166908.000000 120759.000000 0.000000
56193046.000000 120964.000000 0.000000
56188310.000000 120750.000000 0.000000
56174362.000000 120705.000000 0.000000
56280314.000000 121211.000000 0.000000
56183083.000000 120783.000000 0.000000
56200822.000000 120773.000000 0.000000
56261151.000000 121263.000000 0.000000
56180074.000000 120710.000000 0.000000
56245220.000000 121357.000000 0.000000
55692889.000000 119593.000000 0.000000
56186049.000000 120917.000000 0.000000
56190460.000000 120804.000000 0.000000
56191291.000000 120997.000000 0.000000
56275973.000000 121355.000000 0.000000
56196531.000000 120820.000000 0.000000
56183772.000000 120885.000000 0.000000
56238764.000000 121300.000000 0.000000
56174320.000000 120687.000000 0.000000
56180855.000000 120743.000000 0.000000
56155487.000000 120647.000000 0.000000
55944015.000000 120344.000000 0.000000
56181490.000000 120651.000000 0.000000
55486126.000000 119460.000000 0.000000
56204130.000000 120790.000000 0.000000
56199763.000000 120888.000000 0.000000
56263884.000000 121155.000000 0.000000
56271951.000000 121180.000000 0.000000
56252136.000000 121238.000000 0.000000
56202854.000000 120789.000000 0.000000
56176684.000000 120716.000000 0.000000
56182366.000000 120685.000000 0.000000
56148552.000000 120912.000000 0.000000
56178289.000000 120873.000000 0.000000
56264049.000000 121193.000000 0.000000
56243899.000000 121235.000000 0.000000
56244529.000000 121280.000000 0.000000
56053615.000000 120913.000000 0.000000
56194316.000000 120713.000000 0.000000
56244396.000000 121240.000000 0.000000
56248806.000000 121232.000000 0.000000
56258423.000000 121314.000000 0.000000
56157240.000000 120813.000000 0.000000
56262886.000000 121183.000000 0.000000
56179365.000000 120635.000000 0.000000
56173467.000000 120845.000000 0.000000
56264507.000000 121223.000000 0.000000
56254090.000000 121239.000000 0.000000
56180040.000000 120703.000000 0.000000
56198388.000000 120839.000000 0.000000
56178422.000000 120859.000000 0.000000
56221881.000000 120688.000000 0.000000
56188268.000000 120849.000000 0.000000
56198085.000000 120755.000000 0.000000
56197509.000000 120833.000000 0.000000
56200997.000000 120775.000000 0.000000
56161679.000000 120624.000000 0.000000
56184842.000000 120763.000000 0.000000
56157185.000000 121530.000000 0.000000
56196511.000000 120829.000000 0.000000
56165415.000000 120819.000000 0.000000
56249844.000000 121215.000000 0.000000
56170035.000000 120768.000000 0.000000
56279684.000000 121355.000000 0.000000
56273379.000000 121408.000000 0.000000
56019487.000000 120775.000000 0.000000
56275730.000000 121186.000000 0.000000
56202130.000000 120678.000000 0.000000
56272536.000000 121172.000000 0.000000
56193640.000000 120759.000000 0.000000
56192244.000000 120772.000000 0.000000
56206701.000000 121250.000000 0.000000
56268354.000000 121242.000000 0.000000
56285951.000000 121274.000000 0.000000
56274251.000000 121239.000000 0.000000
56165983.000000 121341.000000 0.000000
