56166078.000000 120855.000000 0.000000
56172315.000000 120947.000000 0.000000
56189861.000000 120907.000000 0.000000
56169499.000000 120958.000000 0.000000
56273483.000000 121360.000000 0.000000
56183436.000000 120952.000000 0.000000
56215876.000000 121227.000000 0.000000
56188173.000000 120898.000000 0.000000
56193674.000000 120917.000000 0.000000
56292438.000000 121472.000000 0.000000
56206171.000000 120898.000000 0.000000
56296695.000000 121244.000000 0.000000
56262047.000000 121326.000000 0.000000
56190142.000000 121097.000000 0.000000
56265211.000000 121165.000000 0.000000
56162789.000000 120829.000000 0.000000
56183112.000000 121098.000000 0.000000
56298443.000000 121331.000000 0.000000
56270785.000000 121287.000000 0.000000
56164380.000000 121158.000000 256.000000
56193236.000000 120869.000000 0.000000
56294686.000000 121281.000000 0.000000
56186193.000000 121066.000000 0.000000
56184711.000000 120896.000000 0.000000
56138590.000000 120816.000000 0.000000
56172565.000000 120866.000000 15.000000
56178306.000000 120942.000000 0.000000
56188114.000000 121011.000000 18.000000
56178583.000000 120984.000000 0.000000
56159025.000000 120847.000000 0.000000
56192223.000000 120894.000000 0.000000
56167804.000000 120904.000000 0.000000
56290370.000000 121111.000000 0.000000
56270453.000000 121233.000000 0.000000
56190133.000000 120915.000000 0.000000
56163568.000000 120864.000000 0.000000
56077810.000000 120698.000000 0.000000
56283826.000000 121262.000000 0.000000
56286993.000000 121450.000000 0.000000
56268735.000000 121314.000000 0.000000
56182367.000000 121005.000000 0.000000
56233920.000000 120973.000000 0.000000
56266862.000000 121278.000000 0.000000
56247869.000000 121239.000000 0.000000
56187477.000000 120923.000000 0.000000
56288874.000000 121402.000000 0.000000
56179229.000000 121187.000000 0.000000
56288636.000000 121212.000000 0.000000
56261022.000000 121144.000000 0.000000
56281397.000000 121167.000000 0.000000
56155358.000000 120771.000000 31.000000
55993685.000000 120641.000000 729.000000
56265206.000000 121384.000000 0.000000
56169481.000000 120921.000000 0.000000
56286527.000000 121244.000000 0.000000
56281251.000000 121247.000000 0.000000
56268569.000000 121353.000000 0.000000
56264414.000000 121458.000000 0.000000
56287411.000000 121287.000000 0.000000
56170175.000000 120856.000000 0.000000
56267204.000000 121387.000000 0.000000
56268972.000000 121297.000000 0.000000
56181974.000000 120868.000000 0.000000
56174931.000000 120896.000000 0.000000
56164467.000000 120893.000000 0.000000
56239582.000000 121300.000000 0.000000
56195966.000000 120927.000000 0.000000
56279080.000000 121267.000000 0.000000
56160331.000000 120922.000000 0.000000
56263294.000000 121332.000000 0.000000
56283239.000000 121362.000000 0.000000
56159131.000000 121024.000000 0.000000
56155248.000000 120908.000000 0.000000
56188289.000000 120987.000000 0.000000
56219433.000000 120902.000000 0.000000
56190240.000000 120822.000000 0.000000
56189996.000000 120918.000000 0.000000
56265221.000000 121179.000000 0.000000
56160439.000000 120894.000000 0.000000
56183295.000000 120951.000000 0.000000
56285429.000000 121228.000000 0.000000
56221154.000000 121009.000000 0.000000
56175788.000000 120899.000000 0.000000
56174513.000000 120845.000000 0.000000
56173175.000000 120886.000000 0.000000
56281750.000000 121365.000000 0.000000
56174851.000000 120847.000000 0.000000
56284726.000000 121469.000000 0.000000
56266230.000000 121212.000000 0.000000
56177522.000000 120898.000000 0.000000
56255807.000000 121191.000000 0.000000
56209478.000000 120970.000000 0.000000
56169771.000000 120999.000000 0.000000
55749997.000000 120273.000000 0.000000
56187302.000000 120802.000000 0.000000
56205574.000000 120950.000000 0.000000
56183716.000000 120836.000000 0.000000
56005897.000000 120625.000000 364.000000
56188033.000000 121046.000000 0.000000
56282593.000000 121395.000000 0.000000
