55919032.000000 120710.000000 0.000000
55872161.000000 120277.000000 0.000000
55908910.000000 120614.000000 0.000000
55913084.000000 120600.000000 0.000000
55939563.000000 120757.000000 0.000000
55861974.000000 120307.000000 0.000000
55937655.000000 120734.000000 0.000000
55861804.000000 120178.000000 0.000000
55864238.000000 120253.000000 0.000000
55938290.000000 120714.000000 0.000000
55901906.000000 120633.000000 0.000000
55892979.000000 120713.000000 0.000000
55846266.000000 120293.000000 0.000000
55925032.000000 120726.000000 0.000000
55921362.000000 120619.000000 0.000000
55847223.000000 120226.000000 0.000000
55878686.000000 120226.000000 0.000000
55851762.000000 120208.000000 0.000000
55850979.000000 120253.000000 0.000000
55839143.000000 120269.000000 0.000000
55873374.000000 120355.000000 0.000000
55837566.000000 120310.000000 0.000000
55928578.000000 120616.000000 0.000000
55845573.000000 120113.000000 0.000000
55875151.000000 120269.000000 0.000000
55935496.000000 120715.000000 0.000000
55758506.000000 120393.000000 0.000000
55851015.000000 120193.000000 0.000000
55855762.000000 120210.000000 0.000000
55869981.000000 120259.000000 0.000000
55849552.000000 120207.000000 0.000000
55886297.000000 120285.000000 0.000000
55869880.000000 120236.000000 0.000000
55847749.000000 120312.000000 0.000000
55913619.000000 120683.000000 0.000000
55905744.000000 120533.000000 0.000000
55847220.000000 120142.000000 0.000000
55942239.000000 120680.000000 0.000000
55921920.000000 120543.000000 0.000000
55935181.000000 120651.000000 0.000000
55949711.000000 120706.000000 0.000000
55911710.000000 120746.000000 0.000000
55835570.000000 120124.000000 0.000000
55937412.000000 120710.000000 0.000000
55936316.000000 120491.000000 0.000000
55916288.000000 120806.000000 0.000000
55854262.000000 120196.000000 0.000000
55869300.000000 120564.000000 0.000000
55854135.000000 120384.000000 0.000000
55912634.000000 120736.000000 0.000000
55866227.000000 120357.000000 0.000000
55932721.000000 120566.000000 0.000000
55927176.000000 120636.000000 0.000000
55939942.000000 120581.000000 0.000000
55855294.000000 120138.000000 0.000000
55909831.000000 120460.000000 0.000000
55849237.000000 120173.000000 0.000000
55923887.000000 120624.000000 0.000000
55833353.000000 120387.000000 0.000000
55882631.000000 120163.000000 0.000000
55774804.000000 120131.000000 0.000000
55880295.000000 120196.000000 0.000000
55867578.000000 120176.000000 0.000000
55864993.000000 120199.000000 0.000000
55954044.000000 120670.000000 0.000000
55760775.000000 120048.000000 0.000000
55932729.000000 120575.000000 0.000000
55858666.000000 120138.000000 0.000000
55923641.000000 120663.000000 0.000000
55917526.000000 120497.000000 0.000000
55934926.000000 120677.000000 0.000000
55856598.000000 120202.000000 0.000000
55954354.000000 120663.000000 0.000000
55866515.000000 120160.000000 0.000000
55843833.000000 120215.000000 0.000000
55876945.000000 120309.000000 0.000000
55877920.000000 120249.000000 0.000000
55856428.000000 120295.000000 0.000000
55885020.000000 120227.000000 0.000000
55888280.000000 120411.000000 0.000000
55920163.000000 120768.000000 0.000000
55868483.000000 120257.000000 0.000000
55925861.000000 120679.000000 0.000000
55865507.000000 120200.000000 0.000000
55928066.000000 120690.000000 0.000000
55926673.000000 120673.000000 0.000000
55946613.000000 120666.000000 0.000000
55910452.000000 120647.000000 0.000000
55940475.000000 120752.000000 0.000000
55926631.000000 120525.000000 0.000000
55873208.000000 120173.000000 0.000000
55875071.000000 120297.000000 0.000000
55843563.000000 120202.000000 0.000000
55847939.000000 120167.000000 0.000000
55859604.000000 120267.000000 0.000000
55849346.000000 120224.000000 0.000000
55875899.000000 120213.000000 0.000000
55929884.000000 120755.000000 0.000000
55865040.000000 120253.000000 0.000000
55883195.000000 120374.000000 0.000000
