55829121.000000 120527.000000 0.000000
55734883.000000 119975.000000 0.000000
55732160.000000 119910.000000 0.000000
55762266.000000 120029.000000 0.000000
55722079.000000 120194.000000 0.000000
55797986.000000 120486.000000 0.000000
55725121.000000 119851.000000 0.000000
55724288.000000 119977.000000 0.000000
55728733.000000 120019.000000 0.000000
55785535.000000 120484.000000 0.000000
55760017.000000 120252.000000 0.000000
55741418.000000 120136.000000 0.000000
55633375.000000 119947.000000 0.000000
55736903.000000 119993.000000 0.000000
55754285.000000 119975.000000 0.000000
55801235.000000 120609.000000 0.000000
55804312.000000 120612.000000 0.000000
55718900.000000 120117.000000 0.000000
55735586.000000 120018.000000 0.000000
55737638.000000 119962.000000 0.000000
55736051.000000 120167.000000 0.000000
55726310.000000 120038.000000 0.000000
55723832.000000 119904.000000 0.000000
55737916.000000 120104.000000 0.000000
55733325.000000 120023.000000 0.000000
55751015.000000 119959.000000 0.000000
55727697.000000 120067.000000 0.000000
55723581.000000 120110.000000 0.000000
55821355.000000 120469.000000 0.000000
55733048.000000 119963.000000 0.000000
55841549.000000 120443.000000 0.000000
55756233.000000 119999.000000 0.000000
55745516.000000 120119.000000 0.000000
55730299.000000 119841.000000 0.000000
55825606.000000 120460.000000 0.000000
55726599.000000 120109.000000 0.000000
55742803.000000 120031.000000 0.000000
55738386.000000 120063.000000 0.000000
55737740.000000 120047.000000 0.000000
55730553.000000 120097.000000 0.000000
55743426.000000 119977.000000 0.000000
55720114.000000 120083.000000 0.000000
55739107.000000 120073.000000 0.000000
55819798.000000 120489.000000 0.000000
55726123.000000 119900.000000 0.000000
55737142.000000 119970.000000 0.000000
55752266.000000 120056.000000 0.000000
55644217.000000 119697.000000 0.000000
55739367.000000 120059.000000 0.000000
55744546.000000 119963.000000 0.000000
55752806.000000 120103.000000 0.000000
55747556.000000 120181.000000 0.000000
55745090.000000 119969.000000 0.000000
55727578.000000 119992.000000 0.000000
55730120.000000 120035.000000 0.000000
55735169.000000 120058.000000 0.000000
55736500.000000 120017.000000 0.000000
55759683.000000 120006.000000 0.000000
55732338.000000 120012.000000 0.000000
55720524.000000 120052.000000 0.000000
55720129.000000 119982.000000 0.000000
55736212.000000 120080.000000 0.000000
55753381.000000 120042.000000 0.000000
55737887.000000 119994.000000 0.000000
55542829.000000 119626.000000 0.000000
55823893.000000 120441.000000 0.000000
55744749.000000 119986.000000 0.000000
55748331.000000 119932.000000 0.000000
55771081.000000 120135.000000 0.000000
55747421.000000 120003.000000 0.000000
55713224.000000 119981.000000 0.000000
55740864.000000 119870.000000 0.000000
55706522.000000 119941.000000 0.000000
55736231.000000 120012.000000 0.000000
55719192.000000 120083.000000 0.000000
55723482.000000 120073.000000 0.000000
55696552.000000 119893.000000 0.000000
55752964.000000 120039.000000 0.000000
55584940.000000 119723.000000 0.000000
55743564.000000 119992.000000 0.000000
55718687.000000 120077.000000 0.000000
55730800.000000 120051.000000 0.000000
55734888.000000 119895.000000 0.000000
55742094.000000 120045.000000 0.000000
55724916.000000 119931.000000 0.000000
55817090.000000 120538.000000 0.000000
55739550.000000 120193.000000 0.000000
55734052.000000 120128.000000 0.000000
55733030.000000 120130.000000 0.000000
55737550.000000 120038.000000 0.000000
55744905.000000 120118.000000 0.000000
55718175.000000 119966.000000 0.000000
55725383.000000 120082.000000 0.000000
55734266.000000 120145.000000 0.000000
55742287.000000 120074.000000 0.000000
55718237.000000 120146.000000 0.000000
55742555.000000 119882.000000 0.000000
55602195.000000 119743.000000 0.000000
55747004.000000 120120.000000 0.000000
55730185.000000 119893.000000 0.000000
