55877920.000000 120271.000000 719.000000
56021252.000000 121817.000000 0.000000
56045826.000000 121784.000000 0.000000
56037590.000000 121916.000000 0.000000
55889103.000000 120216.000000 709.000000
55281774.000000 119195.000000 2812.000000
55868339.000000 120440.000000 995.000000
56036380.000000 121783.000000 1.000000
55860463.000000 120189.000000 779.000000
56175552.000000 120987.000000 53.000000
56118746.000000 120904.000000 180.000000
56123425.000000 120980.000000 272.000000
55872262.000000 120412.000000 962.000000
56188007.000000 121163.000000 42.000000
55642666.000000 119762.000000 1457.000000
55671985.000000 119765.000000 1382.000000
56049925.000000 121828.000000 0.000000
56046699.000000 121006.000000 476.000000
56162412.000000 121002.000000 33.000000
56053822.000000 121700.000000 47.000000
56207746.000000 121027.000000 97.000000
56052113.000000 120838.000000 39.000000
55864698.000000 120224.000000 800.000000
56118938.000000 121765.000000 47.000000
55740442.000000 120155.000000 1442.000000
55700343.000000 119651.000000 1351.000000
56052738.000000 121836.000000 0.000000
55767458.000000 120022.000000 1034.000000
56034815.000000 121797.000000 0.000000
54664429.000000 117839.000000 4490.000000
54769892.000000 118052.000000 4140.000000
55893592.000000 120420.000000 951.000000
55689590.000000 119656.000000 1425.000000
56144497.000000 120898.000000 201.000000
55996475.000000 120672.000000 653.000000
56131897.000000 122376.000000 0.000000
55810581.000000 120089.000000 919.000000
56046198.000000 121843.000000 0.000000
56045212.000000 120812.000000 444.000000
56036914.000000 121792.000000 0.000000
55892194.000000 120482.000000 887.000000
55737024.000000 119947.000000 1604.000000
56169784.000000 121077.000000 0.000000
56047278.000000 121746.000000 0.000000
55753011.000000 119971.000000 1206.000000
56031787.000000 121625.000000 0.000000
55925839.000000 120282.000000 655.000000
56022446.000000 121818.000000 0.000000
55435433.000000 119248.000000 2266.000000
55235543.000000 118786.000000 2657.000000
56023992.000000 120654.000000 481.000000
56037270.000000 121809.000000 16.000000
55268729.000000 118837.000000 2650.000000
56110795.000000 120782.000000 39.000000
55130237.000000 118525.000000 2992.000000
55682431.000000 120028.000000 1564.000000
55789152.000000 120228.000000 1220.000000
55993541.000000 120377.000000 407.000000
56171930.000000 121151.000000 24.000000
55738135.000000 119761.000000 1215.000000
55784574.000000 120175.000000 1266.000000
56087882.000000 120626.000000 143.000000
56207411.000000 121322.000000 0.000000
56024794.000000 121601.000000 0.000000
56036271.000000 121899.000000 0.000000
56094273.000000 120543.000000 116.000000
56179267.000000 121065.000000 41.000000
56023664.000000 121810.000000 0.000000
55128583.000000 118594.000000 2743.000000
55934311.000000 121450.000000 0.000000
54789136.000000 117795.000000 3520.000000
54943545.000000 118420.000000 3393.000000
55962966.000000 120386.000000 426.000000
55950796.000000 120537.000000 80.000000
56026399.000000 120463.000000 21.000000
56021822.000000 121616.000000 33.000000
55994518.000000 121742.000000 18.000000
55401530.000000 119443.000000 2108.000000
55500379.000000 119295.000000 1580.000000
54985191.000000 118223.000000 3470.000000
56033629.000000 121691.000000 55.000000
55797361.000000 119915.000000 777.000000
56166391.000000 121009.000000 0.000000
55767278.000000 120001.000000 833.000000
55839412.000000 120417.000000 1189.000000
56038919.000000 121779.000000 46.000000
56099249.000000 121843.000000 43.000000
55318914.000000 119101.000000 2388.000000
55570329.000000 119774.000000 1862.000000
55486490.000000 119187.000000 1665.000000
55465223.000000 119492.000000 2025.000000
55816905.000000 120401.000000 794.000000
55883277.000000 120295.000000 804.000000
55914170.000000 120335.000000 448.000000
56078902.000000 120645.000000 166.000000
55762061.000000 120016.000000 1423.000000
56056393.000000 121697.000000 0.000000
56127740.000000 121949.000000 0.000000
56034026.000000 121843.000000 0.000000
56027303.000000 121601.000000 23.000000
