45159292.000000 99045.000000 30335.000000
46848732.000000 106442.000000 25891.000000
46765454.000000 102419.000000 27708.000000
47638913.000000 104494.000000 23632.000000
47575351.000000 103882.000000 24280.000000
46957226.000000 101807.000000 26182.000000
46927623.000000 102378.000000 26956.000000
47781736.000000 103171.000000 24157.000000
48622813.000000 104721.000000 21768.000000
46587701.000000 101358.000000 28014.000000
47953633.000000 103321.000000 23723.000000
46425683.000000 100992.000000 28196.000000
46299470.000000 101450.000000 29200.000000
44848635.000000 97396.000000 33420.000000
47154974.000000 103220.000000 26736.000000
47461635.000000 105431.000000 24741.000000
48069264.000000 104248.000000 23687.000000
47896954.000000 103852.000000 24168.000000
48175907.000000 104812.000000 23096.000000
48723278.000000 106082.000000 20926.000000
47822249.000000 104261.000000 24544.000000
46808900.000000 101143.000000 27035.000000
48405161.000000 104372.000000 22466.000000
47661005.000000 104083.000000 24581.000000
48375357.000000 105076.000000 22830.000000
45607267.000000 101144.000000 30809.000000
45224560.000000 101687.000000 30324.000000
48412920.000000 105057.000000 22506.000000
47970235.000000 103465.000000 23450.000000
45401939.000000 98558.000000 31804.000000
46597192.000000 102033.000000 26060.000000
47841801.000000 104131.000000 24242.000000
47238478.000000 103002.000000 25698.000000
46852677.000000 100954.000000 27254.000000
47805072.000000 103829.000000 24120.000000
49214883.000000 106225.000000 19993.000000
47569323.000000 103425.000000 25223.000000
46718830.000000 100624.000000 27748.000000
46428884.000000 100681.000000 28685.000000
48400655.000000 104996.000000 22143.000000
45988785.000000 100369.000000 30052.000000
42549896.000000 95988.000000 39336.000000
46727487.000000 101793.000000 27086.000000
47417649.000000 103376.000000 25301.000000
47489581.000000 103715.000000 25031.000000
46207538.000000 101349.000000 29109.000000
47582380.000000 102776.000000 24993.000000
47282208.000000 102245.000000 25800.000000
46805619.000000 100785.000000 27602.000000
44230980.000000 97426.000000 33819.000000
48912581.000000 106706.000000 21045.000000
49051666.000000 106094.000000 20275.000000
48619572.000000 105544.000000 21712.000000
46448295.000000 100342.000000 28399.000000
46248654.000000 100772.000000 28723.000000
47540013.000000 102790.000000 23971.000000
47876721.000000 104307.000000 23812.000000
46607199.000000 102800.000000 23902.000000
46840214.000000 100975.000000 27187.000000
48119851.000000 105796.000000 22121.000000
48225473.000000 104484.000000 23230.000000
48118115.000000 105451.000000 23297.000000
48481676.000000 105291.000000 22649.000000
48900786.000000 106001.000000 20794.000000
48599875.000000 106037.000000 21589.000000
48385170.000000 105979.000000 22335.000000
49272437.000000 106868.000000 19461.000000
47856036.000000 104226.000000 23662.000000
46246656.000000 101470.000000 29289.000000
47735728.000000 103667.000000 24759.000000
47768655.000000 103226.000000 24820.000000
47757704.000000 103807.000000 23031.000000
48275757.000000 104160.000000 23188.000000
45670843.000000 99495.000000 31141.000000
48362965.000000 104115.000000 22533.000000
48705811.000000 106013.000000 21288.000000
48314862.000000 104344.000000 22931.000000
47129219.000000 102617.000000 26831.000000
47342992.000000 102878.000000 25786.000000
49439838.000000 106966.000000 18994.000000
45778417.000000 100495.000000 29415.000000
47675782.000000 103828.000000 23634.000000
48425570.000000 104621.000000 21361.000000
47514778.000000 103268.000000 24487.000000
47518619.000000 102829.000000 24010.000000
49097668.000000 106118.000000 20449.000000
48965299.000000 105801.000000 20802.000000
49098085.000000 106853.000000 19935.000000
46934438.000000 101726.000000 27188.000000
47452424.000000 103114.000000 25732.000000
45976471.000000 100879.000000 29878.000000
45885715.000000 99163.000000 30431.000000
44638372.000000 96910.000000 35444.000000
43981740.000000 95983.000000 36236.000000
48350055.000000 105150.000000 22801.000000
43523753.000000 96340.000000 36373.000000
46006667.000000 100252.000000 28393.000000
47915447.000000 105092.000000 23623.000000
46466034.000000 100985.000000 27690.000000
47421908.000000 103801.000000 24324.000000
