56167986.000000 120923.000000 0.000000
56183851.000000 120687.000000 0.000000
56261814.000000 121298.000000 0.000000
56164538.000000 120752.000000 0.000000
56159633.000000 120748.000000 0.000000
56189065.000000 120883.000000 0.000000
56179245.000000 120768.000000 0.000000
56197947.000000 120776.000000 0.000000
56231293.000000 121167.000000 0.000000
56172341.000000 120861.000000 0.000000
56276820.000000 121362.000000 0.000000
56118272.000000 120434.000000 0.000000
56240620.000000 121310.000000 0.000000
56189581.000000 120868.000000 0.000000
56172041.000000 120789.000000 0.000000
56260687.000000 121350.000000 0.000000
56200075.000000 120713.000000 0.000000
56231559.000000 121266.000000 0.000000
56259535.000000 121215.000000 0.000000
56141029.000000 120587.000000 0.000000
56181444.000000 120669.000000 0.000000
56148408.000000 120912.000000 0.000000
56202044.000000 120904.000000 0.000000
56175202.000000 120758.000000 0.000000
56193109.000000 120944.000000 0.000000
56281682.000000 121107.000000 0.000000
56248215.000000 121102.000000 0.000000
56176702.000000 120766.000000 0.000000
56151706.000000 120778.000000 0.000000
56261143.000000 121229.000000 0.000000
56249137.000000 121331.000000 0.000000
56181586.000000 120771.000000 0.000000
56164977.000000 120871.000000 0.000000
56269300.000000 121193.000000 0.000000
56160790.000000 120864.000000 0.000000
56177315.000000 120789.000000 0.000000
56066800.000000 120530.000000 0.000000
56106516.000000 120542.000000 0.000000
56174329.000000 120777.000000 0.000000
56188780.000000 120823.000000 0.000000
56170089.000000 120801.000000 0.000000
56205529.000000 120721.000000 0.000000
56197383.000000 120750.000000 0.000000
56178483.000000 120649.000000 0.000000
56186856.000000 120853.000000 0.000000
56194613.000000 120868.000000 0.000000
56264744.000000 121247.000000 0.000000
56192815.000000 120791.000000 0.000000
56242840.000000 121318.000000 0.000000
56182821.000000 120846.000000 0.000000
56179045.000000 120810.000000 0.000000
56218479.000000 121381.000000 0.000000
56253594.000000 121343.000000 0.000000
56196647.000000 120932.000000 0.000000
56195327.000000 120623.000000 0.000000
56186070.000000 120844.000000 0.000000
56244901.000000 121332.000000 0.000000
56198752.000000 120810.000000 0.000000
56203931.000000 120738.000000 0.000000
56189157.000000 120822.000000 0.000000
56191016.000000 121043.000000 0.000000
56193208.000000 120707.000000 0.000000
56218509.000000 121108.000000 0.000000
56157227.000000 120955.000000 0.000000
56174030.000000 120817.000000 0.000000
56204024.000000 120618.000000 0.000000
56179919.000000 120889.000000 0.000000
55768776.000000 120202.000000 0.000000
56189673.000000 120941.000000 0.000000
56266048.000000 121288.000000 0.000000
56134921.000000 120708.000000 0.000000
56162897.000000 120715.000000 0.000000
56140668.000000 120691.000000 0.000000
56179595.000000 120654.000000 0.000000
56274458.000000 121343.000000 0.000000
56180086.000000 120873.000000 0.000000
56195385.000000 120926.000000 0.000000
56170904.000000 120928.000000 0.000000
56256853.000000 121219.000000 0.000000
56274281.000000 121310.000000 0.000000
56191944.000000 120790.000000 0.000000
56258316.000000 121190.000000 0.000000
56263402.000000 121214.000000 0.000000
56169431.000000 120754.000000 0.000000
56224293.000000 121068.000000 0.000000
56254977.000000 121243.000000 0.000000
56185749.000000 120803.000000 0.000000
56181903.000000 120901.000000 0.000000
56185089.000000 120857.000000 0.000000
56191851.000000 120728.000000 0.000000
56179818.000000 120877.000000 0.000000
56187333.000000 120750.000000 0.000000
56250379.000000 121273.000000 0.000000
56258173.000000 121266.000000 0.000000
56167206.000000 120731.000000 0.000000
56196198.000000 120896.000000 0.000000
56266944.000000 121294.000000 0.000000
56191748.000000 120920.000000 0.000000
56272565.000000 121300.000000 0.000000
56272763.000000 121314.000000 0.000000
