56176754.000000 120821.000000 0.000000
56100213.000000 120655.000000 0.000000
55779593.000000 120235.000000 0.000000
56060432.000000 120977.000000 0.000000
56081408.000000 120888.000000 0.000000
56271974.000000 121439.000000 0.000000
56207562.000000 120842.000000 0.000000
56170024.000000 120854.000000 0.000000
56293196.000000 121378.000000 0.000000
56200726.000000 120807.000000 0.000000
56246492.000000 121269.000000 0.000000
56166104.000000 120735.000000 0.000000
56252043.000000 121222.000000 0.000000
56197208.000000 120787.000000 0.000000
56268944.000000 121292.000000 0.000000
56196264.000000 120899.000000 0.000000
56168683.000000 120779.000000 0.000000
56225140.000000 121287.000000 0.000000
56193650.000000 120775.000000 0.000000
56265381.000000 121313.000000 0.000000
56181772.000000 120872.000000 0.000000
56278882.000000 121237.000000 0.000000
56285634.000000 121299.000000 0.000000
56184122.000000 120875.000000 0.000000
56201325.000000 120990.000000 0.000000
56206561.000000 120990.000000 0.000000
56201221.000000 120887.000000 0.000000
56201498.000000 120883.000000 0.000000
56190360.000000 120875.000000 0.000000
56190373.000000 120839.000000 0.000000
56260379.000000 121365.000000 0.000000
56211153.000000 121056.000000 0.000000
56166993.000000 121505.000000 0.000000
56144690.000000 120797.000000 0.000000
56205451.000000 120843.000000 0.000000
56268276.000000 121335.000000 0.000000
56227073.000000 121289.000000 0.000000
56262168.000000 121460.000000 0.000000
56266180.000000 121297.000000 0.000000
56192586.000000 120877.000000 0.000000
56293927.000000 121372.000000 0.000000
56258118.000000 121356.000000 0.000000
56177777.000000 120884.000000 0.000000
56172969.000000 120876.000000 0.000000
56182228.000000 120719.000000 0.000000
56256326.000000 121178.000000 0.000000
56144667.000000 120813.000000 0.000000
56082868.000000 121138.000000 0.000000
56209580.000000 120819.000000 0.000000
56160990.000000 120838.000000 0.000000
56204032.000000 120774.000000 0.000000
56192127.000000 120919.000000 0.000000
56217657.000000 120838.000000 0.000000
56207845.000000 120962.000000 0.000000
56088572.000000 120967.000000 0.000000
56187756.000000 120845.000000 0.000000
56261308.000000 121333.000000 0.000000
56268421.000000 121347.000000 0.000000
56198175.000000 120948.000000 0.000000
56191693.000000 120830.000000 0.000000
56198771.000000 121002.000000 0.000000
56190666.000000 120903.000000 0.000000
56274368.000000 121319.000000 0.000000
56288450.000000 121428.000000 0.000000
56180060.000000 120858.000000 0.000000
56194579.000000 120882.000000 0.000000
56169536.000000 120830.000000 0.000000
56202090.000000 120861.000000 0.000000
56182969.000000 120859.000000 0.000000
56178543.000000 120820.000000 0.000000
56208996.000000 120798.000000 0.000000
56253270.000000 121481.000000 0.000000
56193432.000000 120888.000000 0.000000
56204075.000000 120909.000000 0.000000
56208861.000000 121000.000000 0.000000
56273233.000000 121332.000000 0.000000
56218705.000000 120988.000000 0.000000
56100370.000000 121005.000000 0.000000
56258727.000000 121474.000000 0.000000
56225255.000000 120898.000000 0.000000
56194411.000000 120841.000000 0.000000
56176352.000000 120917.000000 0.000000
56052391.000000 120951.000000 0.000000
56281955.000000 121380.000000 0.000000
56221188.000000 120897.000000 0.000000
56259416.000000 121294.000000 0.000000
56251982.000000 121272.000000 0.000000
56197650.000000 120915.000000 0.000000
56265588.000000 121274.000000 0.000000
56284830.000000 121281.000000 0.000000
56205162.000000 120844.000000 0.000000
56228021.000000 120874.000000 0.000000
56262341.000000 121225.000000 0.000000
56240664.000000 121079.000000 0.000000
56178494.000000 120872.000000 0.000000
56178377.000000 120938.000000 0.000000
56222136.000000 120902.000000 0.000000
56171433.000000 120877.000000 0.000000
56154373.000000 120723.000000 0.000000
56261504.000000 121311.000000 0.000000
