56278124.000000 121368.000000 0.000000
56194220.000000 120930.000000 0.000000
56213049.000000 120731.000000 0.000000
56298465.000000 121327.000000 0.000000
56234446.000000 120954.000000 0.000000
56232682.000000 120874.000000 0.000000
56207922.000000 120975.000000 0.000000
56188205.000000 120987.000000 0.000000
56289824.000000 121512.000000 0.000000
56197465.000000 121016.000000 0.000000
56201029.000000 120838.000000 0.000000
56214904.000000 120984.000000 0.000000
56287095.000000 121509.000000 0.000000
56097640.000000 121138.000000 0.000000
56210350.000000 120873.000000 0.000000
56109520.000000 121044.000000 0.000000
56278916.000000 121342.000000 0.000000
56199223.000000 120956.000000 0.000000
56196533.000000 120853.000000 0.000000
56267157.000000 121373.000000 0.000000
56224514.000000 120893.000000 0.000000
56188738.000000 120853.000000 0.000000
56290723.000000 121456.000000 0.000000
56185842.000000 120848.000000 0.000000
56303441.000000 121435.000000 0.000000
56193002.000000 120764.000000 0.000000
56225622.000000 120937.000000 0.000000
56079355.000000 121010.000000 0.000000
56282227.000000 121255.000000 0.000000
56291547.000000 121420.000000 0.000000
56190907.000000 121043.000000 0.000000
56171027.000000 120830.000000 0.000000
56289329.000000 121232.000000 0.000000
56199753.000000 120914.000000 0.000000
56226323.000000 120905.000000 0.000000
56237300.000000 121059.000000 0.000000
56210298.000000 120962.000000 0.000000
56300431.000000 121273.000000 0.000000
56188297.000000 121015.000000 0.000000
56293975.000000 121433.000000 0.000000
56192226.000000 120929.000000 0.000000
56187602.000000 120783.000000 0.000000
56287233.000000 121415.000000 0.000000
56214895.000000 121004.000000 0.000000
56206486.000000 121024.000000 0.000000
56126026.000000 120941.000000 0.000000
56194059.000000 120663.000000 0.000000
56227632.000000 120699.000000 0.000000
56132798.000000 120819.000000 0.000000
56220267.000000 120933.000000 0.000000
56208028.000000 120905.000000 0.000000
56204981.000000 120889.000000 0.000000
56188370.000000 120835.000000 0.000000
56207325.000000 120987.000000 0.000000
56202058.000000 120849.000000 0.000000
56270865.000000 121399.000000 0.000000
56199083.000000 120924.000000 0.000000
56080262.000000 120867.000000 0.000000
56206463.000000 120760.000000 0.000000
56268809.000000 121390.000000 0.000000
56282615.000000 121409.000000 0.000000
56209911.000000 120849.000000 0.000000
56151428.000000 120763.000000 0.000000
56289834.000000 121425.000000 0.000000
56214728.000000 120751.000000 0.000000
56229417.000000 120945.000000 0.000000
56205731.000000 120875.000000 0.000000
56101368.000000 121200.000000 0.000000
56222943.000000 120778.000000 0.000000
56143386.000000 121060.000000 0.000000
56268632.000000 121352.000000 0.000000
56218284.000000 120861.000000 0.000000
56212280.000000 120999.000000 0.000000
56287570.000000 121412.000000 0.000000
56297401.000000 121455.000000 0.000000
56194407.000000 120908.000000 0.000000
56271403.000000 121339.000000 0.000000
56222052.000000 120868.000000 0.000000
56290205.000000 121335.000000 0.000000
56292622.000000 121478.000000 0.000000
56272280.000000 121395.000000 0.000000
56305317.000000 121389.000000 0.000000
56282669.000000 121312.000000 0.000000
56229785.000000 120989.000000 0.000000
56190580.000000 120969.000000 0.000000
56284592.000000 121297.000000 0.000000
56278236.000000 121414.000000 0.000000
56217621.000000 120914.000000 0.000000
56171590.000000 120948.000000 0.000000
56201694.000000 121026.000000 0.000000
56206980.000000 120780.000000 0.000000
56230561.000000 120923.000000 0.000000
56219521.000000 120923.000000 0.000000
56213191.000000 120872.000000 0.000000
56238593.000000 120869.000000 0.000000
56291949.000000 121288.000000 0.000000
56104666.000000 120974.000000 0.000000
56186196.000000 120916.000000 0.000000
56297133.000000 121359.000000 0.000000
56297974.000000 121273.000000 0.000000
