56253607.000000 121372.000000 0.000000
56250864.000000 121414.000000 0.000000
56260846.000000 121196.000000 0.000000
56261862.000000 121245.000000 0.000000
56176196.000000 121109.000000 0.000000
56255542.000000 121154.000000 0.000000
56248849.000000 121220.000000 0.000000
56149279.000000 120815.000000 0.000000
56253353.000000 121201.000000 0.000000
56178843.000000 120662.000000 0.000000
56182662.000000 120652.000000 0.000000
56273768.000000 121251.000000 0.000000
56279691.000000 121134.000000 0.000000
56217151.000000 120951.000000 0.000000
56269357.000000 121228.000000 0.000000
56261710.000000 121217.000000 0.000000
56258287.000000 121340.000000 0.000000
56283087.000000 121175.000000 0.000000
56245064.000000 121261.000000 0.000000
56253401.000000 121368.000000 0.000000
56258268.000000 121153.000000 0.000000
56271554.000000 121235.000000 0.000000
56239897.000000 121331.000000 0.000000
56257035.000000 121312.000000 0.000000
56240578.000000 121240.000000 0.000000
56190432.000000 120683.000000 0.000000
56273085.000000 121270.000000 0.000000
56212883.000000 120660.000000 0.000000
56254285.000000 121194.000000 0.000000
56257036.000000 121262.000000 0.000000
56270527.000000 121203.000000 0.000000
56226420.000000 121154.000000 0.000000
56265178.000000 121294.000000 0.000000
56193661.000000 120770.000000 0.000000
56175768.000000 120754.000000 0.000000
56273834.000000 121187.000000 0.000000
56184298.000000 120822.000000 0.000000
56235568.000000 121125.000000 0.000000
56258496.000000 121085.000000 0.000000
56274235.000000 121232.000000 0.000000
56150218.000000 120730.000000 0.000000
56199810.000000 120699.000000 0.000000
56267549.000000 121223.000000 0.000000
56199585.000000 120791.000000 0.000000
56277418.000000 121248.000000 0.000000
56234187.000000 121257.000000 0.000000
56225267.000000 121046.000000 0.000000
56196075.000000 120881.000000 0.000000
56198886.000000 120733.000000 0.000000
56263996.000000 121284.000000 0.000000
56271317.000000 121068.000000 0.000000
56284615.000000 121162.000000 0.000000
56272951.000000 121132.000000 0.000000
56271759.000000 121311.000000 0.000000
56188509.000000 120721.000000 0.000000
56180631.000000 121038.000000 0.000000
56252593.000000 121386.000000 0.000000
56273135.000000 121345.000000 0.000000
56167521.000000 120745.000000 0.000000
56183339.000000 120883.000000 0.000000
56269555.000000 121202.000000 0.000000
56243063.000000 121386.000000 0.000000
56266197.000000 121288.000000 0.000000
56233961.000000 121186.000000 0.000000
56270421.000000 121313.000000 0.000000
56265699.000000 121296.000000 0.000000
56235900.000000 121158.000000 0.000000
56168434.000000 120840.000000 0.000000
56156531.000000 120737.000000 0.000000
56179666.000000 120819.000000 0.000000
56261649.000000 121231.000000 0.000000
56263819.000000 121202.000000 0.000000
56223592.000000 120944.000000 0.000000
56195442.000000 120758.000000 0.000000
56257694.000000 121200.000000 0.000000
56276795.000000 121209.000000 0.000000
56251618.000000 121246.000000 0.000000
56255717.000000 121219.000000 0.000000
56211837.000000 121276.000000 0.000000
56212249.000000 120583.000000 0.000000
56177070.000000 120815.000000 0.000000
56195875.000000 120698.000000 0.000000
56246761.000000 121326.000000 0.000000
56202583.000000 121094.000000 0.000000
56239720.000000 121236.000000 0.000000
56242410.000000 121219.000000 0.000000
56198171.000000 120832.000000 0.000000
56108216.000000 120895.000000 0.000000
56259508.000000 121300.000000 0.000000
56269453.000000 121218.000000 0.000000
56137853.000000 120522.000000 0.000000
56276717.000000 121286.000000 0.000000
56258692.000000 121118.000000 0.000000
56280416.000000 121341.000000 0.000000
56242298.000000 121122.000000 0.000000
56195815.000000 120905.000000 0.000000
56259146.000000 121351.000000 0.000000
56184985.000000 120802.000000 0.000000
56187628.000000 120782.000000 0.000000
56235324.000000 121272.000000 0.000000
