56092270.000000 120809.000000 0.000000
56082933.000000 120666.000000 0.000000
56073654.000000 120601.000000 0.000000
56034357.000000 120525.000000 0.000000
56209158.000000 121163.000000 0.000000
56076204.000000 120660.000000 0.000000
56049726.000000 120677.000000 0.000000
56193400.000000 121124.000000 0.000000
56083683.000000 120587.000000 0.000000
56200394.000000 121004.000000 0.000000
56076843.000000 120541.000000 0.000000
56199518.000000 121135.000000 0.000000
56098881.000000 120734.000000 0.000000
56137889.000000 121040.000000 0.000000
56093334.000000 120687.000000 0.000000
56212451.000000 121137.000000 0.000000
56186348.000000 121066.000000 0.000000
55764874.000000 120179.000000 0.000000
56129546.000000 120780.000000 0.000000
56191112.000000 121145.000000 0.000000
56205357.000000 121057.000000 0.000000
56091982.000000 120532.000000 0.000000
56094826.000000 120622.000000 0.000000
55956510.000000 120650.000000 0.000000
56126330.000000 121138.000000 0.000000
56086534.000000 120513.000000 0.000000
56129082.000000 120823.000000 0.000000
56207835.000000 121167.000000 0.000000
55901424.000000 120566.000000 0.000000
56071364.000000 120665.000000 0.000000
56084964.000000 120650.000000 0.000000
56203194.000000 121067.000000 0.000000
56204559.000000 120967.000000 0.000000
56177323.000000 121004.000000 0.000000
56210129.000000 121078.000000 0.000000
56109396.000000 120758.000000 0.000000
56036109.000000 120565.000000 0.000000
56064900.000000 120672.000000 0.000000
56190504.000000 121141.000000 0.000000
56083879.000000 120531.000000 0.000000
56087546.000000 120504.000000 0.000000
56033102.000000 120617.000000 0.000000
56054761.000000 120630.000000 0.000000
56220354.000000 121172.000000 0.000000
56068434.000000 120609.000000 0.000000
56043083.000000 120723.000000 0.000000
56212174.000000 121156.000000 0.000000
56097708.000000 120689.000000 0.000000
56080507.000000 120840.000000 0.000000
56203511.000000 121156.000000 0.000000
56174472.000000 120953.000000 0.000000
56208221.000000 121181.000000 0.000000
56117134.000000 120697.000000 0.000000
56015939.000000 120806.000000 0.000000
55971935.000000 120823.000000 0.000000
56070669.000000 120754.000000 0.000000
56192071.000000 121131.000000 0.000000
56195393.000000 121234.000000 0.000000
56204546.000000 121129.000000 0.000000
56056143.000000 120574.000000 0.000000
56080791.000000 120630.000000 0.000000
56037909.000000 120643.000000 0.000000
56033674.000000 120694.000000 0.000000
56089760.000000 120561.000000 0.000000
56163116.000000 121042.000000 0.000000
56067308.000000 120635.000000 0.000000
56062685.000000 120542.000000 0.000000
55599737.000000 119608.000000 0.000000
56093839.000000 120627.000000 0.000000
56058490.000000 121260.000000 0.000000
56143147.000000 121117.000000 0.000000
56087572.000000 120543.000000 0.000000
56076511.000000 120572.000000 0.000000
56198618.000000 121159.000000 0.000000
56085092.000000 120642.000000 0.000000
56064891.000000 120645.000000 0.000000
56192974.000000 121042.000000 0.000000
56152881.000000 120944.000000 0.000000
56160891.000000 121090.000000 0.000000
56073626.000000 120806.000000 0.000000
56164144.000000 121045.000000 0.000000
56181478.000000 121086.000000 0.000000
56096389.000000 120602.000000 0.000000
56066056.000000 120586.000000 0.000000
56108922.000000 120626.000000 0.000000
56191099.000000 121114.000000 0.000000
56113627.000000 121157.000000 0.000000
56208950.000000 121025.000000 0.000000
55987398.000000 120572.000000 0.000000
56199066.000000 121154.000000 0.000000
56032929.000000 121250.000000 0.000000
56083579.000000 120395.000000 0.000000
56209371.000000 121195.000000 0.000000
56172331.000000 120994.000000 0.000000
56066927.000000 120571.000000 0.000000
56127725.000000 120975.000000 0.000000
56091261.000000 120714.000000 0.000000
56068045.000000 120685.000000 0.000000
56079699.000000 120544.000000 0.000000
56086950.000000 120654.000000 0.000000
