35228074.000000 77486.000000 23163.000000
42214345.000000 92056.000000 22600.000000
38469944.000000 84754.000000 23104.000000
49194338.000000 107091.000000 20521.000000
34256168.000000 74975.000000 22910.000000
39459335.000000 86740.000000 23367.000000
30673752.000000 68149.000000 23384.000000
42719022.000000 94314.000000 23320.000000
43556604.000000 95870.000000 23067.000000
47848151.000000 103742.000000 22600.000000
40527687.000000 91223.000000 23465.000000
33739315.000000 74297.000000 23310.000000
26525036.000000 59076.000000 22900.000000
46143858.000000 101787.000000 23240.000000
39703965.000000 87141.000000 23360.000000
39351241.000000 86312.000000 22840.000000
31024916.000000 68177.000000 23216.000000
42740703.000000 94885.000000 22891.000000
37632106.000000 81920.000000 22964.000000
41646668.000000 92532.000000 22864.000000
44567808.000000 99738.000000 22686.000000
42450530.000000 92256.000000 22887.000000
35519932.000000 78044.000000 22833.000000
34551169.000000 75052.000000 23559.000000
45247422.000000 98438.000000 22522.000000
45365678.000000 98604.000000 22771.000000
38102754.000000 82954.000000 22736.000000
37361938.000000 81082.000000 22719.000000
38905418.000000 85127.000000 22735.000000
43694191.000000 95999.000000 22883.000000
48700378.000000 105643.000000 19950.000000
40519107.000000 88004.000000 22881.000000
38186272.000000 82473.000000 23325.000000
48947758.000000 107771.000000 21155.000000
572729.000000 12922.000000 11951.000000
42460844.000000 93198.000000 23187.000000
41044199.000000 89876.000000 23026.000000
43175463.000000 93594.000000 23518.000000
49356996.000000 107524.000000 20186.000000
44359414.000000 97613.000000 23409.000000
48144386.000000 104481.000000 21758.000000
46379785.000000 101356.000000 22281.000000
38693809.000000 84305.000000 22868.000000
37149137.000000 80889.000000 23369.000000
29601772.000000 65352.000000 22910.000000
39565705.000000 87352.000000 23208.000000
33807845.000000 73653.000000 23132.000000
41730895.000000 91555.000000 23540.000000
38921183.000000 84169.000000 23545.000000
43394253.000000 94539.000000 23679.000000
42558099.000000 94026.000000 23601.000000
50078026.000000 107889.000000 18234.000000
34516665.000000 76178.000000 23372.000000
41054567.000000 90149.000000 23321.000000
45499538.000000 98684.000000 23064.000000
44718716.000000 96785.000000 23323.000000
46713630.000000 102819.000000 22715.000000
40393380.000000 89425.000000 23463.000000
33936239.000000 74242.000000 23563.000000
37427310.000000 80973.000000 23583.000000
38480607.000000 83954.000000 23622.000000
38899661.000000 84833.000000 23419.000000
47245919.000000 101865.000000 23057.000000
45045252.000000 97421.000000 23411.000000
47479318.000000 102782.000000 23145.000000
44919332.000000 97122.000000 23447.000000
33507354.000000 73618.000000 23691.000000
37963532.000000 82292.000000 23353.000000
34645393.000000 75620.000000 23601.000000
36097641.000000 78994.000000 22502.000000
48678859.000000 107826.000000 19796.000000
40797937.000000 88607.000000 23494.000000
42554051.000000 93240.000000 23283.000000
41458835.000000 90999.000000 22453.000000
28869264.000000 63448.000000 22650.000000
42672573.000000 93537.000000 22326.000000
39828517.000000 87533.000000 22948.000000
33540685.000000 73736.000000 23355.000000
31741608.000000 69570.000000 23429.000000
31659469.000000 68610.000000 23593.000000
44101324.000000 95254.000000 23508.000000
36896742.000000 82000.000000 23467.000000
42853735.000000 93657.000000 22899.000000
41682525.000000 92069.000000 22406.000000
36768389.000000 80437.000000 23117.000000
39275867.000000 85710.000000 23062.000000
48293877.000000 104753.000000 21546.000000
42822020.000000 93381.000000 22934.000000
46992508.000000 102035.000000 23321.000000
34651260.000000 75548.000000 22815.000000
42842099.000000 92997.000000 23612.000000
44307992.000000 95580.000000 23175.000000
41034890.000000 91197.000000 22867.000000
46332037.000000 100550.000000 23289.000000
39657774.000000 86224.000000 23557.000000
44918071.000000 97512.000000 23456.000000
47479031.000000 102633.000000 23351.000000
37419875.000000 81527.000000 22981.000000
42513115.000000 92891.000000 23398.000000
45274949.000000 99312.000000 23634.000000
