56198372.000000 121181.000000 0.000000
56182393.000000 121162.000000 0.000000
55681012.000000 120285.000000 0.000000
56038114.000000 120483.000000 0.000000
56113681.000000 120616.000000 0.000000
56161441.000000 121081.000000 0.000000
56197402.000000 121164.000000 0.000000
56186250.000000 121066.000000 0.000000
56108122.000000 120873.000000 0.000000
56172139.000000 121050.000000 0.000000
56108720.000000 120849.000000 0.000000
56175629.000000 121072.000000 0.000000
56109702.000000 120729.000000 0.000000
56190069.000000 121157.000000 0.000000
56186771.000000 121108.000000 0.000000
56054313.000000 121360.000000 0.000000
56097689.000000 120626.000000 0.000000
56180959.000000 120997.000000 0.000000
56184657.000000 121117.000000 0.000000
56179922.000000 120974.000000 0.000000
56108477.000000 120687.000000 0.000000
56197497.000000 121105.000000 0.000000
56144893.000000 121046.000000 0.000000
56118856.000000 120604.000000 0.000000
56181377.000000 121031.000000 0.000000
56068010.000000 121317.000000 0.000000
56066170.000000 120879.000000 0.000000
56169532.000000 121003.000000 0.000000
56109803.000000 120815.000000 0.000000
56178399.000000 121094.000000 0.000000
56183524.000000 121230.000000 0.000000
56195503.000000 121145.000000 0.000000
56094234.000000 120613.000000 0.000000
56124587.000000 120939.000000 0.000000
56175435.000000 121101.000000 0.000000
56187746.000000 121220.000000 0.000000
56050954.000000 120602.000000 0.000000
56141229.000000 120766.000000 0.000000
56118957.000000 120592.000000 0.000000
56171755.000000 121152.000000 0.000000
56196386.000000 121150.000000 0.000000
56187072.000000 121089.000000 0.000000
56201312.000000 121109.000000 0.000000
56195425.000000 121096.000000 0.000000
56123911.000000 121055.000000 0.000000
56169544.000000 121056.000000 0.000000
56164764.000000 121085.000000 0.000000
56184107.000000 121061.000000 0.000000
56194060.000000 121140.000000 0.000000
56097818.000000 120687.000000 0.000000
56101586.000000 120724.000000 0.000000
56160371.000000 121115.000000 0.000000
55969262.000000 120553.000000 0.000000
56038003.000000 121306.000000 0.000000
56187951.000000 121015.000000 0.000000
56136759.000000 121173.000000 0.000000
55672353.000000 120067.000000 0.000000
56185831.000000 121183.000000 0.000000
56177691.000000 121177.000000 0.000000
56080316.000000 120598.000000 0.000000
56107922.000000 121024.000000 0.000000
56111822.000000 120630.000000 0.000000
56134832.000000 121069.000000 0.000000
56131896.000000 121040.000000 0.000000
56125000.000000 120996.000000 0.000000
56010254.000000 120584.000000 0.000000
56187160.000000 121198.000000 0.000000
56201973.000000 121065.000000 0.000000
56186537.000000 121028.000000 0.000000
56201262.000000 121016.000000 0.000000
56090120.000000 120533.000000 0.000000
56197818.000000 121009.000000 0.000000
56195423.000000 121078.000000 0.000000
56141434.000000 121071.000000 0.000000
56181488.000000 121085.000000 0.000000
56099045.000000 120489.000000 0.000000
56176589.000000 121192.000000 0.000000
56055092.000000 120902.000000 0.000000
56157304.000000 121168.000000 0.000000
56183914.000000 121168.000000 0.000000
56188979.000000 121198.000000 0.000000
56186095.000000 121101.000000 0.000000
55973035.000000 120660.000000 0.000000
56179272.000000 121092.000000 0.000000
56176665.000000 121218.000000 0.000000
56172719.000000 120911.000000 0.000000
56189982.000000 121091.000000 0.000000
56178669.000000 121056.000000 0.000000
56101932.000000 120918.000000 0.000000
56199003.000000 121034.000000 0.000000
55943943.000000 120690.000000 0.000000
56101183.000000 120542.000000 0.000000
56194356.000000 121045.000000 0.000000
56186540.000000 121079.000000 0.000000
55805754.000000 120443.000000 0.000000
56120051.000000 121025.000000 0.000000
56063072.000000 120624.000000 0.000000
56093271.000000 120604.000000 0.000000
56194619.000000 121147.000000 0.000000
56174749.000000 121096.000000 0.000000
