56244592.000000 121186.000000 32.000000
56275475.000000 121247.000000 0.000000
56248457.000000 121294.000000 23.000000
55910165.000000 120323.000000 713.000000
56173445.000000 120810.000000 27.000000
56233523.000000 121377.000000 14.000000
56255070.000000 121242.000000 15.000000
55598423.000000 119596.000000 1626.000000
56159970.000000 120863.000000 24.000000
55503351.000000 119805.000000 2222.000000
54686780.000000 117984.000000 4649.000000
56195700.000000 120889.000000 0.000000
55975999.000000 120504.000000 429.000000
56129696.000000 120693.000000 140.000000
56265452.000000 121316.000000 13.000000
55223204.000000 120329.000000 2678.000000
56211423.000000 120904.000000 0.000000
56026653.000000 120612.000000 380.000000
56166750.000000 120865.000000 0.000000
56240762.000000 121213.000000 25.000000
56257815.000000 121407.000000 0.000000
56211853.000000 120717.000000 24.000000
56207812.000000 120924.000000 0.000000
56042184.000000 120718.000000 675.000000
56198669.000000 121303.000000 161.000000
56183907.000000 121028.000000 0.000000
56196434.000000 120945.000000 0.000000
56261873.000000 121302.000000 14.000000
56093864.000000 121004.000000 495.000000
56139454.000000 120788.000000 128.000000
56284999.000000 121282.000000 0.000000
56208349.000000 121032.000000 0.000000
56198565.000000 120888.000000 0.000000
56006377.000000 120694.000000 764.000000
56198788.000000 121039.000000 0.000000
55957973.000000 120633.000000 882.000000
55920670.000000 120603.000000 940.000000
56029101.000000 120560.000000 345.000000
55568186.000000 119877.000000 2036.000000
56273193.000000 121347.000000 0.000000
56244716.000000 121314.000000 50.000000
56211747.000000 121298.000000 136.000000
56200841.000000 120829.000000 0.000000
56172185.000000 121049.000000 11.000000
56275284.000000 121251.000000 0.000000
55867800.000000 120239.000000 890.000000
56265127.000000 121402.000000 0.000000
55911059.000000 120299.000000 715.000000
55847220.000000 120231.000000 944.000000
56248486.000000 121406.000000 0.000000
55851269.000000 120195.000000 916.000000
55942993.000000 120655.000000 934.000000
56259159.000000 121283.000000 0.000000
56167122.000000 120897.000000 38.000000
56250545.000000 121536.000000 0.000000
56191156.000000 120903.000000 4.000000
56209318.000000 120807.000000 14.000000
56267275.000000 121337.000000 0.000000
56184030.000000 120948.000000 0.000000
56272340.000000 121335.000000 22.000000
56287638.000000 121458.000000 0.000000
56249435.000000 121535.000000 0.000000
56188760.000000 120861.000000 0.000000
56262736.000000 121266.000000 72.000000
56226970.000000 120804.000000 4.000000
56252518.000000 121269.000000 9.000000
56276918.000000 121365.000000 23.000000
55909272.000000 120402.000000 699.000000
55954034.000000 120688.000000 914.000000
55883795.000000 120502.000000 1189.000000
56212834.000000 120964.000000 0.000000
56264653.000000 121340.000000 20.000000
56098025.000000 120992.000000 355.000000
56265548.000000 121363.000000 23.000000
56283689.000000 121364.000000 0.000000
55880334.000000 120192.000000 947.000000
56178830.000000 120871.000000 0.000000
55734728.000000 120089.000000 1229.000000
55065435.000000 121188.000000 2855.000000
54984587.000000 118634.000000 3708.000000
53980102.000000 116348.000000 6844.000000
54732406.000000 117629.000000 4121.000000
56150990.000000 121039.000000 290.000000
56244489.000000 121250.000000 3.000000
55915898.000000 120599.000000 942.000000
56200781.000000 121213.000000 63.000000
55820088.000000 119995.000000 1042.000000
54762360.000000 117903.000000 4414.000000
55947841.000000 120417.000000 645.000000
55822834.000000 120392.000000 1261.000000
56200000.000000 121161.000000 0.000000
56254964.000000 121332.000000 24.000000
55992942.000000 120494.000000 379.000000
56245864.000000 121307.000000 0.000000
56210579.000000 121398.000000 110.000000
55870711.000000 120586.000000 1131.000000
56254004.000000 121357.000000 4.000000
55429837.000000 119350.000000 1906.000000
54658612.000000 117959.000000 3822.000000
53825059.000000 115802.000000 6527.000000
