55939973.000000 120666.000000 0.000000
55943378.000000 120670.000000 0.000000
55946681.000000 120660.000000 0.000000
55783265.000000 120307.000000 0.000000
55964637.000000 120562.000000 0.000000
55935162.000000 120603.000000 0.000000
55942631.000000 120724.000000 0.000000
55949793.000000 120740.000000 0.000000
55938511.000000 120655.000000 0.000000
55981066.000000 120570.000000 0.000000
55958956.000000 120769.000000 0.000000
55937713.000000 120669.000000 0.000000
55972606.000000 120832.000000 0.000000
55976007.000000 120755.000000 0.000000
55930048.000000 120803.000000 0.000000
55969340.000000 120722.000000 0.000000
55972371.000000 120476.000000 0.000000
55930839.000000 120794.000000 0.000000
55962160.000000 120794.000000 0.000000
55960117.000000 120794.000000 0.000000
55843581.000000 120279.000000 0.000000
55966330.000000 120734.000000 0.000000
55956816.000000 120661.000000 0.000000
55957134.000000 120599.000000 0.000000
55969003.000000 120621.000000 0.000000
55957563.000000 120818.000000 0.000000
55977397.000000 120674.000000 0.000000
55978760.000000 120719.000000 0.000000
55970374.000000 120771.000000 0.000000
55965417.000000 120768.000000 0.000000
55969934.000000 120731.000000 0.000000
55959516.000000 120721.000000 0.000000
55961853.000000 120701.000000 0.000000
55962450.000000 120571.000000 0.000000
55951708.000000 120633.000000 0.000000
55961154.000000 120524.000000 0.000000
55972041.000000 120719.000000 0.000000
55939223.000000 120619.000000 0.000000
55959666.000000 120743.000000 0.000000
55954165.000000 120678.000000 0.000000
55983641.000000 120688.000000 0.000000
55963959.000000 120666.000000 0.000000
55942066.000000 120566.000000 0.000000
55901789.000000 120253.000000 0.000000
55901201.000000 120224.000000 0.000000
55962647.000000 120699.000000 0.000000
55487089.000000 119389.000000 0.000000
55902289.000000 120335.000000 0.000000
55968910.000000 120611.000000 0.000000
55959342.000000 120796.000000 0.000000
55898359.000000 120672.000000 0.000000
55977749.000000 120520.000000 0.000000
55962062.000000 120593.000000 0.000000
55979637.000000 120635.000000 0.000000
55965151.000000 120717.000000 0.000000
55964444.000000 120599.000000 0.000000
55965388.000000 120792.000000 0.000000
55946275.000000 120698.000000 0.000000
55950515.000000 120793.000000 0.000000
55940598.000000 120628.000000 0.000000
55956050.000000 120690.000000 0.000000
55947751.000000 120748.000000 0.000000
55881299.000000 120247.000000 0.000000
55947470.000000 120689.000000 0.000000
55960882.000000 120613.000000 0.000000
55958452.000000 120805.000000 0.000000
55957897.000000 120742.000000 0.000000
55979498.000000 120776.000000 0.000000
55961963.000000 120650.000000 0.000000
55950863.000000 120696.000000 0.000000
55945895.000000 120662.000000 0.000000
55954522.000000 120701.000000 0.000000
55942426.000000 120643.000000 0.000000
55928056.000000 120651.000000 0.000000
55929760.000000 120722.000000 0.000000
55977808.000000 120666.000000 0.000000
55941341.000000 120667.000000 0.000000
55968125.000000 120745.000000 0.000000
55931849.000000 120544.000000 0.000000
55976285.000000 120771.000000 0.000000
55948043.000000 120642.000000 0.000000
55919877.000000 120408.000000 0.000000
55955547.000000 120661.000000 0.000000
55947902.000000 120886.000000 0.000000
55966437.000000 120709.000000 0.000000
55967728.000000 120697.000000 0.000000
55929075.000000 120575.000000 0.000000
55944530.000000 120530.000000 0.000000
55939495.000000 120772.000000 0.000000
55905652.000000 120807.000000 0.000000
55933961.000000 120826.000000 0.000000
55966122.000000 120573.000000 0.000000
55956632.000000 120697.000000 0.000000
55924946.000000 120654.000000 0.000000
55940863.000000 120845.000000 0.000000
55963270.000000 120768.000000 0.000000
55959895.000000 120692.000000 0.000000
55928259.000000 120873.000000 0.000000
55966558.000000 120722.000000 0.000000
55963162.000000 120632.000000 0.000000
