55933126.000000 120670.000000 0.000000
55920267.000000 120588.000000 0.000000
55940298.000000 120594.000000 0.000000
55930691.000000 120701.000000 0.000000
55910071.000000 120683.000000 0.000000
55940683.000000 120682.000000 0.000000
55920582.000000 120817.000000 0.000000
55943023.000000 120692.000000 0.000000
55767325.000000 120295.000000 0.000000
55870954.000000 120329.000000 0.000000
55775169.000000 120487.000000 0.000000
55940555.000000 120651.000000 0.000000
55936238.000000 120631.000000 0.000000
55925131.000000 120673.000000 0.000000
55916533.000000 120660.000000 0.000000
55921032.000000 120799.000000 0.000000
55858595.000000 120244.000000 0.000000
55841877.000000 120098.000000 0.000000
55828850.000000 120429.000000 0.000000
55937772.000000 120654.000000 0.000000
55668812.000000 120062.000000 0.000000
55922110.000000 120517.000000 0.000000
55873562.000000 120142.000000 0.000000
55943117.000000 120716.000000 0.000000
55934758.000000 120684.000000 0.000000
55846745.000000 120285.000000 0.000000
55932826.000000 120770.000000 0.000000
55863314.000000 120244.000000 0.000000
55860640.000000 120168.000000 0.000000
55910375.000000 120684.000000 0.000000
55857344.000000 120226.000000 0.000000
55843741.000000 120287.000000 0.000000
55880308.000000 120253.000000 0.000000
55936266.000000 120651.000000 0.000000
55930211.000000 120562.000000 0.000000
55936492.000000 120840.000000 0.000000
55939984.000000 120628.000000 0.000000
55913776.000000 120692.000000 0.000000
55864603.000000 120324.000000 0.000000
55928404.000000 120492.000000 0.000000
55849906.000000 120205.000000 0.000000
55909530.000000 120774.000000 0.000000
55932399.000000 120688.000000 0.000000
55825305.000000 120049.000000 0.000000
55939057.000000 120677.000000 0.000000
55909926.000000 120628.000000 0.000000
55854284.000000 120124.000000 0.000000
55899813.000000 120531.000000 0.000000
55946291.000000 120716.000000 0.000000
55938456.000000 120698.000000 0.000000
55871199.000000 120461.000000 0.000000
55864882.000000 120349.000000 0.000000
55859030.000000 120169.000000 0.000000
55847873.000000 120349.000000 0.000000
55860797.000000 120174.000000 0.000000
55857403.000000 120276.000000 0.000000
55876335.000000 120298.000000 0.000000
55856808.000000 120233.000000 0.000000
55879317.000000 120199.000000 0.000000
55874203.000000 120207.000000 0.000000
55868549.000000 120290.000000 0.000000
55850675.000000 120285.000000 0.000000
55848779.000000 120214.000000 0.000000
55910598.000000 120703.000000 0.000000
55875218.000000 120184.000000 0.000000
55844495.000000 120087.000000 0.000000
55848898.000000 120199.000000 0.000000
55878062.000000 120264.000000 0.000000
55865042.000000 120163.000000 0.000000
55851853.000000 120053.000000 0.000000
55919567.000000 120603.000000 0.000000
55922925.000000 120577.000000 0.000000
55861466.000000 120138.000000 0.000000
55849484.000000 120208.000000 0.000000
55882597.000000 120035.000000 0.000000
55911830.000000 120737.000000 0.000000
55886369.000000 120493.000000 0.000000
55870213.000000 120164.000000 0.000000
55882085.000000 120450.000000 0.000000
55937532.000000 120627.000000 0.000000
55942033.000000 120678.000000 0.000000
55875566.000000 120164.000000 0.000000
55846801.000000 120182.000000 0.000000
55868366.000000 120204.000000 0.000000
55922840.000000 120594.000000 0.000000
55924736.000000 120730.000000 0.000000
55925201.000000 120768.000000 0.000000
55924373.000000 120715.000000 0.000000
55931464.000000 120688.000000 0.000000
55935388.000000 120660.000000 0.000000
55920710.000000 120645.000000 0.000000
55931843.000000 120653.000000 0.000000
55859547.000000 120314.000000 0.000000
55922999.000000 120657.000000 0.000000
55918370.000000 120690.000000 0.000000
55938098.000000 120616.000000 0.000000
55906280.000000 120657.000000 0.000000
55938580.000000 120635.000000 0.000000
55900827.000000 120625.000000 0.000000
55881554.000000 120330.000000 0.000000
