55863110.000000 123419.000000 0.000000
55848027.000000 123623.000000 0.000000
55567637.000000 122984.000000 0.000000
55839106.000000 123609.000000 0.000000
56249313.000000 124629.000000 0.000000
55850979.000000 123681.000000 0.000000
55831660.000000 123655.000000 0.000000
55878809.000000 123773.000000 0.000000
55826468.000000 123650.000000 0.000000
55817654.000000 123496.000000 0.000000
55848146.000000 123456.000000 0.000000
55825660.000000 124137.000000 0.000000
55821876.000000 123481.000000 0.000000
55805226.000000 123476.000000 0.000000
56232907.000000 124455.000000 0.000000
55827224.000000 123523.000000 0.000000
55890817.000000 123665.000000 0.000000
55917770.000000 123703.000000 0.000000
55874406.000000 123735.000000 0.000000
55886641.000000 123539.000000 0.000000
55862003.000000 123518.000000 0.000000
55552959.000000 123524.000000 0.000000
55861925.000000 123735.000000 0.000000
55656665.000000 123330.000000 0.000000
55875138.000000 123721.000000 0.000000
55889191.000000 123481.000000 0.000000
55891159.000000 123715.000000 0.000000
55874897.000000 123743.000000 0.000000
55879136.000000 123587.000000 0.000000
55852791.000000 123570.000000 0.000000
55900450.000000 123640.000000 0.000000
55902340.000000 123719.000000 0.000000
55822028.000000 123451.000000 0.000000
55863295.000000 123624.000000 0.000000
55861497.000000 123565.000000 0.000000
55839090.000000 123614.000000 0.000000
55883468.000000 123769.000000 0.000000
55902302.000000 123679.000000 0.000000
55671965.000000 123143.000000 0.000000
55882882.000000 123597.000000 0.000000
55677771.000000 123278.000000 0.000000
55618601.000000 123400.000000 0.000000
55800074.000000 123662.000000 0.000000
55873555.000000 123793.000000 0.000000
55887602.000000 123680.000000 0.000000
55889631.000000 123604.000000 0.000000
55832639.000000 123613.000000 0.000000
55869948.000000 123715.000000 0.000000
55872626.000000 123545.000000 0.000000
55388794.000000 122665.000000 0.000000
55790291.000000 123501.000000 0.000000
55745335.000000 123268.000000 0.000000
55842993.000000 123546.000000 0.000000
55817748.000000 124537.000000 0.000000
55863364.000000 123597.000000 0.000000
55823331.000000 123399.000000 0.000000
55632490.000000 123312.000000 0.000000
55996772.000000 123964.000000 0.000000
55860664.000000 123590.000000 0.000000
55885277.000000 123541.000000 0.000000
55899224.000000 123687.000000 0.000000
55886068.000000 123580.000000 0.000000
55828713.000000 124105.000000 0.000000
55882007.000000 123696.000000 0.000000
55841451.000000 123786.000000 0.000000
55873870.000000 123561.000000 0.000000
55880470.000000 123509.000000 0.000000
55910257.000000 123530.000000 0.000000
55876337.000000 123661.000000 0.000000
55891267.000000 123626.000000 0.000000
55862751.000000 123696.000000 0.000000
55843838.000000 123472.000000 0.000000
55877571.000000 123790.000000 0.000000
55865146.000000 123714.000000 0.000000
55830780.000000 123544.000000 0.000000
55875654.000000 123482.000000 0.000000
55838425.000000 123584.000000 0.000000
55873390.000000 123757.000000 0.000000
55868000.000000 124196.000000 0.000000
55908604.000000 123643.000000 0.000000
55697694.000000 123219.000000 0.000000
55908157.000000 123825.000000 0.000000
55908780.000000 123604.000000 0.000000
56265590.000000 124728.000000 0.000000
56241904.000000 124323.000000 0.000000
55873192.000000 123571.000000 0.000000
56320756.000000 124329.000000 0.000000
55885705.000000 123570.000000 0.000000
55888685.000000 123608.000000 0.000000
55879156.000000 123576.000000 0.000000
55849795.000000 123622.000000 0.000000
55818853.000000 123570.000000 0.000000
55705073.000000 123210.000000 0.000000
55843071.000000 124049.000000 0.000000
55832139.000000 123427.000000 0.000000
55837069.000000 123639.000000 0.000000
55860315.000000 123599.000000 0.000000
55875906.000000 123473.000000 0.000000
55855906.000000 123598.000000 0.000000
55886448.000000 123602.000000 0.000000
