47976081.000000 104510.000000 23920.000000
45995389.000000 99884.000000 28332.000000
46655306.000000 101010.000000 27877.000000
48206972.000000 103909.000000 23370.000000
45770939.000000 98948.000000 29757.000000
46768437.000000 102430.000000 26943.000000
46668993.000000 101529.000000 27037.000000
46989303.000000 102422.000000 25905.000000
47165296.000000 102110.000000 26906.000000
47162992.000000 103146.000000 25573.000000
45147237.000000 98330.000000 33059.000000
46818546.000000 103057.000000 26744.000000
47654580.000000 103568.000000 24971.000000
45573338.000000 99748.000000 29832.000000
45736844.000000 98573.000000 31083.000000
46334513.000000 101971.000000 27944.000000
47105408.000000 103788.000000 26155.000000
48078822.000000 103973.000000 22805.000000
47093449.000000 101931.000000 27248.000000
47281395.000000 102483.000000 26205.000000
47488143.000000 103500.000000 25311.000000
46743142.000000 101967.000000 26438.000000
46339250.000000 100159.000000 28680.000000
47590177.000000 103208.000000 24890.000000
48133406.000000 104562.000000 23511.000000
45112810.000000 98612.000000 32187.000000
46814178.000000 101606.000000 27765.000000
48556179.000000 105429.000000 22586.000000
45914021.000000 99992.000000 30612.000000
46018266.000000 99768.000000 29652.000000
43909841.000000 95024.000000 36231.000000
47646485.000000 103734.000000 24071.000000
47130884.000000 103459.000000 25875.000000
44093116.000000 95979.000000 35533.000000
46335720.000000 101571.000000 29483.000000
45951464.000000 99896.000000 29070.000000
47723186.000000 103657.000000 24378.000000
49543014.000000 107086.000000 19382.000000
47979194.000000 103707.000000 23995.000000
46053664.000000 99362.000000 30103.000000
47690215.000000 102679.000000 24888.000000
46110535.000000 99911.000000 29096.000000
46574479.000000 101478.000000 28440.000000
49234570.000000 105874.000000 20852.000000
47646092.000000 103173.000000 25037.000000
47341835.000000 102343.000000 26360.000000
46544829.000000 101950.000000 28208.000000
47792090.000000 103778.000000 24571.000000
48454004.000000 105603.000000 22791.000000
45834061.000000 99858.000000 31028.000000
47015601.000000 103474.000000 26803.000000
47223904.000000 102039.000000 26368.000000
46598261.000000 102478.000000 27192.000000
47228154.000000 102162.000000 26784.000000
49833641.000000 108408.000000 18429.000000
47786122.000000 103480.000000 24380.000000
46949139.000000 102125.000000 27213.000000
47896890.000000 103376.000000 24329.000000
47157170.000000 102269.000000 26468.000000
47581061.000000 103335.000000 25161.000000
48404088.000000 104431.000000 23189.000000
47971964.000000 103315.000000 23859.000000
46483715.000000 102033.000000 27778.000000
49165189.000000 105913.000000 20524.000000
47537867.000000 104324.000000 25113.000000
44910724.000000 98277.000000 32148.000000
46756849.000000 101296.000000 27912.000000
44509447.000000 97463.000000 33801.000000
47072277.000000 102011.000000 26596.000000
47073565.000000 102385.000000 26558.000000
46743158.000000 100406.000000 28187.000000
49497031.000000 106518.000000 19597.000000
47669350.000000 102893.000000 25310.000000
46891618.000000 102062.000000 27413.000000
48380326.000000 105433.000000 21701.000000
47455380.000000 104063.000000 25272.000000
47165296.000000 102378.000000 27026.000000
47516328.000000 103133.000000 25214.000000
49202196.000000 106402.000000 20339.000000
48628920.000000 105831.000000 21586.000000
49027566.000000 105877.000000 20848.000000
47632875.000000 102630.000000 24730.000000
48029462.000000 104436.000000 23836.000000
48275460.000000 104089.000000 23218.000000
45222408.000000 99164.000000 32411.000000
48511647.000000 105919.000000 22046.000000
46234015.000000 100026.000000 28763.000000
47752696.000000 103392.000000 24749.000000
46918708.000000 102154.000000 27238.000000
46420464.000000 101269.000000 28525.000000
45531791.000000 98374.000000 30901.000000
45086315.000000 98817.000000 32578.000000
46528348.000000 101701.000000 27839.000000
46199968.000000 100707.000000 27273.000000
46911090.000000 101828.000000 26180.000000
49632713.000000 107719.000000 19079.000000
49183553.000000 107711.000000 20609.000000
46992307.000000 102466.000000 25215.000000
46517493.000000 101958.000000 26755.000000
46547574.000000 101504.000000 27392.000000
