56259522.000000 121289.000000 0.000000
56267470.000000 121327.000000 0.000000
56198150.000000 120813.000000 0.000000
56279293.000000 121228.000000 0.000000
56196169.000000 120693.000000 0.000000
56187295.000000 120875.000000 0.000000
56151749.000000 120636.000000 0.000000
56169950.000000 120947.000000 0.000000
56195239.000000 120712.000000 0.000000
56254470.000000 121204.000000 0.000000
56175963.000000 120681.000000 0.000000
56169678.000000 120838.000000 0.000000
56184485.000000 120775.000000 0.000000
56248593.000000 121145.000000 0.000000
56242774.000000 121238.000000 0.000000
56259560.000000 121294.000000 0.000000
56270583.000000 121293.000000 0.000000
56184259.000000 120837.000000 0.000000
56272592.000000 121274.000000 0.000000
56201152.000000 121180.000000 0.000000
56175941.000000 120819.000000 0.000000
56170643.000000 120699.000000 0.000000
56192109.000000 120747.000000 0.000000
56179971.000000 120754.000000 0.000000
56177671.000000 120882.000000 0.000000
56188082.000000 120788.000000 0.000000
56181242.000000 120770.000000 0.000000
56164195.000000 120765.000000 0.000000
56250863.000000 121150.000000 0.000000
56192311.000000 120775.000000 0.000000
56255895.000000 121279.000000 0.000000
56190941.000000 120684.000000 0.000000
56262987.000000 121359.000000 0.000000
56187650.000000 120910.000000 0.000000
56179966.000000 120689.000000 0.000000
56195396.000000 120753.000000 0.000000
56268152.000000 121175.000000 0.000000
56154957.000000 120715.000000 0.000000
56183256.000000 120889.000000 0.000000
56198286.000000 120683.000000 0.000000
56184500.000000 120954.000000 0.000000
56240292.000000 121376.000000 0.000000
56265997.000000 121249.000000 0.000000
56184387.000000 120895.000000 0.000000
56197353.000000 120692.000000 0.000000
56167311.000000 120757.000000 0.000000
56199404.000000 120834.000000 0.000000
56175296.000000 120787.000000 0.000000
56250598.000000 121270.000000 0.000000
56178066.000000 120699.000000 0.000000
56116985.000000 120704.000000 0.000000
56174907.000000 120769.000000 0.000000
56196710.000000 121083.000000 0.000000
56174276.000000 120921.000000 0.000000
56162936.000000 120723.000000 0.000000
56269327.000000 121370.000000 0.000000
56171938.000000 120765.000000 0.000000
56184249.000000 120812.000000 0.000000
56180653.000000 120851.000000 0.000000
56165071.000000 120839.000000 0.000000
56194879.000000 120764.000000 0.000000
56237099.000000 120982.000000 0.000000
56157814.000000 120709.000000 0.000000
56207274.000000 120842.000000 0.000000
56265747.000000 121146.000000 0.000000
56191100.000000 120805.000000 0.000000
56180604.000000 120837.000000 0.000000
56185620.000000 120829.000000 0.000000
56192710.000000 120735.000000 0.000000
56164173.000000 120836.000000 0.000000
56154566.000000 120850.000000 0.000000
56179698.000000 120862.000000 0.000000
56169448.000000 120702.000000 0.000000
56121059.000000 120757.000000 0.000000
56184164.000000 120812.000000 0.000000
56211566.000000 121247.000000 0.000000
56179244.000000 120778.000000 0.000000
56208593.000000 120845.000000 0.000000
56192245.000000 120719.000000 0.000000
56193698.000000 120725.000000 0.000000
56193173.000000 120816.000000 0.000000
56178737.000000 120619.000000 0.000000
56179361.000000 120651.000000 0.000000
56177144.000000 120881.000000 0.000000
56154208.000000 120709.000000 0.000000
56008086.000000 120281.000000 0.000000
56140435.000000 120745.000000 0.000000
56185221.000000 120813.000000 0.000000
56196952.000000 120846.000000 0.000000
56198616.000000 120820.000000 0.000000
56197314.000000 120809.000000 0.000000
56166902.000000 120656.000000 0.000000
56168063.000000 120769.000000 0.000000
56175727.000000 120741.000000 0.000000
56167920.000000 120712.000000 0.000000
56175351.000000 120841.000000 0.000000
56164228.000000 120753.000000 0.000000
56254996.000000 121204.000000 0.000000
56177276.000000 120593.000000 0.000000
56268023.000000 121436.000000 0.000000
