56195361.000000 120942.000000 0.000000
56174214.000000 120942.000000 0.000000
56174629.000000 120897.000000 0.000000
56185127.000000 120899.000000 0.000000
56189213.000000 120914.000000 0.000000
56174874.000000 121041.000000 0.000000
56204216.000000 120992.000000 0.000000
56199108.000000 120837.000000 0.000000
56203550.000000 120999.000000 0.000000
56190110.000000 120953.000000 0.000000
56173051.000000 120965.000000 0.000000
56180379.000000 121055.000000 0.000000
56205416.000000 121102.000000 0.000000
56168924.000000 120828.000000 0.000000
56301330.000000 121406.000000 0.000000
56291104.000000 121179.000000 0.000000
56197624.000000 120972.000000 0.000000
56188098.000000 120835.000000 0.000000
56196016.000000 120841.000000 0.000000
56265136.000000 121304.000000 0.000000
56187891.000000 120935.000000 0.000000
56202925.000000 120885.000000 0.000000
56195117.000000 120987.000000 0.000000
56165056.000000 120843.000000 0.000000
56090639.000000 120611.000000 0.000000
56260339.000000 121291.000000 0.000000
56160497.000000 120845.000000 0.000000
56171369.000000 121016.000000 0.000000
56110763.000000 120718.000000 0.000000
56179638.000000 120826.000000 0.000000
56145675.000000 120820.000000 0.000000
56202274.000000 120893.000000 0.000000
56251189.000000 121215.000000 0.000000
56176016.000000 120884.000000 0.000000
56289842.000000 121341.000000 0.000000
56274456.000000 121153.000000 0.000000
56167151.000000 120931.000000 0.000000
56185770.000000 120870.000000 0.000000
56200361.000000 120861.000000 0.000000
56198779.000000 120820.000000 0.000000
56190498.000000 120940.000000 0.000000
56189301.000000 120907.000000 0.000000
56196926.000000 120833.000000 0.000000
56168914.000000 120887.000000 0.000000
56207896.000000 120902.000000 0.000000
56186961.000000 120938.000000 0.000000
56191604.000000 120954.000000 0.000000
56286302.000000 121319.000000 0.000000
56180749.000000 120827.000000 0.000000
56288239.000000 121303.000000 0.000000
56178460.000000 120937.000000 0.000000
56200034.000000 120885.000000 0.000000
56253532.000000 121371.000000 0.000000
56219282.000000 121052.000000 0.000000
56101587.000000 120801.000000 0.000000
56189939.000000 120955.000000 0.000000
56258836.000000 121214.000000 0.000000
56178988.000000 120983.000000 0.000000
56274145.000000 121294.000000 0.000000
56289028.000000 121350.000000 0.000000
56236732.000000 121107.000000 0.000000
56182769.000000 120980.000000 0.000000
56183279.000000 120841.000000 0.000000
56252414.000000 121241.000000 0.000000
56193447.000000 120928.000000 0.000000
56202639.000000 120944.000000 0.000000
56192272.000000 121027.000000 0.000000
56281804.000000 121351.000000 0.000000
56199933.000000 120928.000000 0.000000
56200709.000000 120987.000000 0.000000
56284425.000000 121329.000000 0.000000
56171807.000000 120886.000000 0.000000
56184980.000000 121007.000000 0.000000
56176343.000000 121025.000000 0.000000
56288262.000000 121320.000000 0.000000
56186047.000000 120940.000000 0.000000
56217827.000000 121164.000000 0.000000
56200146.000000 120824.000000 0.000000
56177579.000000 120943.000000 0.000000
56283816.000000 121216.000000 0.000000
56189083.000000 120899.000000 0.000000
56161036.000000 120927.000000 0.000000
56202888.000000 121176.000000 0.000000
56182849.000000 120931.000000 0.000000
56173969.000000 120809.000000 0.000000
56176998.000000 120883.000000 0.000000
56285351.000000 121448.000000 0.000000
56184389.000000 120839.000000 0.000000
56147502.000000 120886.000000 0.000000
56199274.000000 120828.000000 0.000000
56159569.000000 120784.000000 0.000000
56252002.000000 121181.000000 0.000000
56296365.000000 121294.000000 0.000000
56295289.000000 121364.000000 0.000000
56194774.000000 120884.000000 0.000000
56285994.000000 121415.000000 0.000000
56158948.000000 120908.000000 0.000000
56108683.000000 120744.000000 0.000000
56279595.000000 121357.000000 0.000000
56258072.000000 121193.000000 0.000000
