55793176.000000 120513.000000 0.000000
55694394.000000 120044.000000 0.000000
55702503.000000 120594.000000 0.000000
55712188.000000 120011.000000 0.000000
55710266.000000 119911.000000 0.000000
55730891.000000 120016.000000 0.000000
55742719.000000 120014.000000 0.000000
55723195.000000 120088.000000 0.000000
55717848.000000 120010.000000 0.000000
55738468.000000 119955.000000 0.000000
55717338.000000 120091.000000 0.000000
55721025.000000 120077.000000 0.000000
55755462.000000 119952.000000 0.000000
55793963.000000 120390.000000 0.000000
55721286.000000 119962.000000 0.000000
55730481.000000 120517.000000 0.000000
55724554.000000 119961.000000 0.000000
55780275.000000 120500.000000 0.000000
55735963.000000 119963.000000 0.000000
55793271.000000 120354.000000 0.000000
55728854.000000 119891.000000 0.000000
55710284.000000 120126.000000 0.000000
55691369.000000 120043.000000 0.000000
55513361.000000 119661.000000 0.000000
55714363.000000 119930.000000 0.000000
55729190.000000 120012.000000 0.000000
55681906.000000 119875.000000 0.000000
55469009.000000 119481.000000 0.000000
55688014.000000 119954.000000 0.000000
55677213.000000 120037.000000 0.000000
55426268.000000 119402.000000 0.000000
55705118.000000 119977.000000 0.000000
55687768.000000 119942.000000 0.000000
55776680.000000 120478.000000 0.000000
55717224.000000 119943.000000 0.000000
55696246.000000 119935.000000 0.000000
55743743.000000 120200.000000 0.000000
55662609.000000 119793.000000 0.000000
55548548.000000 119623.000000 0.000000
55794132.000000 120417.000000 0.000000
55727163.000000 120664.000000 0.000000
55741978.000000 119872.000000 0.000000
55745989.000000 120363.000000 0.000000
55789284.000000 120447.000000 0.000000
55723369.000000 119914.000000 0.000000
55709102.000000 119942.000000 0.000000
55730801.000000 119940.000000 0.000000
55735937.000000 119937.000000 0.000000
55715660.000000 120065.000000 0.000000
55712630.000000 120007.000000 0.000000
55760155.000000 120430.000000 0.000000
55719707.000000 119984.000000 0.000000
55743313.000000 119979.000000 0.000000
55737065.000000 120176.000000 0.000000
55474810.000000 119776.000000 0.000000
55715653.000000 119965.000000 0.000000
55694580.000000 119978.000000 0.000000
55623912.000000 119985.000000 0.000000
55691785.000000 119997.000000 0.000000
55668008.000000 119923.000000 0.000000
55942707.000000 120480.000000 0.000000
55713683.000000 119996.000000 0.000000
55721661.000000 119996.000000 0.000000
55717054.000000 120496.000000 0.000000
55791974.000000 120443.000000 0.000000
55709521.000000 120188.000000 0.000000
55779109.000000 120482.000000 0.000000
55719492.000000 120046.000000 0.000000
55740165.000000 120136.000000 0.000000
55764343.000000 120496.000000 0.000000
55712470.000000 120016.000000 0.000000
55765205.000000 120511.000000 0.000000
55716759.000000 120119.000000 0.000000
55721641.000000 119944.000000 0.000000
55711622.000000 120024.000000 0.000000
55731189.000000 119933.000000 0.000000
55691099.000000 120111.000000 0.000000
55717580.000000 120037.000000 0.000000
55692732.000000 120041.000000 0.000000
55709629.000000 119939.000000 0.000000
55725180.000000 120013.000000 0.000000
55763358.000000 120473.000000 0.000000
55688735.000000 119953.000000 0.000000
55722971.000000 119891.000000 0.000000
55726575.000000 120043.000000 0.000000
55720990.000000 120613.000000 0.000000
55713760.000000 120034.000000 0.000000
55768052.000000 120521.000000 0.000000
55728973.000000 119942.000000 0.000000
55704260.000000 119937.000000 0.000000
55774476.000000 120623.000000 0.000000
55719387.000000 119909.000000 0.000000
55703887.000000 119978.000000 0.000000
55707170.000000 119937.000000 0.000000
55741282.000000 120342.000000 0.000000
55707793.000000 119986.000000 0.000000
55722073.000000 120021.000000 0.000000
55712715.000000 120001.000000 0.000000
55718310.000000 120065.000000 0.000000
55724780.000000 120106.000000 0.000000
