56272114.000000 121516.000000 0.000000
56250819.000000 121225.000000 0.000000
56179848.000000 120620.000000 0.000000
56203129.000000 121346.000000 0.000000
56241720.000000 121279.000000 0.000000
56172338.000000 120745.000000 0.000000
56181010.000000 120706.000000 0.000000
56231725.000000 121205.000000 0.000000
56165808.000000 120723.000000 0.000000
56096370.000000 120529.000000 0.000000
56184308.000000 120882.000000 0.000000
56195130.000000 120767.000000 0.000000
56212283.000000 121155.000000 0.000000
56201463.000000 120975.000000 0.000000
56274585.000000 121210.000000 0.000000
56174370.000000 120718.000000 0.000000
56251533.000000 120995.000000 0.000000
56251689.000000 121285.000000 0.000000
56174837.000000 120738.000000 0.000000
56273609.000000 121312.000000 0.000000
56189081.000000 120760.000000 0.000000
56198975.000000 120807.000000 0.000000
56194840.000000 120857.000000 0.000000
56182246.000000 120817.000000 0.000000
56204306.000000 120981.000000 0.000000
56193110.000000 120734.000000 0.000000
56261347.000000 121262.000000 0.000000
56199979.000000 120803.000000 0.000000
56187275.000000 120756.000000 0.000000
56188084.000000 120834.000000 0.000000
56238838.000000 121268.000000 0.000000
56280942.000000 121170.000000 0.000000
56179176.000000 120877.000000 0.000000
56191341.000000 120855.000000 0.000000
56175808.000000 120788.000000 0.000000
56179685.000000 120697.000000 0.000000
56178387.000000 120925.000000 0.000000
56172316.000000 120762.000000 0.000000
56183966.000000 120726.000000 0.000000
56199739.000000 120840.000000 0.000000
56178783.000000 120934.000000 0.000000
56194413.000000 120861.000000 0.000000
56187522.000000 120676.000000 0.000000
56258641.000000 121215.000000 0.000000
56186028.000000 120908.000000 0.000000
56253175.000000 121256.000000 0.000000
56199589.000000 120894.000000 0.000000
56180057.000000 120735.000000 0.000000
56176070.000000 120701.000000 0.000000
56270230.000000 121265.000000 0.000000
56190112.000000 120724.000000 0.000000
56166145.000000 120851.000000 0.000000
56189761.000000 120873.000000 0.000000
56125999.000000 120720.000000 0.000000
56207102.000000 120874.000000 0.000000
56206032.000000 120572.000000 0.000000
56183970.000000 120722.000000 0.000000
56179890.000000 120731.000000 0.000000
56174979.000000 120790.000000 0.000000
56194299.000000 120710.000000 0.000000
56192311.000000 120830.000000 0.000000
56265695.000000 121254.000000 0.000000
56191233.000000 120701.000000 0.000000
56237121.000000 121289.000000 0.000000
56190421.000000 120794.000000 0.000000
56259815.000000 121152.000000 0.000000
56164608.000000 120892.000000 0.000000
56190486.000000 120792.000000 0.000000
56246625.000000 121242.000000 0.000000
56211045.000000 120985.000000 0.000000
56196063.000000 120821.000000 0.000000
56207440.000000 120681.000000 0.000000
56281142.000000 121297.000000 0.000000
56258249.000000 121403.000000 0.000000
56120561.000000 120596.000000 0.000000
56261591.000000 121391.000000 0.000000
56195280.000000 120798.000000 0.000000
56210878.000000 120648.000000 0.000000
56190799.000000 120797.000000 0.000000
56183141.000000 120847.000000 0.000000
56195712.000000 120699.000000 0.000000
56177441.000000 120978.000000 0.000000
56205625.000000 120821.000000 0.000000
56256674.000000 121282.000000 0.000000
56208279.000000 120765.000000 0.000000
56181282.000000 120800.000000 0.000000
56190242.000000 120780.000000 0.000000
56176743.000000 120735.000000 0.000000
56172404.000000 120769.000000 0.000000
56180507.000000 120854.000000 0.000000
56258570.000000 121323.000000 0.000000
56197596.000000 120762.000000 0.000000
56242073.000000 121198.000000 0.000000
56258492.000000 121423.000000 0.000000
56170999.000000 120794.000000 0.000000
56090662.000000 120670.000000 0.000000
56176687.000000 120708.000000 0.000000
56181136.000000 120823.000000 0.000000
56196072.000000 120773.000000 0.000000
56137955.000000 120730.000000 0.000000
