55851697.000000 120243.000000 0.000000
55869467.000000 120160.000000 0.000000
55945882.000000 120551.000000 0.000000
55867523.000000 120169.000000 0.000000
55858364.000000 120282.000000 0.000000
55930421.000000 120560.000000 0.000000
55864358.000000 120250.000000 0.000000
55855482.000000 120182.000000 0.000000
55884982.000000 120136.000000 0.000000
55842316.000000 120224.000000 0.000000
55929879.000000 120563.000000 0.000000
55765961.000000 119983.000000 0.000000
55885668.000000 120381.000000 0.000000
55811851.000000 120141.000000 0.000000
55875626.000000 120271.000000 0.000000
55846388.000000 120277.000000 0.000000
55869543.000000 120226.000000 0.000000
55980919.000000 120752.000000 0.000000
55948184.000000 120564.000000 0.000000
55934635.000000 120539.000000 0.000000
55859296.000000 120238.000000 0.000000
55866763.000000 120307.000000 0.000000
55865645.000000 120146.000000 0.000000
55879281.000000 120371.000000 0.000000
55717060.000000 120214.000000 0.000000
55850061.000000 120235.000000 0.000000
55863520.000000 120586.000000 0.000000
55868331.000000 120226.000000 0.000000
55844676.000000 120260.000000 0.000000
55921349.000000 120686.000000 0.000000
55851332.000000 120322.000000 0.000000
55864803.000000 120241.000000 0.000000
56028765.000000 120745.000000 0.000000
55864397.000000 120157.000000 0.000000
55870920.000000 120151.000000 0.000000
55845528.000000 120097.000000 0.000000
55908634.000000 120262.000000 0.000000
55695853.000000 119998.000000 0.000000
56075551.000000 120875.000000 0.000000
55669903.000000 119785.000000 0.000000
55966907.000000 120535.000000 0.000000
55902675.000000 120332.000000 0.000000
55849314.000000 120259.000000 0.000000
55901408.000000 120384.000000 0.000000
55884183.000000 120284.000000 0.000000
55879621.000000 120269.000000 0.000000
55856251.000000 120144.000000 0.000000
55873808.000000 120203.000000 0.000000
55862807.000000 120296.000000 0.000000
55959643.000000 120735.000000 0.000000
55959380.000000 120606.000000 0.000000
55857552.000000 120227.000000 0.000000
55858055.000000 120185.000000 0.000000
55965798.000000 120639.000000 0.000000
55865938.000000 120373.000000 0.000000
55883859.000000 120541.000000 0.000000
55850998.000000 120376.000000 0.000000
55858950.000000 120194.000000 0.000000
55940063.000000 120575.000000 0.000000
55881441.000000 120202.000000 0.000000
55809121.000000 120149.000000 0.000000
55869003.000000 120201.000000 0.000000
55929367.000000 120617.000000 0.000000
55935704.000000 120590.000000 0.000000
55872807.000000 120418.000000 0.000000
55847512.000000 120217.000000 0.000000
55872703.000000 120329.000000 0.000000
55965890.000000 120533.000000 0.000000
56000267.000000 120677.000000 0.000000
55867266.000000 120284.000000 0.000000
55938271.000000 120591.000000 0.000000
55955423.000000 120587.000000 0.000000
55676364.000000 120051.000000 0.000000
55834868.000000 120373.000000 0.000000
55949709.000000 120572.000000 0.000000
55843587.000000 120230.000000 0.000000
55859788.000000 120194.000000 0.000000
55875882.000000 120324.000000 0.000000
55840840.000000 120277.000000 0.000000
55629460.000000 119847.000000 0.000000
55844203.000000 120120.000000 0.000000
55869956.000000 120148.000000 0.000000
55852819.000000 120193.000000 0.000000
55950505.000000 120641.000000 0.000000
55846805.000000 120282.000000 1.000000
55962098.000000 120564.000000 0.000000
55999822.000000 120789.000000 0.000000
55858296.000000 120327.000000 0.000000
55935127.000000 120753.000000 0.000000
55909338.000000 120577.000000 0.000000
55917194.000000 120640.000000 0.000000
55944264.000000 120557.000000 0.000000
55918677.000000 120509.000000 0.000000
55873967.000000 120274.000000 0.000000
55843071.000000 120175.000000 0.000000
55917710.000000 120455.000000 0.000000
55866096.000000 120279.000000 0.000000
55851743.000000 120494.000000 0.000000
55940201.000000 120683.000000 0.000000
55950475.000000 120474.000000 0.000000
