56190382.000000 121201.000000 0.000000
56114154.000000 120697.000000 0.000000
56120692.000000 120745.000000 0.000000
56122375.000000 120615.000000 0.000000
56129424.000000 120653.000000 0.000000
56114669.000000 120614.000000 0.000000
56197712.000000 121285.000000 0.000000
56068403.000000 120681.000000 0.000000
56119603.000000 120598.000000 0.000000
56171919.000000 121218.000000 0.000000
56135006.000000 120684.000000 0.000000
56188150.000000 121073.000000 0.000000
56135665.000000 120769.000000 0.000000
56110590.000000 120615.000000 0.000000
56114470.000000 120554.000000 0.000000
56168907.000000 121080.000000 0.000000
56181643.000000 121155.000000 0.000000
56132115.000000 120612.000000 0.000000
56110957.000000 120522.000000 0.000000
56095888.000000 120683.000000 0.000000
56100271.000000 120853.000000 0.000000
56140985.000000 120998.000000 0.000000
56093684.000000 120626.000000 0.000000
56166689.000000 121143.000000 0.000000
56088492.000000 120766.000000 0.000000
56165976.000000 121103.000000 0.000000
56118906.000000 120642.000000 0.000000
56109627.000000 120731.000000 0.000000
56180107.000000 121113.000000 0.000000
56172080.000000 121172.000000 0.000000
56161521.000000 121098.000000 0.000000
56077315.000000 120556.000000 0.000000
56122632.000000 120701.000000 0.000000
56085547.000000 120778.000000 0.000000
56029312.000000 120572.000000 0.000000
56178154.000000 121099.000000 0.000000
56164287.000000 121274.000000 0.000000
56090980.000000 120740.000000 0.000000
56112086.000000 120629.000000 0.000000
56087443.000000 120581.000000 0.000000
56137804.000000 120689.000000 0.000000
56119148.000000 120746.000000 0.000000
56121439.000000 120638.000000 0.000000
56097475.000000 120669.000000 0.000000
56161800.000000 121074.000000 0.000000
56101282.000000 120545.000000 0.000000
56112559.000000 120703.000000 0.000000
56128645.000000 120712.000000 0.000000
56173669.000000 121074.000000 0.000000
56120138.000000 120621.000000 0.000000
56107481.000000 120571.000000 0.000000
56132278.000000 120658.000000 0.000000
56172187.000000 121068.000000 0.000000
56132587.000000 120656.000000 0.000000
56178240.000000 121223.000000 0.000000
56188333.000000 121235.000000 0.000000
56105309.000000 120625.000000 0.000000
56124971.000000 120588.000000 0.000000
56183858.000000 121290.000000 0.000000
56091126.000000 120630.000000 0.000000
56072855.000000 120716.000000 0.000000
56168551.000000 121236.000000 0.000000
56189074.000000 121076.000000 0.000000
56098179.000000 120641.000000 0.000000
56183342.000000 121010.000000 0.000000
56115093.000000 120697.000000 0.000000
56136251.000000 120901.000000 0.000000
56154484.000000 120708.000000 0.000000
56192410.000000 121159.000000 0.000000
56187929.000000 121212.000000 0.000000
56183916.000000 121178.000000 0.000000
56109280.000000 120684.000000 0.000000
56066410.000000 120705.000000 0.000000
56171638.000000 121101.000000 0.000000
56200999.000000 121011.000000 0.000000
56101206.000000 120655.000000 0.000000
56182955.000000 121052.000000 0.000000
56117420.000000 120652.000000 0.000000
56113596.000000 120764.000000 0.000000
56099775.000000 120601.000000 0.000000
56099848.000000 120526.000000 0.000000
56125479.000000 120547.000000 0.000000
56158574.000000 121231.000000 0.000000
56169563.000000 121172.000000 0.000000
56114007.000000 120677.000000 0.000000
56088327.000000 120659.000000 0.000000
56101707.000000 120594.000000 0.000000
56118250.000000 120606.000000 0.000000
56116011.000000 120627.000000 0.000000
56190010.000000 120996.000000 0.000000
56122907.000000 120598.000000 0.000000
56108756.000000 120581.000000 0.000000
56120232.000000 120660.000000 0.000000
56092545.000000 120672.000000 0.000000
56100831.000000 120693.000000 0.000000
56199065.000000 121241.000000 0.000000
56097838.000000 120617.000000 0.000000
56182699.000000 121134.000000 0.000000
56125181.000000 120757.000000 0.000000
56103410.000000 120703.000000 0.000000
