55699929.000000 119847.000000 518.000000
55466377.000000 119635.000000 1081.000000
55949144.000000 120681.000000 0.000000
55783170.000000 120259.000000 525.000000
55933370.000000 120611.000000 0.000000
55938666.000000 120674.000000 0.000000
55935601.000000 120803.000000 0.000000
55939671.000000 120642.000000 0.000000
55943595.000000 120778.000000 0.000000
55768061.000000 120151.000000 324.000000
55777552.000000 119889.000000 361.000000
55525426.000000 119631.000000 939.000000
55920176.000000 120669.000000 18.000000
55928330.000000 120761.000000 0.000000
55936618.000000 120659.000000 0.000000
55097346.000000 118591.000000 2360.000000
55582641.000000 119644.000000 817.000000
55450941.000000 119570.000000 1371.000000
55421199.000000 119341.000000 1318.000000
55848331.000000 120281.000000 12.000000
55931076.000000 120570.000000 37.000000
54826180.000000 117995.000000 2990.000000
55909897.000000 120615.000000 0.000000
54861068.000000 118064.000000 3081.000000
55958315.000000 120672.000000 0.000000
55444916.000000 119588.000000 1366.000000
55049327.000000 118836.000000 2701.000000
54895492.000000 118202.000000 2706.000000
54554224.000000 117705.000000 0.000000
55698286.000000 120162.000000 423.000000
55871122.000000 120227.000000 17.000000
55769518.000000 119959.000000 372.000000
55868796.000000 120343.000000 0.000000
55864651.000000 120293.000000 0.000000
55854607.000000 120020.000000 0.000000
55885242.000000 120201.000000 0.000000
55905885.000000 120673.000000 72.000000
55001051.000000 118682.000000 2733.000000
55456345.000000 119613.000000 1435.000000
55320414.000000 119353.000000 1334.000000
55938845.000000 120678.000000 14.000000
55929331.000000 120692.000000 41.000000
55465639.000000 119716.000000 1349.000000
55937461.000000 120845.000000 0.000000
55759059.000000 120408.000000 73.000000
55909201.000000 120508.000000 0.000000
55951627.000000 120715.000000 0.000000
55915128.000000 120732.000000 0.000000
54814106.000000 118309.000000 3137.000000
55498929.000000 119676.000000 1274.000000
55035546.000000 118735.000000 2669.000000
56002465.000000 120823.000000 18.000000
55751145.000000 119905.000000 361.000000
55467374.000000 119750.000000 1305.000000
55137014.000000 118874.000000 2340.000000
55198995.000000 119027.000000 2180.000000
55901964.000000 120633.000000 0.000000
54951339.000000 118655.000000 2793.000000
55918789.000000 120651.000000 0.000000
55859445.000000 120561.000000 368.000000
55276634.000000 119405.000000 1399.000000
55928176.000000 120741.000000 18.000000
54960355.000000 118686.000000 2823.000000
54510852.000000 117387.000000 3801.000000
55851800.000000 120218.000000 0.000000
55928027.000000 120682.000000 62.000000
55876801.000000 120176.000000 0.000000
55884866.000000 120510.000000 154.000000
55931703.000000 120909.000000 0.000000
55870259.000000 120350.000000 182.000000
55604109.000000 119943.000000 994.000000
55842925.000000 120170.000000 0.000000
55906755.000000 120600.000000 0.000000
55926662.000000 120714.000000 0.000000
55940866.000000 120705.000000 0.000000
55917622.000000 120571.000000 0.000000
55950862.000000 120677.000000 0.000000
55938312.000000 120659.000000 0.000000
55458435.000000 119432.000000 1194.000000
55782108.000000 120164.000000 249.000000
55908596.000000 120776.000000 0.000000
55916064.000000 120737.000000 0.000000
55927764.000000 120573.000000 0.000000
55934817.000000 120747.000000 0.000000
55944576.000000 120749.000000 0.000000
55961809.000000 120631.000000 0.000000
55683443.000000 119753.000000 560.000000
55933896.000000 120755.000000 0.000000
55928924.000000 120616.000000 0.000000
54951353.000000 118519.000000 2813.000000
55444666.000000 119652.000000 1412.000000
55940871.000000 120752.000000 0.000000
55311856.000000 119034.000000 1665.000000
55766717.000000 120291.000000 545.000000
55848191.000000 120220.000000 0.000000
55337477.000000 119081.000000 1414.000000
55932674.000000 120590.000000 10.000000
55430990.000000 119353.000000 1219.000000
55924021.000000 120630.000000 0.000000
55902660.000000 120651.000000 0.000000
