55967321.000000 120673.000000 1.000000
55992221.000000 120706.000000 0.000000
56000093.000000 120640.000000 0.000000
55980310.000000 120784.000000 0.000000
55904635.000000 120384.000000 0.000000
55957274.000000 120652.000000 0.000000
55901636.000000 120193.000000 0.000000
55975072.000000 120819.000000 0.000000
55905368.000000 120202.000000 0.000000
55915749.000000 120383.000000 0.000000
55969682.000000 120702.000000 0.000000
55986329.000000 120893.000000 0.000000
55989709.000000 120700.000000 0.000000
55999744.000000 120835.000000 0.000000
55965604.000000 120797.000000 0.000000
55805216.000000 120407.000000 0.000000
55983420.000000 120893.000000 0.000000
55984011.000000 120702.000000 0.000000
56004747.000000 120738.000000 0.000000
55967049.000000 120775.000000 0.000000
55889407.000000 120351.000000 0.000000
56005997.000000 120869.000000 0.000000
55620106.000000 120018.000000 0.000000
55983089.000000 120875.000000 0.000000
55992882.000000 120752.000000 0.000000
56004309.000000 120854.000000 0.000000
55997129.000000 120976.000000 0.000000
55979985.000000 120685.000000 0.000000
55998855.000000 120707.000000 0.000000
55922719.000000 120254.000000 0.000000
55976586.000000 120821.000000 0.000000
56000623.000000 120782.000000 0.000000
55982815.000000 120780.000000 0.000000
55992903.000000 120728.000000 0.000000
55988968.000000 120796.000000 0.000000
55991130.000000 120781.000000 0.000000
55912565.000000 120185.000000 0.000000
55755951.000000 120285.000000 0.000000
55907908.000000 120239.000000 0.000000
55994426.000000 120768.000000 0.000000
55892697.000000 120246.000000 0.000000
55983449.000000 120699.000000 0.000000
55922714.000000 120430.000000 0.000000
55883266.000000 120249.000000 0.000000
55893304.000000 120195.000000 0.000000
55949910.000000 120560.000000 1.000000
55878764.000000 120318.000000 0.000000
55978007.000000 120733.000000 0.000000
55978276.000000 120697.000000 0.000000
56003761.000000 120722.000000 0.000000
55990336.000000 120883.000000 0.000000
55992424.000000 120796.000000 0.000000
55976555.000000 120657.000000 0.000000
56002683.000000 120806.000000 0.000000
55960108.000000 120730.000000 0.000000
55993727.000000 120684.000000 0.000000
55951958.000000 120759.000000 0.000000
55978756.000000 120820.000000 0.000000
55762275.000000 120313.000000 0.000000
55978935.000000 120716.000000 0.000000
55875065.000000 120303.000000 0.000000
55898696.000000 120363.000000 0.000000
55909787.000000 120345.000000 1.000000
55863820.000000 120151.000000 0.000000
55985038.000000 120919.000000 0.000000
56006674.000000 120880.000000 0.000000
55970020.000000 120699.000000 0.000000
55865687.000000 120400.000000 0.000000
55966941.000000 120710.000000 0.000000
55984867.000000 120905.000000 0.000000
55987840.000000 120861.000000 0.000000
56000649.000000 120730.000000 0.000000
55976297.000000 120824.000000 0.000000
55978073.000000 120900.000000 0.000000
55991916.000000 120853.000000 0.000000
55972617.000000 120748.000000 0.000000
55987731.000000 120782.000000 0.000000
56004343.000000 120636.000000 0.000000
55945634.000000 120505.000000 0.000000
55996580.000000 120728.000000 0.000000
55875398.000000 120375.000000 0.000000
55999933.000000 120913.000000 1.000000
55751869.000000 120446.000000 0.000000
55992439.000000 120691.000000 0.000000
55908204.000000 120357.000000 0.000000
55904682.000000 120436.000000 0.000000
55910701.000000 120344.000000 0.000000
56013833.000000 120893.000000 0.000000
55779493.000000 120228.000000 0.000000
55912624.000000 120179.000000 0.000000
55992043.000000 120745.000000 0.000000
56001455.000000 120837.000000 0.000000
55951775.000000 120783.000000 0.000000
55982973.000000 120738.000000 0.000000
55768121.000000 120504.000000 0.000000
55978466.000000 120733.000000 0.000000
55993857.000000 120747.000000 0.000000
55993805.000000 120742.000000 0.000000
55903327.000000 120217.000000 0.000000
55916852.000000 120299.000000 0.000000
