56156724.000000 121217.000000 0.000000
56179047.000000 121031.000000 0.000000
56114224.000000 120717.000000 0.000000
55991405.000000 120764.000000 0.000000
56156336.000000 121094.000000 0.000000
56153064.000000 121088.000000 0.000000
56178165.000000 120984.000000 0.000000
56085304.000000 120654.000000 0.000000
56167404.000000 121140.000000 0.000000
56079742.000000 120604.000000 0.000000
56164988.000000 121087.000000 0.000000
56078164.000000 121259.000000 0.000000
56095943.000000 120749.000000 0.000000
56161821.000000 121041.000000 0.000000
56150796.000000 121165.000000 0.000000
56177890.000000 121221.000000 0.000000
55984591.000000 120731.000000 0.000000
56175777.000000 121024.000000 0.000000
56161681.000000 121077.000000 0.000000
56104468.000000 120748.000000 0.000000
56134701.000000 120987.000000 0.000000
56083246.000000 120709.000000 0.000000
56081479.000000 120675.000000 0.000000
56169610.000000 121080.000000 0.000000
56172583.000000 121250.000000 0.000000
56140386.000000 121124.000000 0.000000
56175346.000000 121176.000000 0.000000
56174308.000000 121024.000000 0.000000
56158995.000000 121003.000000 0.000000
56171347.000000 121134.000000 0.000000
56156897.000000 121215.000000 0.000000
56095809.000000 120675.000000 0.000000
56167581.000000 121069.000000 0.000000
56091695.000000 120600.000000 0.000000
56168563.000000 121011.000000 0.000000
56100716.000000 120886.000000 0.000000
56164604.000000 121137.000000 0.000000
55980188.000000 120546.000000 0.000000
56190895.000000 120945.000000 0.000000
56140701.000000 120999.000000 0.000000
56148613.000000 121168.000000 0.000000
56157082.000000 121026.000000 0.000000
56154160.000000 121019.000000 0.000000
56098166.000000 120502.000000 0.000000
56149803.000000 121053.000000 0.000000
56103202.000000 120659.000000 0.000000
56150158.000000 121129.000000 0.000000
56038524.000000 120600.000000 0.000000
56094625.000000 120682.000000 0.000000
56146858.000000 121045.000000 0.000000
56076377.000000 120511.000000 0.000000
56078988.000000 120639.000000 0.000000
56067680.000000 120721.000000 0.000000
56162343.000000 120994.000000 0.000000
56166755.000000 121214.000000 0.000000
56000282.000000 120499.000000 0.000000
56004680.000000 120718.000000 0.000000
56058128.000000 120697.000000 0.000000
56078732.000000 120402.000000 0.000000
55920350.000000 120683.000000 0.000000
56085705.000000 120490.000000 0.000000
56119627.000000 121077.000000 0.000000
56138536.000000 121086.000000 0.000000
56086383.000000 120637.000000 0.000000
56088106.000000 120468.000000 0.000000
56118729.000000 121014.000000 0.000000
56169887.000000 121237.000000 0.000000
56154630.000000 120996.000000 0.000000
56157163.000000 121216.000000 0.000000
55914271.000000 120507.000000 0.000000
56097285.000000 120566.000000 0.000000
56048492.000000 120606.000000 0.000000
56119916.000000 120767.000000 0.000000
56110233.000000 120573.000000 0.000000
56077175.000000 120676.000000 0.000000
56185603.000000 121088.000000 0.000000
56086504.000000 120557.000000 0.000000
56069836.000000 120548.000000 0.000000
56192730.000000 120918.000000 0.000000
56174134.000000 121142.000000 0.000000
56108364.000000 120896.000000 0.000000
56171746.000000 121221.000000 0.000000
56164183.000000 120993.000000 0.000000
56092667.000000 120600.000000 0.000000
56170559.000000 121136.000000 0.000000
56161048.000000 121135.000000 0.000000
56173357.000000 121010.000000 0.000000
56185718.000000 121094.000000 0.000000
56157928.000000 121080.000000 0.000000
56184916.000000 121140.000000 0.000000
56181662.000000 121075.000000 0.000000
56118890.000000 120813.000000 0.000000
56179813.000000 121142.000000 0.000000
56173947.000000 121090.000000 0.000000
56163578.000000 121075.000000 0.000000
56028421.000000 120604.000000 0.000000
56114435.000000 120945.000000 0.000000
56072922.000000 120639.000000 0.000000
56172767.000000 121039.000000 0.000000
56098896.000000 120822.000000 0.000000
