55801624.000000 120353.000000 0.000000
55712015.000000 120026.000000 0.000000
55731875.000000 119927.000000 0.000000
55718427.000000 119971.000000 0.000000
55720919.000000 119958.000000 0.000000
55737142.000000 119902.000000 0.000000
55781784.000000 120538.000000 0.000000
55713143.000000 119993.000000 0.000000
54376484.000000 117308.000000 0.000000
55717453.000000 119908.000000 0.000000
55733936.000000 119963.000000 0.000000
55728358.000000 120068.000000 0.000000
55679932.000000 120041.000000 0.000000
55709532.000000 119978.000000 0.000000
55697528.000000 119904.000000 0.000000
55703806.000000 119972.000000 0.000000
55724020.000000 120078.000000 0.000000
55716445.000000 119913.000000 0.000000
55745080.000000 120123.000000 0.000000
55791724.000000 120452.000000 0.000000
55719187.000000 119990.000000 0.000000
55683887.000000 119889.000000 0.000000
55775701.000000 120540.000000 0.000000
55744294.000000 120350.000000 0.000000
55712016.000000 119967.000000 0.000000
55704619.000000 120093.000000 0.000000
55689914.000000 119937.000000 0.000000
55726303.000000 120092.000000 0.000000
55735164.000000 119943.000000 0.000000
55707712.000000 119861.000000 0.000000
55709942.000000 119987.000000 0.000000
55717913.000000 119901.000000 0.000000
55724756.000000 120000.000000 0.000000
55761540.000000 120265.000000 0.000000
55702809.000000 119980.000000 0.000000
55726466.000000 119965.000000 0.000000
55717851.000000 119924.000000 0.000000
55739339.000000 120252.000000 0.000000
55780419.000000 120463.000000 0.000000
55709673.000000 119989.000000 0.000000
55733589.000000 119948.000000 0.000000
55777985.000000 120545.000000 0.000000
55702174.000000 120050.000000 0.000000
55704694.000000 119941.000000 0.000000
55702659.000000 119830.000000 0.000000
55746735.000000 120363.000000 0.000000
55710623.000000 119958.000000 0.000000
55722333.000000 120082.000000 0.000000
55674738.000000 119990.000000 0.000000
55753654.000000 120316.000000 0.000000
55716755.000000 119981.000000 0.000000
55704157.000000 120060.000000 0.000000
55756923.000000 120405.000000 0.000000
55690737.000000 119913.000000 0.000000
55716053.000000 119998.000000 0.000000
55718238.000000 120154.000000 0.000000
55705506.000000 120030.000000 0.000000
55637730.000000 120161.000000 0.000000
55701038.000000 120023.000000 0.000000
55707954.000000 120055.000000 0.000000
55795886.000000 120392.000000 0.000000
55697689.000000 119928.000000 0.000000
55705246.000000 120024.000000 0.000000
55692881.000000 120092.000000 0.000000
55726219.000000 119881.000000 0.000000
55751532.000000 119960.000000 0.000000
55737590.000000 119967.000000 0.000000
55710844.000000 119988.000000 0.000000
55691167.000000 120096.000000 0.000000
55724160.000000 120014.000000 0.000000
55698127.000000 119873.000000 0.000000
55705689.000000 120019.000000 0.000000
55681939.000000 119959.000000 0.000000
55681732.000000 119826.000000 0.000000
55702251.000000 119904.000000 0.000000
55719030.000000 119955.000000 0.000000
55685975.000000 120163.000000 0.000000
55693717.000000 119952.000000 0.000000
55707880.000000 120148.000000 0.000000
55709020.000000 120039.000000 0.000000
55550100.000000 119643.000000 0.000000
55760170.000000 120471.000000 0.000000
55712695.000000 120040.000000 0.000000
55717383.000000 120119.000000 0.000000
55797632.000000 120581.000000 0.000000
55698934.000000 119935.000000 0.000000
55707284.000000 120000.000000 0.000000
55771380.000000 120339.000000 0.000000
55756026.000000 120225.000000 0.000000
55689237.000000 119971.000000 0.000000
55721005.000000 120020.000000 0.000000
55702976.000000 119837.000000 0.000000
55707173.000000 119913.000000 0.000000
55713303.000000 120006.000000 0.000000
55795489.000000 120479.000000 0.000000
55678134.000000 119944.000000 0.000000
55716409.000000 119847.000000 0.000000
55701327.000000 119998.000000 0.000000
55718115.000000 119946.000000 0.000000
55704644.000000 119939.000000 0.000000
