56272863.000000 121119.000000 0.000000
56262450.000000 121232.000000 0.000000
56257440.000000 121289.000000 0.000000
56199612.000000 120916.000000 0.000000
56254837.000000 121212.000000 0.000000
56122111.000000 121055.000000 0.000000
56169918.000000 120822.000000 0.000000
56267865.000000 121218.000000 0.000000
56268279.000000 121221.000000 0.000000
56273463.000000 121238.000000 0.000000
56234521.000000 121221.000000 0.000000
56175125.000000 121478.000000 0.000000
56261547.000000 121161.000000 0.000000
56198526.000000 121086.000000 0.000000
56262697.000000 121277.000000 0.000000
56263102.000000 121255.000000 0.000000
56090056.000000 120900.000000 0.000000
56226390.000000 121251.000000 0.000000
56170064.000000 120657.000000 0.000000
55912882.000000 120083.000000 0.000000
56204501.000000 121001.000000 0.000000
56252061.000000 121250.000000 0.000000
56164995.000000 120824.000000 0.000000
56242695.000000 121252.000000 0.000000
56167456.000000 120815.000000 0.000000
56225063.000000 121182.000000 0.000000
56243185.000000 121164.000000 0.000000
56151051.000000 121342.000000 0.000000
56257052.000000 121160.000000 0.000000
56159908.000000 120833.000000 0.000000
56270753.000000 121147.000000 0.000000
56237975.000000 121170.000000 0.000000
56278723.000000 121224.000000 0.000000
56243745.000000 121249.000000 0.000000
56171945.000000 120769.000000 0.000000
56241804.000000 121075.000000 0.000000
56167410.000000 120683.000000 0.000000
56238085.000000 121199.000000 0.000000
56262547.000000 121262.000000 0.000000
56252692.000000 121223.000000 0.000000
56256115.000000 121317.000000 0.000000
56203750.000000 121132.000000 0.000000
56251218.000000 121244.000000 0.000000
56251324.000000 121195.000000 0.000000
56252581.000000 121257.000000 0.000000
56239329.000000 121170.000000 0.000000
56258231.000000 121327.000000 0.000000
56249255.000000 121280.000000 0.000000
56171660.000000 120780.000000 0.000000
56038944.000000 120764.000000 0.000000
56255773.000000 121176.000000 0.000000
56248751.000000 121221.000000 0.000000
56254527.000000 121154.000000 0.000000
56256783.000000 121070.000000 0.000000
56263189.000000 121148.000000 0.000000
56256744.000000 121172.000000 0.000000
56252211.000000 121169.000000 0.000000
56249516.000000 121197.000000 0.000000
56235726.000000 121201.000000 0.000000
56234827.000000 121158.000000 0.000000
56268011.000000 121178.000000 0.000000
56121225.000000 120685.000000 0.000000
56252725.000000 121088.000000 0.000000
56246578.000000 121325.000000 0.000000
56242197.000000 121258.000000 0.000000
55665707.000000 119656.000000 0.000000
56149809.000000 120967.000000 0.000000
56173907.000000 120829.000000 0.000000
56277285.000000 121196.000000 0.000000
56261155.000000 121311.000000 0.000000
56174708.000000 121486.000000 0.000000
55973038.000000 120393.000000 0.000000
56260087.000000 121080.000000 0.000000
56187248.000000 120900.000000 0.000000
56186503.000000 120870.000000 0.000000
56249680.000000 121274.000000 0.000000
56248502.000000 121262.000000 0.000000
56263092.000000 121206.000000 0.000000
56246390.000000 121250.000000 0.000000
56253864.000000 121108.000000 0.000000
56170136.000000 120920.000000 0.000000
56236989.000000 121162.000000 0.000000
56163308.000000 120826.000000 0.000000
56157872.000000 120895.000000 0.000000
56260036.000000 121239.000000 0.000000
56179710.000000 120852.000000 0.000000
56259735.000000 121210.000000 0.000000
56199007.000000 120820.000000 0.000000
56182684.000000 120799.000000 0.000000
56139843.000000 120878.000000 0.000000
56244049.000000 121090.000000 0.000000
56260662.000000 121184.000000 0.000000
55985653.000000 120722.000000 0.000000
56265167.000000 121280.000000 0.000000
56269292.000000 121212.000000 0.000000
56251251.000000 121181.000000 0.000000
56249587.000000 121169.000000 0.000000
56241364.000000 121239.000000 0.000000
56164453.000000 120727.000000 0.000000
56166347.000000 121414.000000 0.000000
