56208271.000000 120957.000000 0.000000
56261451.000000 121269.000000 0.000000
56250241.000000 121301.000000 0.000000
56259684.000000 121229.000000 0.000000
56207660.000000 120719.000000 0.000000
56247586.000000 121256.000000 0.000000
56236762.000000 121350.000000 0.000000
56284095.000000 121144.000000 0.000000
56269087.000000 121281.000000 0.000000
56257024.000000 121182.000000 0.000000
56199519.000000 120789.000000 0.000000
56027870.000000 120747.000000 0.000000
56273157.000000 121179.000000 0.000000
56258667.000000 121407.000000 0.000000
56210167.000000 120882.000000 0.000000
56182899.000000 121107.000000 0.000000
56278909.000000 121101.000000 0.000000
56196099.000000 120765.000000 0.000000
56252481.000000 121233.000000 0.000000
56270411.000000 121265.000000 0.000000
56262472.000000 121317.000000 0.000000
56263108.000000 121301.000000 0.000000
56194461.000000 120761.000000 0.000000
56163763.000000 120943.000000 0.000000
56272244.000000 121228.000000 0.000000
56279231.000000 121152.000000 0.000000
56235391.000000 121215.000000 0.000000
56269348.000000 121334.000000 0.000000
56197723.000000 120606.000000 0.000000
56248174.000000 121227.000000 0.000000
56166647.000000 120776.000000 0.000000
56257838.000000 121205.000000 0.000000
56206172.000000 120873.000000 0.000000
56278001.000000 121101.000000 0.000000
56222787.000000 121008.000000 0.000000
55677959.000000 119748.000000 0.000000
56232651.000000 121185.000000 0.000000
56247628.000000 121181.000000 0.000000
56105621.000000 120793.000000 0.000000
56244982.000000 121209.000000 0.000000
56174304.000000 120895.000000 0.000000
56060254.000000 120665.000000 0.000000
55928929.000000 120789.000000 0.000000
56178730.000000 120924.000000 0.000000
56195825.000000 120724.000000 0.000000
56165863.000000 120791.000000 0.000000
56195111.000000 120742.000000 0.000000
56256877.000000 121162.000000 0.000000
56180489.000000 120732.000000 0.000000
56281033.000000 121248.000000 0.000000
56182643.000000 120853.000000 0.000000
56207290.000000 120765.000000 0.000000
56256250.000000 121170.000000 0.000000
56268400.000000 121122.000000 0.000000
56261085.000000 121430.000000 0.000000
56134228.000000 120656.000000 0.000000
56277869.000000 121266.000000 0.000000
56207922.000000 120826.000000 0.000000
56197227.000000 120670.000000 0.000000
56186601.000000 120893.000000 0.000000
56190848.000000 120648.000000 0.000000
56015308.000000 120753.000000 0.000000
56186544.000000 120694.000000 0.000000
56260975.000000 121295.000000 0.000000
56267523.000000 121389.000000 0.000000
56151854.000000 121472.000000 0.000000
56190079.000000 120842.000000 0.000000
56259113.000000 121337.000000 0.000000
56259571.000000 121259.000000 0.000000
56248387.000000 121328.000000 0.000000
56247519.000000 121160.000000 0.000000
56192450.000000 120721.000000 0.000000
56226858.000000 120997.000000 0.000000
56271937.000000 121162.000000 0.000000
56260508.000000 121248.000000 0.000000
56192717.000000 120897.000000 0.000000
56052988.000000 120798.000000 0.000000
56274406.000000 121342.000000 0.000000
56204064.000000 120686.000000 0.000000
56202190.000000 120834.000000 0.000000
56266954.000000 121158.000000 0.000000
56270102.000000 121169.000000 0.000000
56199395.000000 120735.000000 0.000000
56205005.000000 120688.000000 0.000000
56254252.000000 121332.000000 0.000000
56269147.000000 121135.000000 0.000000
56260191.000000 121242.000000 0.000000
56266372.000000 121163.000000 0.000000
56089471.000000 120895.000000 0.000000
56283930.000000 121275.000000 0.000000
56206300.000000 120872.000000 0.000000
56277785.000000 121248.000000 0.000000
56251982.000000 121358.000000 0.000000
56118662.000000 120691.000000 0.000000
56181823.000000 120833.000000 0.000000
56237958.000000 121352.000000 0.000000
56277811.000000 121327.000000 0.000000
56194290.000000 120664.000000 0.000000
56253410.000000 121310.000000 0.000000
56185185.000000 120817.000000 0.000000
