56174252.000000 120848.000000 0.000000
56292051.000000 121310.000000 0.000000
56195006.000000 120952.000000 0.000000
56194418.000000 121008.000000 0.000000
56279971.000000 121158.000000 0.000000
56265478.000000 121298.000000 0.000000
56258338.000000 121434.000000 0.000000
56277085.000000 121306.000000 0.000000
56183513.000000 120934.000000 0.000000
56157887.000000 120896.000000 0.000000
56283236.000000 121266.000000 0.000000
56246668.000000 121244.000000 0.000000
56271802.000000 121386.000000 0.000000
56238363.000000 121321.000000 0.000000
56206004.000000 120815.000000 0.000000
56258543.000000 121114.000000 0.000000
56261990.000000 121172.000000 0.000000
56219501.000000 121247.000000 0.000000
56285162.000000 121241.000000 0.000000
56195755.000000 120993.000000 0.000000
56283990.000000 121439.000000 0.000000
56267860.000000 121288.000000 0.000000
56202797.000000 120820.000000 0.000000
56180518.000000 121008.000000 0.000000
56302801.000000 121277.000000 0.000000
56276205.000000 121360.000000 0.000000
56308175.000000 121399.000000 0.000000
56293372.000000 121372.000000 0.000000
56281815.000000 121219.000000 0.000000
56287677.000000 121392.000000 0.000000
56180696.000000 120843.000000 0.000000
56276086.000000 121394.000000 0.000000
56266884.000000 121341.000000 0.000000
56262802.000000 121308.000000 0.000000
56281669.000000 121451.000000 0.000000
56182885.000000 120875.000000 0.000000
56183819.000000 120883.000000 0.000000
56274466.000000 121248.000000 0.000000
56290741.000000 121378.000000 0.000000
56176547.000000 120995.000000 0.000000
56246967.000000 121452.000000 0.000000
56261292.000000 121229.000000 0.000000
56272692.000000 121393.000000 0.000000
56265137.000000 121297.000000 0.000000
56276550.000000 121321.000000 0.000000
56207486.000000 121125.000000 0.000000
56270114.000000 121358.000000 0.000000
56274950.000000 121412.000000 0.000000
56278246.000000 121459.000000 0.000000
56239686.000000 121212.000000 0.000000
56197530.000000 120901.000000 0.000000
56294619.000000 121480.000000 0.000000
56207170.000000 121004.000000 0.000000
56257071.000000 121310.000000 0.000000
56262839.000000 121298.000000 0.000000
56271677.000000 121419.000000 0.000000
56276322.000000 121288.000000 0.000000
56188138.000000 120948.000000 0.000000
56245797.000000 121340.000000 0.000000
56261661.000000 121368.000000 0.000000
56177731.000000 120835.000000 0.000000
56176386.000000 120993.000000 0.000000
56291036.000000 121335.000000 0.000000
56161930.000000 120900.000000 0.000000
56186878.000000 120788.000000 0.000000
56186138.000000 120966.000000 0.000000
56275306.000000 121297.000000 0.000000
56270324.000000 121386.000000 0.000000
56275737.000000 121244.000000 0.000000
56266750.000000 121347.000000 0.000000
56162154.000000 121001.000000 0.000000
56219729.000000 121077.000000 0.000000
56285740.000000 121277.000000 0.000000
56228167.000000 121165.000000 0.000000
56180960.000000 120975.000000 0.000000
56274236.000000 121250.000000 0.000000
56160242.000000 120933.000000 0.000000
56271444.000000 121318.000000 0.000000
56267518.000000 121370.000000 0.000000
56276633.000000 121202.000000 0.000000
56271916.000000 121374.000000 0.000000
56180596.000000 120785.000000 0.000000
56270893.000000 121267.000000 0.000000
56257070.000000 121382.000000 0.000000
56286726.000000 121358.000000 0.000000
56256236.000000 121244.000000 0.000000
56274597.000000 121306.000000 0.000000
56171147.000000 120970.000000 0.000000
56176175.000000 120863.000000 0.000000
56089114.000000 120649.000000 0.000000
56221460.000000 120992.000000 0.000000
56184731.000000 120967.000000 0.000000
56170518.000000 120893.000000 0.000000
56265657.000000 121248.000000 0.000000
56278395.000000 121323.000000 0.000000
56275338.000000 121377.000000 0.000000
56162780.000000 120898.000000 0.000000
56176027.000000 120846.000000 0.000000
56291051.000000 121275.000000 0.000000
56256723.000000 121345.000000 0.000000
