55836962.000000 120405.000000 0.000000
55731956.000000 119863.000000 0.000000
55729900.000000 120006.000000 0.000000
55712308.000000 120094.000000 0.000000
55737792.000000 120045.000000 0.000000
55740713.000000 120080.000000 0.000000
55747064.000000 119987.000000 0.000000
55826290.000000 120476.000000 0.000000
55809917.000000 120475.000000 0.000000
55718227.000000 119973.000000 0.000000
55816392.000000 120445.000000 0.000000
55732381.000000 120046.000000 0.000000
55719633.000000 119858.000000 0.000000
55695761.000000 120255.000000 0.000000
55818454.000000 120476.000000 0.000000
55691161.000000 120283.000000 0.000000
55703732.000000 120096.000000 0.000000
55753834.000000 120096.000000 0.000000
55609643.000000 119747.000000 0.000000
55677073.000000 120170.000000 0.000000
55899037.000000 120677.000000 0.000000
55730639.000000 120069.000000 0.000000
55711253.000000 120001.000000 0.000000
55673594.000000 120340.000000 0.000000
55749802.000000 120051.000000 0.000000
55721089.000000 120051.000000 0.000000
55634930.000000 120029.000000 0.000000
55746324.000000 119992.000000 0.000000
55744366.000000 120042.000000 0.000000
55826871.000000 120491.000000 0.000000
55674139.000000 120274.000000 0.000000
55714544.000000 120139.000000 0.000000
55815636.000000 120488.000000 0.000000
55722785.000000 119842.000000 0.000000
55833824.000000 120403.000000 0.000000
55723279.000000 119967.000000 0.000000
55734909.000000 120185.000000 0.000000
55828997.000000 120478.000000 0.000000
55753595.000000 120098.000000 0.000000
55762739.000000 119923.000000 0.000000
55717576.000000 120006.000000 0.000000
55745155.000000 120064.000000 0.000000
55756104.000000 119937.000000 0.000000
55751919.000000 120137.000000 0.000000
55747375.000000 119902.000000 0.000000
55761936.000000 120182.000000 0.000000
55836192.000000 120511.000000 0.000000
55734155.000000 120053.000000 0.000000
55736664.000000 120076.000000 0.000000
55743980.000000 119865.000000 0.000000
55763687.000000 120042.000000 0.000000
55843728.000000 120570.000000 0.000000
55753435.000000 120092.000000 0.000000
55751432.000000 119817.000000 0.000000
55744008.000000 120016.000000 0.000000
55745433.000000 120049.000000 0.000000
55709659.000000 120103.000000 0.000000
55719145.000000 120013.000000 0.000000
55774245.000000 119990.000000 0.000000
55745745.000000 120029.000000 0.000000
55745051.000000 120100.000000 0.000000
55759312.000000 120108.000000 0.000000
55800518.000000 120565.000000 0.000000
55712284.000000 119975.000000 0.000000
55740097.000000 119946.000000 0.000000
55718386.000000 119954.000000 0.000000
55747172.000000 119945.000000 0.000000
55730175.000000 119890.000000 0.000000
55662691.000000 120306.000000 0.000000
55792980.000000 120423.000000 0.000000
55739247.000000 120117.000000 0.000000
55751533.000000 120107.000000 0.000000
55741878.000000 120155.000000 0.000000
55691984.000000 120338.000000 0.000000
55658453.000000 120180.000000 0.000000
55821872.000000 120556.000000 0.000000
55820683.000000 120599.000000 0.000000
55749295.000000 120585.000000 0.000000
55732253.000000 120132.000000 0.000000
55718171.000000 120091.000000 0.000000
55719413.000000 119972.000000 0.000000
55736147.000000 120144.000000 0.000000
55686275.000000 120329.000000 0.000000
55753173.000000 119972.000000 0.000000
55724097.000000 119978.000000 0.000000
55724441.000000 120125.000000 0.000000
55455995.000000 119370.000000 0.000000
55741041.000000 119947.000000 0.000000
55732320.000000 120024.000000 0.000000
55734675.000000 120014.000000 0.000000
55724554.000000 119947.000000 0.000000
55729394.000000 119943.000000 0.000000
55699957.000000 120184.000000 0.000000
55745500.000000 120158.000000 0.000000
55536386.000000 120101.000000 0.000000
55744196.000000 120149.000000 0.000000
55682646.000000 120382.000000 0.000000
55642341.000000 119819.000000 0.000000
55752547.000000 120106.000000 0.000000
55718491.000000 120093.000000 0.000000
