56077230.000000 120739.000000 0.000000
56146698.000000 121164.000000 0.000000
56075954.000000 120730.000000 0.000000
56218292.000000 121180.000000 0.000000
56164665.000000 121062.000000 0.000000
56233967.000000 121146.000000 0.000000
56208351.000000 121088.000000 0.000000
56120580.000000 120786.000000 0.000000
56133109.000000 121107.000000 0.000000
56060321.000000 120690.000000 0.000000
56068007.000000 120673.000000 0.000000
56116541.000000 120668.000000 0.000000
56060766.000000 120661.000000 0.000000
56133029.000000 120884.000000 0.000000
55809521.000000 119996.000000 0.000000
56077517.000000 120487.000000 0.000000
56030273.000000 120453.000000 0.000000
56126068.000000 121060.000000 0.000000
56054852.000000 120598.000000 0.000000
56096378.000000 120735.000000 0.000000
56063670.000000 120597.000000 0.000000
56079357.000000 120544.000000 0.000000
56120100.000000 120669.000000 0.000000
56097028.000000 120628.000000 0.000000
56068149.000000 120642.000000 0.000000
56141234.000000 120983.000000 0.000000
56176151.000000 121079.000000 0.000000
55834850.000000 119996.000000 0.000000
56060320.000000 120533.000000 0.000000
56200421.000000 121081.000000 0.000000
56117789.000000 120851.000000 0.000000
56081610.000000 120599.000000 0.000000
56111281.000000 120683.000000 0.000000
56217681.000000 121209.000000 0.000000
56149344.000000 120849.000000 0.000000
56168881.000000 120917.000000 0.000000
56180842.000000 121119.000000 0.000000
56137327.000000 121180.000000 0.000000
56054239.000000 120618.000000 0.000000
56131008.000000 120742.000000 0.000000
56205786.000000 121253.000000 0.000000
56196356.000000 121050.000000 0.000000
56095893.000000 120561.000000 0.000000
56213145.000000 121190.000000 0.000000
56159588.000000 120797.000000 0.000000
56073243.000000 120535.000000 0.000000
56120941.000000 120788.000000 0.000000
56065122.000000 120512.000000 0.000000
56076126.000000 120628.000000 0.000000
56095018.000000 120679.000000 0.000000
56078169.000000 120582.000000 0.000000
56185126.000000 120951.000000 0.000000
56196506.000000 121201.000000 0.000000
56213124.000000 121055.000000 0.000000
56050387.000000 120587.000000 0.000000
56076151.000000 120588.000000 0.000000
56122713.000000 121052.000000 0.000000
56044420.000000 120748.000000 0.000000
56211875.000000 121117.000000 0.000000
56213756.000000 121065.000000 0.000000
56077631.000000 120574.000000 0.000000
56118342.000000 120847.000000 0.000000
55841742.000000 120212.000000 0.000000
56066196.000000 120532.000000 0.000000
56175127.000000 121128.000000 0.000000
56189749.000000 121041.000000 0.000000
56079230.000000 120587.000000 0.000000
56195944.000000 121311.000000 0.000000
56170165.000000 120982.000000 0.000000
56090049.000000 120659.000000 0.000000
56202046.000000 121106.000000 0.000000
56172002.000000 121187.000000 0.000000
56163221.000000 121057.000000 0.000000
56030598.000000 120512.000000 0.000000
56171933.000000 120790.000000 0.000000
56100965.000000 120551.000000 0.000000
56074085.000000 120593.000000 0.000000
56201781.000000 121055.000000 0.000000
56008795.000000 120445.000000 0.000000
56064155.000000 120692.000000 0.000000
56189433.000000 121008.000000 0.000000
56152610.000000 121163.000000 0.000000
56216391.000000 121116.000000 0.000000
56086823.000000 120635.000000 0.000000
56065449.000000 120517.000000 0.000000
56198149.000000 121182.000000 0.000000
56199548.000000 121010.000000 0.000000
56027157.000000 120890.000000 0.000000
56098554.000000 120606.000000 0.000000
56081794.000000 120543.000000 0.000000
56203105.000000 121201.000000 0.000000
56079649.000000 120598.000000 0.000000
56039109.000000 120601.000000 0.000000
56091116.000000 120638.000000 0.000000
55860553.000000 120142.000000 0.000000
56187242.000000 121206.000000 0.000000
56127391.000000 120636.000000 0.000000
56066422.000000 121329.000000 0.000000
56070768.000000 120565.000000 0.000000
56007948.000000 121030.000000 0.000000
