56186357.000000 120985.000000 0.000000
56226276.000000 121150.000000 0.000000
56190695.000000 120866.000000 0.000000
56168152.000000 120848.000000 0.000000
56025438.000000 120686.000000 0.000000
56172981.000000 120931.000000 0.000000
56180158.000000 120922.000000 0.000000
56258146.000000 121341.000000 0.000000
56183156.000000 120941.000000 0.000000
56152449.000000 120968.000000 0.000000
56267344.000000 121224.000000 0.000000
56292707.000000 121421.000000 0.000000
56188920.000000 120737.000000 0.000000
56266851.000000 121556.000000 0.000000
56191004.000000 120893.000000 0.000000
56192250.000000 120798.000000 0.000000
56203499.000000 120961.000000 0.000000
56183269.000000 121007.000000 0.000000
56282199.000000 121332.000000 0.000000
56280295.000000 121226.000000 0.000000
56299970.000000 121310.000000 0.000000
56092212.000000 120734.000000 0.000000
56101291.000000 120693.000000 0.000000
56185640.000000 120992.000000 0.000000
56153085.000000 120940.000000 0.000000
56168051.000000 120910.000000 0.000000
56205525.000000 121068.000000 0.000000
56066602.000000 120959.000000 0.000000
56198243.000000 121084.000000 0.000000
56178467.000000 120983.000000 0.000000
56199409.000000 120861.000000 0.000000
56190169.000000 120979.000000 0.000000
56278206.000000 121314.000000 0.000000
56265727.000000 121295.000000 0.000000
56100191.000000 120755.000000 0.000000
56250047.000000 121255.000000 0.000000
55980924.000000 120459.000000 0.000000
56194587.000000 120891.000000 0.000000
56185328.000000 120873.000000 0.000000
56171791.000000 121029.000000 0.000000
55900033.000000 120432.000000 0.000000
56191259.000000 120931.000000 0.000000
56259940.000000 121210.000000 0.000000
56290914.000000 121370.000000 0.000000
55874498.000000 120686.000000 0.000000
56192671.000000 120794.000000 0.000000
56025664.000000 120913.000000 0.000000
56198949.000000 120904.000000 0.000000
56190339.000000 120805.000000 0.000000
56275862.000000 121173.000000 0.000000
56287055.000000 121248.000000 0.000000
56214090.000000 121032.000000 0.000000
56270954.000000 121321.000000 0.000000
56263400.000000 121410.000000 0.000000
56212084.000000 120942.000000 0.000000
56284364.000000 121281.000000 0.000000
56267176.000000 121352.000000 0.000000
56279289.000000 121406.000000 0.000000
56152662.000000 120827.000000 0.000000
56187709.000000 120828.000000 0.000000
56224308.000000 121104.000000 0.000000
56171813.000000 120971.000000 0.000000
56241868.000000 121326.000000 0.000000
56213023.000000 120792.000000 0.000000
56191938.000000 120978.000000 0.000000
56155356.000000 120822.000000 0.000000
56204224.000000 120811.000000 0.000000
56197808.000000 120891.000000 0.000000
56144261.000000 120851.000000 0.000000
56299075.000000 121367.000000 0.000000
56086955.000000 121069.000000 0.000000
56191522.000000 120995.000000 0.000000
56182116.000000 120894.000000 0.000000
56196624.000000 120867.000000 0.000000
56138187.000000 121088.000000 0.000000
56193035.000000 120894.000000 0.000000
56204814.000000 120762.000000 0.000000
56290749.000000 121267.000000 0.000000
55707549.000000 119987.000000 0.000000
56273468.000000 121363.000000 0.000000
56244050.000000 121344.000000 0.000000
56196577.000000 120788.000000 0.000000
56197704.000000 120770.000000 0.000000
56289130.000000 121253.000000 0.000000
56194673.000000 120743.000000 0.000000
56198814.000000 120895.000000 0.000000
56186920.000000 120988.000000 0.000000
56167617.000000 121505.000000 0.000000
56169406.000000 120748.000000 0.000000
56175534.000000 120918.000000 0.000000
56305152.000000 121171.000000 0.000000
56185335.000000 120816.000000 0.000000
56270567.000000 121233.000000 0.000000
56295565.000000 121278.000000 0.000000
56266096.000000 121437.000000 0.000000
56304447.000000 121291.000000 0.000000
56164441.000000 120814.000000 0.000000
56159756.000000 121008.000000 0.000000
56266582.000000 121330.000000 0.000000
56282369.000000 121384.000000 0.000000
