56179125.000000 121111.000000 0.000000
56188532.000000 121245.000000 0.000000
56153997.000000 120896.000000 0.000000
56016539.000000 120792.000000 0.000000
56097813.000000 120609.000000 0.000000
56176209.000000 121131.000000 0.000000
56171152.000000 121086.000000 0.000000
56091337.000000 120685.000000 0.000000
56100863.000000 120671.000000 0.000000
56164607.000000 121090.000000 0.000000
56182078.000000 121013.000000 0.000000
56178661.000000 121123.000000 0.000000
56187115.000000 121208.000000 0.000000
56112528.000000 121139.000000 0.000000
56175577.000000 121283.000000 0.000000
56166110.000000 121090.000000 0.000000
56127067.000000 121006.000000 0.000000
56167221.000000 121153.000000 0.000000
56190424.000000 121053.000000 0.000000
56138045.000000 120962.000000 0.000000
56077471.000000 120669.000000 0.000000
56153937.000000 120972.000000 0.000000
56081217.000000 120456.000000 0.000000
56163121.000000 121048.000000 0.000000
56169766.000000 121096.000000 0.000000
56102634.000000 120615.000000 0.000000
56180036.000000 121074.000000 0.000000
56109605.000000 121119.000000 0.000000
56192992.000000 121014.000000 0.000000
56140356.000000 120945.000000 0.000000
56188821.000000 120961.000000 0.000000
55955432.000000 120771.000000 0.000000
56186828.000000 121250.000000 0.000000
56193347.000000 121117.000000 0.000000
56198311.000000 121209.000000 0.000000
56188507.000000 121143.000000 0.000000
56144602.000000 121050.000000 0.000000
56079487.000000 120714.000000 0.000000
56146415.000000 120974.000000 0.000000
56180036.000000 121144.000000 0.000000
56144939.000000 121213.000000 0.000000
56180279.000000 121001.000000 0.000000
56083250.000000 120611.000000 0.000000
56166534.000000 121234.000000 0.000000
56092633.000000 120648.000000 0.000000
56174434.000000 121049.000000 0.000000
56173479.000000 120991.000000 0.000000
56189395.000000 121169.000000 0.000000
56182604.000000 121008.000000 0.000000
56177904.000000 120936.000000 0.000000
56185667.000000 121278.000000 0.000000
56189239.000000 120970.000000 0.000000
55615971.000000 119555.000000 0.000000
56191102.000000 121065.000000 0.000000
56180614.000000 121061.000000 0.000000
56111991.000000 120886.000000 0.000000
56176409.000000 121214.000000 0.000000
56110460.000000 120620.000000 0.000000
56176683.000000 121249.000000 0.000000
56186004.000000 121154.000000 0.000000
55993183.000000 120561.000000 0.000000
56116659.000000 120785.000000 0.000000
56083186.000000 120681.000000 0.000000
56165946.000000 121060.000000 0.000000
56134188.000000 121066.000000 0.000000
56158810.000000 121173.000000 0.000000
56163543.000000 121052.000000 0.000000
56163933.000000 121117.000000 0.000000
56123645.000000 120878.000000 0.000000
56175811.000000 121114.000000 0.000000
56187227.000000 120995.000000 0.000000
56187162.000000 121194.000000 0.000000
56193284.000000 121159.000000 0.000000
56205893.000000 121162.000000 0.000000
56173254.000000 121193.000000 0.000000
56183137.000000 121157.000000 0.000000
56186239.000000 121104.000000 0.000000
56179185.000000 121228.000000 0.000000
56176639.000000 121197.000000 0.000000
56095535.000000 120630.000000 0.000000
56100130.000000 120717.000000 0.000000
56111390.000000 120665.000000 0.000000
56197481.000000 120998.000000 0.000000
56163193.000000 121016.000000 0.000000
56183094.000000 121138.000000 0.000000
56182452.000000 121078.000000 0.000000
56156220.000000 121062.000000 0.000000
56106963.000000 120521.000000 0.000000
56171573.000000 121034.000000 0.000000
56127504.000000 121129.000000 0.000000
56142206.000000 120864.000000 0.000000
56177927.000000 121121.000000 0.000000
56081731.000000 120637.000000 0.000000
56159541.000000 121129.000000 0.000000
56151426.000000 121172.000000 0.000000
56091835.000000 120730.000000 0.000000
56088718.000000 120549.000000 0.000000
56054247.000000 120692.000000 0.000000
56139353.000000 121053.000000 0.000000
56106494.000000 120649.000000 0.000000
