56019699.000000 120633.000000 0.000000
55978776.000000 120501.000000 0.000000
56010605.000000 120661.000000 0.000000
56021058.000000 120544.000000 0.000000
55993489.000000 120457.000000 0.000000
56022176.000000 120545.000000 0.000000
56005462.000000 120456.000000 0.000000
56024113.000000 120449.000000 0.000000
56021475.000000 120570.000000 0.000000
55895315.000000 120774.000000 0.000000
56021871.000000 120603.000000 0.000000
56025263.000000 120523.000000 0.000000
56113658.000000 121004.000000 0.000000
56006854.000000 120338.000000 0.000000
56010684.000000 120356.000000 0.000000
56005806.000000 120480.000000 0.000000
55903777.000000 120188.000000 0.000000
55808459.000000 120427.000000 0.000000
56020086.000000 120482.000000 0.000000
56114452.000000 120888.000000 0.000000
56108269.000000 120861.000000 0.000000
55887981.000000 120406.000000 0.000000
55889251.000000 120198.000000 0.000000
56034778.000000 120545.000000 0.000000
56054044.000000 120441.000000 0.000000
56010098.000000 120413.000000 0.000000
56007934.000000 120525.000000 0.000000
56025502.000000 120558.000000 0.000000
56055534.000000 120959.000000 0.000000
56008613.000000 120719.000000 0.000000
56017636.000000 120420.000000 0.000000
56097106.000000 120959.000000 0.000000
56018175.000000 120484.000000 0.000000
56096421.000000 120803.000000 0.000000
55912350.000000 120872.000000 0.000000
56102114.000000 120895.000000 0.000000
56013946.000000 120557.000000 0.000000
56023851.000000 120496.000000 0.000000
56004445.000000 120570.000000 0.000000
55596283.000000 119545.000000 0.000000
56112111.000000 120927.000000 0.000000
56048894.000000 120505.000000 0.000000
56030815.000000 120486.000000 0.000000
56073905.000000 120674.000000 0.000000
56009599.000000 120595.000000 0.000000
56119518.000000 120921.000000 0.000000
56040797.000000 120599.000000 0.000000
56115269.000000 120899.000000 0.000000
55820466.000000 120442.000000 0.000000
55981000.000000 120467.000000 0.000000
56046676.000000 120521.000000 0.000000
56118717.000000 120944.000000 0.000000
56017997.000000 120559.000000 0.000000
56036437.000000 120500.000000 0.000000
56004005.000000 120520.000000 0.000000
56002880.000000 120641.000000 0.000000
56033227.000000 120566.000000 0.000000
55988187.000000 120451.000000 0.000000
56007188.000000 120715.000000 0.000000
56044695.000000 120610.000000 0.000000
56023853.000000 120561.000000 0.000000
55881770.000000 120840.000000 0.000000
56024220.000000 120464.000000 0.000000
56024506.000000 120533.000000 0.000000
56111401.000000 120982.000000 0.000000
56026178.000000 120492.000000 0.000000
56135855.000000 121056.000000 0.000000
56033088.000000 120686.000000 0.000000
56117964.000000 120899.000000 0.000000
56030808.000000 120854.000000 0.000000
56089787.000000 120960.000000 0.000000
56046203.000000 120537.000000 0.000000
55907885.000000 120793.000000 0.000000
55997618.000000 120380.000000 0.000000
55894431.000000 120335.000000 0.000000
56032121.000000 120536.000000 0.000000
56016128.000000 120496.000000 0.000000
56018630.000000 120319.000000 0.000000
55906054.000000 120886.000000 0.000000
56097802.000000 121041.000000 0.000000
56021564.000000 120765.000000 0.000000
56111805.000000 120939.000000 0.000000
55901461.000000 120164.000000 0.000000
56089706.000000 120865.000000 0.000000
56029446.000000 120467.000000 0.000000
56103962.000000 120980.000000 0.000000
55992300.000000 120488.000000 0.000000
56013766.000000 120480.000000 0.000000
55981693.000000 120534.000000 0.000000
56112183.000000 120881.000000 0.000000
56025047.000000 120504.000000 0.000000
56035238.000000 120950.000000 0.000000
55907243.000000 120165.000000 0.000000
56100701.000000 121017.000000 0.000000
56014649.000000 120595.000000 0.000000
56121754.000000 120779.000000 0.000000
56123771.000000 120993.000000 0.000000
56109965.000000 120929.000000 0.000000
55983681.000000 120424.000000 0.000000
56110806.000000 120861.000000 0.000000
