55921039.000000 120499.000000 0.000000
55911708.000000 120495.000000 0.000000
55917919.000000 120647.000000 0.000000
55905753.000000 120602.000000 0.000000
55905231.000000 120644.000000 0.000000
55907086.000000 120632.000000 6.000000
55928892.000000 120580.000000 0.000000
55908489.000000 120704.000000 0.000000
55904495.000000 120561.000000 0.000000
55941446.000000 120569.000000 0.000000
55921158.000000 120715.000000 0.000000
55849205.000000 120215.000000 0.000000
55493963.000000 119813.000000 883.000000
55907882.000000 120563.000000 0.000000
55929168.000000 120614.000000 0.000000
55917557.000000 120607.000000 0.000000
55890659.000000 120511.000000 0.000000
55850362.000000 120063.000000 0.000000
55881607.000000 120595.000000 0.000000
55717818.000000 119849.000000 431.000000
55864661.000000 120099.000000 0.000000
55926263.000000 120640.000000 0.000000
55885001.000000 120466.000000 151.000000
55869229.000000 120079.000000 0.000000
55930072.000000 120648.000000 0.000000
55937553.000000 120424.000000 0.000000
55898252.000000 120631.000000 0.000000
55920719.000000 120596.000000 0.000000
55919819.000000 120570.000000 0.000000
55909129.000000 120654.000000 0.000000
55647327.000000 119976.000000 0.000000
55893941.000000 120537.000000 0.000000
55843722.000000 120201.000000 0.000000
55866023.000000 120105.000000 0.000000
55833880.000000 120184.000000 0.000000
55843392.000000 120216.000000 0.000000
55857449.000000 120185.000000 0.000000
55898480.000000 120843.000000 0.000000
55927585.000000 120623.000000 0.000000
55840434.000000 120265.000000 0.000000
55926230.000000 120552.000000 0.000000
55902468.000000 120672.000000 0.000000
55865693.000000 120130.000000 0.000000
55925066.000000 120562.000000 0.000000
55852188.000000 120240.000000 0.000000
55921124.000000 120546.000000 0.000000
55943955.000000 120633.000000 0.000000
55918825.000000 120649.000000 0.000000
55853217.000000 120211.000000 0.000000
55835448.000000 120223.000000 0.000000
55869447.000000 120175.000000 0.000000
55831486.000000 120058.000000 0.000000
55842348.000000 120173.000000 0.000000
55864265.000000 120168.000000 0.000000
55839718.000000 120209.000000 0.000000
55840599.000000 120157.000000 0.000000
55912985.000000 120543.000000 0.000000
55839158.000000 120182.000000 0.000000
55635540.000000 119913.000000 888.000000
55915216.000000 120660.000000 0.000000
55922638.000000 120683.000000 0.000000
55839119.000000 120156.000000 0.000000
55854346.000000 120272.000000 0.000000
55844176.000000 120327.000000 0.000000
55894964.000000 120629.000000 0.000000
55902813.000000 120654.000000 0.000000
55846927.000000 120232.000000 0.000000
55876096.000000 120270.000000 0.000000
55808679.000000 120161.000000 0.000000
55914889.000000 120571.000000 0.000000
55862807.000000 120102.000000 0.000000
55906419.000000 120516.000000 0.000000
55861422.000000 120211.000000 0.000000
55846922.000000 120235.000000 0.000000
55857471.000000 120186.000000 0.000000
55832137.000000 120254.000000 0.000000
55872073.000000 120485.000000 95.000000
55657706.000000 120188.000000 798.000000
55928965.000000 120745.000000 0.000000
55234919.000000 118921.000000 1898.000000
55928845.000000 120656.000000 0.000000
55939721.000000 120662.000000 0.000000
55749660.000000 120401.000000 0.000000
55847009.000000 120254.000000 0.000000
55852079.000000 120462.000000 0.000000
55515486.000000 119600.000000 964.000000
55922711.000000 120601.000000 0.000000
55829590.000000 120269.000000 0.000000
55862296.000000 120062.000000 0.000000
55832575.000000 120102.000000 0.000000
55846580.000000 120264.000000 0.000000
55904470.000000 120590.000000 0.000000
55844448.000000 120232.000000 0.000000
55847482.000000 120219.000000 0.000000
55798624.000000 119989.000000 0.000000
55855547.000000 120492.000000 0.000000
55819459.000000 120119.000000 0.000000
55919586.000000 120571.000000 0.000000
55601429.000000 119766.000000 708.000000
55932407.000000 120653.000000 0.000000
