56249093.000000 121249.000000 0.000000
56175062.000000 120909.000000 0.000000
56132541.000000 120438.000000 0.000000
56268931.000000 121356.000000 0.000000
56272313.000000 121375.000000 0.000000
56191751.000000 120828.000000 0.000000
56134033.000000 120519.000000 0.000000
56172897.000000 120718.000000 0.000000
56192946.000000 120785.000000 0.000000
56161777.000000 120823.000000 0.000000
56105843.000000 120531.000000 0.000000
56215769.000000 120947.000000 0.000000
56197576.000000 120841.000000 0.000000
56184529.000000 120751.000000 0.000000
56280194.000000 121308.000000 0.000000
56247622.000000 121319.000000 0.000000
56196733.000000 120790.000000 0.000000
56197663.000000 120843.000000 0.000000
56192034.000000 120685.000000 0.000000
56173939.000000 120817.000000 0.000000
56162200.000000 120726.000000 0.000000
56203470.000000 120810.000000 0.000000
56266881.000000 121251.000000 0.000000
56192523.000000 120864.000000 0.000000
56199837.000000 120802.000000 0.000000
56185746.000000 120780.000000 0.000000
56196970.000000 120749.000000 0.000000
56197581.000000 120878.000000 0.000000
56195199.000000 120863.000000 0.000000
56155866.000000 120759.000000 0.000000
56166906.000000 120788.000000 0.000000
56157447.000000 120762.000000 0.000000
56261974.000000 121166.000000 0.000000
56199998.000000 120732.000000 0.000000
56282015.000000 121399.000000 0.000000
56186250.000000 120800.000000 0.000000
56186720.000000 120752.000000 0.000000
56200171.000000 120822.000000 0.000000
56171058.000000 120802.000000 0.000000
56197871.000000 120807.000000 0.000000
56256601.000000 121272.000000 0.000000
56179542.000000 120783.000000 0.000000
56186487.000000 120832.000000 0.000000
56256490.000000 121239.000000 0.000000
56281442.000000 121262.000000 0.000000
56154612.000000 120963.000000 0.000000
56176166.000000 120851.000000 0.000000
56178421.000000 120779.000000 0.000000
56172644.000000 120878.000000 0.000000
56269259.000000 121307.000000 0.000000
56241803.000000 121242.000000 0.000000
56180912.000000 120793.000000 0.000000
56253182.000000 121194.000000 0.000000
56264744.000000 121293.000000 0.000000
56184772.000000 120740.000000 0.000000
56197013.000000 120688.000000 0.000000
56022108.000000 120631.000000 0.000000
56114039.000000 120851.000000 0.000000
56261707.000000 121368.000000 0.000000
56274859.000000 121491.000000 0.000000
56270687.000000 121284.000000 0.000000
56178481.000000 120667.000000 0.000000
56297775.000000 121156.000000 0.000000
56279014.000000 121161.000000 0.000000
56161204.000000 120821.000000 0.000000
56193341.000000 120773.000000 0.000000
56191500.000000 120826.000000 0.000000
56192439.000000 120873.000000 0.000000
56152062.000000 120786.000000 0.000000
56163376.000000 120895.000000 0.000000
56262408.000000 121459.000000 0.000000
56241935.000000 121158.000000 0.000000
56197913.000000 120819.000000 0.000000
56191808.000000 120618.000000 0.000000
56147929.000000 120613.000000 0.000000
56169206.000000 120661.000000 0.000000
56170396.000000 120769.000000 0.000000
56182249.000000 120808.000000 0.000000
56192820.000000 120866.000000 0.000000
56252390.000000 121278.000000 0.000000
56175339.000000 120781.000000 0.000000
56177013.000000 120735.000000 0.000000
56194641.000000 120810.000000 0.000000
56202110.000000 120640.000000 0.000000
56180440.000000 120793.000000 0.000000
56192738.000000 120824.000000 0.000000
56194100.000000 120832.000000 0.000000
56273317.000000 121392.000000 0.000000
56177572.000000 120716.000000 0.000000
56276827.000000 121200.000000 0.000000
56225251.000000 121342.000000 0.000000
56267998.000000 121337.000000 0.000000
56273725.000000 121422.000000 0.000000
56178978.000000 120772.000000 0.000000
56205882.000000 120888.000000 0.000000
56180069.000000 120681.000000 0.000000
56244350.000000 121310.000000 0.000000
56185472.000000 120785.000000 0.000000
56189522.000000 120919.000000 0.000000
56182851.000000 120670.000000 0.000000
