55969260.000000 120676.000000 0.000000
55914261.000000 120655.000000 0.000000
55962539.000000 120677.000000 0.000000
55962899.000000 120596.000000 0.000000
55961652.000000 120735.000000 0.000000
55955281.000000 120860.000000 0.000000
55967020.000000 120665.000000 0.000000
55969250.000000 120553.000000 0.000000
55962105.000000 120754.000000 0.000000
55952795.000000 120654.000000 0.000000
55958834.000000 120853.000000 0.000000
55948807.000000 120616.000000 0.000000
55892590.000000 120472.000000 0.000000
55939780.000000 120676.000000 0.000000
55868568.000000 120395.000000 0.000000
55948877.000000 120696.000000 0.000000
55981212.000000 120651.000000 0.000000
55958181.000000 120797.000000 0.000000
55891715.000000 120073.000000 0.000000
55889737.000000 120194.000000 0.000000
55928782.000000 120725.000000 0.000000
55887585.000000 120441.000000 0.000000
55885755.000000 120184.000000 0.000000
55931397.000000 120709.000000 0.000000
55934242.000000 120636.000000 0.000000
55948426.000000 120640.000000 0.000000
55938838.000000 120825.000000 0.000000
55967651.000000 120606.000000 0.000000
55869228.000000 120220.000000 0.000000
55425706.000000 119382.000000 0.000000
55947891.000000 120766.000000 0.000000
55930470.000000 120682.000000 0.000000
55955156.000000 120676.000000 0.000000
55940211.000000 120660.000000 0.000000
55934952.000000 120650.000000 0.000000
55934473.000000 120585.000000 0.000000
55957374.000000 120579.000000 0.000000
55972066.000000 120727.000000 0.000000
55950754.000000 120866.000000 0.000000
55946555.000000 120880.000000 0.000000
55954901.000000 120682.000000 0.000000
55960977.000000 120632.000000 0.000000
55934462.000000 120612.000000 0.000000
55872181.000000 120226.000000 0.000000
55971551.000000 120930.000000 0.000000
55972547.000000 120728.000000 0.000000
55806099.000000 120181.000000 0.000000
55882469.000000 120207.000000 0.000000
55896505.000000 120285.000000 0.000000
55861362.000000 120289.000000 0.000000
55954580.000000 120614.000000 0.000000
55955002.000000 120633.000000 0.000000
55936913.000000 120493.000000 0.000000
55872443.000000 120243.000000 0.000000
55919348.000000 120693.000000 0.000000
55953241.000000 120664.000000 0.000000
55946058.000000 120701.000000 0.000000
55948439.000000 120590.000000 0.000000
55958027.000000 120675.000000 0.000000
55885745.000000 120617.000000 0.000000
55955621.000000 120715.000000 0.000000
55890068.000000 120184.000000 0.000000
55955435.000000 120684.000000 0.000000
55944767.000000 120713.000000 0.000000
55957040.000000 120701.000000 0.000000
55952528.000000 120773.000000 0.000000
55932503.000000 120608.000000 0.000000
55934687.000000 120616.000000 0.000000
55888250.000000 120201.000000 0.000000
55899354.000000 120152.000000 0.000000
55739786.000000 119999.000000 0.000000
55946286.000000 120684.000000 0.000000
55952013.000000 120586.000000 0.000000
55917756.000000 120529.000000 0.000000
55921245.000000 120605.000000 0.000000
55935815.000000 120700.000000 0.000000
55947537.000000 120896.000000 0.000000
55929225.000000 120724.000000 0.000000
55884389.000000 120218.000000 0.000000
55973165.000000 120771.000000 0.000000
55944028.000000 120719.000000 0.000000
55950470.000000 120622.000000 0.000000
55929362.000000 120694.000000 0.000000
55944678.000000 120727.000000 0.000000
55913662.000000 120799.000000 0.000000
55895746.000000 120309.000000 0.000000
55958551.000000 120792.000000 0.000000
55970773.000000 120677.000000 0.000000
55970208.000000 120731.000000 0.000000
55889264.000000 120233.000000 0.000000
55953407.000000 120598.000000 0.000000
55956094.000000 120667.000000 0.000000
55967202.000000 120729.000000 0.000000
55967904.000000 120655.000000 0.000000
55818939.000000 120411.000000 0.000000
55927337.000000 120626.000000 0.000000
55876935.000000 120268.000000 0.000000
55915191.000000 120470.000000 0.000000
55967175.000000 120813.000000 0.000000
55964429.000000 120701.000000 0.000000
