55922452.000000 120511.000000 0.000000
55752065.000000 120375.000000 0.000000
55867943.000000 120076.000000 0.000000
55862532.000000 120070.000000 0.000000
55924411.000000 120691.000000 0.000000
55928340.000000 120612.000000 0.000000
55855755.000000 120335.000000 0.000000
55932497.000000 120624.000000 0.000000
55941569.000000 120628.000000 0.000000
55752604.000000 120508.000000 0.000000
55774179.000000 120285.000000 0.000000
55923476.000000 120559.000000 0.000000
55863779.000000 120151.000000 0.000000
55854991.000000 120215.000000 0.000000
55844884.000000 120172.000000 0.000000
55832580.000000 120241.000000 0.000000
55935650.000000 120795.000000 0.000000
55865681.000000 120168.000000 0.000000
55865991.000000 120298.000000 0.000000
55926438.000000 120609.000000 0.000000
55857271.000000 120284.000000 0.000000
55904387.000000 120786.000000 0.000000
55909449.000000 120549.000000 0.000000
55665800.000000 120096.000000 0.000000
55919143.000000 120691.000000 0.000000
55944605.000000 120553.000000 0.000000
55933241.000000 120669.000000 0.000000
55940576.000000 120676.000000 0.000000
55741567.000000 120454.000000 0.000000
55840871.000000 120115.000000 0.000000
55841068.000000 120173.000000 0.000000
55929088.000000 120598.000000 0.000000
55861382.000000 120240.000000 0.000000
55624935.000000 119622.000000 0.000000
55843582.000000 120365.000000 0.000000
55934032.000000 120741.000000 0.000000
55934232.000000 120658.000000 0.000000
55883628.000000 120460.000000 0.000000
55867478.000000 120170.000000 0.000000
55921389.000000 120633.000000 0.000000
55855920.000000 120076.000000 0.000000
55932518.000000 120587.000000 0.000000
55645224.000000 120023.000000 0.000000
55765662.000000 120313.000000 0.000000
55859995.000000 120172.000000 0.000000
55909704.000000 120627.000000 0.000000
55874107.000000 120153.000000 0.000000
55940697.000000 120690.000000 0.000000
55861429.000000 120224.000000 0.000000
55676155.000000 120020.000000 0.000000
55839141.000000 120198.000000 0.000000
55840469.000000 120328.000000 0.000000
55857898.000000 120221.000000 0.000000
55921581.000000 120712.000000 0.000000
55929823.000000 120596.000000 0.000000
55883358.000000 120195.000000 0.000000
55853352.000000 120160.000000 0.000000
55834495.000000 120152.000000 0.000000
55865589.000000 120359.000000 0.000000
55936213.000000 120735.000000 0.000000
55876474.000000 120179.000000 0.000000
55850628.000000 120238.000000 0.000000
55945760.000000 120657.000000 0.000000
55839667.000000 120203.000000 0.000000
55853321.000000 120281.000000 0.000000
55903119.000000 120678.000000 0.000000
55848279.000000 120228.000000 0.000000
55910718.000000 120663.000000 0.000000
55875848.000000 120270.000000 0.000000
55923486.000000 120626.000000 0.000000
55882685.000000 120292.000000 0.000000
55913518.000000 120611.000000 0.000000
55912822.000000 120664.000000 0.000000
55935721.000000 120733.000000 0.000000
55870468.000000 120159.000000 0.000000
55884432.000000 120602.000000 0.000000
55926582.000000 120640.000000 0.000000
55865246.000000 120172.000000 0.000000
55776199.000000 120008.000000 0.000000
55756355.000000 120405.000000 0.000000
55936104.000000 120631.000000 0.000000
55892446.000000 120184.000000 0.000000
55861270.000000 120175.000000 0.000000
55843424.000000 120243.000000 0.000000
55907206.000000 120605.000000 0.000000
55864419.000000 120308.000000 0.000000
55867406.000000 120192.000000 0.000000
55860869.000000 120329.000000 0.000000
55854390.000000 120291.000000 0.000000
55862698.000000 120180.000000 0.000000
55862266.000000 120342.000000 0.000000
55847091.000000 120227.000000 0.000000
55832465.000000 120286.000000 0.000000
55876726.000000 120324.000000 0.000000
55849044.000000 120282.000000 0.000000
55872879.000000 120202.000000 0.000000
55857549.000000 120283.000000 0.000000
55849535.000000 120249.000000 0.000000
55865344.000000 120149.000000 0.000000
55849746.000000 120288.000000 0.000000
