56270175.000000 121518.000000 0.000000
56143573.000000 120733.000000 0.000000
56255382.000000 121333.000000 0.000000
56108772.000000 120698.000000 0.000000
56250869.000000 121127.000000 0.000000
56155093.000000 120934.000000 0.000000
56157944.000000 120837.000000 26.000000
56193432.000000 120893.000000 0.000000
56186192.000000 120849.000000 0.000000
56264179.000000 121314.000000 0.000000
56202891.000000 120936.000000 0.000000
56196754.000000 120989.000000 0.000000
56272095.000000 121319.000000 0.000000
56193472.000000 120950.000000 0.000000
55776334.000000 120334.000000 0.000000
56209337.000000 120887.000000 0.000000
56172798.000000 120800.000000 0.000000
56204921.000000 121216.000000 251.000000
56272020.000000 121358.000000 0.000000
56200220.000000 120890.000000 0.000000
56205335.000000 120820.000000 0.000000
56200999.000000 120884.000000 0.000000
56205452.000000 121027.000000 0.000000
56243894.000000 121289.000000 35.000000
56196421.000000 120873.000000 0.000000
56182063.000000 120877.000000 0.000000
56206634.000000 120918.000000 0.000000
56197737.000000 120884.000000 0.000000
56292656.000000 121312.000000 0.000000
56192111.000000 120946.000000 0.000000
56191875.000000 120919.000000 0.000000
56186139.000000 120789.000000 0.000000
56193561.000000 120777.000000 0.000000
56188398.000000 121013.000000 0.000000
56191660.000000 120851.000000 0.000000
56168949.000000 120861.000000 0.000000
56199996.000000 120910.000000 0.000000
56195815.000000 120819.000000 0.000000
56186691.000000 120812.000000 0.000000
56165842.000000 120940.000000 0.000000
56179936.000000 121052.000000 0.000000
55699551.000000 119843.000000 1550.000000
56273070.000000 121439.000000 0.000000
56179824.000000 120971.000000 0.000000
56214479.000000 120836.000000 0.000000
56262269.000000 121343.000000 0.000000
56231080.000000 121337.000000 95.000000
56208617.000000 120967.000000 0.000000
56191826.000000 120949.000000 0.000000
56169036.000000 120752.000000 0.000000
56155647.000000 120854.000000 0.000000
56186821.000000 120758.000000 0.000000
56195973.000000 120888.000000 0.000000
56186163.000000 120838.000000 0.000000
56197723.000000 120732.000000 0.000000
56251787.000000 121313.000000 0.000000
56168302.000000 120892.000000 0.000000
56208346.000000 121106.000000 0.000000
56275293.000000 121221.000000 0.000000
56269907.000000 121434.000000 0.000000
56188417.000000 120755.000000 0.000000
56191129.000000 120797.000000 0.000000
56215172.000000 120892.000000 0.000000
56187482.000000 120797.000000 24.000000
56135760.000000 120825.000000 59.000000
56248156.000000 121523.000000 0.000000
56262987.000000 121320.000000 56.000000
56194475.000000 120929.000000 0.000000
56200697.000000 120893.000000 0.000000
56169460.000000 120966.000000 0.000000
56203680.000000 120944.000000 0.000000
56205270.000000 120851.000000 0.000000
55745381.000000 120113.000000 1615.000000
56191999.000000 120949.000000 0.000000
56081356.000000 120603.000000 278.000000
56244418.000000 121322.000000 0.000000
56169780.000000 120872.000000 34.000000
56255415.000000 121457.000000 0.000000
56153405.000000 120879.000000 0.000000
56190973.000000 120927.000000 0.000000
56199093.000000 120747.000000 0.000000
56180610.000000 120892.000000 0.000000
56190667.000000 120744.000000 0.000000
56191116.000000 121002.000000 0.000000
56205985.000000 120836.000000 0.000000
56203736.000000 120942.000000 0.000000
56270479.000000 121296.000000 0.000000
56200548.000000 121003.000000 0.000000
56186683.000000 120830.000000 0.000000
56118474.000000 120664.000000 0.000000
56185825.000000 120909.000000 0.000000
56207400.000000 120864.000000 0.000000
56188573.000000 120928.000000 0.000000
56204280.000000 120859.000000 0.000000
56180722.000000 120847.000000 0.000000
56198641.000000 120956.000000 0.000000
56189796.000000 120761.000000 0.000000
56190359.000000 120897.000000 0.000000
56196654.000000 120813.000000 0.000000
56209879.000000 120921.000000 0.000000
