54244941.000000 117088.000000 5354.000000
54835851.000000 118235.000000 3712.000000
54700381.000000 117606.000000 3900.000000
55405026.000000 119172.000000 1647.000000
54920442.000000 118053.000000 3209.000000
54966224.000000 118235.000000 2945.000000
54398178.000000 117205.000000 5033.000000
53491146.000000 115419.000000 7277.000000
52202324.000000 112204.000000 11440.000000
54283178.000000 116686.000000 5235.000000
54690749.000000 117507.000000 3992.000000
52716146.000000 113332.000000 10145.000000
54343186.000000 116971.000000 4837.000000
54170624.000000 116661.000000 6188.000000
53314574.000000 114675.000000 7804.000000
52368671.000000 112851.000000 10912.000000
54542033.000000 117571.000000 4475.000000
53951443.000000 116003.000000 6333.000000
55108919.000000 118733.000000 2195.000000
55161250.000000 119035.000000 2481.000000
55505349.000000 119751.000000 1426.000000
53225886.000000 114714.000000 8496.000000
53576466.000000 115513.000000 7199.000000
53318806.000000 114837.000000 8201.000000
53335630.000000 114977.000000 7804.000000
53157639.000000 114261.000000 8528.000000
54739366.000000 118056.000000 4106.000000
54425748.000000 117400.000000 4765.000000
54846777.000000 117997.000000 3497.000000
54391407.000000 117271.000000 4980.000000
55352063.000000 119330.000000 1904.000000
55157628.000000 118937.000000 2517.000000
53628353.000000 115281.000000 6969.000000
53242549.000000 114668.000000 7960.000000
52993893.000000 113872.000000 8792.000000
51861059.000000 111810.000000 12212.000000
53074467.000000 114445.000000 8869.000000
54255247.000000 116714.000000 5405.000000
54291056.000000 116663.000000 4911.000000
55266157.000000 119155.000000 2062.000000
55601177.000000 119597.000000 908.000000
55016415.000000 118365.000000 2917.000000
54265019.000000 117022.000000 5545.000000
55421361.000000 119150.000000 1675.000000
54310517.000000 116953.000000 5337.000000
54075339.000000 116326.000000 5944.000000
54635680.000000 117476.000000 3991.000000
55038751.000000 118336.000000 2672.000000
54461526.000000 117353.000000 4595.000000
54743147.000000 118077.000000 3977.000000
55065737.000000 118479.000000 2504.000000
54395918.000000 117210.000000 5078.000000
54507142.000000 117427.000000 4599.000000
54247227.000000 116884.000000 5572.000000
54999335.000000 118360.000000 3012.000000
55124831.000000 118915.000000 1277.000000
54843650.000000 117983.000000 3399.000000
55120983.000000 118771.000000 2752.000000
55274887.000000 119119.000000 1826.000000
55242600.000000 118840.000000 2087.000000
53538796.000000 115450.000000 6988.000000
53972443.000000 116021.000000 6119.000000
54325531.000000 116726.000000 5415.000000
55491993.000000 119654.000000 1695.000000
55129401.000000 118567.000000 2285.000000
53767139.000000 115977.000000 6645.000000
54696275.000000 117693.000000 4203.000000
55039483.000000 118610.000000 2933.000000
52349963.000000 113173.000000 10840.000000
55395359.000000 119274.000000 1682.000000
55485259.000000 119549.000000 1699.000000
54983144.000000 118520.000000 3265.000000
54737322.000000 117669.000000 3781.000000
54787476.000000 117840.000000 3651.000000
55462838.000000 119643.000000 1652.000000
54250813.000000 116796.000000 5819.000000
53916591.000000 115957.000000 6464.000000
53494889.000000 115105.000000 7055.000000
54479310.000000 117190.000000 4369.000000
53788563.000000 115716.000000 6470.000000
55005429.000000 118217.000000 2714.000000
55924524.000000 120204.000000 48.000000
54982634.000000 118563.000000 3234.000000
54996939.000000 118439.000000 3170.000000
55044563.000000 118667.000000 2988.000000
54926240.000000 118337.000000 3600.000000
55080795.000000 118833.000000 2757.000000
55368106.000000 119194.000000 1739.000000
55461816.000000 119781.000000 1311.000000
54399759.000000 116845.000000 4512.000000
55049250.000000 118270.000000 2506.000000
53277395.000000 114870.000000 7375.000000
55112363.000000 118728.000000 2969.000000
54229263.000000 116591.000000 5356.000000
54351134.000000 116786.000000 4934.000000
54794913.000000 118046.000000 3772.000000
54818345.000000 117823.000000 3687.000000
54911966.000000 118398.000000 3527.000000
54920227.000000 118257.000000 3216.000000
54120788.000000 116573.000000 6017.000000
