55935300.000000 120749.000000 0.000000
55839293.000000 120300.000000 0.000000
55942027.000000 120726.000000 0.000000
55944401.000000 120746.000000 0.000000
55928161.000000 120809.000000 0.000000
55919837.000000 120743.000000 0.000000
55926446.000000 120599.000000 0.000000
55953586.000000 120712.000000 0.000000
55906231.000000 120810.000000 0.000000
55862395.000000 120221.000000 0.000000
55873425.000000 120232.000000 0.000000
55939529.000000 120672.000000 0.000000
55910343.000000 120500.000000 0.000000
55867188.000000 120182.000000 0.000000
55845442.000000 120343.000000 0.000000
55854677.000000 120421.000000 0.000000
55880269.000000 120285.000000 0.000000
55915843.000000 120588.000000 0.000000
55934032.000000 120619.000000 0.000000
55938117.000000 120632.000000 0.000000
55901248.000000 120563.000000 0.000000
55926957.000000 120774.000000 0.000000
55921315.000000 120753.000000 0.000000
55890153.000000 120590.000000 0.000000
55926778.000000 120791.000000 0.000000
55947455.000000 120624.000000 0.000000
55932452.000000 120670.000000 0.000000
55909544.000000 120558.000000 0.000000
55907458.000000 120674.000000 0.000000
55917892.000000 120601.000000 0.000000
55912844.000000 120465.000000 0.000000
55946719.000000 120758.000000 0.000000
55926265.000000 120626.000000 0.000000
55952282.000000 120721.000000 0.000000
55925330.000000 120694.000000 0.000000
55940582.000000 120697.000000 0.000000
55930904.000000 120674.000000 0.000000
55929252.000000 120651.000000 0.000000
55916772.000000 120536.000000 0.000000
55857642.000000 120433.000000 0.000000
55845097.000000 120230.000000 0.000000
55843090.000000 120111.000000 0.000000
55850550.000000 120195.000000 0.000000
55938695.000000 120509.000000 0.000000
55931711.000000 120478.000000 0.000000
55914519.000000 120755.000000 0.000000
55926244.000000 120672.000000 0.000000
55927027.000000 120685.000000 0.000000
55922601.000000 120787.000000 0.000000
55923394.000000 120598.000000 0.000000
55944388.000000 120573.000000 0.000000
55944406.000000 120699.000000 0.000000
55949923.000000 120659.000000 0.000000
55782019.000000 120312.000000 0.000000
55927592.000000 120690.000000 0.000000
55901807.000000 120387.000000 0.000000
55935148.000000 120744.000000 0.000000
55861623.000000 120380.000000 0.000000
55939839.000000 120783.000000 0.000000
55847521.000000 120576.000000 0.000000
55865689.000000 120145.000000 0.000000
55876682.000000 120112.000000 0.000000
55855811.000000 120161.000000 0.000000
55844470.000000 120215.000000 0.000000
55920133.000000 120631.000000 0.000000
55919598.000000 120607.000000 0.000000
55926915.000000 120503.000000 0.000000
55923108.000000 120620.000000 0.000000
55921647.000000 120638.000000 0.000000
55929362.000000 120672.000000 0.000000
55943658.000000 120727.000000 0.000000
55915326.000000 120634.000000 0.000000
55862095.000000 120130.000000 0.000000
55774916.000000 120090.000000 0.000000
55932756.000000 120672.000000 0.000000
55942892.000000 120679.000000 0.000000
55864562.000000 120171.000000 0.000000
55795098.000000 120581.000000 0.000000
55862253.000000 120302.000000 0.000000
55863248.000000 120145.000000 0.000000
55931446.000000 120618.000000 0.000000
55857968.000000 120160.000000 0.000000
55854388.000000 120123.000000 0.000000
55915485.000000 120730.000000 0.000000
55940353.000000 120693.000000 0.000000
55882254.000000 120659.000000 0.000000
55918941.000000 120559.000000 0.000000
55948599.000000 120769.000000 0.000000
55922199.000000 120653.000000 0.000000
55876884.000000 120205.000000 0.000000
55878696.000000 120539.000000 0.000000
55937713.000000 120752.000000 0.000000
55821367.000000 120388.000000 0.000000
55857672.000000 120285.000000 0.000000
55921318.000000 120502.000000 0.000000
55849360.000000 120166.000000 0.000000
55856782.000000 120249.000000 0.000000
55872652.000000 120206.000000 0.000000
55856704.000000 120158.000000 0.000000
55854597.000000 120250.000000 0.000000
