55986096.000000 120471.000000 0.000000
56046393.000000 121044.000000 0.000000
56037196.000000 120699.000000 137.000000
56000137.000000 120352.000000 0.000000
55999509.000000 120442.000000 0.000000
55992554.000000 120466.000000 0.000000
55994516.000000 120533.000000 0.000000
55370494.000000 121255.000000 62.000000
55980146.000000 120378.000000 0.000000
55992642.000000 120394.000000 0.000000
55947445.000000 120419.000000 0.000000
56025364.000000 120758.000000 86.000000
55985502.000000 120512.000000 0.000000
55994172.000000 120519.000000 0.000000
55963517.000000 120508.000000 0.000000
55974397.000000 120395.000000 0.000000
55907676.000000 120232.000000 327.000000
55986217.000000 120517.000000 0.000000
55507037.000000 120925.000000 1059.000000
55987380.000000 120552.000000 0.000000
55979573.000000 120762.000000 362.000000
55992257.000000 120381.000000 0.000000
56007597.000000 120489.000000 0.000000
55997353.000000 120551.000000 0.000000
55988673.000000 120527.000000 0.000000
55984546.000000 120383.000000 0.000000
55998027.000000 120361.000000 0.000000
55970264.000000 120417.000000 0.000000
55997286.000000 120457.000000 0.000000
55914206.000000 120451.000000 0.000000
55998324.000000 120561.000000 0.000000
55625584.000000 122646.000000 559.000000
56008652.000000 120547.000000 0.000000
55992853.000000 120542.000000 0.000000
55981597.000000 120488.000000 0.000000
55984667.000000 120426.000000 0.000000
56001276.000000 120507.000000 0.000000
55966077.000000 120573.000000 0.000000
56060264.000000 120952.000000 0.000000
55979675.000000 120506.000000 0.000000
55987872.000000 120427.000000 0.000000
56013333.000000 120474.000000 0.000000
55997919.000000 120549.000000 0.000000
55977638.000000 120427.000000 0.000000
55999126.000000 120466.000000 0.000000
55984020.000000 120480.000000 0.000000
55982418.000000 120547.000000 0.000000
55986764.000000 120340.000000 0.000000
55974564.000000 120492.000000 0.000000
56011297.000000 120604.000000 0.000000
56022044.000000 120540.000000 0.000000
56014984.000000 120404.000000 0.000000
55983909.000000 120448.000000 0.000000
56004271.000000 120521.000000 0.000000
56068749.000000 120817.000000 0.000000
55948651.000000 120443.000000 0.000000
55966184.000000 120427.000000 0.000000
55954019.000000 120314.000000 0.000000
55994379.000000 120438.000000 15.000000
55968290.000000 120546.000000 0.000000
55980237.000000 120328.000000 0.000000
56002218.000000 120455.000000 0.000000
56010383.000000 120434.000000 0.000000
55930804.000000 120321.000000 0.000000
55962932.000000 120367.000000 0.000000
55922027.000000 120401.000000 283.000000
56004146.000000 120422.000000 0.000000
55969881.000000 120496.000000 0.000000
55984244.000000 120419.000000 0.000000
55964872.000000 120487.000000 0.000000
55999313.000000 120437.000000 0.000000
55987781.000000 120470.000000 0.000000
55347004.000000 122090.000000 1404.000000
55248520.000000 121440.000000 1375.000000
55992208.000000 120516.000000 0.000000
55986404.000000 120498.000000 0.000000
55990093.000000 120430.000000 0.000000
55988739.000000 120390.000000 0.000000
56006897.000000 120599.000000 0.000000
55977729.000000 120472.000000 0.000000
55946358.000000 120362.000000 113.000000
56036605.000000 120761.000000 90.000000
56067475.000000 121033.000000 0.000000
55987472.000000 120683.000000 0.000000
55980992.000000 120473.000000 0.000000
55979199.000000 120610.000000 0.000000
55965709.000000 120455.000000 0.000000
56061073.000000 120928.000000 68.000000
55993302.000000 120457.000000 0.000000
55995267.000000 120585.000000 0.000000
55979526.000000 120486.000000 0.000000
55996834.000000 120594.000000 0.000000
55986959.000000 120439.000000 0.000000
55519136.000000 120931.000000 0.000000
55983377.000000 120427.000000 0.000000
55980115.000000 120351.000000 0.000000
56007165.000000 120365.000000 0.000000
55991482.000000 120467.000000 0.000000
55994597.000000 120497.000000 28.000000
55974928.000000 120518.000000 0.000000
