56039263.000000 122041.000000 0.000000
56056938.000000 122034.000000 0.000000
56015020.000000 122174.000000 0.000000
56047412.000000 122160.000000 0.000000
56052765.000000 122103.000000 0.000000
56056741.000000 122048.000000 0.000000
56023421.000000 122160.000000 0.000000
56036074.000000 122149.000000 0.000000
56043483.000000 122045.000000 0.000000
56037453.000000 122247.000000 0.000000
56022236.000000 122084.000000 0.000000
56038211.000000 122169.000000 0.000000
56018785.000000 122008.000000 0.000000
56053189.000000 122166.000000 0.000000
56042532.000000 122253.000000 0.000000
56024842.000000 122231.000000 0.000000
56024045.000000 122185.000000 0.000000
56041250.000000 122181.000000 0.000000
56042656.000000 121990.000000 0.000000
56051658.000000 122111.000000 0.000000
56034203.000000 122108.000000 0.000000
56055509.000000 122145.000000 0.000000
56056286.000000 122234.000000 0.000000
56043359.000000 122197.000000 0.000000
56025517.000000 122250.000000 0.000000
55986362.000000 121514.000000 0.000000
55935938.000000 121713.000000 0.000000
56013938.000000 121934.000000 0.000000
56028577.000000 122088.000000 0.000000
56033691.000000 122227.000000 0.000000
56043708.000000 122279.000000 0.000000
56048059.000000 122253.000000 0.000000
56024532.000000 122219.000000 0.000000
56022331.000000 122165.000000 0.000000
56045544.000000 122273.000000 0.000000
56055837.000000 122089.000000 0.000000
56038609.000000 122191.000000 0.000000
56053681.000000 122129.000000 0.000000
56041889.000000 122146.000000 0.000000
55955706.000000 121714.000000 0.000000
56043907.000000 122099.000000 0.000000
55954580.000000 121759.000000 0.000000
56045599.000000 122084.000000 0.000000
55925804.000000 121886.000000 0.000000
56038985.000000 122123.000000 0.000000
56023512.000000 122203.000000 0.000000
56056520.000000 122010.000000 0.000000
56031220.000000 122165.000000 0.000000
56032906.000000 122241.000000 0.000000
56056619.000000 122232.000000 0.000000
56030558.000000 121989.000000 0.000000
56031184.000000 122232.000000 0.000000
55918330.000000 121854.000000 0.000000
55988421.000000 122118.000000 0.000000
56041549.000000 122127.000000 0.000000
56053418.000000 122172.000000 0.000000
56037197.000000 122204.000000 0.000000
56044120.000000 122154.000000 0.000000
56058187.000000 122114.000000 0.000000
56037237.000000 122325.000000 0.000000
56061539.000000 122117.000000 0.000000
56044842.000000 122204.000000 0.000000
56031291.000000 122157.000000 0.000000
56032447.000000 122193.000000 0.000000
56025802.000000 122090.000000 0.000000
55925814.000000 121898.000000 0.000000
56022804.000000 122172.000000 0.000000
56016998.000000 122087.000000 0.000000
56012292.000000 122384.000000 0.000000
56029956.000000 122274.000000 0.000000
56026841.000000 122071.000000 0.000000
56028126.000000 122058.000000 0.000000
56020116.000000 122086.000000 0.000000
56031762.000000 122243.000000 0.000000
55944527.000000 121795.000000 0.000000
56036854.000000 122223.000000 0.000000
56018926.000000 122107.000000 0.000000
56065274.000000 122191.000000 0.000000
56063392.000000 122012.000000 0.000000
56062497.000000 122146.000000 0.000000
56049560.000000 122270.000000 0.000000
56059351.000000 122082.000000 0.000000
56054472.000000 122159.000000 0.000000
56038874.000000 122091.000000 0.000000
56035606.000000 122113.000000 0.000000
56055748.000000 122219.000000 0.000000
55942676.000000 121832.000000 0.000000
56030249.000000 122153.000000 0.000000
56057215.000000 122122.000000 0.000000
56042755.000000 122112.000000 0.000000
55992482.000000 122131.000000 0.000000
56067549.000000 122216.000000 0.000000
55917404.000000 121559.000000 0.000000
56036039.000000 122108.000000 0.000000
56057867.000000 122265.000000 0.000000
56043079.000000 122243.000000 0.000000
55997077.000000 121635.000000 0.000000
56030719.000000 121975.000000 0.000000
56025856.000000 122209.000000 0.000000
56039412.000000 122228.000000 0.000000
