55812065.000000 120371.000000 0.000000
55814218.000000 120495.000000 0.000000
55738784.000000 119957.000000 0.000000
55838449.000000 120451.000000 0.000000
55831216.000000 120538.000000 0.000000
55832247.000000 120489.000000 0.000000
55822591.000000 120609.000000 0.000000
55725532.000000 120047.000000 0.000000
55751552.000000 120118.000000 0.000000
55836028.000000 120486.000000 0.000000
55787821.000000 120386.000000 30.000000
55724789.000000 120048.000000 47.000000
55820736.000000 120399.000000 0.000000
55828486.000000 120506.000000 0.000000
55803083.000000 120298.000000 0.000000
55840163.000000 120549.000000 0.000000
55401037.000000 119361.000000 1285.000000
55710688.000000 120225.000000 0.000000
55738817.000000 120018.000000 0.000000
55733223.000000 120128.000000 0.000000
55716681.000000 120017.000000 0.000000
55723924.000000 120075.000000 0.000000
55799210.000000 120305.000000 0.000000
55727005.000000 120049.000000 0.000000
55731990.000000 120381.000000 228.000000
55816979.000000 120474.000000 0.000000
55744985.000000 120024.000000 0.000000
55731051.000000 119874.000000 0.000000
55828108.000000 120472.000000 0.000000
55746244.000000 120004.000000 0.000000
55809652.000000 120594.000000 0.000000
55840235.000000 120495.000000 0.000000
55832135.000000 120508.000000 6.000000
55740275.000000 120013.000000 0.000000
55734878.000000 120026.000000 0.000000
55765876.000000 120168.000000 0.000000
55806016.000000 120481.000000 0.000000
55739118.000000 119994.000000 0.000000
55723520.000000 119952.000000 0.000000
55753389.000000 119987.000000 0.000000
55740660.000000 120197.000000 0.000000
55730145.000000 120119.000000 0.000000
55745482.000000 120065.000000 0.000000
55734934.000000 120029.000000 0.000000
55739586.000000 119920.000000 0.000000
55718115.000000 120100.000000 0.000000
55772321.000000 119962.000000 0.000000
55828657.000000 120428.000000 0.000000
55810507.000000 120448.000000 0.000000
55751112.000000 119953.000000 0.000000
55811317.000000 120446.000000 0.000000
55815683.000000 120519.000000 0.000000
55748479.000000 120044.000000 0.000000
55799596.000000 120573.000000 0.000000
55829290.000000 120563.000000 0.000000
55748672.000000 120121.000000 0.000000
55730319.000000 120082.000000 0.000000
55730104.000000 119962.000000 0.000000
55793671.000000 120387.000000 0.000000
55749766.000000 120043.000000 0.000000
55726238.000000 119944.000000 0.000000
55732364.000000 120299.000000 0.000000
55833359.000000 120469.000000 0.000000
55744237.000000 119950.000000 0.000000
55752029.000000 120064.000000 0.000000
55739630.000000 120082.000000 0.000000
55564234.000000 119566.000000 761.000000
55754841.000000 120066.000000 0.000000
55749372.000000 120018.000000 0.000000
55599453.000000 119860.000000 0.000000
55744630.000000 120139.000000 0.000000
55744376.000000 120028.000000 0.000000
55705735.000000 120022.000000 0.000000
55749426.000000 120127.000000 0.000000
55728088.000000 120005.000000 0.000000
55735080.000000 120078.000000 0.000000
55738834.000000 120149.000000 0.000000
55751001.000000 119936.000000 0.000000
55752739.000000 120032.000000 0.000000
55751553.000000 120121.000000 5.000000
55821414.000000 120415.000000 28.000000
55751658.000000 120070.000000 0.000000
55839468.000000 120339.000000 0.000000
55824341.000000 120447.000000 0.000000
55813159.000000 120464.000000 0.000000
55799807.000000 120433.000000 44.000000
55396235.000000 119589.000000 0.000000
55728240.000000 119950.000000 0.000000
55470653.000000 119339.000000 999.000000
55712936.000000 119966.000000 0.000000
55737860.000000 120012.000000 0.000000
55820743.000000 120518.000000 0.000000
55682006.000000 119929.000000 0.000000
55798933.000000 120392.000000 0.000000
55715950.000000 120103.000000 0.000000
55441073.000000 119633.000000 129.000000
55770408.000000 120380.000000 0.000000
55753994.000000 120123.000000 0.000000
55754573.000000 120072.000000 0.000000
54698058.000000 118052.000000 3196.000000
