56051471.000000 121624.000000 0.000000
56039372.000000 121883.000000 0.000000
56033598.000000 121690.000000 0.000000
56124133.000000 120605.000000 0.000000
56062388.000000 121709.000000 0.000000
56112656.000000 120785.000000 0.000000
56119110.000000 120687.000000 0.000000
56122380.000000 120742.000000 0.000000
56039068.000000 121770.000000 0.000000
56038511.000000 121702.000000 0.000000
56021408.000000 121657.000000 0.000000
56055232.000000 122095.000000 0.000000
56031098.000000 121934.000000 0.000000
56193244.000000 121269.000000 0.000000
56150996.000000 121408.000000 0.000000
56212183.000000 121255.000000 0.000000
56055680.000000 121859.000000 0.000000
56060666.000000 121736.000000 0.000000
56056682.000000 121688.000000 0.000000
56060450.000000 121735.000000 0.000000
56147533.000000 122153.000000 0.000000
56069912.000000 122063.000000 0.000000
56054820.000000 121669.000000 0.000000
56036705.000000 121901.000000 0.000000
56081599.000000 122366.000000 0.000000
56110761.000000 122335.000000 0.000000
56029775.000000 121751.000000 0.000000
55919211.000000 121644.000000 0.000000
56031156.000000 121700.000000 0.000000
55959838.000000 121571.000000 0.000000
56014770.000000 121908.000000 0.000000
56032960.000000 121874.000000 0.000000
56039782.000000 121696.000000 0.000000
56029477.000000 121778.000000 0.000000
56060166.000000 121690.000000 0.000000
56211375.000000 121195.000000 0.000000
56095002.000000 122481.000000 0.000000
56044028.000000 121959.000000 0.000000
56040259.000000 121690.000000 0.000000
56213518.000000 121094.000000 0.000000
56188165.000000 121134.000000 0.000000
56060974.000000 121663.000000 0.000000
56050861.000000 121882.000000 0.000000
56048054.000000 121636.000000 0.000000
56036796.000000 121679.000000 0.000000
56045984.000000 121982.000000 0.000000
56033087.000000 121698.000000 0.000000
56051861.000000 121813.000000 0.000000
56048719.000000 121765.000000 0.000000
56209110.000000 121222.000000 0.000000
56037692.000000 121788.000000 0.000000
56135600.000000 121719.000000 0.000000
56067022.000000 121805.000000 0.000000
56014469.000000 121713.000000 0.000000
56008477.000000 121609.000000 0.000000
56110270.000000 122316.000000 0.000000
56049030.000000 121849.000000 0.000000
55614877.000000 120427.000000 0.000000
56204671.000000 121174.000000 0.000000
56028949.000000 121810.000000 0.000000
56199984.000000 121195.000000 0.000000
56038138.000000 121606.000000 0.000000
56035721.000000 121615.000000 0.000000
56031101.000000 121757.000000 0.000000
56016802.000000 121694.000000 0.000000
56034055.000000 121802.000000 0.000000
56026354.000000 122046.000000 0.000000
56032310.000000 121920.000000 0.000000
56124607.000000 121544.000000 0.000000
56154854.000000 121845.000000 0.000000
56039172.000000 121770.000000 0.000000
56041039.000000 121767.000000 0.000000
56094619.000000 121664.000000 0.000000
56005621.000000 121932.000000 0.000000
56035438.000000 121663.000000 0.000000
56193073.000000 121182.000000 0.000000
56038781.000000 121768.000000 0.000000
56138455.000000 121742.000000 0.000000
56210960.000000 121173.000000 0.000000
56203680.000000 121274.000000 0.000000
56029281.000000 121691.000000 0.000000
56129898.000000 122067.000000 0.000000
56143869.000000 122234.000000 0.000000
56025021.000000 121787.000000 0.000000
56031464.000000 121827.000000 0.000000
56076426.000000 122188.000000 0.000000
56051202.000000 121630.000000 0.000000
56082485.000000 121551.000000 0.000000
56109583.000000 122239.000000 0.000000
56187456.000000 121386.000000 0.000000
56060372.000000 121772.000000 0.000000
56071505.000000 121655.000000 0.000000
56053199.000000 121738.000000 0.000000
56055676.000000 121809.000000 0.000000
56206025.000000 121067.000000 0.000000
56065479.000000 121688.000000 0.000000
56182990.000000 121286.000000 0.000000
56057029.000000 121777.000000 0.000000
56200296.000000 121181.000000 0.000000
56042518.000000 121777.000000 0.000000
