56146190.000000 120926.000000 0.000000
56233219.000000 121241.000000 0.000000
56187832.000000 120631.000000 0.000000
56192648.000000 120859.000000 0.000000
56249331.000000 121155.000000 0.000000
56271896.000000 121267.000000 0.000000
56184754.000000 121037.000000 0.000000
56250216.000000 121257.000000 0.000000
56261389.000000 121371.000000 0.000000
56234380.000000 121165.000000 0.000000
56249697.000000 121275.000000 0.000000
56253036.000000 121279.000000 0.000000
56245182.000000 121289.000000 0.000000
56261980.000000 121212.000000 0.000000
56259619.000000 121295.000000 0.000000
56256115.000000 121207.000000 0.000000
56225148.000000 121129.000000 0.000000
56250645.000000 121195.000000 0.000000
56249491.000000 121166.000000 0.000000
56163149.000000 120716.000000 0.000000
56178561.000000 120675.000000 0.000000
56239398.000000 121112.000000 0.000000
56159122.000000 120737.000000 0.000000
56182342.000000 120740.000000 0.000000
56230805.000000 121200.000000 0.000000
56254053.000000 121285.000000 0.000000
56256776.000000 121052.000000 0.000000
56782632.000000 122359.000000 0.000000
56249816.000000 121079.000000 0.000000
56175544.000000 120575.000000 0.000000
56245057.000000 121172.000000 0.000000
56233110.000000 121218.000000 0.000000
56236663.000000 121258.000000 0.000000
56246105.000000 121250.000000 0.000000
56184001.000000 120668.000000 0.000000
56260015.000000 121103.000000 0.000000
56199926.000000 121276.000000 0.000000
56256599.000000 121302.000000 0.000000
56166327.000000 120772.000000 0.000000
56238186.000000 121056.000000 0.000000
56194528.000000 120616.000000 0.000000
56261928.000000 121299.000000 0.000000
56238171.000000 121249.000000 0.000000
56185801.000000 120773.000000 0.000000
56176045.000000 120786.000000 0.000000
56241278.000000 121233.000000 0.000000
56191788.000000 120767.000000 0.000000
56236103.000000 121189.000000 0.000000
56161330.000000 120613.000000 0.000000
56184585.000000 120741.000000 0.000000
56251833.000000 121224.000000 0.000000
56217952.000000 121064.000000 0.000000
56241851.000000 121100.000000 0.000000
56264073.000000 121216.000000 0.000000
56230788.000000 121048.000000 0.000000
56167888.000000 120667.000000 0.000000
56247345.000000 121087.000000 0.000000
56259031.000000 121234.000000 0.000000
56267892.000000 121272.000000 0.000000
56121193.000000 120837.000000 0.000000
56152480.000000 120830.000000 0.000000
56182568.000000 120716.000000 0.000000
56187080.000000 120749.000000 0.000000
56263418.000000 121116.000000 0.000000
56255178.000000 121224.000000 0.000000
56261824.000000 121288.000000 0.000000
56251124.000000 121397.000000 0.000000
56169335.000000 120689.000000 0.000000
56179879.000000 120753.000000 0.000000
56192427.000000 120752.000000 0.000000
56232838.000000 121059.000000 0.000000
56231219.000000 121338.000000 0.000000
56254727.000000 121292.000000 0.000000
56191617.000000 120772.000000 0.000000
56260884.000000 121351.000000 0.000000
56264637.000000 121118.000000 0.000000
56278807.000000 121023.000000 0.000000
56265052.000000 121453.000000 0.000000
56260636.000000 121260.000000 0.000000
56247104.000000 121259.000000 0.000000
56253639.000000 121200.000000 0.000000
56269243.000000 121216.000000 0.000000
56251442.000000 121415.000000 0.000000
56255565.000000 121329.000000 0.000000
56253501.000000 121293.000000 0.000000
56265436.000000 121176.000000 0.000000
56256727.000000 121403.000000 0.000000
56173025.000000 120984.000000 0.000000
56261173.000000 121124.000000 0.000000
56238039.000000 121194.000000 0.000000
56194088.000000 120720.000000 0.000000
56241251.000000 121247.000000 0.000000
56238608.000000 121275.000000 0.000000
56258495.000000 121152.000000 0.000000
56187689.000000 121017.000000 0.000000
56237805.000000 121106.000000 0.000000
56247481.000000 121221.000000 0.000000
56164719.000000 120735.000000 0.000000
56258990.000000 121123.000000 0.000000
56260989.000000 121261.000000 0.000000
