55945272.000000 120711.000000 0.000000
55916958.000000 120639.000000 0.000000
55940532.000000 120737.000000 0.000000
55948075.000000 120567.000000 0.000000
55905350.000000 120596.000000 0.000000
55932971.000000 120801.000000 0.000000
55944032.000000 120628.000000 30.000000
55879866.000000 120235.000000 0.000000
55864630.000000 120247.000000 0.000000
55868647.000000 120197.000000 0.000000
55877531.000000 120291.000000 0.000000
55850804.000000 120197.000000 0.000000
55874428.000000 120248.000000 0.000000
55872282.000000 120279.000000 0.000000
55879628.000000 120194.000000 0.000000
55881374.000000 120383.000000 0.000000
55937359.000000 120651.000000 0.000000
55956357.000000 120722.000000 0.000000
55938793.000000 120564.000000 0.000000
55934802.000000 120751.000000 0.000000
55915583.000000 120735.000000 57.000000
55573657.000000 120039.000000 1027.000000
55910662.000000 120643.000000 0.000000
55937426.000000 120592.000000 0.000000
55815474.000000 120204.000000 0.000000
55861461.000000 120272.000000 0.000000
55954492.000000 120694.000000 0.000000
55892993.000000 120276.000000 0.000000
55947191.000000 120683.000000 0.000000
55948240.000000 120600.000000 0.000000
55942567.000000 120621.000000 0.000000
55875675.000000 120263.000000 0.000000
55942241.000000 120747.000000 0.000000
55859487.000000 120286.000000 0.000000
55885794.000000 120076.000000 0.000000
55872258.000000 120098.000000 0.000000
55878304.000000 120409.000000 0.000000
55244038.000000 119034.000000 1743.000000
55793871.000000 120097.000000 0.000000
55960948.000000 120811.000000 0.000000
55846856.000000 120297.000000 0.000000
55845068.000000 120294.000000 0.000000
55914691.000000 120783.000000 0.000000
55954734.000000 120774.000000 0.000000
55937994.000000 120576.000000 0.000000
55862343.000000 120287.000000 0.000000
55926994.000000 120682.000000 0.000000
55878189.000000 120235.000000 0.000000
55868640.000000 120269.000000 0.000000
55843560.000000 120324.000000 0.000000
55858867.000000 120186.000000 0.000000
55872548.000000 120203.000000 0.000000
55854563.000000 120227.000000 0.000000
55873229.000000 120164.000000 0.000000
55929037.000000 120706.000000 0.000000
55933022.000000 120743.000000 0.000000
55846811.000000 120160.000000 0.000000
55852993.000000 120324.000000 0.000000
55927206.000000 120701.000000 0.000000
55922278.000000 120684.000000 0.000000
55949126.000000 120823.000000 0.000000
55888953.000000 120530.000000 0.000000
55934834.000000 120574.000000 0.000000
55824368.000000 120429.000000 258.000000
55894798.000000 120482.000000 0.000000
55824902.000000 120188.000000 0.000000
55868555.000000 120476.000000 0.000000
55888518.000000 120280.000000 0.000000
55866258.000000 120171.000000 0.000000
55868988.000000 120228.000000 0.000000
55877771.000000 120302.000000 0.000000
55938007.000000 120568.000000 0.000000
55934353.000000 120687.000000 0.000000
55899682.000000 120453.000000 0.000000
55888149.000000 120111.000000 0.000000
55906072.000000 120441.000000 0.000000
55881116.000000 120400.000000 0.000000
55877586.000000 120226.000000 0.000000
55848500.000000 120201.000000 0.000000
55873303.000000 120363.000000 0.000000
55952176.000000 120710.000000 0.000000
55862765.000000 120237.000000 0.000000
55953620.000000 120724.000000 0.000000
55939954.000000 120569.000000 0.000000
55965923.000000 120733.000000 0.000000
55937370.000000 120745.000000 0.000000
55953348.000000 120739.000000 0.000000
55839329.000000 120067.000000 0.000000
55939633.000000 120399.000000 0.000000
55311219.000000 119054.000000 1638.000000
55855871.000000 120213.000000 0.000000
55861233.000000 120210.000000 0.000000
55878152.000000 120303.000000 0.000000
55884785.000000 120325.000000 0.000000
55835757.000000 120299.000000 0.000000
55813627.000000 120448.000000 335.000000
55944802.000000 120694.000000 0.000000
55921448.000000 120643.000000 0.000000
55830399.000000 120583.000000 286.000000
55935113.000000 120579.000000 0.000000
