56191397.000000 120967.000000 0.000000
56196057.000000 120775.000000 0.000000
56179865.000000 120931.000000 0.000000
56175642.000000 120950.000000 0.000000
56193264.000000 120942.000000 0.000000
56188177.000000 120879.000000 0.000000
56192270.000000 120936.000000 0.000000
56173347.000000 120892.000000 0.000000
56195077.000000 120876.000000 0.000000
56186203.000000 120960.000000 0.000000
56175650.000000 120966.000000 0.000000
56198895.000000 121001.000000 0.000000
56168266.000000 120893.000000 0.000000
56185886.000000 120976.000000 0.000000
56170215.000000 120982.000000 0.000000
56203881.000000 120990.000000 0.000000
56190320.000000 120833.000000 0.000000
56207233.000000 120731.000000 0.000000
56181081.000000 120811.000000 0.000000
56201465.000000 120972.000000 0.000000
56183652.000000 120903.000000 0.000000
56278744.000000 121346.000000 0.000000
56172457.000000 120906.000000 0.000000
56194592.000000 121084.000000 0.000000
56192560.000000 120884.000000 0.000000
56284359.000000 121391.000000 0.000000
56188403.000000 120981.000000 0.000000
56274718.000000 121294.000000 0.000000
56167685.000000 120920.000000 0.000000
56195589.000000 120904.000000 0.000000
56293132.000000 121310.000000 0.000000
56187686.000000 120975.000000 0.000000
56175655.000000 121040.000000 0.000000
56189562.000000 121002.000000 0.000000
56175537.000000 120793.000000 0.000000
56191730.000000 120895.000000 0.000000
56197802.000000 120994.000000 0.000000
56153246.000000 120830.000000 0.000000
56186699.000000 121076.000000 0.000000
56202150.000000 120935.000000 0.000000
56191533.000000 120913.000000 0.000000
56172327.000000 120849.000000 0.000000
56284872.000000 121282.000000 0.000000
56273228.000000 121400.000000 0.000000
56203476.000000 120840.000000 0.000000
56171761.000000 120950.000000 0.000000
56204260.000000 120917.000000 0.000000
56148073.000000 120846.000000 0.000000
56169972.000000 120929.000000 0.000000
56180836.000000 120868.000000 0.000000
56171842.000000 121078.000000 0.000000
56182819.000000 121033.000000 0.000000
56190291.000000 120866.000000 0.000000
56182377.000000 120947.000000 0.000000
56196239.000000 120948.000000 0.000000
56193981.000000 120850.000000 0.000000
56198303.000000 120881.000000 0.000000
56203490.000000 120877.000000 0.000000
56190354.000000 120903.000000 0.000000
56189031.000000 120894.000000 0.000000
56225895.000000 121083.000000 0.000000
56176505.000000 120919.000000 0.000000
56187578.000000 120904.000000 0.000000
56181943.000000 120814.000000 0.000000
56204328.000000 120811.000000 0.000000
56202404.000000 120882.000000 0.000000
56290569.000000 121324.000000 0.000000
56249259.000000 121466.000000 0.000000
56180548.000000 120960.000000 0.000000
56269241.000000 121208.000000 0.000000
56168077.000000 120907.000000 0.000000
56190082.000000 120862.000000 0.000000
56178867.000000 120952.000000 0.000000
56199074.000000 120924.000000 0.000000
56193305.000000 120871.000000 0.000000
56189282.000000 121047.000000 0.000000
56199477.000000 121032.000000 0.000000
56237808.000000 120999.000000 0.000000
56199282.000000 120822.000000 0.000000
56193277.000000 120959.000000 0.000000
56293342.000000 121342.000000 0.000000
56270014.000000 121290.000000 0.000000
56223704.000000 121201.000000 0.000000
56295817.000000 121370.000000 0.000000
56235920.000000 121279.000000 0.000000
56191761.000000 121078.000000 0.000000
56274162.000000 121328.000000 0.000000
56170059.000000 120970.000000 0.000000
56199254.000000 120815.000000 0.000000
56267163.000000 121191.000000 0.000000
56183488.000000 120911.000000 0.000000
56189783.000000 120865.000000 0.000000
56205435.000000 120879.000000 0.000000
56207118.000000 120839.000000 0.000000
56191466.000000 120752.000000 0.000000
56190534.000000 120880.000000 0.000000
56199799.000000 120947.000000 0.000000
56178301.000000 120932.000000 0.000000
56300225.000000 121387.000000 0.000000
56197808.000000 121101.000000 0.000000
