52742299.000000 113779.000000 9316.000000
54573117.000000 117428.000000 4258.000000
53338892.000000 114957.000000 8044.000000
54588224.000000 117709.000000 4552.000000
54347710.000000 117137.000000 5133.000000
54511977.000000 117366.000000 4094.000000
54604920.000000 117704.000000 3964.000000
54641507.000000 117715.000000 4385.000000
55382919.000000 119256.000000 2319.000000
54449069.000000 117161.000000 4619.000000
54582990.000000 117752.000000 3940.000000
54256805.000000 116999.000000 5454.000000
54589536.000000 117403.000000 3822.000000
54404230.000000 117361.000000 4938.000000
53663787.000000 115621.000000 7008.000000
54187251.000000 116926.000000 5788.000000
54592947.000000 117674.000000 4050.000000
55465552.000000 119299.000000 1656.000000
54244889.000000 116840.000000 4692.000000
53557574.000000 115534.000000 7482.000000
54612063.000000 117780.000000 4342.000000
54958253.000000 118256.000000 2888.000000
54703338.000000 117749.000000 3376.000000
54258526.000000 116842.000000 5516.000000
53151671.000000 114460.000000 8017.000000
54283475.000000 116922.000000 5144.000000
52922620.000000 113884.000000 8207.000000
54609256.000000 117705.000000 4283.000000
55139865.000000 118914.000000 2990.000000
54707250.000000 117700.000000 3417.000000
54250653.000000 116916.000000 5740.000000
55278740.000000 118679.000000 2384.000000
53013653.000000 114325.000000 8657.000000
54782901.000000 118161.000000 3425.000000
54846820.000000 118472.000000 3290.000000
55564793.000000 119773.000000 1538.000000
55628889.000000 119568.000000 651.000000
54579579.000000 117492.000000 3539.000000
54525825.000000 117222.000000 3725.000000
54289455.000000 116930.000000 5351.000000
55925915.000000 120475.000000 322.000000
54710550.000000 117968.000000 3188.000000
55628516.000000 119865.000000 1136.000000
55549506.000000 119746.000000 1759.000000
54800697.000000 118183.000000 3416.000000
55454316.000000 119357.000000 1524.000000
55548164.000000 119491.000000 969.000000
54578346.000000 117428.000000 3911.000000
54564361.000000 117435.000000 3931.000000
54056681.000000 116463.000000 6169.000000
54347563.000000 117248.000000 5076.000000
55525467.000000 119577.000000 1282.000000
54807639.000000 118251.000000 3285.000000
54832264.000000 118252.000000 3267.000000
53513661.000000 114966.000000 7444.000000
53916800.000000 116221.000000 6518.000000
54849410.000000 117980.000000 3090.000000
54350931.000000 117170.000000 5049.000000
54002081.000000 115959.000000 6249.000000
54287325.000000 116846.000000 5157.000000
54314435.000000 116977.000000 5332.000000
54171311.000000 116836.000000 5741.000000
53770954.000000 116030.000000 6933.000000
55242143.000000 119089.000000 2704.000000
54798131.000000 117953.000000 3196.000000
54249966.000000 116721.000000 5079.000000
53373286.000000 115016.000000 7917.000000
53899053.000000 116122.000000 6409.000000
55398045.000000 119493.000000 2293.000000
52281717.000000 112757.000000 11138.000000
54472680.000000 117220.000000 4643.000000
54808218.000000 117879.000000 3299.000000
54540807.000000 117221.000000 3940.000000
52099240.000000 112328.000000 10826.000000
55624155.000000 119947.000000 1345.000000
54286711.000000 116948.000000 3900.000000
55559700.000000 119633.000000 1519.000000
54441290.000000 117396.000000 4927.000000
53921211.000000 116116.000000 6499.000000
53803192.000000 115841.000000 6581.000000
52975452.000000 114234.000000 8650.000000
53244689.000000 114751.000000 8318.000000
53461424.000000 115207.000000 7737.000000
53098184.000000 114183.000000 8372.000000
52258362.000000 112360.000000 10932.000000
52659802.000000 113161.000000 9735.000000
53362126.000000 115141.000000 8020.000000
54098832.000000 116448.000000 6154.000000
52304450.000000 112498.000000 10610.000000
52856056.000000 113739.000000 9100.000000
55271670.000000 119087.000000 2653.000000
55592815.000000 119834.000000 1369.000000
53969689.000000 116054.000000 6121.000000
53932656.000000 116245.000000 6384.000000
54387823.000000 116854.000000 4849.000000
53713180.000000 115786.000000 7101.000000
53535413.000000 115305.000000 7630.000000
54826661.000000 118085.000000 3157.000000
53986383.000000 116212.000000 6516.000000
54586663.000000 117695.000000 4173.000000
