55887848.000000 120575.000000 0.000000
55904033.000000 120335.000000 0.000000
55995763.000000 120861.000000 0.000000
55909958.000000 120106.000000 0.000000
55902327.000000 120183.000000 0.000000
55916446.000000 120303.000000 0.000000
55917596.000000 120127.000000 0.000000
55894444.000000 120324.000000 0.000000
55967721.000000 120702.000000 0.000000
55907776.000000 120259.000000 0.000000
55987861.000000 120952.000000 0.000000
55885793.000000 120607.000000 0.000000
55874674.000000 120713.000000 0.000000
55911649.000000 120109.000000 0.000000
55893543.000000 120217.000000 0.000000
55898949.000000 120239.000000 0.000000
55682065.000000 119868.000000 0.000000
55887518.000000 120304.000000 0.000000
55730297.000000 120082.000000 0.000000
55899456.000000 120284.000000 0.000000
55909994.000000 120369.000000 0.000000
55901358.000000 120364.000000 0.000000
55900581.000000 120335.000000 0.000000
55878893.000000 120686.000000 0.000000
55900613.000000 120283.000000 0.000000
55861679.000000 120624.000000 0.000000
55751838.000000 119952.000000 0.000000
55894205.000000 120357.000000 0.000000
55903052.000000 120470.000000 0.000000
55980811.000000 120734.000000 0.000000
55907621.000000 120272.000000 0.000000
55940710.000000 120538.000000 0.000000
55923474.000000 120317.000000 0.000000
55918089.000000 120328.000000 0.000000
55925428.000000 120385.000000 0.000000
55694424.000000 119843.000000 0.000000
55901032.000000 120427.000000 0.000000
55941702.000000 120188.000000 0.000000
55894302.000000 120291.000000 0.000000
55916939.000000 120243.000000 0.000000
55882613.000000 120059.000000 0.000000
55500827.000000 119769.000000 0.000000
55898479.000000 120265.000000 0.000000
55902316.000000 120516.000000 0.000000
55905452.000000 120307.000000 0.000000
55905765.000000 120365.000000 0.000000
55934809.000000 120306.000000 0.000000
55900877.000000 120281.000000 0.000000
55923151.000000 120212.000000 0.000000
55786403.000000 119930.000000 0.000000
55903873.000000 120338.000000 0.000000
55922587.000000 120312.000000 0.000000
55869835.000000 120521.000000 0.000000
55930112.000000 120154.000000 0.000000
55912906.000000 120318.000000 0.000000
55908245.000000 120242.000000 0.000000
55917918.000000 120228.000000 0.000000
55910060.000000 120374.000000 0.000000
55911922.000000 120308.000000 0.000000
55991771.000000 120954.000000 0.000000
55925613.000000 120313.000000 0.000000
55925927.000000 120274.000000 0.000000
55919142.000000 120331.000000 0.000000
55616086.000000 119616.000000 0.000000
55902560.000000 120258.000000 0.000000
55971021.000000 120863.000000 0.000000
55911676.000000 120360.000000 0.000000
55896357.000000 120246.000000 0.000000
55917817.000000 120402.000000 0.000000
55962186.000000 120435.000000 0.000000
55918221.000000 120287.000000 0.000000
55902396.000000 120301.000000 0.000000
55915360.000000 120344.000000 0.000000
55904624.000000 120224.000000 0.000000
55907964.000000 120273.000000 0.000000
55914499.000000 120317.000000 0.000000
55906085.000000 120362.000000 0.000000
55864922.000000 120161.000000 0.000000
55914070.000000 120229.000000 0.000000
55906771.000000 120364.000000 0.000000
55909281.000000 120414.000000 0.000000
55915891.000000 120380.000000 0.000000
55882312.000000 120250.000000 0.000000
55895859.000000 120285.000000 0.000000
55891128.000000 120164.000000 0.000000
55912677.000000 120336.000000 0.000000
55913349.000000 120282.000000 0.000000
55894183.000000 120237.000000 0.000000
55894891.000000 120435.000000 0.000000
55901332.000000 120324.000000 0.000000
55761359.000000 119918.000000 0.000000
55890049.000000 120283.000000 0.000000
55928808.000000 120417.000000 0.000000
55905166.000000 120298.000000 0.000000
55920479.000000 120138.000000 0.000000
55994085.000000 120683.000000 0.000000
55918423.000000 120355.000000 0.000000
55906519.000000 120382.000000 0.000000
55653261.000000 119991.000000 0.000000
55910189.000000 120377.000000 0.000000
