55769236.000000 120026.000000 0.000000
55736537.000000 119986.000000 0.000000
55749085.000000 120046.000000 0.000000
55763038.000000 120156.000000 0.000000
55754184.000000 120014.000000 0.000000
55735681.000000 120080.000000 0.000000
55750515.000000 119981.000000 0.000000
55750145.000000 120013.000000 0.000000
55751414.000000 119966.000000 0.000000
55752021.000000 120173.000000 0.000000
55753440.000000 120012.000000 0.000000
55745788.000000 119950.000000 0.000000
55733179.000000 120063.000000 0.000000
55766299.000000 120076.000000 0.000000
55685425.000000 120295.000000 0.000000
55728162.000000 120018.000000 0.000000
55716117.000000 120081.000000 0.000000
55705370.000000 120077.000000 0.000000
55721327.000000 119898.000000 0.000000
55727626.000000 120074.000000 0.000000
55727839.000000 120044.000000 0.000000
55798447.000000 120548.000000 0.000000
55758283.000000 120125.000000 0.000000
55733544.000000 120032.000000 0.000000
55740628.000000 120112.000000 0.000000
55817087.000000 120514.000000 0.000000
55756555.000000 119884.000000 0.000000
55735841.000000 119992.000000 0.000000
55791445.000000 120318.000000 0.000000
55746702.000000 120016.000000 0.000000
55688735.000000 120198.000000 0.000000
55816131.000000 120518.000000 0.000000
55822170.000000 120442.000000 0.000000
55719953.000000 119932.000000 0.000000
55738221.000000 120088.000000 0.000000
55731338.000000 119938.000000 0.000000
55728287.000000 120093.000000 0.000000
55728647.000000 120015.000000 0.000000
55733776.000000 119970.000000 0.000000
55823293.000000 120512.000000 0.000000
55748151.000000 119982.000000 0.000000
55759907.000000 120021.000000 0.000000
55669582.000000 120119.000000 0.000000
55712266.000000 120098.000000 0.000000
55754635.000000 119980.000000 0.000000
55769949.000000 120247.000000 0.000000
55725874.000000 120197.000000 0.000000
55696611.000000 120219.000000 0.000000
55835575.000000 120502.000000 0.000000
55767213.000000 120159.000000 0.000000
55746033.000000 120016.000000 0.000000
55739133.000000 120160.000000 0.000000
55751716.000000 119901.000000 0.000000
55710757.000000 120167.000000 0.000000
55688982.000000 120158.000000 0.000000
55793392.000000 120486.000000 0.000000
55621232.000000 119663.000000 0.000000
55745950.000000 119924.000000 0.000000
55729603.000000 120040.000000 0.000000
55716172.000000 119942.000000 0.000000
55755610.000000 119917.000000 0.000000
55675914.000000 120225.000000 0.000000
55743790.000000 120153.000000 0.000000
55824195.000000 120593.000000 0.000000
55733588.000000 119875.000000 0.000000
55737398.000000 120163.000000 0.000000
55723873.000000 119933.000000 0.000000
55792739.000000 120378.000000 0.000000
55738107.000000 120114.000000 0.000000
55726358.000000 120022.000000 0.000000
55732074.000000 119957.000000 0.000000
55750737.000000 120041.000000 0.000000
55731538.000000 120014.000000 0.000000
55725964.000000 119940.000000 0.000000
55721630.000000 119926.000000 0.000000
55744200.000000 120093.000000 0.000000
55744664.000000 120067.000000 0.000000
55733863.000000 119981.000000 0.000000
55652392.000000 119914.000000 0.000000
55743667.000000 120057.000000 0.000000
55713233.000000 119970.000000 0.000000
55849093.000000 120377.000000 0.000000
55737492.000000 119999.000000 0.000000
55865313.000000 120504.000000 0.000000
55613255.000000 119792.000000 0.000000
55836907.000000 120486.000000 0.000000
55799224.000000 120424.000000 0.000000
55665937.000000 120284.000000 0.000000
55685673.000000 120365.000000 0.000000
55733145.000000 119952.000000 0.000000
55814203.000000 120532.000000 0.000000
55724354.000000 120057.000000 0.000000
55805178.000000 120487.000000 0.000000
55748829.000000 119949.000000 0.000000
55742368.000000 120110.000000 0.000000
55728735.000000 119997.000000 0.000000
55839467.000000 120524.000000 0.000000
55748674.000000 120093.000000 0.000000
55733530.000000 119896.000000 0.000000
55726628.000000 119965.000000 0.000000
