55824527.000000 120761.000000 0.000000
55425523.000000 119809.000000 0.000000
55847525.000000 120901.000000 0.000000
55765767.000000 120648.000000 0.000000
55782172.000000 120586.000000 0.000000
55853846.000000 120821.000000 0.000000
55757639.000000 120513.000000 0.000000
55743820.000000 120446.000000 0.000000
55779547.000000 120391.000000 0.000000
55671874.000000 120188.000000 0.000000
55770119.000000 120507.000000 0.000000
55765901.000000 120427.000000 0.000000
55793483.000000 120361.000000 0.000000
55777654.000000 120532.000000 0.000000
55785482.000000 120507.000000 0.000000
55766846.000000 120402.000000 0.000000
55764498.000000 120533.000000 0.000000
55777478.000000 120466.000000 0.000000
55770996.000000 120383.000000 0.000000
55775798.000000 120436.000000 0.000000
55820523.000000 120943.000000 0.000000
55795064.000000 120585.000000 0.000000
55772038.000000 120497.000000 0.000000
55791151.000000 120412.000000 0.000000
55778049.000000 120495.000000 0.000000
55761828.000000 120426.000000 0.000000
55755511.000000 120330.000000 0.000000
55567530.000000 120278.000000 0.000000
55761551.000000 120430.000000 0.000000
55781276.000000 120390.000000 0.000000
55770972.000000 120558.000000 0.000000
55783840.000000 120352.000000 0.000000
55780713.000000 120422.000000 0.000000
55783011.000000 120360.000000 0.000000
55592184.000000 120418.000000 0.000000
55763723.000000 120440.000000 0.000000
55729746.000000 120290.000000 0.000000
55842106.000000 120857.000000 0.000000
55764216.000000 120227.000000 0.000000
55776505.000000 120546.000000 0.000000
55651003.000000 120187.000000 0.000000
55774180.000000 120320.000000 0.000000
55755671.000000 120547.000000 0.000000
55763240.000000 120401.000000 0.000000
55593414.000000 120432.000000 0.000000
55803642.000000 120572.000000 0.000000
55749652.000000 120342.000000 0.000000
55779795.000000 120416.000000 0.000000
55745228.000000 120373.000000 0.000000
55751576.000000 120337.000000 0.000000
55596848.000000 120380.000000 0.000000
55861885.000000 120992.000000 0.000000
55613331.000000 120219.000000 0.000000
55772251.000000 120549.000000 0.000000
55756190.000000 120429.000000 0.000000
55759530.000000 120567.000000 0.000000
55786497.000000 120489.000000 0.000000
55779641.000000 120348.000000 0.000000
55743983.000000 120367.000000 0.000000
55775251.000000 120440.000000 0.000000
55763553.000000 120329.000000 0.000000
55600988.000000 120278.000000 0.000000
55777905.000000 120376.000000 0.000000
55760452.000000 120553.000000 0.000000
55774224.000000 120492.000000 0.000000
55712758.000000 120384.000000 0.000000
55577704.000000 120344.000000 0.000000
55783782.000000 120465.000000 0.000000
55757449.000000 120349.000000 0.000000
55762547.000000 120507.000000 0.000000
55780967.000000 120573.000000 0.000000
55758191.000000 120476.000000 0.000000
55780359.000000 120367.000000 0.000000
55794035.000000 120406.000000 0.000000
55759182.000000 120372.000000 0.000000
55760748.000000 120421.000000 0.000000
55762324.000000 120304.000000 0.000000
55791002.000000 120398.000000 0.000000
55782075.000000 120365.000000 0.000000
55783226.000000 120431.000000 0.000000
55766724.000000 120442.000000 0.000000
55776595.000000 120469.000000 0.000000
55575057.000000 120521.000000 0.000000
55775246.000000 120367.000000 0.000000
55769747.000000 120507.000000 0.000000
55784576.000000 120309.000000 0.000000
55822420.000000 120730.000000 0.000000
55768622.000000 120528.000000 0.000000
55734701.000000 120410.000000 0.000000
55617794.000000 120145.000000 0.000000
55782819.000000 120404.000000 0.000000
55733837.000000 120649.000000 0.000000
55755411.000000 120522.000000 0.000000
55646400.000000 120201.000000 0.000000
55755288.000000 120437.000000 0.000000
55765770.000000 120510.000000 0.000000
55583913.000000 120067.000000 0.000000
55761695.000000 120404.000000 0.000000
55568720.000000 120257.000000 0.000000
55767041.000000 120574.000000 0.000000
