47513993.000000 103255.000000 25269.000000
48498063.000000 105492.000000 22612.000000
48598387.000000 105443.000000 22305.000000
49025800.000000 105565.000000 20855.000000
47760102.000000 103121.000000 24907.000000
48330711.000000 103937.000000 22729.000000
48300010.000000 104508.000000 21780.000000
46456710.000000 102390.000000 27596.000000
47310009.000000 102937.000000 24970.000000
48555539.000000 105265.000000 22239.000000
45635760.000000 100229.000000 29802.000000
45679171.000000 99984.000000 29697.000000
45540384.000000 100479.000000 31264.000000
46473542.000000 101595.000000 28048.000000
46179230.000000 102385.000000 29037.000000
48547463.000000 106863.000000 21699.000000
47288783.000000 102796.000000 25220.000000
46535898.000000 102685.000000 27241.000000
47067435.000000 102081.000000 26897.000000
46456729.000000 102128.000000 28542.000000
47997841.000000 103229.000000 24155.000000
47559877.000000 102702.000000 24930.000000
48009491.000000 104197.000000 23366.000000
46760798.000000 101837.000000 26691.000000
45782935.000000 98978.000000 30040.000000
47127636.000000 102088.000000 26814.000000
45827329.000000 100777.000000 30385.000000
48622656.000000 106094.000000 21108.000000
46521917.000000 101923.000000 28209.000000
47241067.000000 102212.000000 25898.000000
47078076.000000 102517.000000 26277.000000
47361578.000000 101927.000000 26026.000000
47181964.000000 102687.000000 26150.000000
47553626.000000 103012.000000 25276.000000
48298265.000000 103838.000000 23251.000000
47383716.000000 102423.000000 23473.000000
47513935.000000 102805.000000 25336.000000
47802574.000000 103296.000000 24570.000000
48320138.000000 105709.000000 23047.000000
47243424.000000 103011.000000 25309.000000
48926687.000000 106923.000000 20575.000000
46942709.000000 103381.000000 27041.000000
47274629.000000 102297.000000 26205.000000
47673960.000000 103639.000000 24997.000000
48596755.000000 105747.000000 21563.000000
46704891.000000 102976.000000 27345.000000
46887738.000000 101224.000000 27172.000000
47359978.000000 102266.000000 25818.000000
46906347.000000 102020.000000 27361.000000
45554356.000000 99208.000000 30013.000000
47156690.000000 102726.000000 25936.000000
47371406.000000 102558.000000 25835.000000
45238602.000000 97366.000000 32256.000000
44955387.000000 98049.000000 33049.000000
46263983.000000 102875.000000 28568.000000
46708073.000000 100865.000000 27829.000000
46976660.000000 102008.000000 26992.000000
46326361.000000 102623.000000 28761.000000
47101210.000000 101714.000000 26353.000000
49612470.000000 107064.000000 18997.000000
47492992.000000 102669.000000 25640.000000
47540343.000000 103726.000000 25465.000000
48062997.000000 104208.000000 23466.000000
46958717.000000 101689.000000 27420.000000
45938327.000000 101080.000000 29581.000000
47026038.000000 102312.000000 26745.000000
48205248.000000 104615.000000 23591.000000
48537179.000000 104850.000000 22736.000000
48063369.000000 103819.000000 23903.000000
46668589.000000 100738.000000 27424.000000
45345490.000000 99550.000000 31107.000000
48312152.000000 104808.000000 22938.000000
49459555.000000 106561.000000 19451.000000
47200903.000000 103312.000000 26134.000000
46634343.000000 102181.000000 28041.000000
47419415.000000 102598.000000 25543.000000
48573434.000000 104520.000000 22204.000000
49312561.000000 107297.000000 19034.000000
48190087.000000 104613.000000 21348.000000
45014632.000000 98598.000000 29596.000000
45081440.000000 98081.000000 31131.000000
46181053.000000 104050.000000 28960.000000
45917620.000000 100238.000000 29508.000000
47505847.000000 103311.000000 24506.000000
46157179.000000 102326.000000 28342.000000
48286848.000000 107212.000000 21183.000000
48481874.000000 106063.000000 20673.000000
47501960.000000 103440.000000 25594.000000
48475118.000000 106041.000000 22728.000000
46437508.000000 102551.000000 26862.000000
47957717.000000 103989.000000 23086.000000
47091364.000000 101910.000000 25969.000000
47975115.000000 103820.000000 22954.000000
47144929.000000 102051.000000 26211.000000
46327847.000000 103233.000000 28902.000000
47420786.000000 103337.000000 25638.000000
47382003.000000 102751.000000 25760.000000
44967728.000000 97455.000000 33778.000000
44199242.000000 96481.000000 36687.000000
46134038.000000 100769.000000 29180.000000
