56257601.000000 121215.000000 0.000000
56202161.000000 120911.000000 0.000000
56222495.000000 120878.000000 0.000000
56211555.000000 120968.000000 0.000000
56196415.000000 120886.000000 0.000000
56206399.000000 120915.000000 0.000000
56281584.000000 121465.000000 0.000000
56271843.000000 121389.000000 0.000000
56284435.000000 121318.000000 0.000000
56178903.000000 120842.000000 0.000000
56218104.000000 120798.000000 0.000000
56100720.000000 120870.000000 0.000000
56186401.000000 120905.000000 0.000000
56165638.000000 120869.000000 0.000000
56191240.000000 120904.000000 0.000000
56138989.000000 120847.000000 0.000000
56273363.000000 121475.000000 0.000000
56186740.000000 120924.000000 0.000000
56253269.000000 121272.000000 0.000000
56201601.000000 120814.000000 0.000000
56280840.000000 121432.000000 0.000000
56253829.000000 121362.000000 0.000000
56203992.000000 120818.000000 0.000000
55940325.000000 120257.000000 0.000000
56261048.000000 121330.000000 0.000000
56202955.000000 120997.000000 0.000000
56226305.000000 120885.000000 0.000000
56249444.000000 121219.000000 0.000000
56199896.000000 121016.000000 0.000000
56204770.000000 121091.000000 0.000000
56263732.000000 121302.000000 0.000000
56228744.000000 120936.000000 0.000000
56280022.000000 121326.000000 0.000000
56264995.000000 121218.000000 0.000000
56179895.000000 120844.000000 0.000000
56165340.000000 120864.000000 0.000000
56140576.000000 120870.000000 0.000000
55817922.000000 120144.000000 0.000000
56273582.000000 121450.000000 0.000000
56170334.000000 120873.000000 0.000000
56224087.000000 121406.000000 0.000000
56209219.000000 120790.000000 0.000000
56179801.000000 120866.000000 0.000000
56156653.000000 120883.000000 0.000000
56279160.000000 121338.000000 0.000000
56256370.000000 121310.000000 0.000000
56151865.000000 120919.000000 0.000000
55938515.000000 120412.000000 0.000000
56182116.000000 121013.000000 0.000000
56187123.000000 120772.000000 0.000000
56266035.000000 121348.000000 0.000000
56192008.000000 120813.000000 0.000000
56165961.000000 120899.000000 0.000000
55983164.000000 120489.000000 0.000000
56193874.000000 120987.000000 0.000000
56200964.000000 120870.000000 0.000000
56265198.000000 121480.000000 0.000000
56283978.000000 121401.000000 0.000000
56199442.000000 120876.000000 0.000000
56187074.000000 120923.000000 0.000000
56208598.000000 120909.000000 0.000000
56243074.000000 121335.000000 0.000000
56282676.000000 121244.000000 0.000000
56177006.000000 120719.000000 0.000000
56157290.000000 120908.000000 0.000000
56274299.000000 121482.000000 0.000000
56178964.000000 120840.000000 0.000000
56270066.000000 121412.000000 0.000000
56204865.000000 120823.000000 0.000000
56104687.000000 120713.000000 0.000000
56105073.000000 120765.000000 0.000000
56186616.000000 120911.000000 0.000000
56199840.000000 120853.000000 0.000000
56161322.000000 120784.000000 0.000000
56198265.000000 121009.000000 0.000000
56201484.000000 120766.000000 0.000000
56199211.000000 120797.000000 0.000000
56194183.000000 120817.000000 0.000000
56193608.000000 120916.000000 0.000000
55996645.000000 120865.000000 0.000000
56186514.000000 120853.000000 0.000000
56098816.000000 120529.000000 0.000000
56215995.000000 120811.000000 0.000000
56251545.000000 121425.000000 0.000000
56178306.000000 120777.000000 0.000000
56196647.000000 120840.000000 0.000000
56210597.000000 120910.000000 0.000000
56178175.000000 120813.000000 0.000000
56109638.000000 120718.000000 0.000000
56281207.000000 121300.000000 0.000000
56228463.000000 120876.000000 0.000000
56206538.000000 120876.000000 0.000000
56093133.000000 120978.000000 0.000000
56200266.000000 120979.000000 0.000000
56149307.000000 120878.000000 0.000000
56178628.000000 120941.000000 0.000000
56211150.000000 120937.000000 0.000000
56161212.000000 120901.000000 0.000000
56183728.000000 120771.000000 0.000000
56213891.000000 120859.000000 0.000000
