56147463.000000 120790.000000 0.000000
56150102.000000 120847.000000 0.000000
56158872.000000 120784.000000 0.000000
56141166.000000 120834.000000 0.000000
56234894.000000 121208.000000 0.000000
56171054.000000 120765.000000 0.000000
56238194.000000 121291.000000 0.000000
56149871.000000 120929.000000 0.000000
56161558.000000 120951.000000 0.000000
56157443.000000 120898.000000 0.000000
56150658.000000 120847.000000 0.000000
56155169.000000 120845.000000 0.000000
56167916.000000 120990.000000 0.000000
56085204.000000 120945.000000 0.000000
56160167.000000 121070.000000 0.000000
56236722.000000 121335.000000 0.000000
56155502.000000 120955.000000 0.000000
56153232.000000 120824.000000 0.000000
56256717.000000 121149.000000 0.000000
56138413.000000 120997.000000 0.000000
56238266.000000 121199.000000 0.000000
56185107.000000 120891.000000 0.000000
56171758.000000 120930.000000 0.000000
56245752.000000 121440.000000 0.000000
56250309.000000 121206.000000 0.000000
56258042.000000 121379.000000 0.000000
56101639.000000 120588.000000 0.000000
56168634.000000 120906.000000 0.000000
56260036.000000 121327.000000 0.000000
56248667.000000 121202.000000 0.000000
56162417.000000 120829.000000 0.000000
56261240.000000 121098.000000 0.000000
56227005.000000 121351.000000 0.000000
56153676.000000 120983.000000 0.000000
56259883.000000 121260.000000 0.000000
56204248.000000 121130.000000 0.000000
56235591.000000 121258.000000 0.000000
56156158.000000 120893.000000 0.000000
56244155.000000 121226.000000 0.000000
56243793.000000 121318.000000 0.000000
56264537.000000 121247.000000 0.000000
56263921.000000 121258.000000 0.000000
56260513.000000 121248.000000 0.000000
56192662.000000 121197.000000 0.000000
56148042.000000 120953.000000 0.000000
56124403.000000 120943.000000 0.000000
56174265.000000 120854.000000 0.000000
56166513.000000 120942.000000 0.000000
56190410.000000 121103.000000 0.000000
56168460.000000 120849.000000 0.000000
56242691.000000 121253.000000 0.000000
56258004.000000 121304.000000 0.000000
56163133.000000 120799.000000 0.000000
56250803.000000 121298.000000 0.000000
56246089.000000 121414.000000 0.000000
56250805.000000 121245.000000 0.000000
56176147.000000 121164.000000 0.000000
56230571.000000 121255.000000 0.000000
56167165.000000 120904.000000 0.000000
56139932.000000 120949.000000 0.000000
56265764.000000 121201.000000 0.000000
56256053.000000 121248.000000 0.000000
56254630.000000 121196.000000 0.000000
56246836.000000 121269.000000 0.000000
56264267.000000 121371.000000 0.000000
56223947.000000 121358.000000 0.000000
55876883.000000 120238.000000 0.000000
56157668.000000 120920.000000 0.000000
56169677.000000 120942.000000 0.000000
56142491.000000 120816.000000 0.000000
56255706.000000 121224.000000 0.000000
56139889.000000 120870.000000 0.000000
56249163.000000 121379.000000 0.000000
56266100.000000 121219.000000 0.000000
56207242.000000 121126.000000 0.000000
56231744.000000 121223.000000 0.000000
56189743.000000 120846.000000 0.000000
56161317.000000 121013.000000 0.000000
56201848.000000 120840.000000 0.000000
56134998.000000 120905.000000 0.000000
56232736.000000 121346.000000 0.000000
56231925.000000 121295.000000 0.000000
56183141.000000 120959.000000 0.000000
56240320.000000 121190.000000 0.000000
56241826.000000 121265.000000 0.000000
56168398.000000 120905.000000 0.000000
56254511.000000 121398.000000 0.000000
56151037.000000 120734.000000 0.000000
56151037.000000 120812.000000 0.000000
56236910.000000 121359.000000 0.000000
56253394.000000 121286.000000 0.000000
56161821.000000 121012.000000 0.000000
56254234.000000 121344.000000 0.000000
56047263.000000 120598.000000 0.000000
56257352.000000 121307.000000 0.000000
56064934.000000 120854.000000 0.000000
56241128.000000 121293.000000 0.000000
56231022.000000 121268.000000 0.000000
56140434.000000 120955.000000 0.000000
56260530.000000 121188.000000 0.000000
