56144044.000000 120820.000000 0.000000
56137904.000000 120849.000000 0.000000
56198379.000000 121219.000000 0.000000
56187525.000000 121157.000000 0.000000
56204938.000000 121208.000000 0.000000
56199870.000000 121072.000000 0.000000
56097411.000000 120477.000000 0.000000
56006016.000000 120464.000000 0.000000
56120602.000000 120698.000000 0.000000
56203339.000000 121192.000000 0.000000
56127619.000000 120629.000000 0.000000
56214327.000000 121107.000000 0.000000
56208740.000000 121144.000000 0.000000
56213543.000000 121144.000000 0.000000
56191129.000000 121071.000000 0.000000
56215234.000000 121091.000000 0.000000
56189425.000000 121041.000000 0.000000
56207587.000000 121162.000000 0.000000
56061451.000000 120595.000000 0.000000
56198773.000000 121142.000000 0.000000
56044979.000000 120713.000000 0.000000
56063180.000000 120592.000000 0.000000
56114585.000000 120957.000000 0.000000
56073713.000000 120573.000000 0.000000
56220834.000000 121125.000000 0.000000
56056552.000000 120536.000000 0.000000
56095452.000000 120713.000000 0.000000
56152862.000000 120994.000000 0.000000
56190389.000000 121117.000000 0.000000
56081883.000000 120562.000000 0.000000
56183717.000000 121125.000000 0.000000
56179675.000000 121121.000000 0.000000
56185701.000000 121122.000000 0.000000
56185634.000000 121063.000000 0.000000
56204155.000000 121191.000000 0.000000
56212194.000000 121065.000000 0.000000
56200978.000000 121143.000000 0.000000
56206454.000000 121131.000000 0.000000
56219100.000000 120969.000000 0.000000
56073537.000000 120604.000000 0.000000
56207031.000000 121119.000000 0.000000
56220415.000000 121007.000000 0.000000
56196873.000000 120977.000000 0.000000
56107410.000000 120745.000000 0.000000
56169863.000000 120938.000000 0.000000
56205490.000000 121131.000000 0.000000
56092109.000000 120602.000000 0.000000
56180977.000000 121160.000000 0.000000
56078783.000000 120625.000000 0.000000
56193217.000000 121206.000000 0.000000
56203169.000000 120984.000000 0.000000
56200658.000000 121102.000000 0.000000
56093544.000000 120884.000000 0.000000
56191973.000000 121064.000000 0.000000
56068491.000000 120661.000000 0.000000
56199103.000000 121101.000000 0.000000
56210714.000000 121027.000000 0.000000
56113504.000000 120837.000000 0.000000
56217472.000000 121189.000000 0.000000
56070892.000000 120674.000000 0.000000
56205365.000000 121114.000000 0.000000
56213239.000000 121270.000000 0.000000
56131585.000000 120825.000000 0.000000
56123508.000000 120771.000000 0.000000
56190558.000000 121061.000000 0.000000
56195602.000000 121187.000000 0.000000
56200043.000000 121245.000000 0.000000
56020783.000000 120638.000000 0.000000
56212944.000000 121263.000000 0.000000
56204994.000000 121163.000000 0.000000
56202774.000000 121129.000000 0.000000
56197241.000000 121219.000000 0.000000
56123234.000000 120950.000000 0.000000
55969517.000000 120381.000000 0.000000
56119621.000000 120591.000000 0.000000
56202886.000000 121228.000000 0.000000
56185304.000000 121128.000000 0.000000
56009325.000000 120502.000000 0.000000
56202945.000000 121114.000000 0.000000
56073341.000000 120545.000000 0.000000
56209809.000000 121152.000000 0.000000
56201481.000000 121081.000000 0.000000
56202237.000000 121030.000000 0.000000
56203537.000000 121116.000000 0.000000
56094638.000000 120607.000000 0.000000
56200693.000000 121307.000000 0.000000
56196212.000000 121297.000000 0.000000
56204077.000000 121069.000000 0.000000
56207015.000000 121012.000000 0.000000
56210635.000000 120967.000000 0.000000
56206642.000000 121200.000000 0.000000
56179499.000000 121042.000000 0.000000
56178774.000000 121051.000000 0.000000
56082761.000000 120720.000000 0.000000
56182307.000000 121197.000000 0.000000
56190335.000000 121144.000000 0.000000
55276463.000000 118936.000000 0.000000
56069206.000000 120754.000000 0.000000
56116945.000000 120697.000000 0.000000
56199055.000000 121229.000000 0.000000
