55936822.000000 120331.000000 0.000000
55945479.000000 120657.000000 0.000000
55920270.000000 120447.000000 0.000000
55934748.000000 120369.000000 0.000000
55949259.000000 120336.000000 0.000000
55920290.000000 120359.000000 0.000000
56009482.000000 120887.000000 0.000000
55932445.000000 120442.000000 0.000000
55929237.000000 120612.000000 0.000000
55982888.000000 120597.000000 0.000000
55929467.000000 120250.000000 0.000000
55928566.000000 120423.000000 0.000000
55917561.000000 120820.000000 0.000000
55991053.000000 120496.000000 0.000000
55939765.000000 120437.000000 0.000000
55962131.000000 120262.000000 0.000000
55894536.000000 121049.000000 0.000000
55927671.000000 120472.000000 0.000000
55916873.000000 120339.000000 0.000000
55901151.000000 120308.000000 0.000000
55969585.000000 120345.000000 0.000000
55948754.000000 120285.000000 0.000000
55939468.000000 120355.000000 0.000000
55970321.000000 120783.000000 0.000000
55672898.000000 119783.000000 0.000000
55923610.000000 120268.000000 0.000000
55933530.000000 120222.000000 0.000000
55951212.000000 120812.000000 0.000000
55938945.000000 120359.000000 0.000000
55932144.000000 120364.000000 0.000000
55925720.000000 120373.000000 0.000000
55891323.000000 120376.000000 0.000000
55944281.000000 120414.000000 0.000000
55945297.000000 120373.000000 0.000000
55935339.000000 120416.000000 0.000000
55916615.000000 120412.000000 0.000000
55922008.000000 120991.000000 0.000000
55816185.000000 120602.000000 0.000000
55933311.000000 120368.000000 0.000000
55935852.000000 120303.000000 0.000000
55933387.000000 120445.000000 0.000000
55945718.000000 120379.000000 0.000000
55989628.000000 120763.000000 0.000000
56004211.000000 120748.000000 0.000000
56019024.000000 120831.000000 0.000000
55928598.000000 120443.000000 0.000000
55948394.000000 120357.000000 0.000000
55935625.000000 120459.000000 0.000000
55942841.000000 120211.000000 0.000000
55942885.000000 120292.000000 0.000000
55958620.000000 120456.000000 0.000000
56040785.000000 120656.000000 0.000000
55952712.000000 120331.000000 0.000000
55931564.000000 120255.000000 0.000000
55935929.000000 120295.000000 0.000000
55931556.000000 120270.000000 0.000000
55929591.000000 120245.000000 0.000000
55925147.000000 120317.000000 0.000000
55930666.000000 120347.000000 0.000000
55929974.000000 120321.000000 0.000000
55953294.000000 120366.000000 0.000000
55888010.000000 120923.000000 0.000000
55923856.000000 120283.000000 0.000000
55924539.000000 120300.000000 0.000000
55932238.000000 120402.000000 0.000000
55937824.000000 120729.000000 0.000000
56007878.000000 120729.000000 0.000000
55993437.000000 120741.000000 0.000000
56027893.000000 120637.000000 0.000000
56014347.000000 120743.000000 0.000000
55995547.000000 120776.000000 0.000000
55932980.000000 120910.000000 0.000000
55824342.000000 120743.000000 0.000000
55924475.000000 120190.000000 0.000000
55925317.000000 120328.000000 0.000000
55915927.000000 120247.000000 0.000000
55948945.000000 120194.000000 0.000000
55943666.000000 120391.000000 0.000000
55960638.000000 120420.000000 0.000000
55935562.000000 120363.000000 0.000000
55930919.000000 120331.000000 0.000000
55928701.000000 120336.000000 0.000000
55942442.000000 120294.000000 0.000000
55991270.000000 120744.000000 0.000000
56035976.000000 120777.000000 0.000000
55939162.000000 120327.000000 0.000000
55926465.000000 120235.000000 0.000000
56015848.000000 120822.000000 0.000000
55928727.000000 120523.000000 0.000000
55928106.000000 120385.000000 0.000000
55943164.000000 120321.000000 0.000000
55915538.000000 120396.000000 0.000000
55920555.000000 120393.000000 0.000000
55927366.000000 121041.000000 0.000000
55916113.000000 121051.000000 0.000000
55927432.000000 120364.000000 0.000000
55882195.000000 120111.000000 0.000000
55941954.000000 120421.000000 0.000000
55932110.000000 120441.000000 0.000000
55960948.000000 120277.000000 0.000000
