47459979.000000 103261.000000 25084.000000
45031276.000000 98132.000000 32208.000000
46813092.000000 102633.000000 26459.000000
47665621.000000 103983.000000 23675.000000
48350626.000000 104458.000000 22423.000000
48529461.000000 105289.000000 22526.000000
47384520.000000 103256.000000 25341.000000
47439040.000000 102543.000000 25288.000000
46989400.000000 102336.000000 26518.000000
46175780.000000 100059.000000 29722.000000
48196295.000000 104915.000000 23208.000000
45885066.000000 100205.000000 29414.000000
43488658.000000 95832.000000 35579.000000
47041816.000000 102802.000000 24607.000000
48071211.000000 104810.000000 21774.000000
46789311.000000 101580.000000 25094.000000
46758857.000000 101165.000000 26578.000000
46883268.000000 102000.000000 25800.000000
47441382.000000 103893.000000 25698.000000
46583514.000000 100921.000000 27920.000000
49103524.000000 106495.000000 19172.000000
48576532.000000 106132.000000 22138.000000
47195527.000000 102831.000000 26299.000000
49223751.000000 107013.000000 20302.000000
46835727.000000 101722.000000 27431.000000
46736573.000000 101286.000000 27411.000000
49404333.000000 106864.000000 19891.000000
47305564.000000 102658.000000 25984.000000
47173510.000000 102557.000000 26319.000000
46833004.000000 101271.000000 26281.000000
46441321.000000 101593.000000 27037.000000
46182046.000000 100962.000000 27759.000000
44120781.000000 96999.000000 34083.000000
45842398.000000 100593.000000 29581.000000
44068149.000000 96810.000000 33728.000000
47193037.000000 101685.000000 26209.000000
46962072.000000 101749.000000 27039.000000
46725968.000000 100537.000000 27463.000000
46237024.000000 100831.000000 28118.000000
46992128.000000 101552.000000 25850.000000
46586974.000000 102212.000000 24796.000000
46960434.000000 101637.000000 25602.000000
48839062.000000 105844.000000 19985.000000
47825759.000000 104281.000000 23286.000000
46362182.000000 100765.000000 26399.000000
48087904.000000 104160.000000 22692.000000
49842751.000000 108810.000000 15836.000000
48139844.000000 104027.000000 22360.000000
47118340.000000 102908.000000 24003.000000
48058524.000000 103880.000000 22422.000000
46397783.000000 99925.000000 28402.000000
48018367.000000 104854.000000 22998.000000
47353822.000000 103112.000000 24584.000000
46391702.000000 100776.000000 27521.000000
44783650.000000 98242.000000 31722.000000
45179971.000000 98140.000000 30083.000000
43937980.000000 96044.000000 34356.000000
46557443.000000 100842.000000 27846.000000
48952069.000000 106213.000000 20634.000000
46324910.000000 101896.000000 28765.000000
46744391.000000 100858.000000 27360.000000
46793154.000000 102813.000000 26122.000000
47445700.000000 102351.000000 25528.000000
46859096.000000 102661.000000 25146.000000
45912858.000000 101760.000000 27675.000000
47564525.000000 103442.000000 22646.000000
46670859.000000 101483.000000 26293.000000
48139088.000000 104657.000000 23513.000000
45605362.000000 99924.000000 31595.000000
45863571.000000 101316.000000 30395.000000
45323518.000000 100291.000000 31833.000000
49003616.000000 105956.000000 20424.000000
47850566.000000 103863.000000 24390.000000
47730774.000000 103260.000000 24812.000000
46497423.000000 104868.000000 27753.000000
46611081.000000 101412.000000 27114.000000
47059711.000000 103014.000000 25335.000000
48031097.000000 104631.000000 23956.000000
47359055.000000 102491.000000 25976.000000
46393398.000000 100446.000000 28635.000000
45757638.000000 99618.000000 29563.000000
47187096.000000 102308.000000 25633.000000
45837678.000000 99679.000000 28981.000000
44625695.000000 96912.000000 31879.000000
46055854.000000 101432.000000 28215.000000
46591779.000000 101767.000000 25999.000000
45162960.000000 98264.000000 30907.000000
47028563.000000 101968.000000 25588.000000
47486160.000000 102910.000000 23881.000000
45503812.000000 99672.000000 29533.000000
44864875.000000 98057.000000 30854.000000
44979649.000000 98513.000000 31854.000000
47420384.000000 103776.000000 24044.000000
47401752.000000 103243.000000 24463.000000
46813073.000000 102287.000000 25605.000000
46963632.000000 103263.000000 24980.000000
48440131.000000 106013.000000 20902.000000
48166116.000000 105319.000000 21764.000000
47352138.000000 102845.000000 24029.000000
46701949.000000 102848.000000 25182.000000
