55290572.000000 119225.000000 2895.000000
55251368.000000 119218.000000 2958.000000
54538535.000000 117652.000000 4972.000000
55554329.000000 119569.000000 1845.000000
54339081.000000 116973.000000 5403.000000
55293505.000000 119098.000000 2594.000000
54751497.000000 117843.000000 4174.000000
53725830.000000 115777.000000 7459.000000
55987841.000000 120574.000000 454.000000
54867474.000000 118093.000000 3912.000000
56007082.000000 120713.000000 451.000000
54829353.000000 118327.000000 4016.000000
54488946.000000 117225.000000 5074.000000
55876627.000000 120419.000000 1169.000000
55086845.000000 118798.000000 3468.000000
54596109.000000 117437.000000 4529.000000
53907647.000000 115980.000000 6359.000000
54677007.000000 117746.000000 3872.000000
52876437.000000 113969.000000 9644.000000
54797193.000000 118135.000000 4104.000000
55089355.000000 118730.000000 3193.000000
53905214.000000 116368.000000 7001.000000
53758237.000000 115846.000000 7341.000000
54573356.000000 117618.000000 5134.000000
55385978.000000 119234.000000 2379.000000
54609546.000000 117518.000000 4753.000000
54558044.000000 117916.000000 4861.000000
55736164.000000 120116.000000 1568.000000
54285605.000000 117040.000000 5955.000000
54740680.000000 118016.000000 4529.000000
55417296.000000 119248.000000 2298.000000
55117589.000000 118601.000000 3131.000000
53212568.000000 114591.000000 8842.000000
53532476.000000 115458.000000 7980.000000
55834216.000000 120402.000000 1245.000000
53390119.000000 115128.000000 8563.000000
54455956.000000 117348.000000 5446.000000
54404113.000000 117375.000000 5444.000000
54372982.000000 117155.000000 5728.000000
53761282.000000 115875.000000 7469.000000
54086114.000000 116681.000000 6553.000000
54191623.000000 116686.000000 5817.000000
51740290.000000 112976.000000 12713.000000
53447617.000000 115040.000000 7678.000000
53841568.000000 115798.000000 7040.000000
54094790.000000 116530.000000 6596.000000
53905787.000000 115813.000000 6753.000000
55195628.000000 119027.000000 3017.000000
54921493.000000 118180.000000 3717.000000
55760574.000000 120054.000000 1235.000000
55317714.000000 119032.000000 2611.000000
53868342.000000 115948.000000 7009.000000
54059457.000000 116459.000000 6639.000000
54434832.000000 117317.000000 5358.000000
54001346.000000 116425.000000 6785.000000
55086454.000000 118484.000000 3432.000000
52949646.000000 113913.000000 9396.000000
52420572.000000 112961.000000 11419.000000
54665002.000000 117635.000000 4482.000000
52182110.000000 112130.000000 11787.000000
55325675.000000 119343.000000 2766.000000
54738116.000000 118016.000000 4807.000000
55506296.000000 119627.000000 2234.000000
53882307.000000 116089.000000 7138.000000
55995402.000000 120724.000000 456.000000
54417644.000000 117208.000000 4640.000000
54637438.000000 117652.000000 4914.000000
54452879.000000 117172.000000 5197.000000
55706275.000000 119743.000000 1457.000000
55174816.000000 118763.000000 2882.000000
54489158.000000 117207.000000 5089.000000
54690963.000000 117990.000000 4571.000000
52653203.000000 113443.000000 10707.000000
54974183.000000 118715.000000 3868.000000
53181200.000000 114747.000000 9210.000000
52250600.000000 112665.000000 12138.000000
53916310.000000 116170.000000 7114.000000
54545132.000000 117203.000000 4947.000000
54796485.000000 118186.000000 4279.000000
54930493.000000 118443.000000 3992.000000
55347593.000000 119223.000000 2547.000000
54170151.000000 116512.000000 5910.000000
55176763.000000 119136.000000 3041.000000
53365503.000000 115110.000000 8568.000000
54486443.000000 117220.000000 5128.000000
53355136.000000 115172.000000 8705.000000
53666818.000000 115470.000000 7505.000000
53275220.000000 114648.000000 8662.000000
51681534.000000 111352.000000 13609.000000
53895776.000000 116089.000000 7024.000000
54874541.000000 118316.000000 4092.000000
54579392.000000 117692.000000 5084.000000
55200447.000000 118949.000000 3085.000000
53064339.000000 114235.000000 9414.000000
54277306.000000 117051.000000 5787.000000
53493749.000000 115414.000000 8229.000000
52856860.000000 113905.000000 10082.000000
54399533.000000 117019.000000 5277.000000
54209872.000000 116944.000000 6096.000000
53454027.000000 115293.000000 8097.000000
