56113534.000000 120799.000000 0.000000
56097360.000000 120637.000000 0.000000
56041600.000000 120555.000000 0.000000
56107334.000000 120679.000000 0.000000
56213151.000000 121194.000000 0.000000
56120761.000000 120656.000000 0.000000
56128665.000000 120837.000000 0.000000
56099936.000000 120738.000000 0.000000
56119936.000000 120686.000000 0.000000
56103858.000000 120507.000000 0.000000
56119309.000000 120716.000000 0.000000
56066430.000000 120660.000000 0.000000
56112820.000000 120706.000000 0.000000
56109832.000000 120685.000000 0.000000
56120182.000000 120691.000000 0.000000
56117538.000000 120795.000000 0.000000
56196433.000000 121140.000000 0.000000
56125197.000000 120708.000000 0.000000
56097862.000000 120797.000000 0.000000
56140257.000000 120752.000000 0.000000
56111624.000000 120668.000000 0.000000
56212598.000000 121244.000000 0.000000
56108096.000000 120631.000000 0.000000
56204859.000000 121200.000000 0.000000
56130114.000000 120637.000000 0.000000
56092834.000000 120815.000000 0.000000
56113000.000000 120752.000000 0.000000
56097678.000000 120683.000000 0.000000
56100403.000000 120536.000000 0.000000
56100305.000000 120764.000000 0.000000
56122778.000000 120720.000000 0.000000
56117193.000000 120676.000000 0.000000
56121215.000000 120705.000000 0.000000
56106170.000000 120696.000000 0.000000
56105884.000000 120763.000000 0.000000
56125441.000000 120709.000000 0.000000
56186496.000000 121137.000000 0.000000
56222102.000000 121089.000000 0.000000
56109764.000000 120685.000000 0.000000
56203861.000000 121254.000000 0.000000
56207397.000000 121169.000000 0.000000
56103783.000000 120775.000000 0.000000
56200419.000000 121214.000000 0.000000
56085915.000000 120826.000000 0.000000
56106359.000000 120707.000000 0.000000
56097301.000000 120707.000000 0.000000
56127798.000000 120812.000000 0.000000
56102096.000000 120732.000000 0.000000
56108615.000000 120775.000000 0.000000
56196764.000000 121143.000000 0.000000
56114609.000000 120818.000000 0.000000
56105473.000000 120759.000000 0.000000
56112686.000000 120690.000000 0.000000
56122543.000000 120827.000000 0.000000
56198855.000000 121081.000000 0.000000
56205072.000000 121034.000000 0.000000
56107269.000000 120766.000000 0.000000
56079630.000000 120704.000000 0.000000
56116937.000000 120695.000000 0.000000
56075006.000000 120684.000000 0.000000
56105873.000000 120639.000000 0.000000
56222664.000000 121105.000000 0.000000
56098765.000000 120694.000000 0.000000
56128694.000000 120737.000000 0.000000
56093294.000000 120612.000000 0.000000
56149156.000000 120937.000000 0.000000
56100817.000000 120673.000000 0.000000
56129352.000000 120768.000000 0.000000
56220883.000000 121027.000000 0.000000
56197832.000000 121029.000000 0.000000
56093195.000000 120746.000000 0.000000
56125910.000000 120579.000000 0.000000
56105596.000000 120630.000000 0.000000
56149663.000000 120814.000000 0.000000
56165301.000000 121081.000000 0.000000
56114623.000000 120684.000000 0.000000
56113763.000000 120743.000000 0.000000
56102830.000000 120755.000000 0.000000
56118907.000000 120697.000000 0.000000
56118803.000000 120647.000000 0.000000
56110694.000000 120775.000000 0.000000
56125001.000000 120712.000000 0.000000
56108411.000000 120700.000000 0.000000
56186823.000000 121074.000000 0.000000
56103041.000000 120752.000000 0.000000
56198560.000000 121041.000000 0.000000
56078303.000000 120682.000000 0.000000
56092620.000000 120659.000000 0.000000
56103589.000000 120853.000000 0.000000
56104239.000000 120807.000000 0.000000
56121082.000000 120830.000000 0.000000
56099305.000000 120721.000000 0.000000
56097032.000000 120630.000000 0.000000
56104784.000000 120745.000000 0.000000
56103655.000000 120668.000000 0.000000
56103882.000000 120585.000000 0.000000
56186958.000000 121223.000000 0.000000
56111431.000000 120742.000000 0.000000
56220308.000000 121322.000000 0.000000
56110747.000000 120733.000000 0.000000
