56279332.000000 121311.000000 0.000000
56212192.000000 120875.000000 0.000000
56017183.000000 120548.000000 0.000000
56187243.000000 120907.000000 0.000000
56128617.000000 120751.000000 0.000000
56264847.000000 121292.000000 0.000000
56190209.000000 120935.000000 0.000000
56252211.000000 121262.000000 0.000000
56196907.000000 120884.000000 0.000000
56165364.000000 120688.000000 111.000000
56208071.000000 120885.000000 0.000000
56199288.000000 120863.000000 0.000000
55673299.000000 121285.000000 1445.000000
56198793.000000 120835.000000 0.000000
56209349.000000 120922.000000 0.000000
56264328.000000 121450.000000 0.000000
56196692.000000 120895.000000 0.000000
56208258.000000 120827.000000 0.000000
56191397.000000 120948.000000 0.000000
56192032.000000 120949.000000 0.000000
56224909.000000 120864.000000 0.000000
56197826.000000 120896.000000 0.000000
55659197.000000 121261.000000 0.000000
56197548.000000 120840.000000 0.000000
56209016.000000 120824.000000 0.000000
56215225.000000 121148.000000 0.000000
56230431.000000 121114.000000 0.000000
56247189.000000 121362.000000 61.000000
56184439.000000 120852.000000 0.000000
56190091.000000 120871.000000 0.000000
56191302.000000 120816.000000 0.000000
56247270.000000 121185.000000 0.000000
56184023.000000 120925.000000 0.000000
56273421.000000 121376.000000 0.000000
56284491.000000 121584.000000 0.000000
56185566.000000 120867.000000 0.000000
56207728.000000 120879.000000 0.000000
56259018.000000 121165.000000 35.000000
56200765.000000 120885.000000 0.000000
56197571.000000 120923.000000 0.000000
56182144.000000 120894.000000 0.000000
56153288.000000 120717.000000 0.000000
56217878.000000 120806.000000 0.000000
56192976.000000 120978.000000 0.000000
56250576.000000 121285.000000 0.000000
56201897.000000 120914.000000 0.000000
56177487.000000 120861.000000 0.000000
56246901.000000 121446.000000 0.000000
56209618.000000 120969.000000 0.000000
56159401.000000 120888.000000 0.000000
56200175.000000 120897.000000 0.000000
56202735.000000 120860.000000 0.000000
56182104.000000 120868.000000 0.000000
56289468.000000 121331.000000 0.000000
56197371.000000 120751.000000 0.000000
56202385.000000 120815.000000 0.000000
56262013.000000 121344.000000 0.000000
56194418.000000 121002.000000 0.000000
56192311.000000 120874.000000 0.000000
56213155.000000 120894.000000 0.000000
56213726.000000 121043.000000 0.000000
56203793.000000 120843.000000 0.000000
56182861.000000 120938.000000 0.000000
56222417.000000 120983.000000 0.000000
56198444.000000 120885.000000 0.000000
56205129.000000 120863.000000 0.000000
56270288.000000 121368.000000 0.000000
56291329.000000 121284.000000 0.000000
55476366.000000 120575.000000 1738.000000
55364036.000000 119055.000000 2455.000000
56059459.000000 120751.000000 575.000000
56204245.000000 120912.000000 0.000000
56276125.000000 121472.000000 0.000000
55705252.000000 121408.000000 1214.000000
56116467.000000 120659.000000 244.000000
56175723.000000 121047.000000 0.000000
56212066.000000 120852.000000 0.000000
56196987.000000 120691.000000 0.000000
56194473.000000 120925.000000 0.000000
56259056.000000 121365.000000 0.000000
56196038.000000 120882.000000 0.000000
56191613.000000 120947.000000 0.000000
56176356.000000 120909.000000 0.000000
56271486.000000 121347.000000 0.000000
56279826.000000 121184.000000 0.000000
56204251.000000 120914.000000 0.000000
55699937.000000 121592.000000 1272.000000
56197323.000000 120763.000000 0.000000
56193706.000000 120824.000000 14.000000
56217318.000000 120896.000000 15.000000
56224900.000000 121132.000000 185.000000
56199258.000000 120867.000000 0.000000
56143519.000000 120821.000000 132.000000
56029201.000000 120536.000000 435.000000
56146981.000000 120959.000000 0.000000
56189170.000000 120828.000000 0.000000
56206973.000000 120876.000000 0.000000
56189621.000000 120859.000000 0.000000
56165499.000000 120819.000000 0.000000
56207420.000000 120901.000000 0.000000
