55765151.000000 120205.000000 0.000000
54392747.000000 118158.000000 46.000000
55977188.000000 120403.000000 0.000000
55799948.000000 120515.000000 0.000000
55966402.000000 120744.000000 0.000000
56027296.000000 120755.000000 0.000000
55931764.000000 120328.000000 0.000000
55930621.000000 120369.000000 0.000000
55943752.000000 120464.000000 0.000000
55903565.000000 120409.000000 0.000000
55911883.000000 120348.000000 0.000000
55924944.000000 120318.000000 0.000000
55995084.000000 120931.000000 0.000000
55927393.000000 120309.000000 0.000000
55926552.000000 120285.000000 0.000000
55952608.000000 120340.000000 0.000000
55932934.000000 120426.000000 0.000000
55934711.000000 120457.000000 0.000000
55931396.000000 120257.000000 0.000000
55936633.000000 120287.000000 0.000000
55948742.000000 120356.000000 0.000000
55938559.000000 120504.000000 0.000000
55914196.000000 120394.000000 0.000000
55941481.000000 120365.000000 0.000000
55933494.000000 120434.000000 0.000000
55923589.000000 120411.000000 0.000000
55930420.000000 120352.000000 0.000000
55928815.000000 120449.000000 0.000000
55956848.000000 120380.000000 0.000000
55928171.000000 120417.000000 0.000000
55922373.000000 120293.000000 0.000000
55933362.000000 120274.000000 0.000000
55925400.000000 120259.000000 0.000000
55916371.000000 120321.000000 0.000000
55927076.000000 120435.000000 0.000000
55933912.000000 120325.000000 0.000000
55929291.000000 120554.000000 0.000000
55904905.000000 120297.000000 0.000000
55947780.000000 120442.000000 0.000000
55918644.000000 120332.000000 0.000000
55934576.000000 120385.000000 0.000000
55915847.000000 120518.000000 0.000000
55925497.000000 120240.000000 0.000000
55943712.000000 120219.000000 0.000000
55934827.000000 120318.000000 0.000000
55938527.000000 120381.000000 0.000000
55957820.000000 120435.000000 0.000000
55924359.000000 120481.000000 0.000000
55947086.000000 120301.000000 0.000000
55929454.000000 120236.000000 0.000000
55920672.000000 120216.000000 0.000000
55934056.000000 120334.000000 0.000000
55930068.000000 120403.000000 0.000000
55920824.000000 120449.000000 0.000000
55940131.000000 120474.000000 0.000000
55937732.000000 120458.000000 0.000000
55938434.000000 120326.000000 0.000000
55944421.000000 120267.000000 0.000000
55960288.000000 120348.000000 0.000000
55946419.000000 120340.000000 0.000000
55925517.000000 120380.000000 0.000000
55936272.000000 120329.000000 0.000000
55920707.000000 120407.000000 0.000000
55924983.000000 120457.000000 0.000000
55920589.000000 120283.000000 0.000000
55926734.000000 120433.000000 0.000000
55946869.000000 120360.000000 0.000000
55917060.000000 120417.000000 0.000000
55953429.000000 120333.000000 0.000000
55920900.000000 120306.000000 0.000000
55758839.000000 119965.000000 0.000000
55936696.000000 120402.000000 0.000000
55971770.000000 120283.000000 0.000000
55951847.000000 120329.000000 0.000000
55918094.000000 120358.000000 0.000000
55979628.000000 120637.000000 0.000000
55920781.000000 120328.000000 0.000000
55931838.000000 120433.000000 0.000000
55952212.000000 120240.000000 0.000000
55930700.000000 120320.000000 0.000000
55921749.000000 120418.000000 0.000000
55935014.000000 120432.000000 0.000000
55923455.000000 120244.000000 0.000000
55932395.000000 120377.000000 0.000000
55951469.000000 120176.000000 0.000000
55924675.000000 120456.000000 0.000000
55915231.000000 120425.000000 0.000000
55939855.000000 120346.000000 0.000000
55941758.000000 120233.000000 0.000000
55944007.000000 120275.000000 0.000000
55929750.000000 120332.000000 0.000000
55928876.000000 120344.000000 0.000000
55926585.000000 120428.000000 0.000000
55937032.000000 120282.000000 0.000000
55909807.000000 120330.000000 0.000000
55912476.000000 120404.000000 0.000000
55930637.000000 120414.000000 0.000000
55942031.000000 120326.000000 0.000000
55930607.000000 120290.000000 0.000000
55942793.000000 120189.000000 0.000000
