54288985.000000 116738.000000 5176.000000
52861550.000000 113942.000000 10170.000000
54809670.000000 118248.000000 4315.000000
54678982.000000 118061.000000 4628.000000
55104335.000000 118787.000000 3383.000000
54681996.000000 117660.000000 4583.000000
55113831.000000 118856.000000 3522.000000
54762609.000000 117674.000000 4379.000000
55069771.000000 118850.000000 3292.000000
54518365.000000 117656.000000 5141.000000
54280953.000000 116899.000000 5663.000000
54296713.000000 116814.000000 5637.000000
54298119.000000 117037.000000 5644.000000
54323992.000000 116939.000000 5703.000000
52546831.000000 112926.000000 10919.000000
55820435.000000 119925.000000 1071.000000
54664665.000000 117878.000000 4739.000000
53916344.000000 116212.000000 6871.000000
54569594.000000 117333.000000 4691.000000
54634782.000000 117696.000000 4857.000000
55475032.000000 119385.000000 1920.000000
54656540.000000 117894.000000 4768.000000
55544604.000000 119480.000000 1846.000000
55560121.000000 119512.000000 1777.000000
55068440.000000 118518.000000 3330.000000
54031651.000000 116649.000000 6728.000000
55727305.000000 120207.000000 1576.000000
54714484.000000 117532.000000 4299.000000
54153988.000000 116794.000000 6290.000000
53914135.000000 115784.000000 5353.000000
54239471.000000 116548.000000 5785.000000
55384160.000000 119354.000000 2443.000000
54186856.000000 116844.000000 6166.000000
54092347.000000 116484.000000 6488.000000
55320329.000000 119394.000000 2752.000000
55569614.000000 119532.000000 1780.000000
55412363.000000 119534.000000 2579.000000
54455497.000000 117232.000000 5435.000000
54651784.000000 117964.000000 4690.000000
55625281.000000 119919.000000 1983.000000
55794351.000000 120023.000000 1173.000000
55452568.000000 119255.000000 2064.000000
53379762.000000 115133.000000 8587.000000
54494886.000000 117137.000000 4992.000000
54634500.000000 117466.000000 4643.000000
54688805.000000 117899.000000 4789.000000
55996620.000000 120626.000000 866.000000
55864071.000000 120194.000000 948.000000
54417422.000000 117291.000000 5412.000000
55670014.000000 120093.000000 1783.000000
53796709.000000 115762.000000 7146.000000
52914855.000000 113755.000000 9722.000000
53902029.000000 115961.000000 6302.000000
54382944.000000 117030.000000 4810.000000
52572329.000000 113323.000000 10708.000000
52084053.000000 112117.000000 12393.000000
51780553.000000 111732.000000 13074.000000
54354398.000000 117140.000000 5682.000000
54748799.000000 117733.000000 4142.000000
53913790.000000 116265.000000 6919.000000
52492660.000000 113255.000000 11114.000000
53201959.000000 114563.000000 9053.000000
53980321.000000 116416.000000 6814.000000
55021906.000000 118543.000000 3327.000000
54112152.000000 116659.000000 6473.000000
54560910.000000 117601.000000 5129.000000
55485049.000000 119476.000000 2326.000000
54650380.000000 117505.000000 4661.000000
54088662.000000 116450.000000 6242.000000
54761021.000000 117867.000000 4098.000000
55440242.000000 119266.000000 2240.000000
53371173.000000 114703.000000 8430.000000
53849891.000000 115681.000000 7014.000000
54961795.000000 118379.000000 3726.000000
55492732.000000 119593.000000 2298.000000
55061196.000000 118697.000000 3580.000000
54832939.000000 118224.000000 4485.000000
54859038.000000 117942.000000 3782.000000
53999707.000000 116468.000000 6834.000000
54823476.000000 117989.000000 3903.000000
53556819.000000 115467.000000 7771.000000
55266060.000000 119294.000000 2748.000000
55194473.000000 118811.000000 2772.000000
54757236.000000 118103.000000 3920.000000
54458369.000000 117312.000000 4698.000000
54550734.000000 117389.000000 4439.000000
55323529.000000 119000.000000 2549.000000
56133806.000000 120701.000000 60.000000
54356620.000000 117174.000000 5750.000000
53937393.000000 116238.000000 6591.000000
54378386.000000 116939.000000 5418.000000
52750026.000000 113739.000000 10307.000000
54670982.000000 117803.000000 4742.000000
55389092.000000 119244.000000 2123.000000
53482872.000000 115091.000000 7742.000000
53680687.000000 115735.000000 7652.000000
54484844.000000 117487.000000 5409.000000
53036169.000000 114160.000000 9256.000000
53226706.000000 114450.000000 8604.000000
55597698.000000 119869.000000 2044.000000
