47915428.000000 103554.000000 24623.000000
45180050.000000 98417.000000 32371.000000
46983554.000000 102617.000000 26445.000000
47897218.000000 104613.000000 23819.000000
48433973.000000 105038.000000 22972.000000
48394133.000000 105492.000000 22951.000000
47646039.000000 103963.000000 25479.000000
47622891.000000 102738.000000 25446.000000
47335646.000000 102895.000000 26587.000000
46155482.000000 99836.000000 29888.000000
48390557.000000 105562.000000 23534.000000
46143090.000000 100877.000000 29820.000000
43961109.000000 97071.000000 34658.000000
47354769.000000 103384.000000 24986.000000
48103147.000000 105353.000000 22394.000000
46888659.000000 101738.000000 25250.000000
46815961.000000 101918.000000 27265.000000
47161502.000000 102137.000000 25889.000000
47494424.000000 103901.000000 25809.000000
46963621.000000 101145.000000 27495.000000
49437083.000000 106998.000000 19174.000000
48438113.000000 106781.000000 23100.000000
47499731.000000 103013.000000 25948.000000
49545299.000000 107189.000000 19984.000000
47039426.000000 102457.000000 27878.000000
46748910.000000 102241.000000 28364.000000
49573393.000000 107465.000000 20338.000000
47320233.000000 103779.000000 26750.000000
47203102.000000 103251.000000 26860.000000
46693030.000000 102501.000000 27852.000000
46612059.000000 101654.000000 27120.000000
46501397.000000 101201.000000 27483.000000
44070008.000000 97640.000000 35065.000000
46045310.000000 101280.000000 29731.000000
44564380.000000 97093.000000 33317.000000
47237500.000000 102638.000000 26948.000000
47069144.000000 102349.000000 27704.000000
46786963.000000 101626.000000 28300.000000
46587573.000000 101157.000000 28016.000000
47086021.000000 102641.000000 26680.000000
47041942.000000 102623.000000 24530.000000
47182144.000000 102011.000000 25994.000000
48913627.000000 106571.000000 20633.000000
48029544.000000 104566.000000 23337.000000
46680289.000000 101667.000000 26777.000000
48488520.000000 104856.000000 22637.000000
50375573.000000 109034.000000 15130.000000
48230919.000000 104869.000000 23119.000000
47633455.000000 103657.000000 23819.000000
48313377.000000 104429.000000 22589.000000
46584440.000000 100585.000000 28802.000000
48224763.000000 105241.000000 23066.000000
47745535.000000 103237.000000 24295.000000
46450229.000000 101442.000000 28274.000000
44876679.000000 99129.000000 32593.000000
45403606.000000 99290.000000 30705.000000
44104288.000000 96307.000000 34465.000000
46821745.000000 101668.000000 28426.000000
48995016.000000 106895.000000 21364.000000
46934802.000000 102037.000000 27981.000000
46745111.000000 102068.000000 28441.000000
47060878.000000 102786.000000 26163.000000
47365262.000000 103434.000000 26578.000000
47444331.000000 102895.000000 24327.000000
46389521.000000 102090.000000 27194.000000
47803837.000000 104012.000000 23060.000000
47033976.000000 102208.000000 26529.000000
48386733.000000 104920.000000 23661.000000
45903984.000000 99804.000000 31426.000000
45989650.000000 101557.000000 30390.000000
45781875.000000 100507.000000 31350.000000
49265810.000000 106483.000000 20589.000000
48195770.000000 104203.000000 24242.000000
47893148.000000 104576.000000 25596.000000
46666171.000000 105466.000000 28067.000000
46842974.000000 101565.000000 26953.000000
47462442.000000 103328.000000 24896.000000
48350699.000000 104488.000000 23682.000000
47571112.000000 102977.000000 26175.000000
46585861.000000 100930.000000 28754.000000
45888006.000000 99988.000000 29764.000000
47416336.000000 102892.000000 25716.000000
45971051.000000 99704.000000 29231.000000
44724061.000000 97870.000000 32583.000000
45975582.000000 101271.000000 28448.000000
46586527.000000 102904.000000 27026.000000
45276262.000000 98906.000000 31384.000000
47329628.000000 102619.000000 25816.000000
47647841.000000 103471.000000 24246.000000
42514268.000000 97530.000000 32063.000000
45105789.000000 99019.000000 31553.000000
45202409.000000 98938.000000 32132.000000
47665130.000000 104382.000000 24150.000000
47647626.000000 103773.000000 24477.000000
47096047.000000 102854.000000 25952.000000
47009205.000000 103753.000000 25642.000000
48951635.000000 106416.000000 20498.000000
48456149.000000 105954.000000 21839.000000
47424083.000000 103584.000000 24581.000000
46871126.000000 102931.000000 24966.000000
