56296832.000000 121277.000000 0.000000
56222440.000000 120821.000000 0.000000
56213295.000000 120933.000000 0.000000
56201240.000000 120931.000000 0.000000
56213789.000000 120963.000000 0.000000
56199515.000000 120839.000000 0.000000
56199174.000000 120939.000000 0.000000
56203522.000000 120967.000000 0.000000
56192527.000000 120847.000000 0.000000
56203739.000000 121247.000000 0.000000
56178353.000000 120863.000000 0.000000
56190538.000000 120780.000000 0.000000
56204733.000000 120862.000000 0.000000
56211322.000000 120809.000000 0.000000
56281180.000000 121375.000000 0.000000
56180712.000000 120846.000000 0.000000
56194629.000000 120742.000000 0.000000
56196972.000000 120973.000000 0.000000
56211213.000000 120951.000000 0.000000
56211389.000000 120951.000000 0.000000
56259595.000000 121409.000000 0.000000
56271370.000000 121343.000000 0.000000
56191557.000000 120838.000000 0.000000
56280703.000000 121399.000000 0.000000
56200211.000000 120809.000000 0.000000
56287707.000000 121343.000000 0.000000
56229857.000000 121317.000000 0.000000
56286313.000000 121225.000000 0.000000
56237592.000000 121294.000000 0.000000
56210984.000000 120847.000000 0.000000
56220914.000000 120891.000000 0.000000
56185813.000000 120886.000000 0.000000
56202789.000000 120841.000000 0.000000
56259393.000000 121355.000000 0.000000
56285388.000000 121410.000000 0.000000
56188706.000000 120893.000000 0.000000
56201001.000000 120776.000000 0.000000
56238507.000000 121028.000000 0.000000
56196504.000000 120790.000000 0.000000
56125597.000000 120630.000000 0.000000
56133137.000000 120685.000000 0.000000
56206194.000000 120926.000000 0.000000
56229151.000000 120911.000000 0.000000
56014888.000000 120550.000000 0.000000
56204036.000000 120980.000000 0.000000
56215929.000000 120937.000000 0.000000
56177190.000000 121111.000000 0.000000
56183493.000000 120885.000000 0.000000
56194352.000000 121033.000000 0.000000
56192500.000000 120969.000000 0.000000
56184992.000000 120970.000000 0.000000
56249937.000000 121114.000000 0.000000
56198170.000000 120938.000000 0.000000
56213515.000000 120831.000000 0.000000
56216320.000000 120979.000000 0.000000
56273571.000000 121366.000000 0.000000
56202037.000000 120983.000000 0.000000
56268013.000000 121367.000000 0.000000
56270327.000000 121388.000000 0.000000
56201160.000000 120821.000000 0.000000
56177647.000000 120753.000000 0.000000
56208001.000000 120855.000000 0.000000
56205428.000000 120792.000000 0.000000
56185748.000000 120913.000000 0.000000
56182805.000000 120870.000000 0.000000
56208525.000000 120917.000000 0.000000
56275733.000000 121261.000000 0.000000
56268582.000000 121388.000000 0.000000
56198903.000000 120941.000000 0.000000
56286149.000000 121396.000000 0.000000
56270074.000000 121393.000000 0.000000
56178675.000000 120890.000000 0.000000
56187359.000000 120941.000000 0.000000
56286442.000000 121412.000000 0.000000
56216273.000000 120915.000000 0.000000
56239279.000000 120909.000000 0.000000
56302432.000000 121422.000000 0.000000
56293584.000000 121265.000000 0.000000
56212296.000000 120867.000000 0.000000
56193917.000000 120908.000000 0.000000
56194875.000000 120875.000000 0.000000
55974813.000000 120169.000000 0.000000
56202663.000000 120873.000000 0.000000
56188523.000000 120716.000000 0.000000
56275213.000000 121374.000000 0.000000
56215190.000000 120805.000000 0.000000
56291213.000000 121447.000000 0.000000
56006107.000000 120850.000000 0.000000
56261779.000000 121600.000000 0.000000
56196569.000000 120913.000000 0.000000
56266548.000000 121303.000000 0.000000
56292458.000000 121370.000000 0.000000
56270833.000000 121286.000000 0.000000
56211750.000000 120883.000000 0.000000
56211488.000000 120928.000000 0.000000
56223511.000000 120927.000000 0.000000
56275501.000000 121243.000000 0.000000
56188864.000000 120769.000000 0.000000
56247412.000000 121224.000000 0.000000
56267123.000000 121447.000000 0.000000
