56183870.000000 120913.000000 0.000000
56189568.000000 120861.000000 0.000000
56181033.000000 120872.000000 0.000000
56204820.000000 120973.000000 0.000000
56173656.000000 120756.000000 0.000000
56200915.000000 121064.000000 0.000000
56159988.000000 120930.000000 0.000000
56223098.000000 120964.000000 0.000000
56206462.000000 120947.000000 0.000000
56289844.000000 121498.000000 0.000000
56259595.000000 121225.000000 0.000000
56200318.000000 120946.000000 0.000000
56197546.000000 120899.000000 0.000000
56169520.000000 120873.000000 0.000000
56195099.000000 120890.000000 0.000000
56173273.000000 120923.000000 0.000000
56190434.000000 120943.000000 0.000000
56284432.000000 121323.000000 0.000000
56171516.000000 121068.000000 0.000000
56297703.000000 121318.000000 0.000000
56085324.000000 120663.000000 0.000000
56286958.000000 121324.000000 0.000000
56275806.000000 121197.000000 0.000000
56204979.000000 120944.000000 0.000000
56179420.000000 120852.000000 0.000000
56172830.000000 120904.000000 0.000000
56142723.000000 120956.000000 0.000000
56183835.000000 120851.000000 0.000000
56183812.000000 120864.000000 0.000000
56163293.000000 120857.000000 0.000000
56182548.000000 120854.000000 0.000000
56123933.000000 120831.000000 0.000000
56195602.000000 120966.000000 0.000000
56187411.000000 120921.000000 0.000000
56188116.000000 120922.000000 0.000000
56191306.000000 121029.000000 0.000000
56185683.000000 120924.000000 0.000000
56194999.000000 120911.000000 0.000000
56170174.000000 120892.000000 0.000000
56179692.000000 120896.000000 0.000000
56193215.000000 120838.000000 0.000000
56217524.000000 121138.000000 0.000000
56189563.000000 120876.000000 0.000000
56178603.000000 120969.000000 0.000000
56174708.000000 120913.000000 0.000000
56174442.000000 120977.000000 0.000000
56259747.000000 121233.000000 0.000000
56252421.000000 121260.000000 0.000000
56198726.000000 120854.000000 0.000000
56188002.000000 120853.000000 0.000000
56154194.000000 120878.000000 0.000000
56184851.000000 120866.000000 0.000000
56160347.000000 120928.000000 0.000000
56172167.000000 120784.000000 0.000000
56176364.000000 120811.000000 0.000000
56158568.000000 120987.000000 0.000000
56189152.000000 120811.000000 0.000000
56278139.000000 121373.000000 0.000000
56185172.000000 120913.000000 0.000000
56260910.000000 121245.000000 0.000000
56170975.000000 120915.000000 0.000000
56159329.000000 120934.000000 0.000000
56200670.000000 120977.000000 0.000000
56174304.000000 120872.000000 0.000000
56193819.000000 120922.000000 0.000000
56181953.000000 120974.000000 0.000000
56261896.000000 121273.000000 0.000000
56191781.000000 121024.000000 0.000000
56169530.000000 120976.000000 0.000000
56182026.000000 120847.000000 0.000000
56192850.000000 120880.000000 0.000000
56178113.000000 120756.000000 0.000000
56285079.000000 121184.000000 0.000000
56181431.000000 120878.000000 0.000000
56186540.000000 120849.000000 0.000000
56275923.000000 121283.000000 0.000000
56180303.000000 120911.000000 0.000000
56221342.000000 121012.000000 0.000000
56171054.000000 120962.000000 0.000000
56183496.000000 120843.000000 0.000000
56292998.000000 121341.000000 0.000000
56284954.000000 121207.000000 0.000000
56243005.000000 121242.000000 0.000000
56267837.000000 121288.000000 0.000000
56198406.000000 120998.000000 0.000000
56193843.000000 120818.000000 0.000000
56193638.000000 120872.000000 0.000000
56180738.000000 120961.000000 0.000000
56191319.000000 120881.000000 0.000000
56191591.000000 120870.000000 0.000000
56210431.000000 121147.000000 0.000000
56190455.000000 120959.000000 0.000000
56198521.000000 121010.000000 0.000000
56289182.000000 121288.000000 0.000000
56213606.000000 121211.000000 0.000000
56196574.000000 120816.000000 0.000000
56193434.000000 120866.000000 0.000000
56153670.000000 120889.000000 0.000000
56198831.000000 121017.000000 0.000000
56182185.000000 121019.000000 0.000000
