55988335.000000 120396.000000 0.000000
55982236.000000 120421.000000 0.000000
55990066.000000 120421.000000 0.000000
55890324.000000 120507.000000 741.000000
55998349.000000 120365.000000 0.000000
55900785.000000 120274.000000 88.000000
55987374.000000 120602.000000 0.000000
56009182.000000 120424.000000 0.000000
55965984.000000 120457.000000 0.000000
55987937.000000 120276.000000 0.000000
55975923.000000 120505.000000 0.000000
55977920.000000 120656.000000 0.000000
56062463.000000 120786.000000 30.000000
55983479.000000 120473.000000 0.000000
55985399.000000 120507.000000 0.000000
55982906.000000 120478.000000 0.000000
55975321.000000 120507.000000 0.000000
55988448.000000 120435.000000 0.000000
56001240.000000 120450.000000 0.000000
55995179.000000 120417.000000 0.000000
55984557.000000 120550.000000 0.000000
55983679.000000 120439.000000 0.000000
55982638.000000 120450.000000 0.000000
55972554.000000 120470.000000 0.000000
56011031.000000 120410.000000 0.000000
55996685.000000 120492.000000 0.000000
55986966.000000 120651.000000 0.000000
55997358.000000 120492.000000 0.000000
56000183.000000 120283.000000 0.000000
55981198.000000 120542.000000 0.000000
55928326.000000 120420.000000 0.000000
55994043.000000 120540.000000 5.000000
56009687.000000 120477.000000 0.000000
56005983.000000 120397.000000 0.000000
56036349.000000 120875.000000 0.000000
55971820.000000 120342.000000 0.000000
56042885.000000 120981.000000 0.000000
55978713.000000 120654.000000 0.000000
55951185.000000 120656.000000 0.000000
55986037.000000 120576.000000 0.000000
55946029.000000 120343.000000 1.000000
55986446.000000 120414.000000 0.000000
56001056.000000 120419.000000 0.000000
56002131.000000 120412.000000 0.000000
55993124.000000 120465.000000 0.000000
55994053.000000 120383.000000 0.000000
55988332.000000 120486.000000 0.000000
55979171.000000 120243.000000 0.000000
55992002.000000 120408.000000 0.000000
55984574.000000 120500.000000 0.000000
55963155.000000 120403.000000 0.000000
55973944.000000 120511.000000 0.000000
55971341.000000 120419.000000 0.000000
55974475.000000 120631.000000 0.000000
55996769.000000 120625.000000 0.000000
55985844.000000 120576.000000 0.000000
56002525.000000 120588.000000 0.000000
56082196.000000 120887.000000 0.000000
55997844.000000 120546.000000 0.000000
56058256.000000 121023.000000 30.000000
55965843.000000 120342.000000 0.000000
55986264.000000 120422.000000 0.000000
55984917.000000 120462.000000 0.000000
55996520.000000 120477.000000 0.000000
55993020.000000 120543.000000 0.000000
55984292.000000 120514.000000 0.000000
55973478.000000 120418.000000 0.000000
55983910.000000 120396.000000 0.000000
55903046.000000 120434.000000 0.000000
55963632.000000 120510.000000 0.000000
55645866.000000 121262.000000 981.000000
55987792.000000 120415.000000 0.000000
55965751.000000 120611.000000 0.000000
55988615.000000 120556.000000 0.000000
55988480.000000 120332.000000 0.000000
55979552.000000 120597.000000 0.000000
55995675.000000 120453.000000 0.000000
56012741.000000 120412.000000 0.000000
55982992.000000 120370.000000 0.000000
56006222.000000 120479.000000 0.000000
55996063.000000 120389.000000 0.000000
55986571.000000 120438.000000 0.000000
55969065.000000 120316.000000 30.000000
55645228.000000 120837.000000 875.000000
55976732.000000 120842.000000 0.000000
55964265.000000 120498.000000 0.000000
55988279.000000 120362.000000 0.000000
55979095.000000 120477.000000 0.000000
55995125.000000 120486.000000 0.000000
55967779.000000 120491.000000 0.000000
55979718.000000 120509.000000 0.000000
56001967.000000 120347.000000 0.000000
55998143.000000 120660.000000 0.000000
56007669.000000 120457.000000 0.000000
55992224.000000 120419.000000 0.000000
55830321.000000 120219.000000 574.000000
55984279.000000 120614.000000 0.000000
55988808.000000 120415.000000 0.000000
56010341.000000 120618.000000 0.000000
55154045.000000 121531.000000 1798.000000
