55951366.000000 120499.000000 0.000000
56071218.000000 120841.000000 0.000000
56068009.000000 120722.000000 0.000000
56053175.000000 120825.000000 0.000000
56058275.000000 120924.000000 0.000000
56082237.000000 120801.000000 0.000000
56063493.000000 120775.000000 0.000000
56069361.000000 121032.000000 0.000000
55988036.000000 120447.000000 0.000000
55984800.000000 120439.000000 0.000000
56065033.000000 120954.000000 0.000000
55976847.000000 120392.000000 0.000000
56070311.000000 120782.000000 0.000000
55989927.000000 120565.000000 0.000000
56059531.000000 120763.000000 0.000000
55969400.000000 120410.000000 0.000000
56057715.000000 120892.000000 0.000000
56071690.000000 120791.000000 0.000000
56053331.000000 120788.000000 0.000000
56045549.000000 120960.000000 0.000000
56034456.000000 120703.000000 0.000000
56038362.000000 120885.000000 0.000000
56066467.000000 120880.000000 0.000000
56066402.000000 120908.000000 0.000000
55991718.000000 120546.000000 0.000000
56085804.000000 120798.000000 0.000000
56067682.000000 120861.000000 0.000000
55987428.000000 120398.000000 0.000000
56067312.000000 120849.000000 0.000000
56015060.000000 120657.000000 0.000000
56044539.000000 120937.000000 0.000000
56065839.000000 120983.000000 0.000000
56056274.000000 120907.000000 0.000000
56046124.000000 120847.000000 0.000000
56031646.000000 120803.000000 0.000000
56047342.000000 120813.000000 0.000000
55948669.000000 120429.000000 0.000000
55995048.000000 120602.000000 0.000000
56065435.000000 120854.000000 0.000000
56039625.000000 120891.000000 0.000000
56051960.000000 120901.000000 0.000000
56076336.000000 120966.000000 0.000000
55977461.000000 120410.000000 0.000000
56069016.000000 120726.000000 0.000000
56077202.000000 120793.000000 0.000000
56073808.000000 120909.000000 0.000000
56073455.000000 120779.000000 0.000000
56058621.000000 120871.000000 0.000000
55960215.000000 120396.000000 0.000000
55949782.000000 120389.000000 0.000000
56057080.000000 120784.000000 0.000000
56078919.000000 120940.000000 0.000000
56052059.000000 120924.000000 0.000000
56060430.000000 120859.000000 0.000000
56058422.000000 120947.000000 0.000000
56041713.000000 120827.000000 0.000000
55960957.000000 120423.000000 0.000000
56074053.000000 120783.000000 0.000000
55977352.000000 120461.000000 0.000000
56054166.000000 120680.000000 0.000000
56050689.000000 120830.000000 0.000000
56048595.000000 120856.000000 0.000000
56075017.000000 120840.000000 0.000000
55980197.000000 120471.000000 0.000000
56064186.000000 120828.000000 0.000000
55965698.000000 120387.000000 0.000000
55988374.000000 120753.000000 0.000000
56004482.000000 120790.000000 0.000000
56037186.000000 120830.000000 0.000000
55962485.000000 120396.000000 0.000000
56062698.000000 120845.000000 0.000000
56053197.000000 120883.000000 0.000000
56058106.000000 120887.000000 0.000000
56059844.000000 120908.000000 0.000000
56066892.000000 120988.000000 0.000000
56068196.000000 120871.000000 0.000000
55975017.000000 120393.000000 0.000000
56060297.000000 120806.000000 0.000000
56074143.000000 120924.000000 0.000000
56049797.000000 120962.000000 0.000000
56044459.000000 120679.000000 0.000000
56048578.000000 120924.000000 0.000000
55968878.000000 120479.000000 0.000000
56069185.000000 120893.000000 0.000000
56053369.000000 120862.000000 0.000000
56065924.000000 120899.000000 0.000000
56045018.000000 120820.000000 0.000000
55989234.000000 120397.000000 0.000000
56078677.000000 120959.000000 0.000000
56067775.000000 120926.000000 0.000000
55961079.000000 120447.000000 0.000000
56052974.000000 120800.000000 0.000000
56050635.000000 120758.000000 0.000000
56070221.000000 120836.000000 0.000000
56072872.000000 120808.000000 0.000000
56063635.000000 120933.000000 0.000000
55973916.000000 120389.000000 0.000000
56083410.000000 120868.000000 0.000000
56078291.000000 120895.000000 0.000000
55996994.000000 120634.000000 0.000000
