56083901.000000 120788.000000 558.000000
55719843.000000 120025.000000 1148.000000
56189084.000000 121077.000000 0.000000
55986941.000000 120371.000000 480.000000
56080654.000000 120541.000000 0.000000
56199753.000000 121186.000000 0.000000
56122094.000000 120749.000000 0.000000
56089252.000000 120649.000000 0.000000
56080720.000000 120737.000000 0.000000
56120482.000000 121088.000000 330.000000
56010869.000000 120301.000000 363.000000
55739847.000000 119986.000000 989.000000
56118138.000000 120732.000000 37.000000
56182666.000000 121194.000000 0.000000
56133744.000000 120761.000000 0.000000
55242348.000000 118799.000000 2407.000000
55823903.000000 120111.000000 843.000000
55655374.000000 119953.000000 1383.000000
55601695.000000 119662.000000 1310.000000
56174784.000000 121177.000000 12.000000
56130655.000000 120705.000000 33.000000
55069873.000000 120020.000000 2785.000000
56107611.000000 120669.000000 0.000000
54950394.000000 119257.000000 2840.000000
56094223.000000 120599.000000 0.000000
55666660.000000 120015.000000 1366.000000
55153462.000000 120303.000000 2485.000000
55156861.000000 120255.000000 2548.000000
55364877.000000 119309.000000 0.000000
55996901.000000 120481.000000 420.000000
56179407.000000 121016.000000 0.000000
56032837.000000 120414.000000 380.000000
56186621.000000 121159.000000 2.000000
56145034.000000 121152.000000 0.000000
56196722.000000 120930.000000 0.000000
56197671.000000 121071.000000 0.000000
56083686.000000 120663.000000 76.000000
55135126.000000 120250.000000 2557.000000
55627058.000000 119979.000000 1436.000000
55691270.000000 120000.000000 1334.000000
56108975.000000 120623.000000 18.000000
56138524.000000 120761.000000 38.000000
55632815.000000 120006.000000 1386.000000
56200305.000000 121319.000000 0.000000
56109245.000000 120690.000000 19.000000
56116253.000000 120579.000000 0.000000
56182965.000000 121138.000000 0.000000
56106214.000000 120771.000000 0.000000
54985889.000000 119953.000000 2925.000000
55617503.000000 119652.000000 1262.000000
55202711.000000 120398.000000 2422.000000
56086035.000000 120675.000000 14.000000
56124271.000000 120891.000000 336.000000
55706792.000000 120217.000000 1306.000000
55234312.000000 118808.000000 2344.000000
55353328.000000 119258.000000 2188.000000
56190677.000000 121053.000000 0.000000
55132127.000000 118947.000000 2779.000000
56117748.000000 120706.000000 0.000000
56086026.000000 120970.000000 375.000000
55717711.000000 120193.000000 1442.000000
56059721.000000 120672.000000 16.000000
55079333.000000 120181.000000 2697.000000
54733148.000000 117795.000000 3830.000000
56191447.000000 121067.000000 0.000000
56117509.000000 120700.000000 56.000000
56197516.000000 121036.000000 12.000000
56096497.000000 120597.000000 150.000000
56104327.000000 120959.000000 0.000000
56173244.000000 120904.000000 183.000000
55834537.000000 120387.000000 996.000000
56186530.000000 121106.000000 0.000000
56048390.000000 120583.000000 0.000000
56213231.000000 121240.000000 0.000000
56066774.000000 120631.000000 0.000000
56205608.000000 121127.000000 0.000000
56209949.000000 121167.000000 0.000000
56132664.000000 120764.000000 0.000000
55745562.000000 120250.000000 1167.000000
56023922.000000 120608.000000 283.000000
56095565.000000 120692.000000 0.000000
56046087.000000 120672.000000 0.000000
56169459.000000 120878.000000 0.000000
56069599.000000 120686.000000 0.000000
56062917.000000 120654.000000 0.000000
56070754.000000 120530.000000 0.000000
56066666.000000 120731.000000 551.000000
56209322.000000 121277.000000 0.000000
56096801.000000 120626.000000 1.000000
55024063.000000 119641.000000 2603.000000
55570552.000000 119581.000000 1436.000000
56112165.000000 120777.000000 22.000000
55457056.000000 119318.000000 1682.000000
56079552.000000 120836.000000 560.000000
56149482.000000 121081.000000 0.000000
55524369.000000 119403.000000 1397.000000
56183515.000000 121065.000000 12.000000
55758120.000000 119918.000000 1193.000000
56143354.000000 120788.000000 0.000000
56186517.000000 121139.000000 0.000000
