56111103.000000 120472.000000 0.000000
56101017.000000 120677.000000 0.000000
56117886.000000 120761.000000 0.000000
56085977.000000 120682.000000 0.000000
56122933.000000 120600.000000 0.000000
56108656.000000 120719.000000 0.000000
56199009.000000 120952.000000 0.000000
56116992.000000 120590.000000 0.000000
56109139.000000 120725.000000 0.000000
56106896.000000 120689.000000 0.000000
56190229.000000 121021.000000 0.000000
56114976.000000 120702.000000 0.000000
56123669.000000 120672.000000 0.000000
56111153.000000 120732.000000 0.000000
56121575.000000 120793.000000 0.000000
56124256.000000 120599.000000 0.000000
56135000.000000 120688.000000 0.000000
56124111.000000 120839.000000 0.000000
56146356.000000 121078.000000 0.000000
56115086.000000 120700.000000 0.000000
56129163.000000 120825.000000 0.000000
56085494.000000 120726.000000 0.000000
56137316.000000 120764.000000 0.000000
56098038.000000 120732.000000 0.000000
56105362.000000 120794.000000 0.000000
56112279.000000 120660.000000 0.000000
56122395.000000 120811.000000 0.000000
56101296.000000 120675.000000 0.000000
56113175.000000 120662.000000 0.000000
56118358.000000 120664.000000 0.000000
56120367.000000 120799.000000 0.000000
55981452.000000 120501.000000 0.000000
56113981.000000 120662.000000 0.000000
56109527.000000 120616.000000 0.000000
56133536.000000 120736.000000 0.000000
56110985.000000 120714.000000 0.000000
56124045.000000 120769.000000 0.000000
56209233.000000 121187.000000 0.000000
56115249.000000 120770.000000 0.000000
56198843.000000 120961.000000 0.000000
56151345.000000 120785.000000 0.000000
56222418.000000 121130.000000 0.000000
56218116.000000 121091.000000 0.000000
56098957.000000 120676.000000 0.000000
56106864.000000 120626.000000 0.000000
56085571.000000 120656.000000 0.000000
56094428.000000 120704.000000 0.000000
55944553.000000 120246.000000 0.000000
56113911.000000 120586.000000 0.000000
56107270.000000 120742.000000 0.000000
56092976.000000 120675.000000 0.000000
56025033.000000 120572.000000 0.000000
56120158.000000 120865.000000 0.000000
56068191.000000 120520.000000 0.000000
56190172.000000 121045.000000 0.000000
56123751.000000 120618.000000 0.000000
56113919.000000 120600.000000 0.000000
56105988.000000 120835.000000 0.000000
56122354.000000 120651.000000 0.000000
56106185.000000 120697.000000 0.000000
56121232.000000 120571.000000 0.000000
56102504.000000 120582.000000 0.000000
56203391.000000 121151.000000 0.000000
56100292.000000 120635.000000 0.000000
56121302.000000 120657.000000 0.000000
56122462.000000 120836.000000 0.000000
56106436.000000 120636.000000 0.000000
56121468.000000 120552.000000 0.000000
56135267.000000 120861.000000 0.000000
56228550.000000 121117.000000 0.000000
56127904.000000 120682.000000 0.000000
56109873.000000 120683.000000 0.000000
56133398.000000 120627.000000 0.000000
56083045.000000 120809.000000 0.000000
56111420.000000 120617.000000 0.000000
56214719.000000 121005.000000 0.000000
56109393.000000 120590.000000 0.000000
56100659.000000 120826.000000 0.000000
56119678.000000 120694.000000 0.000000
56119815.000000 120683.000000 0.000000
56113008.000000 120546.000000 0.000000
56114172.000000 120748.000000 0.000000
56097628.000000 120670.000000 0.000000
56128399.000000 120745.000000 0.000000
56098608.000000 120645.000000 0.000000
56122072.000000 120709.000000 0.000000
56060153.000000 120747.000000 0.000000
56223996.000000 121227.000000 0.000000
56108434.000000 120684.000000 0.000000
56125778.000000 120710.000000 0.000000
56202208.000000 121134.000000 0.000000
56102251.000000 120623.000000 0.000000
56067449.000000 120707.000000 0.000000
56102258.000000 120802.000000 0.000000
56113486.000000 120564.000000 0.000000
56224607.000000 121090.000000 0.000000
56107310.000000 120570.000000 0.000000
56112474.000000 120610.000000 0.000000
56180739.000000 121078.000000 0.000000
56108873.000000 120640.000000 0.000000
