56016580.000000 120574.000000 0.000000
55852431.000000 120269.000000 0.000000
56080610.000000 120898.000000 0.000000
55988286.000000 120446.000000 0.000000
55969363.000000 120491.000000 0.000000
56085810.000000 120829.000000 0.000000
56066739.000000 120842.000000 0.000000
55744426.000000 120004.000000 0.000000
55953438.000000 120470.000000 0.000000
55978632.000000 120519.000000 0.000000
56060579.000000 120770.000000 0.000000
55980915.000000 120324.000000 0.000000
55959367.000000 120491.000000 0.000000
56057728.000000 120806.000000 0.000000
55952557.000000 120544.000000 0.000000
55988067.000000 120351.000000 0.000000
55976777.000000 120576.000000 0.000000
56013319.000000 120951.000000 0.000000
55950683.000000 120380.000000 0.000000
55946911.000000 120451.000000 0.000000
56051883.000000 120864.000000 0.000000
56048337.000000 120750.000000 0.000000
56081513.000000 120733.000000 0.000000
56034388.000000 120814.000000 0.000000
55971248.000000 120937.000000 0.000000
56078790.000000 120792.000000 0.000000
56045733.000000 120883.000000 0.000000
55990187.000000 120303.000000 0.000000
55968447.000000 120515.000000 0.000000
55978283.000000 120468.000000 0.000000
55999086.000000 120497.000000 0.000000
56086012.000000 120916.000000 0.000000
55981884.000000 120481.000000 0.000000
55963703.000000 120392.000000 0.000000
55958944.000000 120524.000000 0.000000
56051836.000000 120753.000000 0.000000
55938758.000000 120387.000000 0.000000
56073595.000000 120882.000000 0.000000
55905877.000000 120571.000000 0.000000
56061089.000000 120867.000000 0.000000
56059469.000000 120933.000000 0.000000
56044855.000000 120796.000000 0.000000
56020044.000000 120934.000000 0.000000
56020653.000000 120675.000000 0.000000
56068830.000000 120783.000000 0.000000
56057177.000000 120813.000000 0.000000
56038802.000000 120920.000000 0.000000
56054121.000000 120889.000000 0.000000
56055717.000000 120856.000000 0.000000
55983879.000000 120382.000000 0.000000
56026005.000000 120622.000000 0.000000
56076513.000000 120971.000000 0.000000
56060170.000000 120822.000000 0.000000
55879626.000000 120588.000000 0.000000
55972374.000000 120465.000000 0.000000
55979065.000000 120523.000000 0.000000
56085162.000000 120861.000000 0.000000
56038597.000000 120803.000000 0.000000
55776343.000000 119997.000000 0.000000
56059982.000000 121058.000000 0.000000
55806973.000000 120172.000000 0.000000
56053015.000000 120809.000000 0.000000
56054272.000000 120868.000000 0.000000
55996166.000000 120861.000000 0.000000
56069002.000000 120859.000000 0.000000
55989155.000000 120452.000000 0.000000
56039514.000000 120813.000000 0.000000
56072766.000000 120919.000000 0.000000
56072467.000000 120734.000000 0.000000
55976542.000000 120483.000000 0.000000
56071867.000000 120877.000000 0.000000
56050064.000000 120805.000000 0.000000
56076781.000000 120855.000000 0.000000
55971448.000000 120364.000000 0.000000
55980424.000000 121000.000000 0.000000
56070514.000000 120729.000000 0.000000
56069936.000000 120899.000000 0.000000
56060703.000000 120834.000000 0.000000
56064876.000000 120820.000000 0.000000
55974410.000000 120418.000000 0.000000
56053543.000000 120823.000000 0.000000
55957266.000000 120800.000000 0.000000
56075693.000000 120634.000000 0.000000
56041950.000000 120617.000000 0.000000
56049735.000000 120810.000000 0.000000
55966390.000000 120437.000000 0.000000
56055640.000000 120990.000000 0.000000
56010602.000000 120709.000000 0.000000
56062671.000000 120847.000000 0.000000
56065833.000000 120916.000000 0.000000
56061055.000000 120813.000000 0.000000
56054524.000000 120862.000000 0.000000
55992784.000000 120417.000000 0.000000
56077608.000000 120757.000000 0.000000
55962833.000000 120548.000000 0.000000
56075543.000000 120978.000000 0.000000
55977769.000000 120395.000000 0.000000
55972941.000000 120293.000000 0.000000
55729128.000000 119882.000000 0.000000
56025839.000000 120540.000000 0.000000
