46491902.000000 100773.000000 28401.000000
47964131.000000 103914.000000 24345.000000
48368977.000000 105176.000000 23113.000000
48384190.000000 104735.000000 22965.000000
48153300.000000 104200.000000 23532.000000
49478101.000000 106885.000000 19690.000000
48655838.000000 105522.000000 22422.000000
49015398.000000 106377.000000 20853.000000
48128121.000000 104634.000000 23322.000000
48382050.000000 104708.000000 21244.000000
48824439.000000 106358.000000 21524.000000
47277450.000000 103064.000000 27203.000000
48149168.000000 104659.000000 23963.000000
46986323.000000 106554.000000 26772.000000
45730255.000000 99232.000000 31198.000000
49909890.000000 108110.000000 18388.000000
48104370.000000 104521.000000 24217.000000
48507920.000000 105080.000000 22378.000000
46907618.000000 102396.000000 27560.000000
47620307.000000 102516.000000 24964.000000
49291847.000000 106473.000000 20217.000000
48078336.000000 104507.000000 23581.000000
46811472.000000 101452.000000 27896.000000
48024385.000000 103665.000000 24434.000000
47607742.000000 104424.000000 25717.000000
47756224.000000 103429.000000 24985.000000
49420271.000000 106350.000000 19844.000000
48310127.000000 104282.000000 23616.000000
47883916.000000 103686.000000 24267.000000
48705460.000000 104939.000000 22215.000000
48204666.000000 104284.000000 23634.000000
46154556.000000 100012.000000 29549.000000
44952702.000000 98328.000000 32751.000000
47810199.000000 103459.000000 24991.000000
47808185.000000 104386.000000 23041.000000
47222360.000000 102030.000000 26064.000000
47861426.000000 103995.000000 23996.000000
46987492.000000 103088.000000 26260.000000
47148209.000000 102530.000000 25437.000000
46189232.000000 102758.000000 28213.000000
46754486.000000 101726.000000 28356.000000
48583086.000000 105662.000000 22492.000000
48640318.000000 104680.000000 22627.000000
45408725.000000 99060.000000 31887.000000
47894062.000000 104131.000000 24565.000000
48832010.000000 106819.000000 21166.000000
50274214.000000 108944.000000 16835.000000
48523163.000000 105317.000000 22572.000000
48677152.000000 105465.000000 22078.000000
48336426.000000 105091.000000 22917.000000
46775383.000000 103489.000000 26753.000000
48214938.000000 104396.000000 23455.000000
46526379.000000 100756.000000 27694.000000
44834307.000000 99070.000000 32428.000000
45143028.000000 99183.000000 31498.000000
45915004.000000 99719.000000 30131.000000
45978937.000000 100010.000000 28131.000000
47319660.000000 103156.000000 24652.000000
46925779.000000 101992.000000 26315.000000
44120864.000000 96678.000000 34933.000000
47257093.000000 102591.000000 26543.000000
47215676.000000 101690.000000 26720.000000
45534934.000000 99074.000000 30880.000000
45718619.000000 101621.000000 28549.000000
44545588.000000 97272.000000 33432.000000
46465656.000000 102327.000000 28129.000000
49884629.000000 107469.000000 18126.000000
48182794.000000 103949.000000 23375.000000
47071830.000000 101733.000000 25866.000000
46858759.000000 102615.000000 26029.000000
48310017.000000 104577.000000 22761.000000
48639739.000000 105906.000000 21388.000000
46530584.000000 101536.000000 27933.000000
47280296.000000 102144.000000 26218.000000
48196465.000000 103661.000000 23951.000000
44575037.000000 97257.000000 33868.000000
47260521.000000 103195.000000 25921.000000
46225402.000000 101307.000000 29248.000000
47072955.000000 101392.000000 27127.000000
45988515.000000 100824.000000 29451.000000
48308061.000000 105409.000000 22445.000000
44680919.000000 96866.000000 34480.000000
46693729.000000 101052.000000 28329.000000
46947847.000000 102257.000000 27129.000000
43680570.000000 94948.000000 37749.000000
45739777.000000 99251.000000 31014.000000
46380371.000000 101940.000000 29185.000000
48605318.000000 105260.000000 22531.000000
46470104.000000 101393.000000 27887.000000
48050705.000000 104300.000000 23833.000000
46538705.000000 100121.000000 28285.000000
46987552.000000 101208.000000 27433.000000
43837469.000000 95334.000000 36906.000000
45851851.000000 99506.000000 30915.000000
44335695.000000 95983.000000 35789.000000
47841452.000000 104440.000000 24271.000000
49231507.000000 106206.000000 19959.000000
47213723.000000 102299.000000 26364.000000
48536090.000000 104791.000000 22088.000000
48467558.000000 104327.000000 22739.000000
