56192061.000000 120931.000000 0.000000
56171699.000000 120833.000000 0.000000
56157683.000000 120647.000000 0.000000
56174939.000000 120604.000000 0.000000
56180530.000000 120937.000000 0.000000
56268249.000000 121308.000000 0.000000
56169517.000000 120811.000000 0.000000
56265681.000000 121441.000000 0.000000
56234186.000000 121238.000000 0.000000
56255314.000000 121254.000000 0.000000
56181300.000000 120926.000000 0.000000
56266661.000000 121388.000000 0.000000
56174922.000000 120910.000000 0.000000
56191795.000000 120978.000000 0.000000
56200489.000000 120946.000000 0.000000
56272615.000000 121221.000000 0.000000
56173267.000000 120841.000000 0.000000
56161967.000000 120725.000000 0.000000
56190159.000000 120885.000000 0.000000
56176456.000000 120646.000000 0.000000
56189859.000000 120758.000000 0.000000
56154943.000000 120787.000000 0.000000
56180160.000000 120873.000000 0.000000
56190117.000000 120956.000000 0.000000
56194161.000000 120982.000000 0.000000
56182283.000000 120840.000000 0.000000
56225819.000000 121275.000000 0.000000
56162120.000000 120729.000000 0.000000
56200177.000000 120800.000000 0.000000
56170948.000000 120913.000000 0.000000
55970462.000000 120514.000000 0.000000
56168058.000000 120788.000000 0.000000
56183437.000000 120996.000000 0.000000
56184745.000000 120854.000000 0.000000
56201041.000000 120977.000000 0.000000
56156685.000000 120720.000000 0.000000
56173791.000000 120764.000000 0.000000
56133483.000000 121152.000000 0.000000
56161554.000000 120817.000000 0.000000
56162873.000000 120836.000000 0.000000
56208071.000000 120638.000000 0.000000
56265212.000000 121271.000000 0.000000
56281896.000000 121073.000000 0.000000
56163124.000000 120852.000000 0.000000
56180593.000000 120701.000000 0.000000
56181686.000000 120802.000000 0.000000
56167160.000000 120934.000000 0.000000
56166785.000000 120898.000000 0.000000
56170317.000000 120849.000000 0.000000
56190915.000000 120905.000000 0.000000
55929386.000000 120292.000000 0.000000
56248146.000000 121344.000000 0.000000
56270938.000000 121212.000000 0.000000
56179510.000000 120900.000000 0.000000
56117493.000000 121084.000000 0.000000
56199489.000000 120818.000000 0.000000
56155189.000000 120945.000000 0.000000
56192897.000000 120817.000000 0.000000
56177129.000000 120886.000000 0.000000
56187594.000000 120832.000000 0.000000
56158176.000000 120903.000000 0.000000
56156897.000000 120799.000000 0.000000
56272519.000000 121148.000000 0.000000
56257315.000000 121374.000000 0.000000
56193424.000000 120884.000000 0.000000
55657695.000000 119699.000000 0.000000
55645911.000000 119629.000000 0.000000
56182111.000000 120919.000000 0.000000
55995537.000000 120885.000000 0.000000
56263499.000000 121343.000000 0.000000
56181372.000000 120766.000000 0.000000
56172294.000000 120839.000000 0.000000
56166791.000000 120817.000000 0.000000
56180984.000000 120809.000000 0.000000
56189011.000000 120862.000000 0.000000
56194126.000000 120829.000000 0.000000
56172159.000000 120776.000000 0.000000
56183770.000000 120819.000000 0.000000
56191345.000000 120971.000000 0.000000
56167417.000000 120926.000000 0.000000
56180491.000000 120953.000000 0.000000
56181048.000000 120851.000000 0.000000
56172460.000000 121092.000000 0.000000
56247930.000000 121331.000000 0.000000
56184259.000000 120805.000000 0.000000
56147632.000000 120938.000000 0.000000
56154320.000000 120941.000000 0.000000
56155726.000000 120915.000000 0.000000
56174811.000000 120886.000000 0.000000
56170173.000000 120892.000000 0.000000
56183294.000000 120868.000000 0.000000
56153958.000000 120890.000000 0.000000
56236402.000000 121302.000000 0.000000
56191156.000000 121000.000000 0.000000
56188920.000000 120953.000000 0.000000
56128399.000000 120832.000000 0.000000
56173501.000000 120726.000000 0.000000
56176331.000000 120801.000000 0.000000
56162982.000000 120851.000000 0.000000
56172763.000000 120861.000000 0.000000
