55869473.000000 120316.000000 0.000000
55937650.000000 120568.000000 0.000000
55910963.000000 120622.000000 0.000000
55924177.000000 120604.000000 0.000000
55915552.000000 120612.000000 0.000000
55843629.000000 120112.000000 0.000000
55884688.000000 120265.000000 0.000000
55844109.000000 120087.000000 0.000000
55847462.000000 120227.000000 0.000000
55875612.000000 120457.000000 0.000000
55930429.000000 120663.000000 0.000000
55924778.000000 120639.000000 0.000000
55934308.000000 120636.000000 0.000000
55853130.000000 120336.000000 0.000000
55907414.000000 120689.000000 0.000000
55927610.000000 120633.000000 0.000000
55832084.000000 120219.000000 0.000000
55923376.000000 120654.000000 0.000000
55831117.000000 120261.000000 0.000000
55848647.000000 120297.000000 0.000000
55828263.000000 120155.000000 0.000000
55862675.000000 120288.000000 0.000000
55835936.000000 120250.000000 0.000000
55844699.000000 120223.000000 0.000000
55859088.000000 120291.000000 0.000000
55849980.000000 120346.000000 0.000000
55917535.000000 120688.000000 0.000000
55905899.000000 120697.000000 0.000000
55817675.000000 120205.000000 0.000000
55833675.000000 120216.000000 0.000000
55828301.000000 120200.000000 0.000000
55765893.000000 120105.000000 0.000000
55893386.000000 120479.000000 0.000000
55844536.000000 120088.000000 0.000000
55904802.000000 120614.000000 0.000000
55844655.000000 120185.000000 0.000000
55838107.000000 120148.000000 0.000000
55838870.000000 120167.000000 0.000000
55818445.000000 120114.000000 0.000000
55917093.000000 120669.000000 0.000000
55914727.000000 120687.000000 0.000000
55932980.000000 120683.000000 0.000000
55836880.000000 120349.000000 0.000000
55855565.000000 120287.000000 0.000000
55865464.000000 120289.000000 0.000000
55845648.000000 120220.000000 0.000000
55945203.000000 120698.000000 0.000000
55850338.000000 120095.000000 0.000000
55812857.000000 120184.000000 0.000000
55837312.000000 120124.000000 0.000000
55717706.000000 119905.000000 0.000000
55854217.000000 120043.000000 0.000000
55853271.000000 120275.000000 0.000000
55854042.000000 120109.000000 0.000000
55839264.000000 120232.000000 0.000000
55835868.000000 120122.000000 0.000000
55889255.000000 120470.000000 0.000000
55848018.000000 120170.000000 0.000000
55837810.000000 120268.000000 0.000000
55837942.000000 120171.000000 0.000000
55843664.000000 120100.000000 0.000000
55863449.000000 120151.000000 0.000000
55841555.000000 120221.000000 0.000000
55863314.000000 120086.000000 0.000000
55855842.000000 120069.000000 0.000000
55849832.000000 120078.000000 0.000000
55844621.000000 120183.000000 0.000000
55864645.000000 120074.000000 0.000000
55852165.000000 120305.000000 0.000000
55869252.000000 120232.000000 0.000000
55841215.000000 120218.000000 0.000000
55821736.000000 120206.000000 0.000000
55861270.000000 120193.000000 0.000000
55849804.000000 120210.000000 0.000000
55876143.000000 120296.000000 0.000000
55846391.000000 120227.000000 0.000000
55846894.000000 120277.000000 0.000000
55863108.000000 120232.000000 0.000000
55699958.000000 120075.000000 0.000000
55850752.000000 120253.000000 0.000000
55875368.000000 120222.000000 0.000000
55044789.000000 118788.000000 0.000000
50963925.000000 110952.000000 0.000000
53501915.000000 116403.000000 0.000000
53212275.000000 115694.000000 0.000000
55768937.000000 120114.000000 0.000000
24741784.000000 54961.000000 1.000000
53932171.000000 116412.000000 0.000000
55922835.000000 120719.000000 0.000000
55913173.000000 120748.000000 0.000000
55931927.000000 120671.000000 0.000000
55917466.000000 120704.000000 0.000000
55792601.000000 120379.000000 0.000000
55912741.000000 120594.000000 0.000000
55900332.000000 120601.000000 0.000000
55917534.000000 120701.000000 0.000000
55890404.000000 120693.000000 0.000000
55905763.000000 120519.000000 0.000000
55829061.000000 120216.000000 0.000000
55909655.000000 120677.000000 0.000000
