55992464.000000 120777.000000 0.000000
55868805.000000 120565.000000 0.000000
55897385.000000 120294.000000 0.000000
55982902.000000 120710.000000 0.000000
55988444.000000 120654.000000 0.000000
55917571.000000 120308.000000 0.000000
55909900.000000 120295.000000 0.000000
55993813.000000 120584.000000 0.000000
55883080.000000 120575.000000 0.000000
55870650.000000 120467.000000 0.000000
56014724.000000 120941.000000 0.000000
55905860.000000 120165.000000 0.000000
55886173.000000 120332.000000 0.000000
55901721.000000 120408.000000 0.000000
55896665.000000 120402.000000 0.000000
55907168.000000 120399.000000 0.000000
55916127.000000 120419.000000 0.000000
55966052.000000 120760.000000 0.000000
55812460.000000 120120.000000 0.000000
55728020.000000 119768.000000 0.000000
55906810.000000 120251.000000 0.000000
55893986.000000 120194.000000 0.000000
55896398.000000 120414.000000 0.000000
55889369.000000 120296.000000 0.000000
55936339.000000 120384.000000 0.000000
55835740.000000 120322.000000 0.000000
55609428.000000 119843.000000 0.000000
55909865.000000 120265.000000 0.000000
55979515.000000 120788.000000 0.000000
55902503.000000 120295.000000 0.000000
55986665.000000 120819.000000 0.000000
55912162.000000 120136.000000 0.000000
55901561.000000 120300.000000 0.000000
55897188.000000 120393.000000 0.000000
55908426.000000 120268.000000 0.000000
55909562.000000 120320.000000 0.000000
55842211.000000 120296.000000 0.000000
55755844.000000 120338.000000 0.000000
55921330.000000 120315.000000 0.000000
55991660.000000 120687.000000 0.000000
55907996.000000 120370.000000 0.000000
55918245.000000 120354.000000 0.000000
56016486.000000 120659.000000 0.000000
55898359.000000 120366.000000 0.000000
55910603.000000 120419.000000 0.000000
55676183.000000 119755.000000 0.000000
55880820.000000 120304.000000 0.000000
55894436.000000 120234.000000 0.000000
55872409.000000 120303.000000 0.000000
55892107.000000 120298.000000 0.000000
55895213.000000 120276.000000 0.000000
55884802.000000 120317.000000 0.000000
55923573.000000 120133.000000 0.000000
55955255.000000 120758.000000 0.000000
55892169.000000 120441.000000 0.000000
55907762.000000 120280.000000 0.000000
55861883.000000 120464.000000 0.000000
55925988.000000 120308.000000 0.000000
56007281.000000 120820.000000 0.000000
55901248.000000 120210.000000 0.000000
55896379.000000 120249.000000 0.000000
55884134.000000 120162.000000 0.000000
55909440.000000 120121.000000 0.000000
55903306.000000 120302.000000 0.000000
55903091.000000 120329.000000 0.000000
55944745.000000 120552.000000 0.000000
55992687.000000 120772.000000 0.000000
55893948.000000 120218.000000 0.000000
55917569.000000 120410.000000 0.000000
55905216.000000 120297.000000 0.000000
55920902.000000 120225.000000 0.000000
55871382.000000 120471.000000 0.000000
55899036.000000 120206.000000 0.000000
55898760.000000 120380.000000 0.000000
55890770.000000 120407.000000 0.000000
55982249.000000 120822.000000 0.000000
55985027.000000 120692.000000 0.000000
55995373.000000 120765.000000 0.000000
55908447.000000 120349.000000 0.000000
55899637.000000 120191.000000 0.000000
55930293.000000 120251.000000 0.000000
55912679.000000 120332.000000 0.000000
55910422.000000 120350.000000 0.000000
55907001.000000 120394.000000 0.000000
55895746.000000 120249.000000 0.000000
55911394.000000 120279.000000 0.000000
55857794.000000 120580.000000 0.000000
55888646.000000 120593.000000 0.000000
55889321.000000 120630.000000 0.000000
55968003.000000 120741.000000 0.000000
55904137.000000 120302.000000 0.000000
55907207.000000 120333.000000 0.000000
55869176.000000 120272.000000 0.000000
55897862.000000 120455.000000 0.000000
55890304.000000 120199.000000 0.000000
55974849.000000 120825.000000 0.000000
55894080.000000 120283.000000 0.000000
55876314.000000 120605.000000 0.000000
55913059.000000 120225.000000 0.000000
55920240.000000 120403.000000 0.000000
