56183366.000000 121208.000000 0.000000
56115899.000000 120726.000000 0.000000
56097914.000000 120730.000000 0.000000
56110659.000000 120706.000000 0.000000
56104514.000000 120702.000000 0.000000
56123339.000000 120674.000000 0.000000
56101663.000000 120605.000000 0.000000
56124942.000000 120659.000000 0.000000
56178124.000000 121184.000000 0.000000
56119319.000000 120822.000000 0.000000
56109663.000000 120796.000000 0.000000
56102967.000000 120593.000000 0.000000
56115333.000000 120695.000000 0.000000
56106981.000000 120739.000000 0.000000
56023710.000000 120597.000000 0.000000
56200725.000000 121109.000000 0.000000
56095750.000000 120720.000000 0.000000
56115644.000000 120614.000000 0.000000
56117641.000000 120646.000000 0.000000
56114475.000000 120500.000000 0.000000
56211130.000000 121134.000000 0.000000
56102512.000000 120562.000000 0.000000
56133299.000000 120678.000000 0.000000
56130600.000000 120707.000000 0.000000
56113212.000000 120655.000000 0.000000
56165360.000000 121159.000000 0.000000
56165144.000000 121089.000000 0.000000
56157961.000000 121023.000000 0.000000
56115043.000000 120823.000000 0.000000
56102725.000000 120887.000000 0.000000
56108791.000000 120752.000000 0.000000
56116512.000000 120878.000000 0.000000
56090605.000000 120678.000000 0.000000
56104486.000000 120726.000000 0.000000
56090403.000000 120613.000000 0.000000
56120421.000000 120795.000000 0.000000
55997868.000000 120411.000000 0.000000
56115316.000000 120736.000000 0.000000
56074960.000000 120773.000000 0.000000
56111929.000000 120777.000000 0.000000
56120982.000000 120561.000000 0.000000
56120334.000000 120760.000000 0.000000
56098721.000000 120495.000000 0.000000
56111616.000000 120663.000000 0.000000
56125796.000000 120754.000000 0.000000
56117351.000000 120746.000000 0.000000
56117502.000000 120715.000000 0.000000
56118674.000000 120571.000000 0.000000
56098557.000000 120755.000000 0.000000
56104769.000000 120755.000000 0.000000
56110460.000000 120729.000000 0.000000
56118805.000000 120742.000000 0.000000
56098521.000000 120774.000000 0.000000
56112956.000000 120650.000000 0.000000
56091829.000000 120705.000000 0.000000
56111313.000000 120501.000000 0.000000
56086196.000000 120630.000000 0.000000
56114213.000000 120691.000000 0.000000
56104216.000000 120762.000000 0.000000
56089857.000000 120658.000000 0.000000
56159408.000000 120760.000000 0.000000
56115913.000000 120854.000000 0.000000
56104832.000000 120618.000000 0.000000
56102997.000000 120638.000000 0.000000
56107537.000000 120697.000000 0.000000
56111543.000000 120747.000000 0.000000
56102509.000000 120687.000000 0.000000
56058442.000000 120624.000000 0.000000
56110388.000000 120654.000000 0.000000
56111551.000000 120574.000000 0.000000
56113944.000000 120484.000000 0.000000
56108319.000000 120813.000000 0.000000
56117745.000000 120608.000000 0.000000
56116117.000000 120664.000000 0.000000
56118725.000000 120682.000000 0.000000
56160138.000000 120912.000000 0.000000
56110666.000000 120701.000000 0.000000
56111611.000000 120691.000000 0.000000
56100627.000000 120885.000000 0.000000
56110206.000000 120714.000000 0.000000
56101525.000000 120664.000000 0.000000
56106699.000000 120545.000000 0.000000
56129758.000000 120723.000000 0.000000
56112926.000000 120794.000000 0.000000
56112256.000000 120704.000000 0.000000
56095175.000000 120665.000000 0.000000
56103868.000000 120651.000000 0.000000
56130886.000000 120713.000000 0.000000
56121212.000000 120770.000000 0.000000
56107587.000000 120629.000000 0.000000
56117213.000000 120699.000000 0.000000
56111503.000000 120639.000000 0.000000
56112163.000000 120823.000000 0.000000
56107150.000000 120845.000000 0.000000
56117990.000000 120557.000000 0.000000
56120604.000000 120758.000000 0.000000
56121795.000000 120735.000000 0.000000
56171430.000000 121092.000000 0.000000
56090710.000000 120705.000000 0.000000
56096471.000000 120699.000000 0.000000
