55748054.000000 120033.000000 0.000000
55789979.000000 120655.000000 0.000000
55754138.000000 120010.000000 0.000000
55756715.000000 119939.000000 0.000000
55846854.000000 120482.000000 0.000000
55729384.000000 119989.000000 0.000000
55765734.000000 119989.000000 0.000000
55750019.000000 119924.000000 0.000000
55730415.000000 119999.000000 0.000000
55728820.000000 120145.000000 0.000000
55734034.000000 120078.000000 0.000000
55727518.000000 119951.000000 0.000000
55725304.000000 120125.000000 0.000000
55749800.000000 120068.000000 0.000000
55732932.000000 120153.000000 0.000000
55855839.000000 120570.000000 0.000000
55749196.000000 119957.000000 0.000000
55787611.000000 120799.000000 0.000000
55746204.000000 120134.000000 0.000000
55739735.000000 119888.000000 0.000000
55799967.000000 120727.000000 0.000000
55750922.000000 120022.000000 0.000000
55740667.000000 120041.000000 0.000000
55740548.000000 119899.000000 0.000000
55720928.000000 119889.000000 0.000000
55734913.000000 120023.000000 0.000000
55725613.000000 120050.000000 0.000000
55804090.000000 120741.000000 0.000000
55729474.000000 120007.000000 0.000000
55743313.000000 120110.000000 0.000000
55728447.000000 119998.000000 0.000000
55627441.000000 119642.000000 0.000000
55747012.000000 119975.000000 0.000000
55728569.000000 120075.000000 0.000000
55722245.000000 119964.000000 0.000000
55737051.000000 119972.000000 0.000000
55834017.000000 120472.000000 0.000000
55735719.000000 120021.000000 0.000000
55853618.000000 120430.000000 0.000000
55743034.000000 120042.000000 0.000000
55753054.000000 120245.000000 0.000000
55724109.000000 119896.000000 0.000000
55736807.000000 120036.000000 0.000000
55738493.000000 119995.000000 0.000000
55727161.000000 120024.000000 0.000000
55802430.000000 120795.000000 0.000000
55729791.000000 119968.000000 0.000000
55739927.000000 120187.000000 0.000000
55757070.000000 119993.000000 0.000000
55738159.000000 120099.000000 0.000000
55734961.000000 120040.000000 0.000000
55755086.000000 120106.000000 0.000000
55752881.000000 119995.000000 0.000000
55758320.000000 120023.000000 0.000000
55736811.000000 120153.000000 0.000000
55735311.000000 120089.000000 0.000000
55780430.000000 120232.000000 0.000000
55735688.000000 120075.000000 0.000000
55746924.000000 120026.000000 0.000000
55740132.000000 119992.000000 0.000000
55752404.000000 120084.000000 0.000000
55747634.000000 119989.000000 0.000000
55664644.000000 119962.000000 0.000000
55755430.000000 120084.000000 0.000000
55737484.000000 119980.000000 0.000000
55754286.000000 120044.000000 0.000000
55743293.000000 120059.000000 0.000000
55737027.000000 120091.000000 0.000000
55765451.000000 120198.000000 0.000000
55738984.000000 120079.000000 0.000000
55720190.000000 120058.000000 0.000000
55751410.000000 120113.000000 0.000000
55710643.000000 120086.000000 0.000000
55793584.000000 120756.000000 0.000000
55732527.000000 120049.000000 0.000000
55675434.000000 119881.000000 0.000000
55757571.000000 120108.000000 0.000000
55746111.000000 119997.000000 0.000000
55748100.000000 120058.000000 0.000000
55741631.000000 120045.000000 0.000000
55750720.000000 120021.000000 0.000000
55580606.000000 120036.000000 2.000000
55764358.000000 119975.000000 0.000000
55726230.000000 120026.000000 0.000000
55743293.000000 120155.000000 0.000000
55725780.000000 120010.000000 0.000000
55775665.000000 120750.000000 0.000000
55754562.000000 120151.000000 0.000000
55720097.000000 120026.000000 0.000000
55743895.000000 119994.000000 0.000000
55748415.000000 119946.000000 0.000000
55727195.000000 120161.000000 0.000000
55750329.000000 120087.000000 0.000000
55748828.000000 120170.000000 0.000000
55752496.000000 120015.000000 0.000000
55677283.000000 120106.000000 0.000000
55739777.000000 120033.000000 0.000000
55721962.000000 119986.000000 0.000000
55745215.000000 120077.000000 0.000000
55755770.000000 120220.000000 0.000000
