55758243.000000 120397.000000 0.000000
55774404.000000 120347.000000 0.000000
55769364.000000 120550.000000 0.000000
55798268.000000 120455.000000 0.000000
55719710.000000 120019.000000 0.000000
55773495.000000 120371.000000 0.000000
55784551.000000 120417.000000 0.000000
55738721.000000 120103.000000 0.000000
55774442.000000 120418.000000 0.000000
55777019.000000 120347.000000 0.000000
55739152.000000 120292.000000 0.000000
55808589.000000 120423.000000 0.000000
55733056.000000 119887.000000 0.000000
55752917.000000 120393.000000 0.000000
55773694.000000 120482.000000 0.000000
55785341.000000 120422.000000 0.000000
55776473.000000 120413.000000 0.000000
55777953.000000 120291.000000 0.000000
55765144.000000 120427.000000 0.000000
55789874.000000 120397.000000 0.000000
55786948.000000 120569.000000 0.000000
55760115.000000 120281.000000 0.000000
55585988.000000 119832.000000 0.000000
55735698.000000 120108.000000 0.000000
55811466.000000 120436.000000 0.000000
55797064.000000 120497.000000 0.000000
55732496.000000 119914.000000 0.000000
55718992.000000 119937.000000 0.000000
55708434.000000 119997.000000 0.000000
55714513.000000 120052.000000 0.000000
55771758.000000 120294.000000 0.000000
55793624.000000 120381.000000 0.000000
55799057.000000 120318.000000 0.000000
55798972.000000 120591.000000 0.000000
55754955.000000 120485.000000 0.000000
55692822.000000 119926.000000 0.000000
55748019.000000 120148.000000 0.000000
55697539.000000 120020.000000 0.000000
55775633.000000 120437.000000 0.000000
55704015.000000 120063.000000 0.000000
55716805.000000 120092.000000 0.000000
55680210.000000 119877.000000 0.000000
55736679.000000 119925.000000 0.000000
55697840.000000 120067.000000 0.000000
55691503.000000 119970.000000 0.000000
55708200.000000 119854.000000 0.000000
55694051.000000 119866.000000 0.000000
55654451.000000 119761.000000 0.000000
55772431.000000 120398.000000 0.000000
55798261.000000 120496.000000 0.000000
55765241.000000 120459.000000 0.000000
55706501.000000 120000.000000 0.000000
55818679.000000 120506.000000 0.000000
55776908.000000 120451.000000 0.000000
55788965.000000 120458.000000 0.000000
55706313.000000 120008.000000 0.000000
55725621.000000 120015.000000 0.000000
55739781.000000 120008.000000 0.000000
55754933.000000 120307.000000 0.000000
55726736.000000 120077.000000 0.000000
55787673.000000 120483.000000 0.000000
55758264.000000 120387.000000 0.000000
55801431.000000 120450.000000 0.000000
55791266.000000 120495.000000 0.000000
55756057.000000 120413.000000 0.000000
55723268.000000 119955.000000 0.000000
55796097.000000 120447.000000 0.000000
55729310.000000 119983.000000 0.000000
55797801.000000 120469.000000 0.000000
55768407.000000 120428.000000 0.000000
55699986.000000 119989.000000 0.000000
55714095.000000 119866.000000 0.000000
55706268.000000 120013.000000 0.000000
55727289.000000 119976.000000 0.000000
55749794.000000 120196.000000 0.000000
55757313.000000 120425.000000 0.000000
55715480.000000 119987.000000 0.000000
55772280.000000 120382.000000 0.000000
55694593.000000 119781.000000 0.000000
55780358.000000 120459.000000 0.000000
55763952.000000 120472.000000 0.000000
55727101.000000 120441.000000 0.000000
55801867.000000 120279.000000 0.000000
55780543.000000 120526.000000 0.000000
55781189.000000 120483.000000 0.000000
55718210.000000 120146.000000 0.000000
55719580.000000 120064.000000 0.000000
55790067.000000 120543.000000 0.000000
55698213.000000 120008.000000 0.000000
55714149.000000 119856.000000 0.000000
55715289.000000 119973.000000 0.000000
55709325.000000 119942.000000 0.000000
55711052.000000 120016.000000 0.000000
55797634.000000 120443.000000 0.000000
55770989.000000 120618.000000 0.000000
55711124.000000 119896.000000 0.000000
55767747.000000 120472.000000 0.000000
55761576.000000 120385.000000 0.000000
55781362.000000 120495.000000 0.000000
55788829.000000 120478.000000 0.000000
