56007306.000000 120489.000000 0.000000
56108379.000000 120902.000000 0.000000
56125552.000000 120964.000000 0.000000
55946608.000000 120400.000000 0.000000
56025905.000000 120556.000000 0.000000
56090372.000000 120975.000000 0.000000
56017884.000000 120525.000000 0.000000
56037095.000000 120553.000000 0.000000
56128767.000000 120962.000000 0.000000
56050372.000000 120621.000000 0.000000
56014715.000000 120445.000000 0.000000
56013058.000000 120644.000000 0.000000
55988733.000000 120517.000000 0.000000
55998310.000000 120546.000000 0.000000
56073659.000000 120779.000000 0.000000
56011450.000000 120530.000000 0.000000
56011220.000000 120534.000000 0.000000
56113059.000000 120905.000000 0.000000
55879476.000000 120197.000000 0.000000
56035119.000000 120526.000000 0.000000
56070098.000000 120519.000000 0.000000
56088597.000000 120824.000000 0.000000
56078390.000000 120669.000000 0.000000
56110451.000000 120926.000000 0.000000
56020947.000000 120632.000000 0.000000
56022291.000000 120545.000000 0.000000
56001017.000000 120454.000000 0.000000
56134378.000000 120998.000000 0.000000
56088887.000000 120843.000000 0.000000
55952604.000000 120484.000000 0.000000
56035466.000000 120552.000000 0.000000
56109016.000000 120869.000000 0.000000
56089637.000000 120979.000000 0.000000
56102593.000000 120895.000000 0.000000
55980249.000000 120428.000000 0.000000
56111725.000000 120886.000000 0.000000
55999599.000000 120642.000000 0.000000
56028768.000000 120475.000000 0.000000
55995159.000000 120436.000000 0.000000
56016886.000000 120603.000000 0.000000
56031864.000000 120547.000000 0.000000
56120468.000000 120947.000000 0.000000
56025919.000000 120538.000000 0.000000
56108948.000000 120845.000000 0.000000
56024457.000000 120627.000000 0.000000
56034454.000000 120581.000000 0.000000
56097341.000000 120929.000000 0.000000
56023948.000000 120489.000000 0.000000
56041421.000000 120555.000000 0.000000
56028070.000000 120631.000000 0.000000
56032611.000000 120582.000000 0.000000
56021372.000000 120599.000000 0.000000
56031786.000000 120505.000000 0.000000
56010076.000000 120377.000000 0.000000
56027633.000000 120543.000000 0.000000
56068233.000000 120487.000000 0.000000
56124953.000000 120940.000000 0.000000
56038351.000000 120586.000000 0.000000
56034568.000000 120494.000000 0.000000
56012070.000000 120444.000000 0.000000
56001604.000000 120574.000000 0.000000
56017170.000000 120559.000000 0.000000
56022079.000000 120541.000000 0.000000
56126533.000000 120852.000000 0.000000
56018834.000000 120604.000000 0.000000
56118394.000000 120949.000000 0.000000
56039904.000000 120544.000000 0.000000
56114777.000000 121024.000000 0.000000
56125404.000000 120874.000000 0.000000
55992407.000000 120343.000000 0.000000
56028651.000000 120423.000000 0.000000
55977667.000000 120292.000000 0.000000
56023398.000000 120429.000000 0.000000
56100717.000000 120929.000000 0.000000
56081131.000000 120897.000000 0.000000
56123126.000000 120827.000000 0.000000
56110937.000000 120995.000000 0.000000
56009974.000000 120671.000000 0.000000
56109800.000000 120757.000000 0.000000
56044874.000000 120657.000000 0.000000
56114591.000000 120908.000000 0.000000
56013762.000000 120545.000000 0.000000
56091361.000000 121002.000000 0.000000
56115051.000000 120935.000000 0.000000
56078930.000000 120960.000000 0.000000
56090969.000000 120858.000000 0.000000
56119017.000000 120990.000000 0.000000
56010106.000000 120595.000000 0.000000
56087747.000000 120839.000000 0.000000
56107766.000000 120888.000000 0.000000
56057030.000000 120666.000000 0.000000
56032211.000000 120574.000000 0.000000
56010326.000000 120639.000000 0.000000
56034335.000000 120610.000000 0.000000
56104565.000000 120903.000000 0.000000
56048199.000000 120473.000000 0.000000
56010281.000000 120469.000000 0.000000
56039944.000000 120555.000000 0.000000
56005329.000000 120587.000000 0.000000
56126176.000000 120886.000000 0.000000
