56209987.000000 120983.000000 0.000000
56265544.000000 121383.000000 0.000000
56255049.000000 121267.000000 0.000000
56209184.000000 120876.000000 0.000000
56173415.000000 120945.000000 0.000000
56179667.000000 120908.000000 0.000000
56190905.000000 120970.000000 0.000000
56194624.000000 120890.000000 0.000000
56203276.000000 120814.000000 0.000000
56152259.000000 120858.000000 0.000000
56173154.000000 120806.000000 0.000000
56197595.000000 121024.000000 0.000000
56175065.000000 120855.000000 0.000000
56140116.000000 120850.000000 0.000000
56192268.000000 120842.000000 0.000000
56169176.000000 120995.000000 0.000000
56187928.000000 120957.000000 0.000000
56190545.000000 121005.000000 0.000000
56220028.000000 121016.000000 0.000000
56189181.000000 120960.000000 0.000000
56176815.000000 120963.000000 0.000000
56203971.000000 120902.000000 0.000000
56163598.000000 120788.000000 0.000000
56271881.000000 121388.000000 0.000000
56190588.000000 120799.000000 0.000000
56267720.000000 121455.000000 0.000000
56265599.000000 121412.000000 0.000000
56215678.000000 120825.000000 0.000000
56239455.000000 121353.000000 0.000000
56107667.000000 120944.000000 0.000000
56299551.000000 121349.000000 0.000000
56194481.000000 120975.000000 0.000000
56188210.000000 120852.000000 0.000000
56192795.000000 120975.000000 0.000000
56294679.000000 121267.000000 0.000000
56187256.000000 120960.000000 0.000000
56176233.000000 120917.000000 0.000000
56190397.000000 120828.000000 0.000000
56187846.000000 120870.000000 0.000000
56186004.000000 120886.000000 0.000000
56202242.000000 120973.000000 0.000000
56268540.000000 121424.000000 0.000000
56283506.000000 121213.000000 0.000000
56207873.000000 120742.000000 0.000000
56275871.000000 121382.000000 0.000000
56192546.000000 120973.000000 0.000000
56233374.000000 121153.000000 0.000000
56257903.000000 121382.000000 0.000000
56181191.000000 121064.000000 0.000000
56264686.000000 121227.000000 0.000000
56193327.000000 120781.000000 0.000000
56260371.000000 121299.000000 0.000000
56272735.000000 121439.000000 0.000000
56201442.000000 120969.000000 0.000000
56174292.000000 120989.000000 0.000000
56196512.000000 120960.000000 0.000000
56278389.000000 121287.000000 0.000000
56283482.000000 121350.000000 0.000000
56190685.000000 120972.000000 0.000000
56098954.000000 120986.000000 0.000000
56202518.000000 120992.000000 0.000000
56194777.000000 120942.000000 0.000000
56207332.000000 120754.000000 0.000000
56202394.000000 120792.000000 0.000000
56193041.000000 120938.000000 0.000000
56201399.000000 120991.000000 0.000000
56273109.000000 121458.000000 0.000000
56186344.000000 120926.000000 0.000000
55969898.000000 120990.000000 0.000000
56198012.000000 120990.000000 0.000000
56253901.000000 121260.000000 0.000000
56150584.000000 120839.000000 0.000000
56263190.000000 121368.000000 0.000000
56185693.000000 120884.000000 0.000000
56275666.000000 121191.000000 0.000000
56251329.000000 121346.000000 0.000000
56192231.000000 120921.000000 0.000000
56175683.000000 120996.000000 0.000000
56189345.000000 120887.000000 0.000000
56278559.000000 121555.000000 0.000000
56216086.000000 120896.000000 0.000000
56178020.000000 121140.000000 0.000000
56213154.000000 120830.000000 0.000000
56287403.000000 121391.000000 0.000000
56217746.000000 120874.000000 0.000000
56163975.000000 120917.000000 0.000000
56085967.000000 121096.000000 0.000000
56186516.000000 120899.000000 0.000000
56098105.000000 120874.000000 0.000000
56181569.000000 120855.000000 0.000000
56051592.000000 120694.000000 0.000000
56275731.000000 121277.000000 0.000000
56180488.000000 120946.000000 0.000000
56204270.000000 120907.000000 0.000000
56200158.000000 120937.000000 0.000000
56283964.000000 121456.000000 0.000000
56205716.000000 120844.000000 0.000000
56258426.000000 121366.000000 0.000000
56178209.000000 120740.000000 0.000000
56255240.000000 121381.000000 0.000000
