56066525.000000 120973.000000 0.000000
56253791.000000 121049.000000 0.000000
56270413.000000 121223.000000 0.000000
56266286.000000 121150.000000 0.000000
56153215.000000 120633.000000 0.000000
56174660.000000 120716.000000 0.000000
56183950.000000 121055.000000 0.000000
56252588.000000 121226.000000 0.000000
56244027.000000 121136.000000 0.000000
56247174.000000 121315.000000 0.000000
56249264.000000 121140.000000 0.000000
56163194.000000 120908.000000 0.000000
56232475.000000 121129.000000 0.000000
56155122.000000 120795.000000 0.000000
56231466.000000 121314.000000 0.000000
56228067.000000 121191.000000 0.000000
56240748.000000 121111.000000 0.000000
56241795.000000 121278.000000 0.000000
56235472.000000 121091.000000 0.000000
56270109.000000 121163.000000 0.000000
56102494.000000 120607.000000 0.000000
56232176.000000 121056.000000 0.000000
56237062.000000 121101.000000 0.000000
56250247.000000 121001.000000 0.000000
56157544.000000 120738.000000 0.000000
56128622.000000 120807.000000 0.000000
56147663.000000 120774.000000 0.000000
56221976.000000 121074.000000 0.000000
56251934.000000 121232.000000 0.000000
56182039.000000 120791.000000 0.000000
56256354.000000 121153.000000 0.000000
56262920.000000 121191.000000 0.000000
56264574.000000 121252.000000 0.000000
56250100.000000 121298.000000 0.000000
56251780.000000 121073.000000 0.000000
56140763.000000 120798.000000 0.000000
56126658.000000 120745.000000 0.000000
56153282.000000 120827.000000 0.000000
56206489.000000 120831.000000 0.000000
56258829.000000 121168.000000 0.000000
56251451.000000 121201.000000 0.000000
56191617.000000 121000.000000 0.000000
56182815.000000 120802.000000 0.000000
56261785.000000 121207.000000 0.000000
56189044.000000 120914.000000 0.000000
56151011.000000 120684.000000 0.000000
56241453.000000 121300.000000 0.000000
55638416.000000 119725.000000 0.000000
56169588.000000 120902.000000 0.000000
56257479.000000 121207.000000 0.000000
56254679.000000 121342.000000 0.000000
56243606.000000 121142.000000 0.000000
56164379.000000 120782.000000 0.000000
56199495.000000 120901.000000 0.000000
56237512.000000 121203.000000 0.000000
56225081.000000 121104.000000 0.000000
56250879.000000 121196.000000 0.000000
56244868.000000 121276.000000 0.000000
56242083.000000 121325.000000 0.000000
56168875.000000 120850.000000 0.000000
56132661.000000 120756.000000 0.000000
56245835.000000 121163.000000 0.000000
56161422.000000 120644.000000 0.000000
56227041.000000 121209.000000 0.000000
56266294.000000 121150.000000 0.000000
56145750.000000 120653.000000 0.000000
56266890.000000 121085.000000 0.000000
56120938.000000 120608.000000 0.000000
56219933.000000 121099.000000 0.000000
56138109.000000 120784.000000 0.000000
56246571.000000 121205.000000 0.000000
56246843.000000 121252.000000 0.000000
56248105.000000 121111.000000 0.000000
56129510.000000 120833.000000 0.000000
56243316.000000 121192.000000 0.000000
56252521.000000 121138.000000 0.000000
56243168.000000 121116.000000 0.000000
56170244.000000 120802.000000 0.000000
55939473.000000 120859.000000 0.000000
56145764.000000 120665.000000 0.000000
56114503.000000 120706.000000 0.000000
56134987.000000 121238.000000 0.000000
56254534.000000 121096.000000 0.000000
56188722.000000 120648.000000 0.000000
56148483.000000 120739.000000 0.000000
56245302.000000 121130.000000 0.000000
56257427.000000 121146.000000 0.000000
56191396.000000 120767.000000 0.000000
56141177.000000 120921.000000 0.000000
56240301.000000 121175.000000 0.000000
56158284.000000 120825.000000 0.000000
56270431.000000 121074.000000 0.000000
56062431.000000 120692.000000 0.000000
56163573.000000 120944.000000 0.000000
56208219.000000 121083.000000 0.000000
56134402.000000 120791.000000 0.000000
56249835.000000 121124.000000 0.000000
56231979.000000 121133.000000 0.000000
56197895.000000 121135.000000 0.000000
56124255.000000 120713.000000 0.000000
