56053582.000000 121544.000000 0.000000
56051891.000000 121839.000000 0.000000
56033793.000000 121771.000000 0.000000
56062507.000000 121783.000000 0.000000
56053278.000000 120971.000000 0.000000
56077180.000000 121749.000000 0.000000
56118879.000000 122366.000000 0.000000
56047534.000000 121708.000000 0.000000
56049943.000000 121698.000000 0.000000
56049412.000000 121793.000000 0.000000
56041858.000000 121856.000000 0.000000
56030024.000000 121729.000000 0.000000
56100976.000000 122486.000000 0.000000
56089183.000000 121764.000000 0.000000
56034633.000000 121695.000000 0.000000
56047426.000000 121695.000000 0.000000
56040819.000000 121716.000000 0.000000
56030816.000000 121690.000000 0.000000
56215348.000000 121081.000000 0.000000
56043117.000000 121704.000000 0.000000
56041998.000000 121951.000000 0.000000
56046588.000000 121777.000000 0.000000
56154910.000000 122023.000000 0.000000
56042842.000000 121653.000000 0.000000
56065868.000000 121644.000000 0.000000
56063315.000000 121895.000000 0.000000
56084746.000000 121970.000000 0.000000
56056454.000000 121822.000000 0.000000
56059627.000000 121757.000000 0.000000
56122123.000000 121408.000000 0.000000
56102733.000000 122142.000000 0.000000
56059510.000000 121968.000000 0.000000
56058228.000000 121775.000000 0.000000
56203985.000000 121293.000000 0.000000
56043967.000000 121722.000000 0.000000
56054435.000000 121556.000000 0.000000
56068414.000000 121660.000000 0.000000
56153184.000000 121887.000000 0.000000
56025778.000000 121740.000000 0.000000
56112561.000000 121846.000000 0.000000
56014098.000000 121623.000000 0.000000
56044529.000000 121861.000000 0.000000
56197547.000000 121162.000000 0.000000
56155289.000000 121825.000000 0.000000
56057701.000000 121777.000000 0.000000
55989222.000000 120737.000000 0.000000
56150120.000000 122089.000000 0.000000
55301598.000000 119061.000000 0.000000
55947001.000000 120666.000000 0.000000
56047598.000000 121688.000000 0.000000
56046027.000000 121766.000000 0.000000
56057311.000000 121657.000000 0.000000
56079130.000000 120790.000000 0.000000
56044511.000000 121932.000000 0.000000
56089705.000000 122144.000000 0.000000
56051494.000000 120686.000000 0.000000
56048770.000000 121660.000000 0.000000
56046785.000000 121619.000000 0.000000
56051062.000000 122003.000000 0.000000
56054931.000000 121661.000000 0.000000
56060904.000000 121744.000000 0.000000
55955939.000000 120697.000000 0.000000
56058705.000000 121803.000000 0.000000
56064830.000000 121596.000000 0.000000
56052526.000000 121753.000000 0.000000
56141631.000000 121338.000000 0.000000
55920912.000000 120493.000000 0.000000
56025706.000000 121581.000000 0.000000
56062573.000000 122521.000000 0.000000
56097174.000000 120615.000000 0.000000
56014874.000000 121740.000000 0.000000
55905614.000000 120195.000000 0.000000
56035333.000000 121658.000000 0.000000
56021409.000000 121789.000000 0.000000
56033608.000000 121761.000000 0.000000
56029713.000000 121773.000000 0.000000
56023527.000000 121977.000000 0.000000
56036358.000000 121565.000000 0.000000
56038316.000000 121742.000000 0.000000
56029819.000000 122061.000000 0.000000
56179164.000000 121203.000000 0.000000
56027965.000000 121765.000000 0.000000
56030973.000000 121783.000000 0.000000
56039154.000000 121795.000000 0.000000
56042373.000000 121758.000000 0.000000
56058524.000000 121547.000000 0.000000
56033717.000000 121622.000000 0.000000
56146873.000000 121700.000000 0.000000
56122311.000000 121868.000000 0.000000
56033086.000000 121845.000000 0.000000
56194322.000000 121201.000000 0.000000
56041051.000000 121743.000000 0.000000
55636069.000000 119684.000000 0.000000
56189655.000000 121294.000000 0.000000
56140092.000000 122030.000000 0.000000
56052314.000000 121610.000000 0.000000
56029124.000000 121836.000000 0.000000
56046839.000000 121767.000000 0.000000
56053322.000000 121614.000000 0.000000
56037371.000000 121710.000000 0.000000
