56261423.000000 121309.000000 0.000000
56288203.000000 121430.000000 0.000000
56251573.000000 121361.000000 0.000000
56267890.000000 121314.000000 0.000000
56233222.000000 121440.000000 0.000000
56204568.000000 120783.000000 0.000000
56221293.000000 121064.000000 0.000000
56214397.000000 120851.000000 0.000000
56189647.000000 120754.000000 0.000000
56209448.000000 120987.000000 0.000000
56188549.000000 120881.000000 0.000000
56203044.000000 120999.000000 0.000000
56197096.000000 120944.000000 0.000000
56207372.000000 120815.000000 0.000000
56285901.000000 121343.000000 0.000000
56294229.000000 121244.000000 0.000000
56269810.000000 121469.000000 0.000000
56270335.000000 121275.000000 0.000000
56216155.000000 120844.000000 0.000000
56198510.000000 120950.000000 0.000000
56267311.000000 121383.000000 0.000000
56255574.000000 121428.000000 0.000000
56269679.000000 121351.000000 0.000000
56216296.000000 120915.000000 0.000000
56202741.000000 120938.000000 0.000000
56197640.000000 120989.000000 0.000000
56274493.000000 121420.000000 0.000000
56225481.000000 121074.000000 0.000000
55641041.000000 119928.000000 0.000000
56166433.000000 120846.000000 0.000000
56196642.000000 120874.000000 0.000000
56185509.000000 120838.000000 0.000000
56202086.000000 120873.000000 0.000000
56192300.000000 120847.000000 0.000000
56267418.000000 121440.000000 0.000000
56278875.000000 121390.000000 0.000000
56202254.000000 120813.000000 0.000000
56240817.000000 121304.000000 0.000000
56196501.000000 120949.000000 0.000000
56267971.000000 121335.000000 0.000000
56200936.000000 121030.000000 0.000000
56157867.000000 120801.000000 0.000000
56284972.000000 121417.000000 0.000000
56145652.000000 120789.000000 0.000000
56267358.000000 121274.000000 0.000000
56136349.000000 120847.000000 0.000000
56198306.000000 120921.000000 0.000000
56268186.000000 121343.000000 0.000000
56245008.000000 121293.000000 0.000000
56204006.000000 120976.000000 0.000000
56261258.000000 121399.000000 0.000000
56264386.000000 121357.000000 0.000000
56185950.000000 120723.000000 0.000000
56211320.000000 120877.000000 0.000000
56300991.000000 121427.000000 0.000000
56283516.000000 121475.000000 0.000000
56295876.000000 121348.000000 0.000000
56285981.000000 121331.000000 0.000000
56259919.000000 121369.000000 0.000000
56249519.000000 121391.000000 0.000000
56280124.000000 121448.000000 0.000000
56184939.000000 120859.000000 0.000000
56209004.000000 120775.000000 0.000000
56211223.000000 120948.000000 0.000000
56281807.000000 121462.000000 0.000000
56287644.000000 121449.000000 0.000000
56284790.000000 121519.000000 0.000000
56274063.000000 121457.000000 0.000000
56188959.000000 120892.000000 0.000000
56299881.000000 121427.000000 0.000000
56204229.000000 120908.000000 0.000000
56204861.000000 120855.000000 0.000000
56223724.000000 120835.000000 0.000000
56280946.000000 121224.000000 0.000000
56284193.000000 121351.000000 0.000000
56283903.000000 121300.000000 0.000000
56286926.000000 121319.000000 0.000000
56200906.000000 120825.000000 0.000000
56268215.000000 121351.000000 0.000000
56199417.000000 120893.000000 0.000000
56270119.000000 121337.000000 0.000000
56199131.000000 120920.000000 0.000000
56282205.000000 121410.000000 0.000000
56273384.000000 121295.000000 0.000000
56189103.000000 120884.000000 0.000000
56263644.000000 121308.000000 0.000000
56177919.000000 120976.000000 0.000000
56195471.000000 120935.000000 0.000000
56281938.000000 121330.000000 0.000000
56193330.000000 120866.000000 0.000000
56181467.000000 120936.000000 0.000000
56264068.000000 121369.000000 0.000000
56180829.000000 121004.000000 0.000000
56283465.000000 121303.000000 0.000000
56186778.000000 120929.000000 0.000000
56295498.000000 121424.000000 0.000000
56277550.000000 121366.000000 0.000000
56207364.000000 120795.000000 0.000000
56288224.000000 121428.000000 0.000000
56185134.000000 120757.000000 0.000000
