55950636.000000 120487.000000 0.000000
55981366.000000 120473.000000 0.000000
55968566.000000 120437.000000 0.000000
55967124.000000 120360.000000 0.000000
55981384.000000 120408.000000 0.000000
55959115.000000 120438.000000 0.000000
55969444.000000 120395.000000 0.000000
55957951.000000 120598.000000 0.000000
56002887.000000 120499.000000 0.000000
56067405.000000 120917.000000 0.000000
55966566.000000 120499.000000 0.000000
55978599.000000 120536.000000 0.000000
56055179.000000 120871.000000 0.000000
55965994.000000 120293.000000 0.000000
56068407.000000 120816.000000 0.000000
55982190.000000 120518.000000 0.000000
55995974.000000 120449.000000 0.000000
55956741.000000 120494.000000 0.000000
56002141.000000 120441.000000 0.000000
55985400.000000 120430.000000 0.000000
56061983.000000 120823.000000 0.000000
56063480.000000 120949.000000 0.000000
56024954.000000 120676.000000 0.000000
56062661.000000 120870.000000 0.000000
56051584.000000 120746.000000 0.000000
56038209.000000 120952.000000 0.000000
55949185.000000 120441.000000 0.000000
55982993.000000 120375.000000 0.000000
55973810.000000 120495.000000 0.000000
55971245.000000 120377.000000 0.000000
55958547.000000 120524.000000 0.000000
55981583.000000 120367.000000 0.000000
56069219.000000 120900.000000 0.000000
55967398.000000 120481.000000 0.000000
55980176.000000 120428.000000 0.000000
55994090.000000 120474.000000 0.000000
56045831.000000 120796.000000 0.000000
56044066.000000 120867.000000 0.000000
55950852.000000 120503.000000 0.000000
56052175.000000 120914.000000 0.000000
56041275.000000 120882.000000 0.000000
55971696.000000 120419.000000 0.000000
55945037.000000 120324.000000 0.000000
55983377.000000 120289.000000 0.000000
55979392.000000 120370.000000 0.000000
55968076.000000 120408.000000 0.000000
55972474.000000 120469.000000 0.000000
55935446.000000 120527.000000 0.000000
55971020.000000 120575.000000 0.000000
55977442.000000 120420.000000 0.000000
55995172.000000 120510.000000 0.000000
55940831.000000 120415.000000 0.000000
56055590.000000 120887.000000 0.000000
56071137.000000 120936.000000 0.000000
55975868.000000 120438.000000 0.000000
56073320.000000 120783.000000 0.000000
55962695.000000 120417.000000 0.000000
55977960.000000 120326.000000 0.000000
55989321.000000 120356.000000 0.000000
55982962.000000 120381.000000 0.000000
55983140.000000 120495.000000 0.000000
56075166.000000 120862.000000 0.000000
55980487.000000 120547.000000 0.000000
56069941.000000 120898.000000 0.000000
56000785.000000 120367.000000 0.000000
56048334.000000 120855.000000 0.000000
55980519.000000 120447.000000 0.000000
56060727.000000 120863.000000 0.000000
55972640.000000 120451.000000 0.000000
55983555.000000 120403.000000 0.000000
55978421.000000 120453.000000 0.000000
55961837.000000 120335.000000 0.000000
55971765.000000 120409.000000 0.000000
55969053.000000 120360.000000 0.000000
55981422.000000 120323.000000 0.000000
55912976.000000 120347.000000 0.000000
56066005.000000 120837.000000 0.000000
55980975.000000 120431.000000 0.000000
55925689.000000 120296.000000 0.000000
56043322.000000 120836.000000 0.000000
56056217.000000 120768.000000 0.000000
55977579.000000 120449.000000 0.000000
56017001.000000 120432.000000 0.000000
56045060.000000 120791.000000 0.000000
55969251.000000 120427.000000 0.000000
55992708.000000 120410.000000 0.000000
55959231.000000 120402.000000 0.000000
55983310.000000 120376.000000 0.000000
56011456.000000 120547.000000 0.000000
55966169.000000 120475.000000 0.000000
55976972.000000 120355.000000 0.000000
55968944.000000 120381.000000 0.000000
55980137.000000 120431.000000 0.000000
55988825.000000 120532.000000 0.000000
55999911.000000 120478.000000 0.000000
55980669.000000 120475.000000 0.000000
55959712.000000 120319.000000 0.000000
56053994.000000 120787.000000 0.000000
56055977.000000 120871.000000 0.000000
55973155.000000 120426.000000 0.000000
