55920361.000000 120342.000000 0.000000
55991503.000000 120803.000000 0.000000
55923440.000000 120318.000000 0.000000
55954677.000000 120433.000000 0.000000
55902602.000000 120302.000000 0.000000
55956264.000000 120884.000000 0.000000
55900604.000000 120286.000000 0.000000
55991686.000000 120575.000000 0.000000
55855631.000000 120287.000000 0.000000
55965109.000000 120632.000000 0.000000
55910061.000000 120483.000000 0.000000
55992582.000000 120697.000000 0.000000
55912835.000000 120229.000000 0.000000
55996770.000000 120772.000000 0.000000
55908786.000000 120234.000000 0.000000
55994320.000000 120754.000000 0.000000
55920458.000000 120298.000000 0.000000
55880301.000000 120373.000000 0.000000
55923725.000000 120160.000000 0.000000
55897456.000000 120220.000000 0.000000
55900129.000000 120340.000000 0.000000
55910308.000000 120491.000000 0.000000
55914967.000000 120265.000000 0.000000
55874297.000000 120317.000000 0.000000
55900140.000000 120301.000000 0.000000
56002132.000000 120676.000000 0.000000
55838325.000000 120365.000000 0.000000
55912951.000000 120226.000000 0.000000
55908276.000000 120316.000000 0.000000
55507342.000000 119856.000000 0.000000
55870881.000000 120320.000000 0.000000
55896540.000000 120282.000000 0.000000
55913001.000000 120287.000000 0.000000
55932013.000000 120528.000000 0.000000
55981253.000000 120742.000000 0.000000
55919203.000000 120224.000000 0.000000
55921737.000000 120271.000000 0.000000
55913192.000000 120322.000000 0.000000
55901091.000000 120530.000000 0.000000
55958851.000000 120873.000000 0.000000
55898010.000000 120275.000000 0.000000
55913410.000000 120254.000000 0.000000
55913366.000000 120257.000000 0.000000
55911684.000000 120337.000000 0.000000
55897902.000000 120537.000000 0.000000
55895301.000000 120214.000000 0.000000
55771079.000000 119933.000000 0.000000
55905550.000000 120269.000000 0.000000
55907762.000000 120343.000000 0.000000
55913950.000000 120402.000000 0.000000
55901695.000000 120324.000000 0.000000
55909305.000000 120328.000000 0.000000
55907595.000000 120214.000000 0.000000
55923197.000000 120311.000000 0.000000
55971775.000000 120742.000000 0.000000
55899108.000000 120286.000000 0.000000
55911353.000000 120339.000000 0.000000
55924317.000000 120259.000000 0.000000
55981439.000000 120714.000000 0.000000
55974428.000000 120774.000000 0.000000
55994027.000000 120754.000000 0.000000
55914282.000000 120255.000000 0.000000
55895905.000000 120266.000000 0.000000
55954968.000000 120688.000000 0.000000
55948143.000000 120534.000000 0.000000
55902980.000000 120388.000000 0.000000
55912260.000000 120288.000000 0.000000
55921183.000000 120317.000000 0.000000
55752419.000000 119978.000000 0.000000
55903340.000000 120244.000000 0.000000
55905521.000000 120278.000000 0.000000
55908088.000000 120325.000000 0.000000
55910500.000000 120255.000000 0.000000
55884822.000000 120255.000000 0.000000
55971231.000000 120587.000000 0.000000
55988212.000000 120756.000000 0.000000
55884633.000000 120492.000000 0.000000
55954484.000000 120670.000000 0.000000
55909562.000000 120272.000000 0.000000
55909037.000000 120367.000000 0.000000
55957464.000000 120753.000000 0.000000
55905088.000000 120275.000000 0.000000
55958884.000000 120700.000000 0.000000
55891836.000000 120345.000000 0.000000
55958831.000000 120861.000000 0.000000
55909110.000000 120283.000000 0.000000
55907903.000000 120412.000000 0.000000
55917517.000000 120324.000000 0.000000
55911920.000000 120329.000000 0.000000
55913666.000000 120313.000000 0.000000
55899592.000000 120216.000000 0.000000
55907072.000000 120310.000000 0.000000
55907942.000000 120327.000000 0.000000
55918096.000000 120273.000000 0.000000
55907042.000000 120358.000000 0.000000
55900629.000000 120303.000000 0.000000
55899608.000000 120348.000000 0.000000
55896223.000000 120253.000000 0.000000
55899777.000000 120378.000000 0.000000
55900880.000000 120365.000000 0.000000
