55759227.000000 120545.000000 0.000000
55720904.000000 119912.000000 0.000000
55772384.000000 120381.000000 0.000000
55756600.000000 120260.000000 0.000000
55788630.000000 120400.000000 0.000000
55795606.000000 120319.000000 0.000000
55764355.000000 120363.000000 0.000000
55788006.000000 120418.000000 0.000000
55761289.000000 120362.000000 0.000000
55757976.000000 120319.000000 0.000000
55780435.000000 120424.000000 0.000000
55803909.000000 120468.000000 0.000000
55795215.000000 120435.000000 0.000000
55796906.000000 120411.000000 0.000000
55771578.000000 120346.000000 0.000000
55747947.000000 120388.000000 0.000000
55793326.000000 120398.000000 0.000000
55759075.000000 120555.000000 0.000000
55763794.000000 120544.000000 0.000000
55753692.000000 120466.000000 0.000000
55750122.000000 120068.000000 0.000000
55703418.000000 119901.000000 0.000000
55705184.000000 120036.000000 0.000000
55701207.000000 119967.000000 0.000000
55771590.000000 120413.000000 0.000000
55783028.000000 120555.000000 0.000000
55795400.000000 120504.000000 0.000000
55774464.000000 120456.000000 0.000000
55779941.000000 120423.000000 0.000000
55725566.000000 120288.000000 0.000000
55714786.000000 120207.000000 0.000000
55776695.000000 120510.000000 0.000000
55774047.000000 120411.000000 0.000000
55796410.000000 120512.000000 0.000000
55780514.000000 120480.000000 0.000000
55746194.000000 120407.000000 0.000000
55731710.000000 119976.000000 0.000000
55756941.000000 120602.000000 0.000000
55763774.000000 120357.000000 0.000000
55765738.000000 120477.000000 0.000000
55780638.000000 120349.000000 0.000000
55725540.000000 119994.000000 0.000000
55710087.000000 120066.000000 0.000000
55726743.000000 120023.000000 0.000000
55724460.000000 120163.000000 0.000000
55772747.000000 120457.000000 0.000000
55716518.000000 119949.000000 0.000000
55753915.000000 120080.000000 0.000000
55706328.000000 120066.000000 0.000000
55727552.000000 119949.000000 0.000000
55790977.000000 120459.000000 0.000000
55795592.000000 120392.000000 0.000000
55739671.000000 119863.000000 0.000000
55767662.000000 120502.000000 0.000000
55725258.000000 119905.000000 0.000000
55772242.000000 120544.000000 0.000000
55802312.000000 120447.000000 0.000000
55726873.000000 119831.000000 0.000000
55795496.000000 120423.000000 0.000000
55796815.000000 120471.000000 0.000000
55686563.000000 120061.000000 0.000000
55744766.000000 119940.000000 0.000000
55603836.000000 120122.000000 0.000000
55726739.000000 120279.000000 0.000000
55784989.000000 120363.000000 0.000000
55796569.000000 120423.000000 0.000000
55770813.000000 120510.000000 0.000000
55681458.000000 120296.000000 0.000000
55781334.000000 120445.000000 0.000000
55797354.000000 120459.000000 0.000000
55785680.000000 120387.000000 0.000000
55762885.000000 120536.000000 0.000000
55818155.000000 120434.000000 0.000000
55689520.000000 119951.000000 0.000000
55704129.000000 120035.000000 0.000000
55716761.000000 119921.000000 0.000000
55790217.000000 120506.000000 0.000000
55692153.000000 119964.000000 0.000000
55758779.000000 120473.000000 0.000000
55757733.000000 120441.000000 0.000000
55767266.000000 120480.000000 0.000000
55780608.000000 120383.000000 0.000000
55775117.000000 120478.000000 0.000000
55697053.000000 119926.000000 0.000000
55773171.000000 120423.000000 0.000000
55721090.000000 119875.000000 0.000000
55714202.000000 119889.000000 0.000000
55741126.000000 120103.000000 0.000000
55785310.000000 120514.000000 0.000000
55702862.000000 119990.000000 0.000000
55689138.000000 119855.000000 0.000000
55695945.000000 119902.000000 0.000000
55697798.000000 119958.000000 0.000000
55688128.000000 119913.000000 0.000000
55738988.000000 120018.000000 0.000000
55796027.000000 120450.000000 0.000000
55766486.000000 120473.000000 0.000000
55760042.000000 120269.000000 0.000000
55760483.000000 120166.000000 0.000000
55701096.000000 120019.000000 0.000000
