56113119.000000 122279.000000 0.000000
56048929.000000 121724.000000 0.000000
56036494.000000 121675.000000 0.000000
56160386.000000 121629.000000 0.000000
56054204.000000 121958.000000 0.000000
56035406.000000 121829.000000 0.000000
56043200.000000 121907.000000 0.000000
56050348.000000 121509.000000 0.000000
56036652.000000 121773.000000 0.000000
56062307.000000 121699.000000 0.000000
56045375.000000 121752.000000 0.000000
55992722.000000 121733.000000 0.000000
56048934.000000 121646.000000 0.000000
56047616.000000 121735.000000 0.000000
56063458.000000 121773.000000 0.000000
56146955.000000 121720.000000 0.000000
56047464.000000 121759.000000 0.000000
56167236.000000 121433.000000 0.000000
56054433.000000 121808.000000 0.000000
56191842.000000 121060.000000 0.000000
56025927.000000 121809.000000 0.000000
56014602.000000 121698.000000 0.000000
55897150.000000 121262.000000 0.000000
56054242.000000 121815.000000 0.000000
56048726.000000 121866.000000 0.000000
56042920.000000 122066.000000 0.000000
56060871.000000 121796.000000 0.000000
56046079.000000 121763.000000 0.000000
55998524.000000 121682.000000 0.000000
56041078.000000 121609.000000 0.000000
56043442.000000 121839.000000 0.000000
56030968.000000 121694.000000 0.000000
56054260.000000 121571.000000 0.000000
56018755.000000 121492.000000 0.000000
56127771.000000 121794.000000 0.000000
56064269.000000 121931.000000 0.000000
56022815.000000 121797.000000 0.000000
56064040.000000 121712.000000 0.000000
56004229.000000 121898.000000 0.000000
56073558.000000 121730.000000 0.000000
56048811.000000 121771.000000 0.000000
56031364.000000 121565.000000 0.000000
55975569.000000 121547.000000 0.000000
56054708.000000 121678.000000 0.000000
56118776.000000 122422.000000 0.000000
56038436.000000 121680.000000 0.000000
56023132.000000 121711.000000 0.000000
56145222.000000 121946.000000 0.000000
56017915.000000 121776.000000 0.000000
56040999.000000 121574.000000 0.000000
56037748.000000 121717.000000 0.000000
56049607.000000 122211.000000 0.000000
56105620.000000 122466.000000 0.000000
56038068.000000 121833.000000 0.000000
56042598.000000 121830.000000 0.000000
56124818.000000 122028.000000 0.000000
56074460.000000 121593.000000 0.000000
56159497.000000 122141.000000 0.000000
56060176.000000 121719.000000 0.000000
56051603.000000 121719.000000 0.000000
56037150.000000 121719.000000 0.000000
56132085.000000 121927.000000 0.000000
56054395.000000 121675.000000 0.000000
56049918.000000 121637.000000 0.000000
56117012.000000 122481.000000 0.000000
56032753.000000 121910.000000 0.000000
55994462.000000 121581.000000 0.000000
56006144.000000 121849.000000 0.000000
56078493.000000 121826.000000 0.000000
56117415.000000 122443.000000 0.000000
56063572.000000 121764.000000 0.000000
56044128.000000 121825.000000 0.000000
56056195.000000 121707.000000 0.000000
56197465.000000 121066.000000 0.000000
56056909.000000 121746.000000 0.000000
56051123.000000 121728.000000 0.000000
56022696.000000 121888.000000 0.000000
56026635.000000 121636.000000 0.000000
56050679.000000 121699.000000 0.000000
56159346.000000 122203.000000 0.000000
56128357.000000 122016.000000 0.000000
56060639.000000 121965.000000 0.000000
55983869.000000 121769.000000 0.000000
56031301.000000 121714.000000 0.000000
56168381.000000 121212.000000 0.000000
56138713.000000 122401.000000 0.000000
56078977.000000 121001.000000 0.000000
55734512.000000 120096.000000 0.000000
56060107.000000 121591.000000 0.000000
56170263.000000 121391.000000 0.000000
56063793.000000 121801.000000 0.000000
56066630.000000 121595.000000 0.000000
56043284.000000 121788.000000 0.000000
56041002.000000 121947.000000 0.000000
56067775.000000 121648.000000 0.000000
56044189.000000 121908.000000 0.000000
56048478.000000 121704.000000 0.000000
56051574.000000 121840.000000 0.000000
56025028.000000 121975.000000 0.000000
56042980.000000 121884.000000 0.000000
