56133881.000000 121029.000000 0.000000
55973842.000000 120352.000000 0.000000
56120025.000000 120773.000000 0.000000
56110071.000000 120749.000000 0.000000
56123700.000000 120611.000000 0.000000
56111855.000000 120657.000000 0.000000
56121400.000000 120649.000000 0.000000
56128912.000000 120623.000000 0.000000
56118266.000000 120635.000000 0.000000
56125023.000000 120698.000000 0.000000
56101744.000000 120679.000000 0.000000
55747365.000000 120076.000000 0.000000
56187266.000000 121193.000000 0.000000
56117863.000000 120706.000000 0.000000
56121900.000000 120591.000000 0.000000
56201940.000000 121055.000000 0.000000
56069550.000000 120576.000000 0.000000
56036012.000000 120484.000000 0.000000
56123237.000000 120899.000000 0.000000
56062354.000000 120588.000000 0.000000
56077971.000000 120562.000000 0.000000
56107335.000000 120646.000000 0.000000
56158482.000000 121169.000000 0.000000
56097984.000000 120715.000000 0.000000
56193042.000000 121183.000000 0.000000
56116821.000000 120706.000000 0.000000
56195362.000000 121013.000000 0.000000
56113622.000000 120622.000000 0.000000
56097558.000000 120621.000000 0.000000
56122396.000000 120704.000000 0.000000
56203344.000000 121036.000000 0.000000
56213922.000000 121150.000000 0.000000
56129931.000000 120750.000000 0.000000
56113676.000000 120668.000000 0.000000
56111836.000000 120670.000000 0.000000
56192684.000000 121257.000000 0.000000
56194191.000000 121305.000000 0.000000
56129238.000000 120490.000000 0.000000
55732768.000000 120096.000000 0.000000
56102891.000000 120644.000000 0.000000
56102865.000000 120585.000000 0.000000
56103712.000000 120728.000000 0.000000
56076213.000000 120633.000000 0.000000
56094388.000000 120680.000000 0.000000
56068154.000000 120617.000000 0.000000
56103418.000000 120610.000000 0.000000
56152467.000000 121136.000000 0.000000
56102626.000000 120768.000000 0.000000
56106385.000000 120634.000000 0.000000
56200343.000000 121325.000000 0.000000
56098217.000000 120626.000000 0.000000
56092707.000000 120609.000000 0.000000
56187118.000000 121043.000000 0.000000
56191304.000000 121262.000000 0.000000
56104417.000000 120703.000000 0.000000
56120968.000000 120916.000000 0.000000
56120722.000000 120785.000000 0.000000
56118016.000000 120642.000000 0.000000
56115148.000000 120708.000000 0.000000
56103300.000000 120615.000000 0.000000
56038141.000000 120572.000000 0.000000
56107024.000000 120754.000000 0.000000
56184703.000000 121371.000000 0.000000
56099788.000000 120846.000000 0.000000
56107072.000000 120560.000000 0.000000
56101313.000000 120693.000000 0.000000
56105726.000000 120772.000000 0.000000
56117263.000000 120627.000000 0.000000
56116281.000000 120703.000000 0.000000
56194856.000000 121389.000000 0.000000
56120978.000000 120695.000000 0.000000
56111815.000000 120700.000000 0.000000
56100183.000000 120647.000000 0.000000
56101047.000000 120664.000000 0.000000
56108323.000000 120810.000000 0.000000
56118711.000000 120772.000000 0.000000
56105276.000000 120771.000000 0.000000
56096046.000000 120663.000000 0.000000
56206727.000000 121230.000000 0.000000
56109021.000000 120663.000000 0.000000
56118044.000000 120768.000000 0.000000
56121018.000000 120746.000000 0.000000
56118894.000000 120725.000000 0.000000
56116999.000000 120583.000000 0.000000
56183158.000000 121224.000000 0.000000
56175425.000000 121286.000000 0.000000
56106859.000000 120640.000000 0.000000
56126681.000000 120609.000000 0.000000
56111625.000000 120710.000000 0.000000
56118433.000000 120809.000000 0.000000
56207463.000000 121142.000000 0.000000
56100192.000000 120706.000000 0.000000
55972043.000000 120558.000000 0.000000
56083174.000000 120697.000000 0.000000
56108557.000000 120666.000000 0.000000
56039513.000000 120567.000000 0.000000
56095876.000000 120703.000000 0.000000
56116693.000000 120767.000000 0.000000
56171508.000000 120950.000000 0.000000
56134763.000000 120740.000000 0.000000
