56138506.000000 121791.000000 0.000000
55996565.000000 121449.000000 0.000000
56048526.000000 121594.000000 0.000000
56042686.000000 121758.000000 0.000000
56060749.000000 121777.000000 0.000000
56043926.000000 121830.000000 0.000000
56066247.000000 121672.000000 0.000000
56036201.000000 121877.000000 0.000000
56044358.000000 121725.000000 0.000000
56032185.000000 121804.000000 0.000000
56034379.000000 121767.000000 0.000000
56061213.000000 121834.000000 0.000000
56037598.000000 121613.000000 0.000000
56028013.000000 121668.000000 0.000000
56057654.000000 121760.000000 0.000000
56052844.000000 121725.000000 0.000000
56035171.000000 121559.000000 0.000000
56055702.000000 121710.000000 0.000000
56044466.000000 121712.000000 0.000000
56040899.000000 121816.000000 0.000000
56140495.000000 121094.000000 0.000000
56064377.000000 121774.000000 0.000000
56040484.000000 121632.000000 0.000000
56042171.000000 121680.000000 0.000000
56031428.000000 121618.000000 0.000000
56029131.000000 121726.000000 0.000000
56020760.000000 121789.000000 0.000000
56043020.000000 121773.000000 0.000000
56093594.000000 122413.000000 0.000000
56045213.000000 121660.000000 0.000000
56157896.000000 122116.000000 0.000000
56033320.000000 121839.000000 0.000000
56029624.000000 121887.000000 0.000000
56020637.000000 121751.000000 0.000000
55971422.000000 121585.000000 0.000000
56041310.000000 121784.000000 0.000000
56053764.000000 121735.000000 0.000000
56104828.000000 122324.000000 0.000000
56021769.000000 121816.000000 0.000000
56036631.000000 121861.000000 0.000000
56044264.000000 121861.000000 0.000000
56111397.000000 122402.000000 0.000000
56041638.000000 121668.000000 0.000000
56016327.000000 121531.000000 0.000000
56057675.000000 121624.000000 0.000000
56045660.000000 121900.000000 0.000000
56199477.000000 121171.000000 0.000000
56050108.000000 121854.000000 0.000000
56034329.000000 121717.000000 0.000000
56220221.000000 121241.000000 0.000000
56056001.000000 121747.000000 0.000000
56017454.000000 121649.000000 0.000000
56046454.000000 121659.000000 0.000000
56050390.000000 121814.000000 0.000000
56106596.000000 122242.000000 0.000000
56056283.000000 121537.000000 0.000000
56020939.000000 121778.000000 0.000000
56012749.000000 121720.000000 0.000000
56042838.000000 121579.000000 0.000000
56069983.000000 121772.000000 0.000000
56026976.000000 121683.000000 0.000000
56033648.000000 121857.000000 0.000000
55842361.000000 121383.000000 0.000000
56043821.000000 121817.000000 0.000000
56049916.000000 121719.000000 0.000000
56019416.000000 121795.000000 0.000000
56027885.000000 121738.000000 0.000000
56031808.000000 122108.000000 0.000000
55876869.000000 121407.000000 0.000000
56016050.000000 121595.000000 0.000000
56049328.000000 121632.000000 0.000000
56058199.000000 121743.000000 0.000000
56047027.000000 121719.000000 0.000000
56064975.000000 122404.000000 0.000000
56034118.000000 121623.000000 0.000000
56035295.000000 121663.000000 0.000000
56039858.000000 121725.000000 0.000000
56053694.000000 121945.000000 0.000000
56025538.000000 121870.000000 0.000000
56039213.000000 121816.000000 0.000000
56041300.000000 121616.000000 0.000000
56042699.000000 121789.000000 0.000000
56037476.000000 121618.000000 0.000000
56021933.000000 121690.000000 0.000000
56028984.000000 121728.000000 0.000000
56045749.000000 121828.000000 0.000000
56038602.000000 121838.000000 0.000000
56052575.000000 121725.000000 0.000000
56059497.000000 121895.000000 0.000000
56042068.000000 121866.000000 0.000000
56026709.000000 121866.000000 0.000000
56134420.000000 122237.000000 0.000000
56034833.000000 121757.000000 0.000000
56028252.000000 121674.000000 0.000000
56058965.000000 121676.000000 0.000000
56032428.000000 121594.000000 0.000000
56036982.000000 121771.000000 0.000000
56051614.000000 121602.000000 0.000000
56036631.000000 121786.000000 0.000000
56062365.000000 121748.000000 0.000000
