55755805.000000 120059.000000 0.000000
55714175.000000 119953.000000 0.000000
55773386.000000 120066.000000 0.000000
55743814.000000 120059.000000 0.000000
55819836.000000 120535.000000 0.000000
55462697.000000 119446.000000 0.000000
55744590.000000 119939.000000 0.000000
55744462.000000 120412.000000 0.000000
55747619.000000 120143.000000 0.000000
55721579.000000 120029.000000 0.000000
55725121.000000 119960.000000 0.000000
55818975.000000 120423.000000 0.000000
55724304.000000 119988.000000 0.000000
55743910.000000 119970.000000 0.000000
55754061.000000 119933.000000 0.000000
55757006.000000 119854.000000 0.000000
55787854.000000 120214.000000 0.000000
55748992.000000 120055.000000 0.000000
55765470.000000 119881.000000 0.000000
55256711.000000 118881.000000 1606.000000
55742602.000000 119877.000000 0.000000
55717062.000000 120054.000000 0.000000
55622153.000000 120067.000000 640.000000
55833334.000000 120543.000000 0.000000
55730466.000000 120028.000000 0.000000
55827797.000000 120646.000000 0.000000
55849581.000000 120450.000000 0.000000
55755961.000000 120159.000000 0.000000
55851586.000000 120374.000000 0.000000
55743174.000000 120154.000000 0.000000
55715963.000000 120042.000000 0.000000
55820909.000000 120402.000000 0.000000
55753573.000000 120081.000000 0.000000
55743063.000000 120010.000000 0.000000
55751179.000000 120015.000000 0.000000
55750246.000000 120008.000000 0.000000
55728571.000000 119874.000000 86.000000
55730816.000000 119980.000000 0.000000
55731283.000000 119987.000000 0.000000
55757334.000000 120654.000000 2.000000
55710924.000000 119994.000000 0.000000
55750032.000000 120020.000000 0.000000
55751541.000000 120002.000000 0.000000
55825370.000000 120656.000000 0.000000
55759212.000000 120105.000000 0.000000
55742130.000000 119987.000000 0.000000
55755141.000000 120105.000000 0.000000
55749460.000000 119948.000000 0.000000
55745085.000000 120201.000000 0.000000
55748160.000000 120020.000000 0.000000
55739258.000000 120020.000000 0.000000
55737702.000000 120178.000000 0.000000
55733552.000000 120038.000000 0.000000
55739044.000000 120129.000000 0.000000
55686907.000000 120093.000000 58.000000
55751389.000000 120066.000000 0.000000
55753167.000000 120039.000000 0.000000
55739144.000000 120042.000000 0.000000
55761324.000000 120122.000000 0.000000
55835389.000000 120540.000000 0.000000
55725558.000000 120094.000000 0.000000
55762288.000000 120006.000000 0.000000
55750613.000000 120045.000000 0.000000
55838977.000000 120618.000000 23.000000
55753600.000000 120109.000000 0.000000
55758508.000000 120340.000000 5.000000
55722016.000000 119985.000000 0.000000
55762524.000000 119911.000000 0.000000
55818314.000000 120487.000000 0.000000
55744636.000000 119943.000000 0.000000
55746867.000000 120102.000000 0.000000
55754783.000000 119900.000000 0.000000
55554508.000000 119591.000000 0.000000
55741392.000000 119958.000000 0.000000
55740306.000000 119982.000000 11.000000
55765654.000000 119999.000000 0.000000
55356094.000000 119421.000000 166.000000
55726990.000000 120017.000000 0.000000
55724394.000000 119958.000000 0.000000
55740794.000000 120078.000000 0.000000
55749024.000000 120050.000000 0.000000
55724201.000000 120086.000000 0.000000
55729356.000000 119938.000000 0.000000
55717948.000000 120147.000000 0.000000
55203141.000000 118742.000000 1646.000000
55722509.000000 120023.000000 0.000000
55762268.000000 120055.000000 0.000000
55767197.000000 119907.000000 0.000000
55760606.000000 119925.000000 0.000000
55751536.000000 120047.000000 0.000000
55753153.000000 120140.000000 0.000000
55745145.000000 120127.000000 23.000000
55858099.000000 120485.000000 0.000000
55552921.000000 119880.000000 846.000000
55755302.000000 119938.000000 0.000000
55499545.000000 119822.000000 989.000000
55126576.000000 118963.000000 1666.000000
55722007.000000 119897.000000 0.000000
55752242.000000 120003.000000 4.000000
55752330.000000 120102.000000 0.000000
