56040167.000000 120671.000000 0.000000
56180670.000000 120834.000000 0.000000
56190137.000000 120915.000000 0.000000
55653748.000000 119745.000000 0.000000
56169334.000000 120927.000000 0.000000
56215187.000000 120828.000000 0.000000
56197800.000000 120896.000000 0.000000
56283490.000000 121331.000000 0.000000
56081199.000000 120578.000000 0.000000
56281432.000000 121493.000000 0.000000
56190926.000000 120910.000000 0.000000
55981532.000000 120652.000000 770.000000
56183296.000000 120875.000000 0.000000
56190480.000000 120999.000000 0.000000
56195816.000000 120915.000000 0.000000
56288131.000000 121419.000000 0.000000
56175185.000000 120955.000000 0.000000
56182295.000000 120948.000000 0.000000
56279292.000000 121386.000000 0.000000
56192600.000000 120902.000000 0.000000
56199968.000000 120859.000000 0.000000
56265659.000000 121384.000000 0.000000
56177731.000000 120950.000000 0.000000
56262692.000000 121319.000000 0.000000
56289726.000000 121315.000000 0.000000
56137152.000000 120869.000000 0.000000
56271267.000000 121452.000000 0.000000
56272758.000000 121419.000000 0.000000
56192430.000000 120818.000000 0.000000
56200622.000000 120832.000000 0.000000
56163583.000000 120976.000000 0.000000
56265538.000000 121266.000000 0.000000
56103499.000000 120871.000000 0.000000
56223270.000000 121079.000000 0.000000
56295219.000000 121359.000000 0.000000
56163452.000000 120907.000000 0.000000
56282682.000000 121280.000000 0.000000
56262937.000000 121372.000000 0.000000
56188310.000000 120945.000000 0.000000
56178928.000000 120691.000000 0.000000
56192042.000000 120787.000000 0.000000
56290152.000000 121289.000000 0.000000
56183805.000000 121073.000000 0.000000
56264784.000000 121306.000000 0.000000
56180406.000000 120979.000000 0.000000
56185994.000000 120935.000000 0.000000
56173232.000000 120912.000000 0.000000
56276027.000000 121232.000000 0.000000
56292428.000000 121270.000000 0.000000
56180059.000000 120854.000000 0.000000
56178603.000000 121123.000000 0.000000
56276325.000000 121186.000000 0.000000
56262601.000000 121262.000000 0.000000
56259821.000000 121348.000000 0.000000
56278350.000000 121309.000000 0.000000
55677778.000000 119739.000000 0.000000
56189097.000000 120956.000000 0.000000
56286010.000000 121315.000000 0.000000
56168982.000000 120855.000000 0.000000
56292398.000000 121413.000000 0.000000
56264661.000000 121332.000000 0.000000
56281666.000000 121348.000000 0.000000
56274934.000000 121348.000000 0.000000
56267863.000000 121312.000000 0.000000
56268449.000000 121284.000000 0.000000
56284143.000000 121310.000000 0.000000
56266684.000000 121459.000000 0.000000
56293917.000000 121299.000000 0.000000
56199902.000000 121210.000000 0.000000
56173842.000000 120870.000000 0.000000
56173962.000000 120935.000000 0.000000
56278442.000000 121321.000000 0.000000
56270662.000000 121333.000000 0.000000
56278373.000000 121316.000000 0.000000
54900715.000000 118030.000000 3741.000000
56274243.000000 121268.000000 0.000000
56295369.000000 121325.000000 0.000000
56268024.000000 121235.000000 0.000000
56179781.000000 120853.000000 0.000000
56162760.000000 121003.000000 0.000000
56297142.000000 121263.000000 0.000000
56210733.000000 121301.000000 0.000000
56270590.000000 121255.000000 0.000000
56189874.000000 120781.000000 0.000000
56287306.000000 121351.000000 0.000000
56221892.000000 120901.000000 0.000000
56238625.000000 121170.000000 0.000000
56273889.000000 121307.000000 0.000000
56276303.000000 121281.000000 0.000000
56203369.000000 121134.000000 0.000000
56193759.000000 120895.000000 0.000000
56250102.000000 121190.000000 0.000000
56207547.000000 120866.000000 0.000000
56185407.000000 120880.000000 0.000000
56244800.000000 121251.000000 0.000000
56192041.000000 121035.000000 0.000000
56189958.000000 121034.000000 0.000000
56180869.000000 121014.000000 0.000000
56259473.000000 121278.000000 0.000000
56287684.000000 121297.000000 0.000000
