56185202.000000 121063.000000 0.000000
56116468.000000 120657.000000 0.000000
56169909.000000 121244.000000 0.000000
56176150.000000 121102.000000 0.000000
56093697.000000 120783.000000 0.000000
56068348.000000 120713.000000 0.000000
56092381.000000 120588.000000 0.000000
56200053.000000 121194.000000 0.000000
56197793.000000 121175.000000 0.000000
56181060.000000 121186.000000 0.000000
56107740.000000 120716.000000 0.000000
56092786.000000 120720.000000 0.000000
56094303.000000 120611.000000 0.000000
56108003.000000 120642.000000 0.000000
56117525.000000 120755.000000 0.000000
56126658.000000 120609.000000 0.000000
56094358.000000 120761.000000 0.000000
56187644.000000 121195.000000 0.000000
56114030.000000 120534.000000 0.000000
56179447.000000 121171.000000 0.000000
56128243.000000 120712.000000 0.000000
56114096.000000 120682.000000 0.000000
56112762.000000 120692.000000 0.000000
56196918.000000 121052.000000 0.000000
56094313.000000 120652.000000 0.000000
56150740.000000 120617.000000 0.000000
56171727.000000 121099.000000 0.000000
56096313.000000 120613.000000 0.000000
56115278.000000 120679.000000 0.000000
55913678.000000 120263.000000 0.000000
55992355.000000 120451.000000 0.000000
56116145.000000 120650.000000 0.000000
56104973.000000 120723.000000 0.000000
56130864.000000 120577.000000 0.000000
56169985.000000 121021.000000 0.000000
56174021.000000 121205.000000 0.000000
56078762.000000 120480.000000 0.000000
56137797.000000 120956.000000 0.000000
56077258.000000 120658.000000 0.000000
56192673.000000 121044.000000 0.000000
56122488.000000 120724.000000 0.000000
56120908.000000 120683.000000 0.000000
56139236.000000 120938.000000 0.000000
56091329.000000 120685.000000 0.000000
56098420.000000 120649.000000 0.000000
56116427.000000 120722.000000 0.000000
56193599.000000 121152.000000 0.000000
56126029.000000 120671.000000 0.000000
56113778.000000 120722.000000 0.000000
56110605.000000 120706.000000 0.000000
56122792.000000 120690.000000 0.000000
56189063.000000 121242.000000 0.000000
56199871.000000 121213.000000 0.000000
56119563.000000 120635.000000 0.000000
55930512.000000 120700.000000 0.000000
56113105.000000 120765.000000 0.000000
56117639.000000 120699.000000 0.000000
56204886.000000 121043.000000 0.000000
56162759.000000 121200.000000 0.000000
56096619.000000 120692.000000 0.000000
55982833.000000 120777.000000 0.000000
56112669.000000 121255.000000 0.000000
56182382.000000 121077.000000 0.000000
55811777.000000 120132.000000 0.000000
56101080.000000 120818.000000 0.000000
56124606.000000 120654.000000 0.000000
56104321.000000 120786.000000 0.000000
56118641.000000 120618.000000 0.000000
56121079.000000 120543.000000 0.000000
56126317.000000 120517.000000 0.000000
56179139.000000 120952.000000 0.000000
56123829.000000 120467.000000 0.000000
56099832.000000 120545.000000 0.000000
56205319.000000 121065.000000 0.000000
56175734.000000 121000.000000 0.000000
56106172.000000 120419.000000 0.000000
56102436.000000 121281.000000 0.000000
56178006.000000 121194.000000 0.000000
56164761.000000 121129.000000 0.000000
56099660.000000 120669.000000 0.000000
56111580.000000 120612.000000 0.000000
56174720.000000 121242.000000 0.000000
56181654.000000 121119.000000 0.000000
56097717.000000 120638.000000 0.000000
56088109.000000 120658.000000 0.000000
56177673.000000 121176.000000 0.000000
56175395.000000 121080.000000 0.000000
56107341.000000 120751.000000 0.000000
56094036.000000 120821.000000 0.000000
56199433.000000 121120.000000 0.000000
55902091.000000 120845.000000 0.000000
56130966.000000 120827.000000 0.000000
56129595.000000 120665.000000 0.000000
56174704.000000 121219.000000 0.000000
56137030.000000 120698.000000 0.000000
56101570.000000 120632.000000 0.000000
56146545.000000 121101.000000 0.000000
56114398.000000 120630.000000 0.000000
56106450.000000 120746.000000 0.000000
56172448.000000 121159.000000 0.000000
