56181993.000000 121001.000000 0.000000
56245521.000000 121255.000000 0.000000
56268424.000000 121178.000000 0.000000
56160967.000000 120823.000000 0.000000
56253832.000000 121283.000000 0.000000
56263501.000000 121235.000000 0.000000
56166246.000000 120875.000000 0.000000
56245288.000000 121196.000000 0.000000
56273699.000000 121120.000000 0.000000
56244895.000000 121067.000000 0.000000
56239119.000000 121123.000000 0.000000
56270097.000000 121213.000000 0.000000
56173405.000000 120848.000000 0.000000
56235665.000000 121224.000000 0.000000
56242204.000000 121226.000000 0.000000
56254599.000000 121153.000000 0.000000
56166229.000000 120740.000000 0.000000
56123977.000000 120583.000000 0.000000
56174837.000000 120887.000000 0.000000
56173811.000000 120828.000000 0.000000
56245684.000000 121142.000000 0.000000
56233360.000000 121070.000000 0.000000
56246154.000000 121177.000000 0.000000
56087948.000000 120921.000000 0.000000
56155738.000000 120912.000000 0.000000
56260379.000000 121108.000000 0.000000
56190408.000000 120904.000000 0.000000
56251544.000000 121203.000000 0.000000
56174515.000000 120801.000000 0.000000
56255341.000000 121243.000000 0.000000
56249887.000000 121208.000000 0.000000
56212476.000000 120837.000000 0.000000
56190843.000000 120639.000000 0.000000
56185618.000000 120703.000000 0.000000
56189811.000000 120747.000000 0.000000
56156495.000000 120856.000000 0.000000
56253441.000000 121236.000000 0.000000
56137629.000000 120813.000000 0.000000
56252483.000000 121246.000000 0.000000
56231786.000000 121091.000000 0.000000
56276793.000000 121036.000000 0.000000
56165421.000000 120813.000000 0.000000
56262955.000000 121221.000000 0.000000
56256098.000000 121248.000000 0.000000
56263808.000000 121214.000000 0.000000
56168182.000000 120890.000000 0.000000
56172786.000000 120755.000000 0.000000
56259598.000000 121227.000000 0.000000
56162420.000000 120966.000000 0.000000
56254723.000000 121278.000000 0.000000
56142974.000000 120625.000000 0.000000
56049235.000000 120762.000000 0.000000
56232474.000000 121170.000000 0.000000
56252588.000000 121288.000000 0.000000
56080714.000000 120980.000000 0.000000
56255977.000000 121354.000000 0.000000
56253810.000000 121181.000000 0.000000
56256474.000000 121321.000000 0.000000
56255180.000000 121203.000000 0.000000
56247604.000000 121191.000000 0.000000
56246328.000000 121208.000000 0.000000
56139380.000000 120788.000000 0.000000
56067910.000000 120716.000000 0.000000
56254026.000000 121127.000000 0.000000
56244151.000000 121092.000000 0.000000
56244756.000000 121211.000000 0.000000
56249628.000000 121126.000000 0.000000
55674452.000000 119711.000000 0.000000
56237655.000000 121149.000000 0.000000
56182485.000000 121461.000000 0.000000
56230092.000000 121182.000000 0.000000
56273720.000000 121131.000000 0.000000
56222574.000000 121083.000000 0.000000
56254961.000000 121258.000000 0.000000
56260695.000000 121201.000000 0.000000
56233573.000000 121199.000000 0.000000
56153427.000000 120689.000000 0.000000
56175538.000000 120639.000000 0.000000
56164973.000000 120783.000000 0.000000
56154732.000000 120911.000000 0.000000
56250499.000000 121161.000000 0.000000
56224092.000000 121170.000000 0.000000
56205532.000000 120761.000000 0.000000
56245446.000000 121255.000000 0.000000
56192694.000000 120728.000000 0.000000
56161142.000000 120707.000000 0.000000
56214082.000000 121342.000000 0.000000
56053467.000000 120438.000000 0.000000
56142408.000000 120860.000000 0.000000
56252207.000000 121235.000000 0.000000
56129561.000000 121261.000000 0.000000
56175810.000000 120549.000000 0.000000
56255270.000000 121235.000000 0.000000
56270280.000000 121134.000000 0.000000
56263199.000000 121192.000000 0.000000
56236355.000000 121166.000000 0.000000
56181351.000000 120857.000000 0.000000
56268183.000000 121265.000000 0.000000
56240349.000000 121130.000000 0.000000
56174632.000000 120794.000000 0.000000
