56054027.000000 120953.000000 0.000000
55972120.000000 120380.000000 0.000000
56005818.000000 120236.000000 0.000000
56061712.000000 120867.000000 0.000000
56011785.000000 120695.000000 0.000000
56057139.000000 120809.000000 0.000000
55985750.000000 120329.000000 0.000000
55970616.000000 120367.000000 0.000000
56056359.000000 120826.000000 0.000000
56052145.000000 120652.000000 0.000000
55977106.000000 120483.000000 0.000000
55941115.000000 120171.000000 0.000000
56051013.000000 120772.000000 0.000000
56056647.000000 120806.000000 0.000000
56049157.000000 120941.000000 0.000000
56057693.000000 120792.000000 0.000000
55995723.000000 120548.000000 0.000000
56052882.000000 120925.000000 0.000000
55982408.000000 120396.000000 0.000000
56057065.000000 120796.000000 0.000000
56058089.000000 120868.000000 0.000000
56020968.000000 120553.000000 0.000000
56021717.000000 120966.000000 0.000000
55973551.000000 120404.000000 0.000000
56065934.000000 120999.000000 0.000000
56049403.000000 120850.000000 0.000000
56069456.000000 120907.000000 0.000000
55945951.000000 120378.000000 0.000000
56055714.000000 120868.000000 0.000000
56059527.000000 120889.000000 0.000000
56047953.000000 120769.000000 0.000000
56033588.000000 120770.000000 0.000000
55965529.000000 120481.000000 0.000000
56066367.000000 120896.000000 0.000000
56046408.000000 120777.000000 0.000000
56072358.000000 120927.000000 0.000000
55992426.000000 120523.000000 0.000000
56054178.000000 120836.000000 0.000000
55986519.000000 120426.000000 0.000000
55989238.000000 120430.000000 0.000000
56044990.000000 120794.000000 0.000000
56074139.000000 120906.000000 0.000000
55954929.000000 120478.000000 0.000000
56062987.000000 120853.000000 0.000000
56044547.000000 120833.000000 0.000000
55958860.000000 120377.000000 0.000000
56063285.000000 120932.000000 0.000000
55988495.000000 120431.000000 0.000000
56081229.000000 120798.000000 0.000000
56057459.000000 120933.000000 0.000000
55975977.000000 120347.000000 0.000000
56072571.000000 120932.000000 0.000000
56053959.000000 120857.000000 0.000000
55978952.000000 120523.000000 0.000000
55966724.000000 120458.000000 0.000000
56061017.000000 120986.000000 0.000000
56052013.000000 120873.000000 0.000000
56076022.000000 120765.000000 0.000000
55959629.000000 120336.000000 0.000000
56082210.000000 120924.000000 0.000000
56043264.000000 120768.000000 0.000000
56059063.000000 120853.000000 0.000000
56066133.000000 120781.000000 0.000000
55964311.000000 120529.000000 0.000000
55969916.000000 120559.000000 0.000000
56009616.000000 120386.000000 0.000000
56022925.000000 120764.000000 0.000000
55982262.000000 120533.000000 0.000000
56071508.000000 120870.000000 0.000000
56088118.000000 121026.000000 0.000000
55987240.000000 120514.000000 0.000000
56066105.000000 120725.000000 0.000000
56077252.000000 120809.000000 0.000000
56052833.000000 120878.000000 0.000000
56045813.000000 120802.000000 0.000000
55970062.000000 120461.000000 0.000000
56059521.000000 120844.000000 0.000000
56000897.000000 120697.000000 0.000000
56078790.000000 120788.000000 0.000000
56047303.000000 120917.000000 0.000000
55972198.000000 120617.000000 0.000000
56063275.000000 120921.000000 0.000000
56050702.000000 120906.000000 0.000000
56060073.000000 120789.000000 0.000000
56078228.000000 120847.000000 0.000000
56065483.000000 120890.000000 0.000000
55955725.000000 120551.000000 0.000000
55963369.000000 120510.000000 0.000000
55958673.000000 120372.000000 0.000000
55990628.000000 120481.000000 0.000000
55975559.000000 120473.000000 0.000000
56071017.000000 120930.000000 0.000000
56062995.000000 121074.000000 0.000000
56042829.000000 120829.000000 0.000000
56037176.000000 120680.000000 0.000000
56046538.000000 120898.000000 0.000000
56039079.000000 120710.000000 0.000000
56056186.000000 120649.000000 0.000000
56076418.000000 120893.000000 0.000000
56026764.000000 120879.000000 0.000000
