56179762.000000 120995.000000 0.000000
56198548.000000 120931.000000 0.000000
56099284.000000 120688.000000 0.000000
56191937.000000 120828.000000 0.000000
56193520.000000 120803.000000 0.000000
56188761.000000 120903.000000 0.000000
56168914.000000 120839.000000 0.000000
56182567.000000 120751.000000 0.000000
56179083.000000 120847.000000 0.000000
56175085.000000 120925.000000 0.000000
56194384.000000 120974.000000 0.000000
56179261.000000 120958.000000 0.000000
56189826.000000 120878.000000 0.000000
56163324.000000 120742.000000 0.000000
56195830.000000 120805.000000 0.000000
56186029.000000 120969.000000 0.000000
56167598.000000 120833.000000 0.000000
56208784.000000 121156.000000 0.000000
56176429.000000 120820.000000 0.000000
56185024.000000 120881.000000 0.000000
56191327.000000 120882.000000 0.000000
56174193.000000 120943.000000 0.000000
56172936.000000 120871.000000 0.000000
56184789.000000 120846.000000 0.000000
56189366.000000 120876.000000 0.000000
56194580.000000 120977.000000 0.000000
56190076.000000 120923.000000 0.000000
56162603.000000 120802.000000 0.000000
56269168.000000 121381.000000 0.000000
56280769.000000 121340.000000 0.000000
56263252.000000 121394.000000 0.000000
56171210.000000 120767.000000 0.000000
56188011.000000 120898.000000 0.000000
56173579.000000 120898.000000 0.000000
56162756.000000 120810.000000 0.000000
56185235.000000 120809.000000 0.000000
56172819.000000 120839.000000 0.000000
56183197.000000 120924.000000 0.000000
56170676.000000 120979.000000 0.000000
56185576.000000 120910.000000 0.000000
56179455.000000 120869.000000 0.000000
56172777.000000 120780.000000 0.000000
56273544.000000 121216.000000 0.000000
56177273.000000 120730.000000 0.000000
56162261.000000 120759.000000 0.000000
56183636.000000 120848.000000 0.000000
56185403.000000 120912.000000 0.000000
56258418.000000 121434.000000 0.000000
56189255.000000 121010.000000 0.000000
56197369.000000 120869.000000 0.000000
56170110.000000 120898.000000 0.000000
56173599.000000 120941.000000 0.000000
56183426.000000 120857.000000 0.000000
56165901.000000 120864.000000 0.000000
56186192.000000 120823.000000 0.000000
56187687.000000 120756.000000 0.000000
56187475.000000 120906.000000 0.000000
56187285.000000 120782.000000 0.000000
56172884.000000 120778.000000 0.000000
56186578.000000 120846.000000 0.000000
56172386.000000 120896.000000 0.000000
56182453.000000 120850.000000 0.000000
56187149.000000 120923.000000 0.000000
56161546.000000 120810.000000 0.000000
56174766.000000 120729.000000 0.000000
56166478.000000 120876.000000 0.000000
56161497.000000 120872.000000 0.000000
56171620.000000 120862.000000 0.000000
56119883.000000 120831.000000 0.000000
56166298.000000 120803.000000 0.000000
56181926.000000 120865.000000 0.000000
56188886.000000 120858.000000 0.000000
56200427.000000 121130.000000 0.000000
56186920.000000 120827.000000 0.000000
56187426.000000 120834.000000 0.000000
56138596.000000 120844.000000 0.000000
56185896.000000 120800.000000 0.000000
56031807.000000 120543.000000 0.000000
56189977.000000 120866.000000 0.000000
56194189.000000 120810.000000 0.000000
56171789.000000 120794.000000 0.000000
56188340.000000 120868.000000 0.000000
56136879.000000 120662.000000 0.000000
56167166.000000 120778.000000 0.000000
56234743.000000 121250.000000 0.000000
56166469.000000 120759.000000 0.000000
56179608.000000 120882.000000 0.000000
56192814.000000 120818.000000 0.000000
56192015.000000 120836.000000 0.000000
56191113.000000 120904.000000 0.000000
56188521.000000 120752.000000 0.000000
56178215.000000 120846.000000 0.000000
56172654.000000 120857.000000 0.000000
56169495.000000 120925.000000 0.000000
56181435.000000 120869.000000 0.000000
56168977.000000 120905.000000 0.000000
56180028.000000 120777.000000 0.000000
56186135.000000 120779.000000 0.000000
56189074.000000 120861.000000 0.000000
56172499.000000 120826.000000 0.000000
