56190814.000000 120935.000000 0.000000
56273248.000000 121277.000000 0.000000
56263675.000000 121326.000000 0.000000
56210515.000000 120815.000000 0.000000
55678951.000000 119804.000000 0.000000
56188101.000000 121022.000000 0.000000
56231894.000000 120921.000000 0.000000
56285410.000000 121267.000000 0.000000
56280757.000000 121306.000000 0.000000
56284130.000000 121282.000000 0.000000
56276300.000000 121403.000000 0.000000
56211035.000000 120757.000000 0.000000
56285835.000000 121282.000000 0.000000
56264381.000000 121330.000000 0.000000
56277012.000000 121257.000000 0.000000
56199707.000000 121122.000000 0.000000
56258696.000000 121267.000000 0.000000
56274301.000000 121396.000000 0.000000
56201227.000000 120870.000000 0.000000
56259152.000000 121325.000000 0.000000
56191079.000000 120872.000000 0.000000
56079281.000000 120868.000000 0.000000
56268374.000000 121382.000000 0.000000
56197889.000000 120805.000000 0.000000
56180561.000000 120963.000000 0.000000
56260010.000000 121412.000000 0.000000
56191109.000000 120994.000000 0.000000
56296577.000000 121281.000000 0.000000
56258722.000000 121426.000000 0.000000
56267551.000000 121419.000000 0.000000
56186539.000000 120882.000000 0.000000
56195535.000000 121015.000000 0.000000
56275435.000000 121457.000000 0.000000
56168835.000000 120992.000000 0.000000
56288677.000000 121321.000000 0.000000
56173027.000000 120804.000000 0.000000
55743344.000000 120119.000000 0.000000
56255419.000000 121227.000000 0.000000
56265499.000000 121108.000000 0.000000
56222279.000000 120965.000000 0.000000
56183303.000000 120921.000000 0.000000
56260809.000000 121327.000000 0.000000
56181220.000000 120921.000000 0.000000
56249661.000000 121299.000000 0.000000
56292690.000000 121274.000000 0.000000
56221673.000000 120890.000000 0.000000
56170136.000000 120883.000000 0.000000
56175658.000000 120980.000000 0.000000
56254044.000000 121338.000000 0.000000
56286933.000000 121403.000000 0.000000
56254707.000000 121172.000000 0.000000
56180193.000000 121058.000000 0.000000
56262453.000000 121323.000000 0.000000
56276950.000000 121321.000000 0.000000
56278158.000000 121437.000000 0.000000
56194593.000000 121168.000000 0.000000
56047413.000000 120468.000000 0.000000
56286584.000000 121431.000000 0.000000
56287715.000000 121276.000000 0.000000
56192709.000000 120922.000000 0.000000
56236083.000000 121222.000000 0.000000
56276111.000000 121312.000000 0.000000
56278901.000000 121309.000000 0.000000
56243457.000000 121382.000000 0.000000
56200264.000000 120926.000000 0.000000
56284571.000000 121284.000000 0.000000
56266962.000000 121299.000000 0.000000
56234918.000000 121224.000000 0.000000
56181950.000000 120941.000000 0.000000
56280102.000000 121304.000000 0.000000
56195044.000000 120841.000000 0.000000
56303942.000000 121241.000000 0.000000
56294007.000000 121462.000000 0.000000
56178094.000000 120983.000000 0.000000
56275926.000000 121340.000000 0.000000
56287273.000000 121406.000000 0.000000
56240363.000000 121219.000000 0.000000
56201481.000000 120900.000000 0.000000
56224215.000000 121204.000000 0.000000
56171348.000000 120942.000000 0.000000
56221113.000000 121226.000000 0.000000
56286738.000000 121257.000000 0.000000
56268124.000000 121228.000000 0.000000
56188087.000000 120887.000000 0.000000
56283653.000000 121206.000000 0.000000
56221273.000000 121155.000000 0.000000
56191802.000000 120820.000000 0.000000
56190606.000000 120892.000000 0.000000
56279206.000000 121352.000000 0.000000
56181943.000000 120990.000000 0.000000
56180759.000000 120833.000000 0.000000
56269929.000000 121306.000000 0.000000
56187349.000000 120904.000000 0.000000
56277348.000000 121251.000000 0.000000
56220851.000000 121025.000000 0.000000
56289835.000000 121361.000000 0.000000
56174971.000000 120890.000000 0.000000
56187541.000000 120982.000000 0.000000
56193574.000000 120914.000000 0.000000
56176948.000000 121002.000000 0.000000
