56179568.000000 120902.000000 0.000000
56202204.000000 120828.000000 0.000000
56196489.000000 120840.000000 0.000000
55141673.000000 118984.000000 0.000000
56274043.000000 121424.000000 0.000000
56266830.000000 121379.000000 0.000000
56284284.000000 121398.000000 0.000000
56216180.000000 120716.000000 0.000000
56275924.000000 121260.000000 0.000000
56269757.000000 121365.000000 0.000000
56168218.000000 120751.000000 0.000000
56274882.000000 121307.000000 0.000000
56187084.000000 120872.000000 0.000000
56197214.000000 121043.000000 0.000000
56117488.000000 120599.000000 0.000000
56279192.000000 121255.000000 0.000000
56190519.000000 120919.000000 0.000000
56285440.000000 121364.000000 0.000000
56189900.000000 120899.000000 0.000000
56244545.000000 121267.000000 0.000000
56184507.000000 120923.000000 0.000000
55965055.000000 120487.000000 0.000000
56186771.000000 120694.000000 0.000000
55972847.000000 120473.000000 0.000000
56290932.000000 121249.000000 0.000000
56254223.000000 121272.000000 0.000000
55926652.000000 120234.000000 0.000000
56185234.000000 120774.000000 0.000000
56122047.000000 120888.000000 0.000000
56297902.000000 121303.000000 0.000000
56270322.000000 121507.000000 0.000000
56302086.000000 121308.000000 0.000000
56291112.000000 121284.000000 0.000000
56190004.000000 120910.000000 0.000000
56127854.000000 120840.000000 0.000000
56179262.000000 120834.000000 0.000000
56274386.000000 121254.000000 0.000000
55995639.000000 120832.000000 0.000000
56150772.000000 120715.000000 0.000000
56159324.000000 120743.000000 0.000000
56264912.000000 121205.000000 0.000000
56286307.000000 121224.000000 0.000000
56175361.000000 120842.000000 0.000000
56266904.000000 121287.000000 0.000000
56174926.000000 120909.000000 0.000000
56265360.000000 121331.000000 0.000000
56274498.000000 121111.000000 0.000000
56181989.000000 120889.000000 0.000000
56161667.000000 120770.000000 0.000000
56274541.000000 121277.000000 0.000000
56273131.000000 121379.000000 0.000000
56193003.000000 120871.000000 0.000000
56163581.000000 120880.000000 0.000000
56268921.000000 121369.000000 0.000000
56261179.000000 121326.000000 0.000000
56191258.000000 120890.000000 0.000000
56163158.000000 120800.000000 0.000000
56177856.000000 120872.000000 0.000000
56183973.000000 121012.000000 0.000000
56286308.000000 121237.000000 0.000000
56275209.000000 121339.000000 0.000000
56290599.000000 121325.000000 0.000000
56190283.000000 120907.000000 0.000000
56272061.000000 121421.000000 0.000000
56294288.000000 121252.000000 0.000000
56282693.000000 121203.000000 0.000000
56192282.000000 121042.000000 0.000000
56197296.000000 120862.000000 0.000000
56092321.000000 120651.000000 0.000000
56295201.000000 121456.000000 0.000000
56285501.000000 121198.000000 0.000000
56169724.000000 121053.000000 0.000000
56166359.000000 120761.000000 0.000000
56288199.000000 121422.000000 0.000000
56230948.000000 121305.000000 0.000000
56203022.000000 121068.000000 0.000000
56179980.000000 120778.000000 0.000000
56298363.000000 121331.000000 0.000000
56190447.000000 120817.000000 0.000000
56267056.000000 121168.000000 0.000000
56187089.000000 120971.000000 0.000000
56184423.000000 120967.000000 0.000000
56200844.000000 120836.000000 0.000000
56208539.000000 120647.000000 0.000000
56159316.000000 120911.000000 0.000000
56204109.000000 120907.000000 0.000000
55954314.000000 120576.000000 0.000000
56253243.000000 121285.000000 0.000000
56179648.000000 120984.000000 0.000000
55929185.000000 120313.000000 0.000000
56260303.000000 121138.000000 0.000000
56274401.000000 121274.000000 0.000000
56278357.000000 121384.000000 0.000000
56264936.000000 121326.000000 0.000000
56176318.000000 120938.000000 0.000000
56285180.000000 121318.000000 0.000000
56286055.000000 121289.000000 0.000000
55952538.000000 120489.000000 0.000000
56167015.000000 120884.000000 0.000000
56182241.000000 120882.000000 0.000000
