55536727.000000 119574.000000 1383.000000
54881524.000000 119608.000000 3202.000000
55249712.000000 119279.000000 2275.000000
54513619.000000 117309.000000 4800.000000
55496986.000000 119411.000000 1562.000000
55592944.000000 119825.000000 1500.000000
54550813.000000 117448.000000 4574.000000
54107593.000000 116609.000000 6190.000000
54286339.000000 116855.000000 5439.000000
55945880.000000 120228.000000 758.000000
54995692.000000 119897.000000 3096.000000
53620392.000000 116863.000000 6973.000000
54960578.000000 118596.000000 3477.000000
53979068.000000 116430.000000 6536.000000
55754068.000000 119976.000000 1098.000000
52884464.000000 113778.000000 9539.000000
54778957.000000 119225.000000 3291.000000
53998844.000000 116370.000000 6640.000000
54714319.000000 117914.000000 4402.000000
54888394.000000 119839.000000 3199.000000
54499451.000000 117521.000000 4976.000000
54430897.000000 117213.000000 5129.000000
54076204.000000 116346.000000 5923.000000
53986639.000000 116034.000000 6309.000000
53466419.000000 116453.000000 7396.000000
55116952.000000 119939.000000 2256.000000
54103719.000000 116158.000000 5963.000000
52981978.000000 114205.000000 9155.000000
53568751.000000 115391.000000 7768.000000
54763961.000000 117917.000000 4325.000000
53431431.000000 117654.000000 6963.000000
55052511.000000 119934.000000 2814.000000
54317828.000000 116909.000000 5597.000000
55316883.000000 118967.000000 2184.000000
55382270.000000 119432.000000 2162.000000
54174096.000000 116770.000000 6019.000000
53962873.000000 116118.000000 6007.000000
54213717.000000 116921.000000 5814.000000
54453535.000000 117421.000000 5078.000000
54789252.000000 119141.000000 3516.000000
55421226.000000 119227.000000 1655.000000
55118770.000000 120048.000000 2651.000000
54766483.000000 117978.000000 4258.000000
55489530.000000 119712.000000 1865.000000
55149700.000000 118629.000000 2656.000000
54800809.000000 117904.000000 3779.000000
55776802.000000 120209.000000 1060.000000
54837290.000000 118245.000000 3678.000000
55398332.000000 119190.000000 1942.000000
54825568.000000 119352.000000 3007.000000
55124742.000000 120427.000000 2469.000000
54216956.000000 116890.000000 5709.000000
53489424.000000 116489.000000 7095.000000
53639037.000000 116900.000000 6746.000000
54596664.000000 117476.000000 4422.000000
53993948.000000 116350.000000 6583.000000
54217713.000000 116500.000000 5595.000000
54650676.000000 117349.000000 4365.000000
55518550.000000 119460.000000 1429.000000
54667469.000000 117831.000000 4653.000000
54582734.000000 117370.000000 4411.000000
55020123.000000 119986.000000 2806.000000
54727397.000000 119398.000000 3650.000000
55350547.000000 119331.000000 2340.000000
55477900.000000 119685.000000 2000.000000
55711931.000000 120230.000000 1269.000000
54928273.000000 119780.000000 3165.000000
53636735.000000 115948.000000 7086.000000
53580226.000000 115242.000000 7589.000000
55525779.000000 119421.000000 1593.000000
54055080.000000 116510.000000 6365.000000
53367411.000000 116251.000000 7999.000000
54407266.000000 117478.000000 5392.000000
53545873.000000 116595.000000 6764.000000
53545594.000000 116336.000000 6986.000000
53634543.000000 116896.000000 6839.000000
55301498.000000 118959.000000 2293.000000
54219453.000000 116522.000000 5419.000000
54697214.000000 117650.000000 3679.000000
54140156.000000 116530.000000 5759.000000
54813980.000000 119560.000000 3374.000000
53227397.000000 115994.000000 8325.000000
54112404.000000 116610.000000 6177.000000
54663759.000000 117760.000000 4568.000000
53708184.000000 115951.000000 6893.000000
54245863.000000 116855.000000 5813.000000
54724400.000000 117639.000000 4119.000000
54375242.000000 116953.000000 5310.000000
55455293.000000 119323.000000 1767.000000
54311602.000000 116989.000000 5334.000000
55497961.000000 119673.000000 1822.000000
55797121.000000 119915.000000 1019.000000
54407206.000000 117039.000000 5139.000000
54931148.000000 119678.000000 3218.000000
54403492.000000 117177.000000 5341.000000
54726790.000000 117693.000000 4019.000000
55048335.000000 118751.000000 3180.000000
55149737.000000 120385.000000 2414.000000
54410788.000000 117319.000000 5166.000000
54786573.000000 117886.000000 3842.000000
