56108674.000000 120679.000000 0.000000
56114634.000000 120633.000000 0.000000
56116256.000000 120715.000000 0.000000
56131418.000000 120722.000000 0.000000
56024871.000000 120575.000000 0.000000
56229663.000000 121160.000000 0.000000
56109018.000000 120599.000000 0.000000
56109670.000000 120621.000000 0.000000
56107115.000000 120705.000000 0.000000
56113694.000000 120733.000000 0.000000
55984916.000000 120459.000000 0.000000
56120749.000000 120697.000000 0.000000
56105042.000000 120674.000000 0.000000
56121477.000000 120821.000000 0.000000
56090331.000000 120742.000000 0.000000
56109954.000000 120686.000000 0.000000
56102824.000000 120735.000000 0.000000
56096581.000000 120641.000000 0.000000
56099192.000000 120789.000000 0.000000
56070683.000000 120691.000000 0.000000
56096773.000000 120634.000000 0.000000
56217092.000000 121198.000000 0.000000
56102274.000000 120761.000000 0.000000
56132268.000000 120763.000000 0.000000
56125835.000000 120769.000000 0.000000
56112573.000000 120806.000000 0.000000
56134347.000000 120775.000000 0.000000
56099184.000000 120773.000000 0.000000
56108881.000000 120778.000000 0.000000
56098178.000000 120769.000000 0.000000
56101401.000000 120732.000000 0.000000
56098665.000000 120781.000000 0.000000
56109996.000000 120610.000000 0.000000
56120612.000000 120630.000000 0.000000
56103271.000000 120705.000000 0.000000
56127322.000000 120757.000000 0.000000
56111928.000000 120628.000000 0.000000
56095289.000000 120707.000000 0.000000
56112365.000000 120678.000000 0.000000
56103000.000000 120732.000000 0.000000
56094668.000000 120723.000000 0.000000
56119581.000000 120728.000000 0.000000
56076086.000000 120809.000000 0.000000
56210552.000000 121264.000000 0.000000
56132843.000000 120828.000000 0.000000
56126914.000000 120794.000000 0.000000
56126273.000000 120698.000000 0.000000
56105834.000000 120624.000000 0.000000
56098802.000000 120704.000000 0.000000
56158698.000000 120796.000000 0.000000
56205745.000000 121117.000000 0.000000
56202009.000000 121022.000000 0.000000
56118763.000000 120737.000000 0.000000
56163349.000000 120838.000000 0.000000
56110656.000000 120728.000000 0.000000
56027571.000000 120572.000000 0.000000
56115638.000000 120588.000000 0.000000
56108294.000000 120733.000000 0.000000
56165684.000000 121142.000000 0.000000
56113799.000000 120708.000000 0.000000
56109695.000000 120617.000000 0.000000
56111114.000000 120639.000000 0.000000
56097296.000000 120667.000000 0.000000
56212259.000000 121063.000000 0.000000
56118880.000000 120537.000000 0.000000
56214339.000000 121083.000000 0.000000
56189504.000000 121127.000000 0.000000
56092756.000000 120527.000000 0.000000
56134561.000000 120830.000000 0.000000
56161858.000000 121085.000000 0.000000
56116729.000000 120739.000000 0.000000
56104820.000000 120709.000000 0.000000
56118556.000000 120669.000000 0.000000
56122846.000000 120757.000000 0.000000
56206567.000000 121180.000000 0.000000
56201161.000000 121206.000000 0.000000
56110155.000000 120745.000000 0.000000
56189890.000000 121113.000000 0.000000
56109823.000000 120800.000000 0.000000
56105322.000000 120733.000000 0.000000
56149124.000000 121082.000000 0.000000
53442839.000000 118467.000000 0.000000
53612430.000000 117432.000000 6.000000
53928700.000000 116650.000000 0.000000
55098144.000000 118719.000000 1.000000
53528039.000000 116082.000000 0.000000
42985908.000000 95877.000000 0.000000
45840240.000000 101207.000000 0.000000
56132875.000000 120792.000000 0.000000
56099950.000000 120826.000000 0.000000
56123911.000000 120723.000000 0.000000
56123920.000000 120765.000000 0.000000
56119061.000000 120743.000000 0.000000
56122856.000000 120691.000000 0.000000
56103321.000000 120769.000000 0.000000
56104851.000000 120771.000000 0.000000
56102312.000000 120769.000000 0.000000
56127527.000000 120628.000000 0.000000
56200803.000000 121179.000000 0.000000
56097578.000000 120776.000000 0.000000
