56227673.000000 121175.000000 0.000000
56246236.000000 121123.000000 0.000000
56132522.000000 120811.000000 0.000000
56171237.000000 120812.000000 0.000000
56138067.000000 120687.000000 0.000000
56255965.000000 121091.000000 0.000000
56233617.000000 121226.000000 0.000000
56242850.000000 121311.000000 0.000000
56232485.000000 121179.000000 0.000000
56168681.000000 120789.000000 0.000000
56259152.000000 121260.000000 0.000000
56254417.000000 121376.000000 0.000000
56257031.000000 121139.000000 0.000000
56151619.000000 120770.000000 0.000000
56224197.000000 121242.000000 0.000000
56200853.000000 120943.000000 0.000000
56225971.000000 121179.000000 0.000000
56249882.000000 121224.000000 0.000000
56241551.000000 121236.000000 0.000000
56170522.000000 120686.000000 0.000000
56252007.000000 121192.000000 0.000000
55988178.000000 120751.000000 0.000000
56265315.000000 121207.000000 0.000000
56235132.000000 121185.000000 0.000000
56234710.000000 121063.000000 0.000000
56222999.000000 121241.000000 0.000000
56240484.000000 121169.000000 0.000000
56145017.000000 120757.000000 0.000000
56247759.000000 121376.000000 0.000000
56252413.000000 121275.000000 0.000000
56147917.000000 120830.000000 0.000000
56166544.000000 120805.000000 0.000000
56154174.000000 120660.000000 0.000000
56252140.000000 121179.000000 0.000000
56230908.000000 121364.000000 0.000000
56261400.000000 121264.000000 0.000000
56162362.000000 120696.000000 0.000000
56240697.000000 121265.000000 0.000000
56254977.000000 121212.000000 0.000000
56235525.000000 121223.000000 0.000000
56247286.000000 121230.000000 0.000000
56211094.000000 121271.000000 0.000000
56251826.000000 121184.000000 0.000000
56108861.000000 120582.000000 0.000000
56242077.000000 121244.000000 0.000000
56252054.000000 121188.000000 0.000000
56247760.000000 121238.000000 0.000000
56220078.000000 121134.000000 0.000000
56249981.000000 121216.000000 0.000000
56246648.000000 121149.000000 0.000000
56157563.000000 120848.000000 0.000000
56242845.000000 121204.000000 0.000000
56102894.000000 120905.000000 0.000000
56247075.000000 121191.000000 0.000000
56177061.000000 120906.000000 0.000000
56246155.000000 121181.000000 0.000000
56203174.000000 121221.000000 0.000000
56139643.000000 120791.000000 0.000000
56259582.000000 121143.000000 0.000000
56238491.000000 121257.000000 0.000000
56124521.000000 120628.000000 0.000000
56215662.000000 121180.000000 0.000000
56203449.000000 120897.000000 0.000000
56258903.000000 121195.000000 0.000000
56258674.000000 121252.000000 0.000000
56250491.000000 121245.000000 0.000000
56233175.000000 121202.000000 0.000000
56167770.000000 120810.000000 0.000000
56152646.000000 121346.000000 0.000000
56245731.000000 121311.000000 0.000000
56241002.000000 121112.000000 0.000000
56250337.000000 121272.000000 0.000000
56254690.000000 121168.000000 0.000000
56233897.000000 121205.000000 0.000000
56217345.000000 121104.000000 0.000000
56256766.000000 121172.000000 0.000000
56242592.000000 121093.000000 0.000000
56241773.000000 121304.000000 0.000000
56208824.000000 121136.000000 0.000000
56226679.000000 121195.000000 0.000000
56149073.000000 120810.000000 0.000000
56217623.000000 121247.000000 0.000000
56187810.000000 120712.000000 0.000000
56066282.000000 120892.000000 0.000000
55955456.000000 120237.000000 0.000000
56251952.000000 121190.000000 0.000000
56150355.000000 120679.000000 0.000000
56206233.000000 121196.000000 0.000000
56224742.000000 121227.000000 0.000000
56229572.000000 121243.000000 0.000000
56243674.000000 121242.000000 0.000000
56234338.000000 121119.000000 0.000000
56229495.000000 121111.000000 0.000000
56225494.000000 121191.000000 0.000000
56147236.000000 120824.000000 0.000000
56246192.000000 121156.000000 0.000000
56256229.000000 121209.000000 0.000000
56238813.000000 121290.000000 0.000000
56264732.000000 121176.000000 0.000000
56140185.000000 120701.000000 0.000000
