55991773.000000 120734.000000 0.000000
55994406.000000 120676.000000 0.000000
55998184.000000 120849.000000 0.000000
55989798.000000 120678.000000 0.000000
55995568.000000 120825.000000 0.000000
55905775.000000 120263.000000 0.000000
55897276.000000 120429.000000 0.000000
55958334.000000 120575.000000 0.000000
55978210.000000 120619.000000 0.000000
55979832.000000 120567.000000 0.000000
55743593.000000 120046.000000 0.000000
55991582.000000 120783.000000 0.000000
55989585.000000 120842.000000 0.000000
55986628.000000 120692.000000 0.000000
55944300.000000 120307.000000 0.000000
56005708.000000 120750.000000 0.000000
55907630.000000 120320.000000 0.000000
55908994.000000 120394.000000 0.000000
55937073.000000 120695.000000 0.000000
55902300.000000 120314.000000 0.000000
55989518.000000 120694.000000 0.000000
55875594.000000 120275.000000 0.000000
55993949.000000 120798.000000 0.000000
55964747.000000 120822.000000 0.000000
55893365.000000 120300.000000 0.000000
55996032.000000 120569.000000 0.000000
55994534.000000 120683.000000 0.000000
55890718.000000 120302.000000 0.000000
55873638.000000 120395.000000 0.000000
55880290.000000 120232.000000 0.000000
55894459.000000 120331.000000 0.000000
55880588.000000 120366.000000 0.000000
55856518.000000 120504.000000 0.000000
55964575.000000 120694.000000 0.000000
55954700.000000 120642.000000 0.000000
55975134.000000 120777.000000 0.000000
55890191.000000 120139.000000 0.000000
55911064.000000 120341.000000 0.000000
55975332.000000 120750.000000 0.000000
55899342.000000 120214.000000 0.000000
55897139.000000 120288.000000 0.000000
55985050.000000 120645.000000 0.000000
55988497.000000 120762.000000 0.000000
55983094.000000 120733.000000 0.000000
55979947.000000 120775.000000 0.000000
55980131.000000 120756.000000 0.000000
55992182.000000 120561.000000 0.000000
55976396.000000 120618.000000 0.000000
55986339.000000 120670.000000 0.000000
55886166.000000 120187.000000 0.000000
55979775.000000 120735.000000 0.000000
55913434.000000 120224.000000 0.000000
55977462.000000 120792.000000 0.000000
55933683.000000 120582.000000 0.000000
55976564.000000 120791.000000 0.000000
55972630.000000 120817.000000 0.000000
55980490.000000 120796.000000 0.000000
55972639.000000 120657.000000 0.000000
55908504.000000 120337.000000 0.000000
55959090.000000 120767.000000 0.000000
55911946.000000 120287.000000 0.000000
55979628.000000 120723.000000 0.000000
55910478.000000 120145.000000 0.000000
55886311.000000 120255.000000 0.000000
55918090.000000 120309.000000 0.000000
55905866.000000 120543.000000 0.000000
55972566.000000 120694.000000 0.000000
55976952.000000 120679.000000 0.000000
55888578.000000 120213.000000 0.000000
55909005.000000 120389.000000 0.000000
55914967.000000 120377.000000 0.000000
55984170.000000 120692.000000 0.000000
55443736.000000 119723.000000 0.000000
55905352.000000 120294.000000 0.000000
55924293.000000 120218.000000 0.000000
55908102.000000 120359.000000 0.000000
55999453.000000 120719.000000 0.000000
55986184.000000 120694.000000 0.000000
55958507.000000 120963.000000 0.000000
56012617.000000 120725.000000 0.000000
55977321.000000 120770.000000 0.000000
55965988.000000 120811.000000 0.000000
55987837.000000 120792.000000 0.000000
55977852.000000 120706.000000 0.000000
55989751.000000 120813.000000 0.000000
55899111.000000 120314.000000 0.000000
55904101.000000 120230.000000 0.000000
55888251.000000 120344.000000 0.000000
55900394.000000 120273.000000 0.000000
55916617.000000 120473.000000 0.000000
55814971.000000 120045.000000 0.000000
55896850.000000 120408.000000 0.000000
55921566.000000 120542.000000 0.000000
55974229.000000 120848.000000 0.000000
55984992.000000 120731.000000 0.000000
55970952.000000 120660.000000 0.000000
55986418.000000 120801.000000 0.000000
55869857.000000 120175.000000 0.000000
55987478.000000 120739.000000 0.000000
55976920.000000 120510.000000 0.000000
