56200582.000000 120908.000000 0.000000
56187335.000000 120898.000000 0.000000
56171266.000000 120913.000000 0.000000
56196376.000000 120816.000000 0.000000
56195455.000000 120997.000000 0.000000
56278010.000000 121331.000000 0.000000
56187148.000000 120910.000000 0.000000
56267797.000000 121318.000000 0.000000
56174294.000000 120754.000000 0.000000
56163675.000000 120708.000000 0.000000
56101420.000000 120770.000000 0.000000
56174118.000000 120877.000000 0.000000
56184403.000000 120971.000000 0.000000
56174317.000000 120817.000000 0.000000
56226962.000000 120907.000000 0.000000
56174239.000000 120873.000000 0.000000
56193101.000000 120930.000000 0.000000
56180389.000000 120886.000000 0.000000
56120810.000000 120873.000000 0.000000
56274415.000000 121322.000000 0.000000
56176050.000000 120819.000000 0.000000
56271256.000000 121421.000000 0.000000
56190892.000000 120929.000000 0.000000
56197901.000000 120998.000000 0.000000
56174841.000000 120878.000000 0.000000
56278340.000000 121160.000000 0.000000
56171486.000000 120834.000000 0.000000
56285180.000000 121403.000000 0.000000
56198373.000000 121026.000000 0.000000
56236274.000000 121225.000000 0.000000
56171973.000000 120931.000000 0.000000
56184178.000000 120976.000000 0.000000
56210574.000000 120942.000000 0.000000
56188788.000000 120907.000000 0.000000
56144532.000000 120797.000000 0.000000
56178918.000000 120890.000000 0.000000
56276625.000000 121218.000000 0.000000
56195916.000000 120947.000000 0.000000
56187520.000000 120957.000000 0.000000
56240507.000000 120996.000000 0.000000
56272318.000000 121317.000000 0.000000
56178676.000000 120774.000000 0.000000
56175053.000000 120870.000000 0.000000
56172568.000000 120846.000000 0.000000
56183811.000000 120876.000000 0.000000
56186646.000000 120932.000000 0.000000
56191011.000000 120721.000000 0.000000
56170594.000000 120845.000000 0.000000
56204132.000000 120812.000000 0.000000
56294897.000000 121275.000000 0.000000
56179067.000000 120916.000000 0.000000
56279267.000000 121209.000000 0.000000
56157518.000000 120902.000000 0.000000
56178082.000000 120925.000000 0.000000
56203148.000000 120975.000000 0.000000
56196949.000000 120991.000000 0.000000
56163273.000000 120890.000000 0.000000
56178891.000000 120816.000000 0.000000
56181654.000000 120974.000000 0.000000
56186771.000000 120951.000000 0.000000
56298334.000000 121307.000000 0.000000
56142656.000000 120842.000000 0.000000
56227264.000000 120916.000000 0.000000
56290614.000000 121379.000000 0.000000
56276113.000000 121361.000000 0.000000
56286684.000000 121347.000000 0.000000
56183091.000000 120906.000000 0.000000
56207678.000000 120868.000000 0.000000
56302344.000000 121352.000000 0.000000
56202677.000000 120994.000000 0.000000
56208135.000000 120791.000000 0.000000
56187987.000000 120808.000000 0.000000
55688685.000000 119925.000000 0.000000
56250451.000000 121236.000000 0.000000
56261161.000000 121123.000000 0.000000
56289481.000000 121388.000000 0.000000
56266005.000000 121259.000000 0.000000
56170380.000000 120819.000000 0.000000
56155100.000000 121118.000000 0.000000
56183201.000000 120823.000000 0.000000
56149082.000000 120887.000000 0.000000
56167380.000000 120922.000000 0.000000
56195238.000000 120909.000000 0.000000
56184524.000000 120856.000000 0.000000
56127314.000000 120785.000000 0.000000
56274464.000000 121360.000000 0.000000
56265974.000000 121257.000000 0.000000
56188804.000000 120959.000000 0.000000
56282863.000000 121351.000000 0.000000
56185548.000000 120936.000000 0.000000
56122152.000000 120700.000000 0.000000
56031535.000000 120878.000000 0.000000
56179096.000000 120780.000000 0.000000
56103810.000000 120825.000000 0.000000
56189266.000000 120924.000000 0.000000
56176236.000000 120776.000000 0.000000
56147024.000000 120876.000000 0.000000
56177016.000000 120878.000000 0.000000
56173280.000000 120861.000000 0.000000
56189074.000000 120680.000000 0.000000
