56113772.000000 120587.000000 0.000000
56106352.000000 120721.000000 0.000000
56121815.000000 120618.000000 0.000000
56193875.000000 121297.000000 0.000000
56123963.000000 120779.000000 0.000000
56199886.000000 121082.000000 0.000000
56100254.000000 120515.000000 0.000000
56115059.000000 121218.000000 0.000000
56117314.000000 120614.000000 0.000000
56121169.000000 120673.000000 0.000000
56099756.000000 120667.000000 0.000000
56181358.000000 121282.000000 0.000000
56085253.000000 120636.000000 0.000000
56191620.000000 121076.000000 0.000000
55925940.000000 120561.000000 0.000000
56180764.000000 121095.000000 0.000000
56197436.000000 121120.000000 0.000000
56093792.000000 120675.000000 0.000000
56127251.000000 120816.000000 0.000000
56113335.000000 120795.000000 0.000000
55951172.000000 120572.000000 0.000000
56188099.000000 121231.000000 0.000000
56118847.000000 120619.000000 0.000000
56117466.000000 120591.000000 0.000000
56105795.000000 120582.000000 0.000000
56097222.000000 120616.000000 0.000000
56102014.000000 120759.000000 0.000000
56192708.000000 121133.000000 0.000000
56130062.000000 120635.000000 0.000000
56122124.000000 120761.000000 0.000000
56197314.000000 121246.000000 0.000000
56105163.000000 120749.000000 0.000000
56095092.000000 120578.000000 0.000000
56002537.000000 120539.000000 0.000000
56142681.000000 121216.000000 0.000000
56209624.000000 121047.000000 0.000000
56123565.000000 120777.000000 0.000000
56091496.000000 121196.000000 0.000000
56112946.000000 120698.000000 0.000000
56128058.000000 121192.000000 0.000000
56185184.000000 121202.000000 0.000000
56199689.000000 121041.000000 0.000000
56115359.000000 120740.000000 0.000000
56141369.000000 120815.000000 0.000000
55961605.000000 120688.000000 0.000000
56129562.000000 120545.000000 0.000000
56205110.000000 121191.000000 0.000000
56172647.000000 120907.000000 0.000000
56206651.000000 121020.000000 0.000000
56120729.000000 120681.000000 0.000000
56118447.000000 120758.000000 0.000000
56115152.000000 120569.000000 0.000000
56105690.000000 120773.000000 0.000000
56136574.000000 120608.000000 0.000000
56200491.000000 121187.000000 0.000000
56001212.000000 120562.000000 0.000000
56200926.000000 121270.000000 0.000000
56168071.000000 121005.000000 0.000000
56175801.000000 121112.000000 0.000000
56167043.000000 121037.000000 0.000000
56104098.000000 120651.000000 0.000000
56139958.000000 120995.000000 0.000000
56177406.000000 121167.000000 0.000000
56089571.000000 120694.000000 0.000000
56109622.000000 120639.000000 0.000000
56192717.000000 121119.000000 0.000000
56108259.000000 120642.000000 0.000000
56187921.000000 121023.000000 0.000000
56204123.000000 121206.000000 0.000000
56129696.000000 120726.000000 0.000000
56100869.000000 120613.000000 0.000000
56001389.000000 120862.000000 0.000000
55877196.000000 120584.000000 0.000000
56195327.000000 121253.000000 0.000000
56097338.000000 120669.000000 0.000000
56098355.000000 120707.000000 0.000000
56187290.000000 121246.000000 0.000000
56186644.000000 121221.000000 0.000000
56197407.000000 121222.000000 0.000000
56135841.000000 120989.000000 0.000000
56132630.000000 120661.000000 0.000000
56119249.000000 120504.000000 0.000000
55868150.000000 120205.000000 0.000000
56164172.000000 121311.000000 0.000000
56119441.000000 120635.000000 0.000000
56125509.000000 120718.000000 0.000000
56204351.000000 121199.000000 0.000000
56197856.000000 121118.000000 0.000000
56162688.000000 121033.000000 0.000000
56088989.000000 120576.000000 0.000000
56197628.000000 121269.000000 0.000000
56170508.000000 121246.000000 0.000000
56194005.000000 121157.000000 0.000000
56112373.000000 120563.000000 0.000000
56204304.000000 121193.000000 0.000000
56165772.000000 121019.000000 0.000000
56120036.000000 120564.000000 0.000000
56070691.000000 120732.000000 0.000000
56090513.000000 120567.000000 0.000000
56112919.000000 120703.000000 0.000000
