52821950.000000 113702.000000 8791.000000
53812038.000000 116119.000000 6097.000000
53082606.000000 114262.000000 8019.000000
53051322.000000 114503.000000 8332.000000
53904405.000000 116316.000000 5699.000000
53303115.000000 115023.000000 7489.000000
53855483.000000 116300.000000 6016.000000
54114937.000000 116802.000000 5107.000000
53397259.000000 114886.000000 6889.000000
55132677.000000 118911.000000 1903.000000
54948861.000000 118741.000000 2636.000000
54700183.000000 117907.000000 2937.000000
53260881.000000 114831.000000 7634.000000
53098501.000000 114655.000000 8186.000000
54954633.000000 118574.000000 2454.000000
53985234.000000 116401.000000 4833.000000
54441908.000000 117199.000000 3670.000000
54739215.000000 117911.000000 2384.000000
54100181.000000 116480.000000 4873.000000
55413130.000000 119475.000000 1309.000000
55255590.000000 118978.000000 1568.000000
54429462.000000 117559.000000 4160.000000
55126159.000000 118998.000000 2064.000000
54487241.000000 117502.000000 3849.000000
53840825.000000 116241.000000 6026.000000
54521131.000000 117465.000000 3325.000000
54703535.000000 117672.000000 2997.000000
53778508.000000 115978.000000 6072.000000
54439910.000000 117493.000000 4151.000000
54718544.000000 117999.000000 3062.000000
54126560.000000 116380.000000 4848.000000
54849420.000000 118418.000000 2784.000000
54703113.000000 117802.000000 2868.000000
54581287.000000 117636.000000 3166.000000
54753633.000000 118063.000000 2736.000000
54459942.000000 117636.000000 3994.000000
55256272.000000 119023.000000 1512.000000
54124735.000000 116858.000000 5032.000000
52636765.000000 113487.000000 9757.000000
53427037.000000 115255.000000 7115.000000
52589072.000000 113399.000000 9996.000000
53671592.000000 115610.000000 6068.000000
52655029.000000 113530.000000 9714.000000
52833747.000000 113900.000000 8914.000000
53413990.000000 115067.000000 7196.000000
53329386.000000 115090.000000 7435.000000
52389470.000000 112939.000000 10871.000000
54028207.000000 116600.000000 5497.000000
55075507.000000 118542.000000 1966.000000
51675950.000000 111169.000000 12200.000000
54119022.000000 116642.000000 4780.000000
54475920.000000 117541.000000 3963.000000
53317751.000000 114869.000000 7211.000000
53492644.000000 115248.000000 6682.000000
52499346.000000 113097.000000 10239.000000
52519736.000000 113177.000000 10207.000000
53351217.000000 114800.000000 7185.000000
53114137.000000 114243.000000 7995.000000
52734302.000000 113763.000000 9395.000000
53483375.000000 115453.000000 6816.000000
53526226.000000 115410.000000 6614.000000
55063959.000000 118742.000000 1747.000000
54862203.000000 118486.000000 2467.000000
54256738.000000 116853.000000 4354.000000
54020790.000000 116416.000000 5106.000000
54873368.000000 118255.000000 2490.000000
54916215.000000 118542.000000 2668.000000
53631655.000000 115693.000000 6242.000000
53400240.000000 114946.000000 6824.000000
53948497.000000 116294.000000 5349.000000
55751954.000000 120288.000000 499.000000
55434210.000000 119464.000000 1094.000000
54849762.000000 118400.000000 2897.000000
54893401.000000 118473.000000 2692.000000
54402355.000000 117401.000000 4339.000000
52828549.000000 113968.000000 9075.000000
53936759.000000 116370.000000 5711.000000
54806813.000000 118440.000000 2896.000000
55133240.000000 119067.000000 1944.000000
54420448.000000 117210.000000 3837.000000
54986251.000000 118690.000000 2259.000000
55341870.000000 119109.000000 1383.000000
55944779.000000 120716.000000 56.000000
55276081.000000 118974.000000 1386.000000
54284427.000000 116884.000000 4419.000000
54954026.000000 118486.000000 2221.000000
53535791.000000 115651.000000 6856.000000
52636656.000000 113502.000000 9662.000000
54335269.000000 117050.000000 4155.000000
54228982.000000 117016.000000 4737.000000
54945701.000000 118431.000000 2194.000000
53085591.000000 114386.000000 8204.000000
53501449.000000 115203.000000 6472.000000
54022762.000000 116588.000000 5441.000000
53959595.000000 116329.000000 5850.000000
53419281.000000 115194.000000 7192.000000
52859949.000000 113957.000000 8677.000000
54402319.000000 117481.000000 4294.000000
54275539.000000 117188.000000 4792.000000
54295376.000000 117023.000000 3670.000000
