56054050.000000 122164.000000 0.000000
56032553.000000 122110.000000 0.000000
55662991.000000 119931.000000 0.000000
56003690.000000 122232.000000 0.000000
56045917.000000 122105.000000 0.000000
56019898.000000 122227.000000 0.000000
56053184.000000 122129.000000 0.000000
56031393.000000 122210.000000 0.000000
56040668.000000 122178.000000 0.000000
56052318.000000 121981.000000 0.000000
56029295.000000 122123.000000 0.000000
56043402.000000 122102.000000 0.000000
56023786.000000 122050.000000 0.000000
56060226.000000 122110.000000 0.000000
56050475.000000 122088.000000 0.000000
56029114.000000 122146.000000 0.000000
56035946.000000 122058.000000 0.000000
56040725.000000 122139.000000 0.000000
56061551.000000 122010.000000 0.000000
56050232.000000 122099.000000 0.000000
56047830.000000 122126.000000 0.000000
56030904.000000 122055.000000 0.000000
56028218.000000 122112.000000 0.000000
56107972.000000 122289.000000 0.000000
56057773.000000 122224.000000 0.000000
56038211.000000 122238.000000 0.000000
56046802.000000 122142.000000 0.000000
56027715.000000 122093.000000 0.000000
56066068.000000 122133.000000 0.000000
56057417.000000 122089.000000 0.000000
56045052.000000 122210.000000 0.000000
56114007.000000 122222.000000 0.000000
55984706.000000 122365.000000 0.000000
56055188.000000 122213.000000 0.000000
56044803.000000 122044.000000 0.000000
55960736.000000 121670.000000 0.000000
56023477.000000 122167.000000 0.000000
56027092.000000 122198.000000 0.000000
56059460.000000 122072.000000 0.000000
56034715.000000 122091.000000 0.000000
55854188.000000 121788.000000 0.000000
56027227.000000 122198.000000 0.000000
56046222.000000 122121.000000 0.000000
56047674.000000 122263.000000 0.000000
56113857.000000 122114.000000 0.000000
56042481.000000 122144.000000 0.000000
56034092.000000 122132.000000 0.000000
56002831.000000 122348.000000 0.000000
56001863.000000 121846.000000 0.000000
56024366.000000 122118.000000 0.000000
56077545.000000 121993.000000 0.000000
56027395.000000 122176.000000 0.000000
56048477.000000 121965.000000 0.000000
56024712.000000 122055.000000 0.000000
56002757.000000 122322.000000 0.000000
56032032.000000 122173.000000 0.000000
56035330.000000 122201.000000 0.000000
55967541.000000 122007.000000 0.000000
56029241.000000 122128.000000 0.000000
56041822.000000 122079.000000 0.000000
56028310.000000 122144.000000 0.000000
56029694.000000 122077.000000 0.000000
56038498.000000 122152.000000 0.000000
55989351.000000 122118.000000 0.000000
56039829.000000 122153.000000 0.000000
55991404.000000 121689.000000 0.000000
55962302.000000 121702.000000 0.000000
56039633.000000 122109.000000 0.000000
56032620.000000 122168.000000 0.000000
56102696.000000 122187.000000 0.000000
56027285.000000 121888.000000 0.000000
56021228.000000 122288.000000 0.000000
56035737.000000 122128.000000 0.000000
56038397.000000 122214.000000 0.000000
56027185.000000 122246.000000 0.000000
56026372.000000 122089.000000 0.000000
55994841.000000 121647.000000 0.000000
56022366.000000 122390.000000 0.000000
56018918.000000 122217.000000 0.000000
56008841.000000 121735.000000 0.000000
56052167.000000 122151.000000 0.000000
56056304.000000 122288.000000 0.000000
55993864.000000 122304.000000 0.000000
56019590.000000 122273.000000 0.000000
55979917.000000 121664.000000 0.000000
56048806.000000 122081.000000 0.000000
56026796.000000 122065.000000 0.000000
56045279.000000 122200.000000 0.000000
56023386.000000 122081.000000 0.000000
56043719.000000 121991.000000 0.000000
56032749.000000 122081.000000 0.000000
55982708.000000 121585.000000 0.000000
56034758.000000 122117.000000 0.000000
56063112.000000 122216.000000 0.000000
56014360.000000 122134.000000 0.000000
55949088.000000 121707.000000 0.000000
56071996.000000 122206.000000 0.000000
55948539.000000 121721.000000 0.000000
56045157.000000 122078.000000 0.000000
55825789.000000 121672.000000 0.000000
