56076028.000000 120912.000000 0.000000
56059997.000000 120779.000000 0.000000
56072610.000000 120790.000000 0.000000
56040311.000000 120911.000000 0.000000
55980967.000000 120497.000000 0.000000
56071549.000000 120871.000000 0.000000
55987033.000000 120635.000000 0.000000
56064013.000000 120897.000000 0.000000
56039734.000000 121021.000000 0.000000
56070345.000000 120977.000000 0.000000
56000434.000000 120659.000000 0.000000
55831194.000000 120295.000000 0.000000
56069625.000000 120837.000000 0.000000
56063243.000000 120879.000000 0.000000
56063136.000000 120895.000000 0.000000
56051843.000000 120950.000000 0.000000
56060567.000000 120811.000000 0.000000
56075130.000000 120821.000000 0.000000
55952816.000000 120377.000000 0.000000
56084322.000000 120889.000000 0.000000
56069573.000000 120849.000000 0.000000
56059930.000000 120805.000000 0.000000
55989114.000000 120366.000000 0.000000
56058248.000000 120902.000000 0.000000
56000720.000000 120519.000000 0.000000
56052272.000000 120879.000000 0.000000
55979142.000000 120524.000000 0.000000
55975773.000000 120421.000000 0.000000
56060253.000000 120801.000000 0.000000
55941287.000000 120410.000000 0.000000
56064787.000000 120871.000000 0.000000
56064891.000000 120953.000000 0.000000
56067025.000000 120880.000000 0.000000
56089540.000000 120833.000000 0.000000
56064320.000000 120826.000000 0.000000
56041680.000000 121039.000000 0.000000
56065567.000000 120842.000000 0.000000
56054264.000000 120950.000000 0.000000
56045636.000000 120866.000000 0.000000
56045744.000000 120664.000000 0.000000
56088422.000000 120916.000000 0.000000
56047131.000000 120960.000000 0.000000
56074607.000000 120987.000000 0.000000
56083456.000000 120841.000000 0.000000
56059937.000000 120883.000000 0.000000
56039337.000000 120837.000000 0.000000
56059693.000000 120744.000000 0.000000
56061181.000000 120787.000000 0.000000
56015693.000000 120565.000000 0.000000
56076979.000000 120924.000000 0.000000
56106644.000000 121165.000000 0.000000
56064058.000000 120826.000000 0.000000
56045901.000000 120812.000000 0.000000
56069111.000000 121026.000000 0.000000
56070266.000000 120791.000000 0.000000
56074720.000000 120930.000000 0.000000
56080498.000000 120907.000000 0.000000
56070064.000000 120897.000000 0.000000
56073202.000000 120806.000000 0.000000
55967891.000000 120351.000000 0.000000
56065918.000000 120917.000000 0.000000
56070756.000000 120968.000000 0.000000
56048695.000000 120843.000000 0.000000
56059500.000000 120982.000000 0.000000
56070023.000000 120793.000000 0.000000
56056109.000000 120732.000000 0.000000
56060559.000000 120838.000000 0.000000
56073201.000000 120880.000000 0.000000
56082438.000000 120803.000000 0.000000
56065200.000000 120630.000000 0.000000
56070349.000000 120840.000000 0.000000
56055916.000000 120800.000000 0.000000
56068067.000000 120757.000000 0.000000
56063300.000000 120884.000000 0.000000
56075293.000000 120730.000000 0.000000
56007203.000000 120857.000000 0.000000
56067195.000000 120925.000000 0.000000
56070583.000000 120842.000000 0.000000
56047503.000000 120839.000000 0.000000
56057711.000000 120743.000000 0.000000
56089095.000000 120889.000000 0.000000
56073103.000000 120784.000000 0.000000
56004730.000000 120775.000000 0.000000
56043035.000000 120764.000000 0.000000
56066361.000000 120816.000000 0.000000
56054728.000000 120901.000000 0.000000
56062497.000000 120966.000000 0.000000
56075275.000000 120972.000000 0.000000
56086363.000000 120988.000000 0.000000
55976606.000000 120686.000000 0.000000
56060715.000000 120860.000000 0.000000
56064181.000000 120880.000000 0.000000
56070425.000000 120899.000000 0.000000
56086341.000000 120931.000000 0.000000
56088567.000000 120999.000000 0.000000
55996603.000000 120424.000000 0.000000
56019092.000000 120783.000000 0.000000
56074370.000000 120886.000000 0.000000
56008702.000000 120518.000000 0.000000
56085321.000000 120911.000000 0.000000
