56093835.000000 120764.000000 0.000000
56250654.000000 121252.000000 0.000000
56274350.000000 121386.000000 0.000000
55778534.000000 120245.000000 0.000000
56210298.000000 121232.000000 0.000000
56196839.000000 120770.000000 0.000000
56236046.000000 121285.000000 0.000000
56223247.000000 121234.000000 0.000000
56073155.000000 120569.000000 0.000000
56252895.000000 121402.000000 0.000000
56248062.000000 121338.000000 0.000000
55989608.000000 120548.000000 771.000000
56239687.000000 121256.000000 0.000000
56227043.000000 121374.000000 0.000000
56240438.000000 121267.000000 0.000000
56249932.000000 121318.000000 0.000000
56251378.000000 121350.000000 0.000000
56247601.000000 121364.000000 0.000000
56249533.000000 121323.000000 0.000000
56140892.000000 120811.000000 0.000000
56024023.000000 120488.000000 0.000000
56200626.000000 121219.000000 0.000000
56168977.000000 120941.000000 0.000000
56254245.000000 121258.000000 0.000000
56231547.000000 121208.000000 0.000000
56240598.000000 121355.000000 0.000000
56250058.000000 121360.000000 0.000000
56170187.000000 121196.000000 0.000000
56258377.000000 121184.000000 0.000000
56236089.000000 121152.000000 0.000000
56162906.000000 121020.000000 0.000000
56262608.000000 121226.000000 0.000000
56261432.000000 121262.000000 0.000000
56246312.000000 121320.000000 0.000000
56246210.000000 121279.000000 0.000000
56246659.000000 121375.000000 0.000000
56238010.000000 121158.000000 0.000000
56198569.000000 121148.000000 0.000000
56243488.000000 121344.000000 0.000000
56264750.000000 121107.000000 0.000000
56217256.000000 121165.000000 0.000000
56188528.000000 120871.000000 0.000000
56220226.000000 121447.000000 0.000000
56252175.000000 121244.000000 0.000000
56249804.000000 121355.000000 0.000000
56249796.000000 121316.000000 0.000000
56156330.000000 120851.000000 0.000000
56271824.000000 121223.000000 0.000000
56177723.000000 120832.000000 0.000000
56108424.000000 120766.000000 0.000000
56177793.000000 121137.000000 0.000000
56254977.000000 121170.000000 0.000000
56271959.000000 121275.000000 0.000000
56248217.000000 121308.000000 0.000000
56259625.000000 121261.000000 0.000000
55783570.000000 120239.000000 0.000000
56250894.000000 121291.000000 0.000000
56239407.000000 121190.000000 0.000000
56162199.000000 120854.000000 0.000000
56244904.000000 121323.000000 0.000000
56245169.000000 121288.000000 0.000000
56269025.000000 121333.000000 0.000000
56266193.000000 121345.000000 0.000000
56254889.000000 121298.000000 0.000000
56249263.000000 121258.000000 0.000000
56239885.000000 121267.000000 0.000000
56241160.000000 121374.000000 0.000000
56272733.000000 121277.000000 0.000000
56248031.000000 121334.000000 0.000000
56238033.000000 121300.000000 0.000000
56254533.000000 121302.000000 0.000000
56259053.000000 121286.000000 0.000000
56270069.000000 121314.000000 0.000000
56270968.000000 121280.000000 0.000000
54984163.000000 118510.000000 3707.000000
56234821.000000 121193.000000 0.000000
56195321.000000 120883.000000 0.000000
56233240.000000 121142.000000 0.000000
56240237.000000 121241.000000 0.000000
56254641.000000 121440.000000 0.000000
56178270.000000 120784.000000 0.000000
56252278.000000 121353.000000 0.000000
56230442.000000 121160.000000 0.000000
56123128.000000 120896.000000 0.000000
56255479.000000 121250.000000 0.000000
56167993.000000 120812.000000 0.000000
56255708.000000 121263.000000 0.000000
56233117.000000 121192.000000 0.000000
56246787.000000 121203.000000 0.000000
56258795.000000 121258.000000 0.000000
56150050.000000 120843.000000 0.000000
56185148.000000 120855.000000 0.000000
56169004.000000 120801.000000 0.000000
56227213.000000 121227.000000 0.000000
56253030.000000 121304.000000 0.000000
56161591.000000 121063.000000 0.000000
56245139.000000 121472.000000 0.000000
56245304.000000 121408.000000 0.000000
56262314.000000 121301.000000 0.000000
56199598.000000 120941.000000 0.000000
