56095658.000000 122014.000000 0.000000
56058640.000000 121684.000000 0.000000
56030231.000000 121773.000000 0.000000
55834039.000000 121374.000000 0.000000
56059814.000000 121939.000000 0.000000
56023518.000000 121853.000000 0.000000
56044461.000000 121559.000000 0.000000
56033772.000000 121599.000000 0.000000
56191054.000000 121248.000000 0.000000
56049412.000000 121857.000000 0.000000
56044882.000000 121649.000000 0.000000
56141160.000000 122050.000000 0.000000
56195226.000000 121241.000000 0.000000
56022072.000000 121694.000000 0.000000
56031037.000000 121811.000000 0.000000
56035401.000000 121914.000000 0.000000
56035978.000000 122037.000000 0.000000
56163382.000000 122152.000000 0.000000
55790027.000000 121204.000000 0.000000
56033338.000000 121782.000000 0.000000
56050222.000000 121857.000000 0.000000
56045124.000000 121794.000000 0.000000
56035309.000000 121902.000000 0.000000
56145587.000000 122038.000000 0.000000
56008758.000000 121711.000000 0.000000
56034777.000000 121793.000000 0.000000
56015549.000000 121773.000000 0.000000
56058354.000000 120629.000000 0.000000
56061654.000000 121727.000000 0.000000
56015359.000000 121728.000000 0.000000
56038561.000000 121671.000000 0.000000
56205056.000000 121152.000000 0.000000
56025595.000000 121815.000000 0.000000
56052061.000000 121835.000000 0.000000
56020844.000000 121950.000000 0.000000
56065826.000000 121797.000000 0.000000
56028482.000000 121869.000000 0.000000
56063720.000000 121753.000000 0.000000
56067070.000000 121870.000000 0.000000
56027630.000000 121874.000000 0.000000
56030048.000000 121730.000000 0.000000
56033778.000000 121685.000000 0.000000
56194131.000000 121310.000000 0.000000
56035918.000000 121709.000000 0.000000
56038046.000000 121723.000000 0.000000
55846888.000000 121683.000000 0.000000
56044643.000000 121768.000000 0.000000
56072213.000000 121737.000000 0.000000
56037092.000000 121838.000000 0.000000
56057362.000000 121851.000000 0.000000
56023128.000000 121854.000000 0.000000
56032207.000000 121949.000000 0.000000
56010427.000000 121902.000000 0.000000
55994694.000000 121835.000000 0.000000
56009488.000000 122051.000000 0.000000
56042034.000000 121838.000000 0.000000
56036840.000000 121846.000000 0.000000
56125774.000000 122125.000000 0.000000
56049042.000000 121833.000000 0.000000
56025083.000000 121782.000000 0.000000
56051191.000000 121669.000000 0.000000
56008376.000000 121647.000000 0.000000
56055524.000000 121937.000000 0.000000
56064753.000000 121688.000000 0.000000
56032383.000000 121705.000000 0.000000
56037452.000000 121739.000000 0.000000
56131314.000000 121121.000000 0.000000
56042914.000000 121795.000000 0.000000
56206052.000000 121010.000000 0.000000
56080278.000000 122107.000000 0.000000
56073464.000000 121707.000000 0.000000
56041809.000000 121832.000000 0.000000
56053775.000000 121662.000000 0.000000
56151823.000000 122081.000000 0.000000
56031837.000000 121905.000000 0.000000
56113388.000000 122372.000000 0.000000
56117875.000000 122360.000000 0.000000
56048375.000000 121717.000000 0.000000
56078082.000000 121682.000000 0.000000
56041015.000000 121739.000000 0.000000
55935459.000000 121053.000000 0.000000
56049299.000000 121718.000000 0.000000
56035017.000000 121986.000000 0.000000
56052957.000000 121791.000000 0.000000
56044598.000000 121566.000000 0.000000
56034046.000000 121755.000000 0.000000
55775374.000000 121264.000000 0.000000
56030755.000000 121780.000000 0.000000
56035900.000000 121765.000000 0.000000
56037922.000000 121469.000000 0.000000
56059301.000000 121557.000000 0.000000
56044452.000000 121638.000000 0.000000
56024943.000000 121745.000000 0.000000
56047589.000000 122386.000000 0.000000
56060042.000000 121665.000000 0.000000
56029105.000000 121653.000000 0.000000
56040849.000000 121745.000000 0.000000
56046533.000000 121785.000000 0.000000
56112406.000000 122273.000000 0.000000
56140938.000000 122245.000000 0.000000
