55715495.000000 119789.000000 0.000000
55898478.000000 120517.000000 0.000000
55908301.000000 120674.000000 0.000000
55856793.000000 120447.000000 0.000000
55906866.000000 120771.000000 0.000000
55910144.000000 120621.000000 0.000000
55897944.000000 120606.000000 0.000000
55896708.000000 120603.000000 0.000000
55882020.000000 120541.000000 0.000000
55908459.000000 120622.000000 0.000000
55910655.000000 120467.000000 0.000000
55918437.000000 120532.000000 0.000000
55878654.000000 120651.000000 0.000000
55881193.000000 120608.000000 0.000000
55904900.000000 120592.000000 0.000000
55894052.000000 120637.000000 0.000000
55847663.000000 120062.000000 0.000000
55910220.000000 120835.000000 0.000000
55883822.000000 120542.000000 0.000000
55911814.000000 120673.000000 0.000000
55892719.000000 120666.000000 0.000000
55777474.000000 120052.000000 0.000000
55920188.000000 120597.000000 0.000000
55903141.000000 120532.000000 0.000000
55812518.000000 120181.000000 0.000000
55924809.000000 120555.000000 0.000000
55889990.000000 120620.000000 0.000000
55899163.000000 120674.000000 0.000000
55910454.000000 120513.000000 0.000000
55886421.000000 120725.000000 0.000000
55918697.000000 120457.000000 0.000000
55923917.000000 120483.000000 0.000000
55884541.000000 120828.000000 0.000000
55908200.000000 120691.000000 0.000000
55903349.000000 120683.000000 0.000000
55888898.000000 120695.000000 0.000000
55888476.000000 120642.000000 0.000000
55903235.000000 120715.000000 0.000000
55878697.000000 120640.000000 0.000000
55893751.000000 120547.000000 0.000000
55882578.000000 120379.000000 0.000000
55874505.000000 120654.000000 0.000000
55890920.000000 120714.000000 0.000000
55881128.000000 120262.000000 0.000000
55842165.000000 120735.000000 0.000000
55927878.000000 120684.000000 0.000000
55895904.000000 120623.000000 0.000000
55903293.000000 120582.000000 0.000000
55912373.000000 120566.000000 0.000000
55895228.000000 120584.000000 0.000000
55896548.000000 120542.000000 0.000000
55897994.000000 120572.000000 0.000000
55880556.000000 120639.000000 0.000000
55902501.000000 120548.000000 0.000000
55901977.000000 120659.000000 0.000000
55814520.000000 120037.000000 0.000000
55884389.000000 120554.000000 0.000000
55856890.000000 120569.000000 0.000000
55896744.000000 120587.000000 0.000000
55864415.000000 120332.000000 0.000000
55918021.000000 120768.000000 0.000000
55887152.000000 120712.000000 0.000000
55907519.000000 120586.000000 0.000000
55912469.000000 120533.000000 0.000000
55904837.000000 120786.000000 0.000000
55899540.000000 120667.000000 0.000000
55893145.000000 120833.000000 0.000000
55903563.000000 120639.000000 0.000000
55900218.000000 120576.000000 0.000000
55884991.000000 120660.000000 0.000000
55893639.000000 120640.000000 0.000000
55844727.000000 120304.000000 0.000000
55890628.000000 120663.000000 0.000000
55891705.000000 120751.000000 0.000000
55926247.000000 120541.000000 0.000000
55921035.000000 120823.000000 0.000000
55898119.000000 120720.000000 0.000000
55898728.000000 120529.000000 0.000000
55909230.000000 120629.000000 0.000000
56376924.000000 121373.000000 0.000000
55883352.000000 120519.000000 0.000000
55893651.000000 120550.000000 0.000000
55929082.000000 120540.000000 0.000000
55910806.000000 120673.000000 0.000000
55900697.000000 120702.000000 0.000000
55898849.000000 120662.000000 0.000000
55913818.000000 120561.000000 0.000000
55882045.000000 120613.000000 0.000000
55903893.000000 120540.000000 0.000000
55822783.000000 120190.000000 0.000000
55900442.000000 120644.000000 0.000000
55842185.000000 120217.000000 0.000000
55897410.000000 120571.000000 0.000000
55922614.000000 120576.000000 0.000000
55925302.000000 120724.000000 0.000000
55867842.000000 120418.000000 0.000000
55915796.000000 120434.000000 0.000000
55923703.000000 120512.000000 0.000000
55898300.000000 120587.000000 0.000000
55912139.000000 120472.000000 0.000000
