56108456.000000 120665.000000 0.000000
56117313.000000 120658.000000 0.000000
56209614.000000 121255.000000 0.000000
56133358.000000 120813.000000 0.000000
56201675.000000 121033.000000 0.000000
55976392.000000 120485.000000 0.000000
55817216.000000 120176.000000 0.000000
56207565.000000 121089.000000 0.000000
56092015.000000 120660.000000 0.000000
56065304.000000 120716.000000 0.000000
56057541.000000 120645.000000 0.000000
56086227.000000 120721.000000 0.000000
56190832.000000 121058.000000 0.000000
56083383.000000 120551.000000 0.000000
56204966.000000 121087.000000 0.000000
56088384.000000 120446.000000 0.000000
56213332.000000 121033.000000 0.000000
56211054.000000 121267.000000 0.000000
56119098.000000 120682.000000 0.000000
56197590.000000 121159.000000 0.000000
56079790.000000 120613.000000 0.000000
56055473.000000 120656.000000 0.000000
56204936.000000 121268.000000 0.000000
56032958.000000 121231.000000 0.000000
56220394.000000 121163.000000 0.000000
56135944.000000 120959.000000 0.000000
56082024.000000 120618.000000 0.000000
56127787.000000 120695.000000 0.000000
56096500.000000 120622.000000 0.000000
56092035.000000 120607.000000 0.000000
56069295.000000 120643.000000 0.000000
55839268.000000 120054.000000 0.000000
56117536.000000 120848.000000 0.000000
56204631.000000 121008.000000 0.000000
56165586.000000 121121.000000 0.000000
56113687.000000 120533.000000 0.000000
56059635.000000 120684.000000 0.000000
55979494.000000 120500.000000 0.000000
56188100.000000 121020.000000 0.000000
56089127.000000 120670.000000 0.000000
55984701.000000 120629.000000 0.000000
56195377.000000 121219.000000 0.000000
56038949.000000 120485.000000 0.000000
56055135.000000 120584.000000 0.000000
56215516.000000 121083.000000 0.000000
56182827.000000 121232.000000 0.000000
56180268.000000 121018.000000 0.000000
56069627.000000 120555.000000 0.000000
56061481.000000 121226.000000 0.000000
56202453.000000 120949.000000 0.000000
56128666.000000 120662.000000 0.000000
56093336.000000 120625.000000 0.000000
56061078.000000 120623.000000 0.000000
56181047.000000 121088.000000 0.000000
56097504.000000 120706.000000 0.000000
56199294.000000 121125.000000 0.000000
55818278.000000 120111.000000 0.000000
56092643.000000 120680.000000 0.000000
56059696.000000 120525.000000 0.000000
56200236.000000 121175.000000 0.000000
56036946.000000 120583.000000 0.000000
56029316.000000 120678.000000 0.000000
56075796.000000 120548.000000 0.000000
56199301.000000 121135.000000 0.000000
56202568.000000 121059.000000 0.000000
56084658.000000 120576.000000 0.000000
55676240.000000 119687.000000 0.000000
56069703.000000 120700.000000 0.000000
56212638.000000 121069.000000 0.000000
56198753.000000 121050.000000 0.000000
56176859.000000 121089.000000 0.000000
56215551.000000 121065.000000 0.000000
56078914.000000 120707.000000 0.000000
56202298.000000 121078.000000 0.000000
56200039.000000 121225.000000 0.000000
56049563.000000 120772.000000 0.000000
56199266.000000 121003.000000 0.000000
56215044.000000 121189.000000 0.000000
56080959.000000 120678.000000 0.000000
56064845.000000 120742.000000 0.000000
56043564.000000 120444.000000 0.000000
56177627.000000 121182.000000 0.000000
56204865.000000 121041.000000 0.000000
56065912.000000 120710.000000 0.000000
56180403.000000 121122.000000 0.000000
56083009.000000 120624.000000 0.000000
56051410.000000 120596.000000 0.000000
56042592.000000 120659.000000 0.000000
56212058.000000 121149.000000 0.000000
56120440.000000 120642.000000 0.000000
56089993.000000 120612.000000 0.000000
56085360.000000 120754.000000 0.000000
56067324.000000 120877.000000 0.000000
56086863.000000 120590.000000 0.000000
56050288.000000 120729.000000 0.000000
55994063.000000 120757.000000 0.000000
56205730.000000 121206.000000 0.000000
56181952.000000 121028.000000 0.000000
56070078.000000 120603.000000 0.000000
56075122.000000 120676.000000 0.000000
