55971377.000000 120776.000000 0.000000
55912764.000000 120218.000000 0.000000
55915964.000000 120333.000000 0.000000
55974918.000000 120839.000000 0.000000
55898834.000000 120155.000000 0.000000
55893156.000000 120401.000000 0.000000
55919083.000000 120261.000000 0.000000
55887980.000000 120178.000000 0.000000
55926531.000000 120260.000000 0.000000
55895272.000000 120482.000000 0.000000
55886712.000000 120124.000000 0.000000
55925313.000000 120209.000000 0.000000
55891717.000000 120255.000000 0.000000
55896230.000000 120171.000000 0.000000
55898094.000000 120259.000000 0.000000
55889840.000000 120270.000000 0.000000
55914054.000000 120208.000000 0.000000
55891951.000000 120237.000000 0.000000
55898114.000000 120211.000000 0.000000
55879563.000000 120246.000000 0.000000
55884808.000000 120154.000000 0.000000
55841221.000000 120232.000000 0.000000
55918669.000000 120256.000000 0.000000
55888229.000000 120355.000000 0.000000
55871025.000000 120209.000000 0.000000
55894208.000000 120400.000000 0.000000
55930433.000000 120290.000000 0.000000
55898715.000000 120270.000000 0.000000
55921174.000000 120286.000000 0.000000
55898641.000000 120463.000000 0.000000
55906082.000000 120424.000000 0.000000
55799759.000000 119992.000000 0.000000
56015793.000000 120793.000000 0.000000
55930956.000000 120285.000000 0.000000
55925454.000000 120334.000000 0.000000
55895474.000000 120513.000000 0.000000
55905489.000000 120271.000000 0.000000
55894958.000000 120166.000000 0.000000
55920411.000000 120249.000000 0.000000
55914563.000000 120264.000000 0.000000
55893066.000000 120372.000000 0.000000
55915377.000000 120229.000000 0.000000
55895001.000000 120239.000000 0.000000
55885063.000000 120212.000000 0.000000
55976955.000000 120782.000000 0.000000
55895398.000000 120247.000000 0.000000
55894754.000000 120372.000000 0.000000
55921591.000000 120301.000000 0.000000
55898399.000000 120323.000000 0.000000
55928598.000000 120253.000000 0.000000
55891996.000000 120307.000000 0.000000
55894945.000000 120332.000000 0.000000
55894231.000000 120380.000000 0.000000
55876218.000000 120365.000000 0.000000
55909563.000000 120301.000000 0.000000
55890570.000000 120238.000000 0.000000
55915130.000000 120230.000000 0.000000
55923259.000000 120238.000000 0.000000
56004295.000000 120774.000000 0.000000
55903893.000000 120281.000000 0.000000
55997898.000000 120717.000000 0.000000
55890783.000000 120266.000000 0.000000
56005449.000000 120671.000000 0.000000
55893813.000000 120281.000000 0.000000
55976215.000000 120676.000000 0.000000
55962617.000000 120693.000000 0.000000
55903667.000000 120218.000000 0.000000
55879261.000000 120347.000000 0.000000
55887049.000000 120384.000000 0.000000
55915979.000000 120235.000000 0.000000
55899859.000000 120287.000000 0.000000
55932719.000000 120184.000000 0.000000
55915197.000000 120277.000000 0.000000
55900740.000000 120208.000000 0.000000
55911965.000000 120398.000000 0.000000
55908611.000000 120352.000000 0.000000
55918634.000000 120330.000000 0.000000
55912905.000000 120217.000000 0.000000
55917781.000000 120178.000000 0.000000
55908007.000000 120289.000000 0.000000
55915230.000000 120351.000000 0.000000
55963452.000000 120573.000000 0.000000
55891554.000000 120203.000000 0.000000
55979693.000000 120632.000000 0.000000
55987273.000000 120653.000000 0.000000
55908889.000000 120253.000000 0.000000
55987507.000000 120638.000000 0.000000
55907875.000000 120324.000000 0.000000
55901579.000000 120241.000000 0.000000
55909980.000000 120337.000000 0.000000
55913649.000000 120304.000000 0.000000
55897237.000000 120385.000000 0.000000
55913786.000000 120432.000000 0.000000
55713799.000000 119937.000000 0.000000
55913393.000000 120214.000000 0.000000
55881676.000000 120186.000000 0.000000
55893252.000000 120299.000000 0.000000
55924674.000000 120178.000000 0.000000
55898741.000000 120351.000000 0.000000
55806523.000000 120029.000000 0.000000
