33230704.000000 24857.000000 37.000000
33882833.000000 27060.000000 27.000000
32887197.000000 21884.000000 67.000000
33312103.000000 23610.000000 2.000000
34780595.000000 35959.000000 6.000000
34220108.000000 25558.000000 2.000000
33378797.000000 21647.000000 7.000000
33097737.000000 25567.000000 5.000000
34764615.000000 25679.000000 0.000000
32661957.000000 24852.000000 14.000000
33012847.000000 25648.000000 6.000000
34227978.000000 28270.000000 81.000000
33742033.000000 25490.000000 3.000000
33111384.000000 20558.000000 11.000000
34635572.000000 29234.000000 6.000000
34319940.000000 30789.000000 2.000000
32813279.000000 23168.000000 38.000000
33534967.000000 21893.000000 15.000000
33636039.000000 25028.000000 13.000000
33724804.000000 23261.000000 15.000000
35340670.000000 29038.000000 15.000000
33117949.000000 26718.000000 9.000000
35059170.000000 31997.000000 8.000000
34364138.000000 30972.000000 3.000000
32862786.000000 22111.000000 4.000000
33462407.000000 19665.000000 9.000000
33499405.000000 26974.000000 5.000000
34477451.000000 25344.000000 9.000000
34327864.000000 21406.000000 3.000000
33142885.000000 21537.000000 13.000000
33691716.000000 22319.000000 7.000000
33976376.000000 20677.000000 70.000000
33438700.000000 22699.000000 9.000000
33198408.000000 21368.000000 9.000000
33964421.000000 26056.000000 54.000000
34763273.000000 27348.000000 6.000000
34883667.000000 30351.000000 15.000000
34274254.000000 24740.000000 5.000000
33498824.000000 23467.000000 65.000000
33246716.000000 22287.000000 3.000000
33941087.000000 24411.000000 6.000000
33160000.000000 22303.000000 17.000000
32929909.000000 22652.000000 149.000000
34722147.000000 28318.000000 8.000000
35165919.000000 26737.000000 10.000000
33564630.000000 21807.000000 3.000000
33992656.000000 26177.000000 5.000000
34164965.000000 24828.000000 30.000000
32827895.000000 22713.000000 12.000000
32866536.000000 19902.000000 50.000000
34132969.000000 27924.000000 12.000000
33783405.000000 27523.000000 5.000000
35095284.000000 30755.000000 2.000000
33393288.000000 21368.000000 14.000000
35080477.000000 29984.000000 162.000000
33279446.000000 24189.000000 12.000000
33298080.000000 21337.000000 7.000000
32864760.000000 19856.000000 8.000000
33006188.000000 20513.000000 10.000000
35132020.000000 30582.000000 4.000000
34321282.000000 22249.000000 9.000000
33119001.000000 26215.000000 5.000000
34191755.000000 27102.000000 7.000000
33853611.000000 28410.000000 9.000000
33073485.000000 22721.000000 6.000000
33139985.000000 20270.000000 34.000000
33625691.000000 22290.000000 5.000000
33915493.000000 25823.000000 9.000000
34141426.000000 23908.000000 12.000000
34109873.000000 22823.000000 32.000000
32862499.000000 23586.000000 3.000000
34282160.000000 24581.000000 13.000000
33456500.000000 24880.000000 35.000000
33553149.000000 28462.000000 6.000000
33465274.000000 22722.000000 26.000000
33682754.000000 21323.000000 11.000000
32919677.000000 20457.000000 9.000000
32985329.000000 21713.000000 134.000000
33971205.000000 26556.000000 3.000000
34471957.000000 28031.000000 8.000000
33958966.000000 30013.000000 8.000000
33056160.000000 22021.000000 42.000000
34104272.000000 24576.000000 0.000000
34505193.000000 26894.000000 14.000000
35220339.000000 31461.000000 5.000000
33354285.000000 21982.000000 5.000000
33999668.000000 29384.000000 225.000000
34573216.000000 29118.000000 10.000000
33220484.000000 23156.000000 9.000000
34818218.000000 28162.000000 8.000000
33954344.000000 22875.000000 0.000000
33665199.000000 23559.000000 6.000000
33717578.000000 24925.000000 16.000000
33771244.000000 22230.000000 9.000000
33887923.000000 22777.000000 11.000000
34608801.000000 27236.000000 9.000000
33519337.000000 22811.000000 7.000000
33921101.000000 22812.000000 179.000000
33045428.000000 23011.000000 13.000000
34578722.000000 26982.000000 9.000000
