32828652.000000 24040.000000 12.000000
32826584.000000 22672.000000 13.000000
35033589.000000 30089.000000 6.000000
33158900.000000 22166.000000 7.000000
32774027.000000 20732.000000 4.000000
32974017.000000 23643.000000 5.000000
34832950.000000 29994.000000 4.000000
35375720.000000 30129.000000 7.000000
34553800.000000 28287.000000 32.000000
34694194.000000 30232.000000 8.000000
34206515.000000 23665.000000 13.000000
33314979.000000 23333.000000 2.000000
33080802.000000 21384.000000 2.000000
33440702.000000 24696.000000 33.000000
33572701.000000 22426.000000 10.000000
33317279.000000 22831.000000 68.000000
32710766.000000 28178.000000 11.000000
33864162.000000 22711.000000 0.000000
32724045.000000 24543.000000 6.000000
32995624.000000 22329.000000 3.000000
33057047.000000 25217.000000 10.000000
32786393.000000 25946.000000 6.000000
33154770.000000 23240.000000 11.000000
33720693.000000 22652.000000 6.000000
33205838.000000 26460.000000 3.000000
32928611.000000 20810.000000 8.000000
33744417.000000 26109.000000 0.000000
33385921.000000 22763.000000 10.000000
33224169.000000 24960.000000 8.000000
33587121.000000 28353.000000 4.000000
33195306.000000 19555.000000 0.000000
35103252.000000 26316.000000 4.000000
32769842.000000 22418.000000 50.000000
34869492.000000 24554.000000 11.000000
31895357.000000 24625.000000 2254.000000
34351433.000000 24220.000000 9.000000
34489136.000000 24829.000000 2.000000
35208105.000000 28531.000000 7.000000
33593997.000000 21611.000000 5.000000
35118348.000000 29565.000000 7.000000
34905829.000000 26651.000000 6.000000
32735794.000000 23033.000000 3.000000
34462926.000000 33160.000000 2.000000
34781719.000000 28547.000000 0.000000
33078389.000000 25510.000000 1.000000
34160303.000000 34436.000000 32.000000
33036211.000000 28852.000000 11.000000
34757205.000000 32748.000000 2.000000
33160805.000000 23583.000000 6.000000
34526383.000000 28642.000000 2.000000
32796697.000000 25165.000000 13.000000
33743476.000000 26458.000000 19.000000
33156104.000000 22348.000000 64.000000
34354728.000000 22759.000000 0.000000
31478295.000000 24880.000000 9.000000
35098443.000000 31193.000000 5.000000
32777769.000000 25687.000000 8.000000
32041210.000000 24137.000000 4.000000
34606165.000000 40096.000000 5.000000
32732354.000000 20015.000000 4.000000
32733863.000000 25187.000000 7.000000
33450597.000000 25669.000000 53.000000
32283496.000000 20096.000000 5.000000
33639521.000000 22667.000000 5.000000
33933484.000000 25932.000000 3.000000
33910115.000000 27089.000000 3.000000
33474531.000000 26676.000000 3.000000
33513264.000000 20368.000000 2.000000
34615890.000000 24767.000000 6.000000
34373492.000000 23520.000000 101.000000
33559304.000000 20710.000000 7.000000
32881953.000000 24514.000000 13.000000
33472700.000000 27968.000000 18.000000
33202390.000000 24265.000000 16.000000
33239115.000000 21477.000000 4.000000
33711452.000000 25990.000000 3.000000
34045448.000000 23697.000000 7.000000
34251564.000000 22211.000000 16.000000
33421957.000000 22120.000000 9.000000
34228352.000000 23758.000000 4.000000
33546815.000000 27748.000000 6.000000
33248790.000000 24243.000000 8.000000
34484354.000000 28521.000000 14.000000
32516646.000000 24248.000000 7.000000
33668575.000000 21626.000000 15.000000
32960935.000000 24081.000000 5.000000
33248705.000000 27529.000000 3.000000
34480845.000000 28890.000000 8.000000
33536777.000000 22898.000000 2.000000
35107438.000000 29574.000000 12.000000
33531394.000000 23430.000000 10.000000
32944873.000000 31356.000000 5.000000
34094432.000000 25224.000000 5.000000
35365111.000000 33839.000000 6.000000
33293742.000000 24545.000000 25.000000
33606821.000000 25417.000000 0.000000
32737056.000000 25252.000000 6.000000
33676938.000000 23233.000000 0.000000
33499749.000000 26411.000000 233.000000
32837236.000000 23715.000000 52.000000
