33091531.000000 17427.000000 342.000000
33398564.000000 20322.000000 707.000000
33677930.000000 19457.000000 281.000000
33050159.000000 23060.000000 460.000000
31971577.000000 19113.000000 858.000000
32861436.000000 18909.000000 315.000000
34625269.000000 17591.000000 99.000000
33538400.000000 20912.000000 530.000000
32383730.000000 20919.000000 603.000000
33431020.000000 17145.000000 252.000000
32540819.000000 21845.000000 363.000000
32689690.000000 18460.000000 677.000000
33498100.000000 17225.000000 548.000000
32844175.000000 17771.000000 526.000000
32857980.000000 20293.000000 365.000000
33627947.000000 20660.000000 261.000000
33565301.000000 19510.000000 397.000000
32828052.000000 18460.000000 636.000000
32659345.000000 18530.000000 409.000000
32639039.000000 20644.000000 617.000000
32683651.000000 18255.000000 857.000000
33499559.000000 20066.000000 643.000000
32628407.000000 18930.000000 973.000000
32663223.000000 18672.000000 856.000000
33088297.000000 23397.000000 1128.000000
32825479.000000 26020.000000 624.000000
33511313.000000 20995.000000 858.000000
33436783.000000 20939.000000 767.000000
33495430.000000 16950.000000 803.000000
33632064.000000 20614.000000 728.000000
33206635.000000 18716.000000 590.000000
33709367.000000 19498.000000 634.000000
32644736.000000 23010.000000 648.000000
34118598.000000 22896.000000 151.000000
33895443.000000 20369.000000 430.000000
32037540.000000 19196.000000 914.000000
32808494.000000 26532.000000 773.000000
33594681.000000 20017.000000 630.000000
32517895.000000 19466.000000 548.000000
32561477.000000 19480.000000 558.000000
32311348.000000 29510.000000 626.000000
33672386.000000 19783.000000 409.000000
33608759.000000 17461.000000 132.000000
33383663.000000 17401.000000 552.000000
32558525.000000 25281.000000 755.000000
32614969.000000 24876.000000 845.000000
32999824.000000 21980.000000 722.000000
32818940.000000 18097.000000 176.000000
32568507.000000 20362.000000 343.000000
32998596.000000 19747.000000 1028.000000
33640534.000000 20953.000000 625.000000
33819342.000000 17674.000000 603.000000
33596006.000000 17423.000000 775.000000
33223665.000000 22096.000000 790.000000
32675759.000000 18475.000000 565.000000
32624778.000000 18391.000000 835.000000
33087592.000000 23320.000000 299.000000
33437700.000000 20354.000000 622.000000
33673911.000000 17701.000000 438.000000
33480452.000000 23483.000000 506.000000
32790405.000000 19094.000000 827.000000
33643084.000000 19277.000000 352.000000
33632862.000000 27628.000000 439.000000
32829717.000000 19390.000000 764.000000
33069061.000000 22071.000000 545.000000
32853471.000000 18266.000000 860.000000
32623089.000000 17938.000000 827.000000
33693045.000000 20388.000000 673.000000
32690553.000000 17231.000000 637.000000
32931586.000000 17786.000000 306.000000
32514781.000000 20119.000000 521.000000
33296391.000000 17607.000000 889.000000
33780433.000000 17950.000000 781.000000
33928656.000000 18107.000000 587.000000
32980626.000000 22273.000000 674.000000
33846005.000000 18848.000000 865.000000
32306148.000000 22029.000000 645.000000
33396643.000000 17565.000000 523.000000
33666793.000000 17346.000000 327.000000
32428316.000000 21771.000000 530.000000
32127868.000000 20094.000000 341.000000
32618972.000000 21586.000000 514.000000
32315288.000000 20055.000000 620.000000
33734452.000000 16641.000000 636.000000
32111597.000000 18145.000000 835.000000
33330673.000000 17411.000000 471.000000
34313383.000000 19315.000000 664.000000
32761211.000000 19351.000000 548.000000
32814771.000000 19504.000000 461.000000
33567654.000000 20583.000000 573.000000
33093219.000000 18451.000000 325.000000
32862988.000000 20761.000000 454.000000
33202353.000000 19666.000000 593.000000
31948778.000000 18973.000000 733.000000
32588554.000000 24366.000000 878.000000
33846725.000000 20516.000000 592.000000
33176391.000000 17724.000000 745.000000
32586451.000000 21587.000000 306.000000
32426534.000000 28387.000000 520.000000
33815544.000000 18934.000000 541.000000
