34885046.000000 23209.000000 215.000000
34715197.000000 22567.000000 108.000000
34461136.000000 26964.000000 22.000000
34572223.000000 25678.000000 24.000000
34551255.000000 22012.000000 315.000000
34657215.000000 21236.000000 24.000000
35150642.000000 20688.000000 30.000000
34691283.000000 21643.000000 540.000000
34826244.000000 23069.000000 70.000000
35179030.000000 21756.000000 75.000000
34657249.000000 25192.000000 69.000000
35034154.000000 19298.000000 43.000000
34809034.000000 20833.000000 113.000000
34853461.000000 25402.000000 493.000000
34767830.000000 26877.000000 46.000000
35065679.000000 25798.000000 228.000000
35181778.000000 27320.000000 404.000000
35105504.000000 24535.000000 209.000000
35512077.000000 20559.000000 374.000000
34953913.000000 25546.000000 63.000000
34901947.000000 21781.000000 127.000000
34772781.000000 24697.000000 147.000000
35176182.000000 21166.000000 58.000000
34848010.000000 26221.000000 146.000000
35092426.000000 27098.000000 164.000000
34654882.000000 22523.000000 126.000000
35077318.000000 21191.000000 139.000000
35103150.000000 23185.000000 152.000000
35119546.000000 25619.000000 241.000000
35075049.000000 22790.000000 34.000000
34716603.000000 24392.000000 76.000000
34881996.000000 25108.000000 240.000000
34651551.000000 25055.000000 299.000000
35470083.000000 21639.000000 27.000000
34896721.000000 22130.000000 168.000000
35093067.000000 26218.000000 147.000000
34872947.000000 25591.000000 8.000000
35229669.000000 24085.000000 49.000000
35031270.000000 28754.000000 39.000000
34868152.000000 26020.000000 29.000000
35236018.000000 25219.000000 348.000000
35207889.000000 23369.000000 147.000000
35236838.000000 23506.000000 53.000000
34883079.000000 31367.000000 113.000000
34985595.000000 24378.000000 105.000000
34811735.000000 26113.000000 80.000000
35363585.000000 25635.000000 27.000000
34815051.000000 20162.000000 196.000000
35079548.000000 26100.000000 281.000000
34603858.000000 29103.000000 65.000000
35268283.000000 22988.000000 67.000000
35097907.000000 22115.000000 313.000000
34366570.000000 23940.000000 72.000000
35212663.000000 24497.000000 23.000000
34192116.000000 24423.000000 155.000000
34901047.000000 23338.000000 423.000000
34841401.000000 25511.000000 116.000000
34898326.000000 34553.000000 41.000000
35476356.000000 26793.000000 23.000000
34867527.000000 22862.000000 87.000000
34511962.000000 25449.000000 146.000000
34838379.000000 23926.000000 426.000000
34867519.000000 21775.000000 113.000000
35338331.000000 22277.000000 501.000000
35553264.000000 23554.000000 324.000000
34848837.000000 24752.000000 69.000000
34392600.000000 21889.000000 187.000000
34817247.000000 23310.000000 224.000000
35072823.000000 22878.000000 98.000000
34661104.000000 21911.000000 232.000000
35217294.000000 22556.000000 268.000000
34630476.000000 19992.000000 129.000000
35045191.000000 22298.000000 192.000000
35163520.000000 22430.000000 43.000000
34940102.000000 21831.000000 85.000000
35078042.000000 27309.000000 209.000000
35113933.000000 24646.000000 92.000000
34838953.000000 20739.000000 60.000000
34941350.000000 23118.000000 194.000000
34978976.000000 26244.000000 91.000000
34636246.000000 23344.000000 185.000000
34479998.000000 22812.000000 18.000000
34685881.000000 23041.000000 150.000000
34683408.000000 26577.000000 115.000000
34476264.000000 31280.000000 142.000000
34848448.000000 23188.000000 75.000000
34860693.000000 24309.000000 35.000000
35420855.000000 23296.000000 164.000000
34806251.000000 24079.000000 218.000000
34792537.000000 30722.000000 168.000000
34525244.000000 21032.000000 137.000000
35209426.000000 23933.000000 363.000000
35075621.000000 23928.000000 390.000000
34800971.000000 30902.000000 430.000000
34984482.000000 25163.000000 149.000000
35126847.000000 26311.000000 369.000000
35235435.000000 22970.000000 105.000000
35189407.000000 23862.000000 16.000000
35177823.000000 22538.000000 130.000000
35240989.000000 25086.000000 16.000000
