5457945.000000 5052.000000 214.000000
5759599.000000 5128.000000 99.000000
5236660.000000 6876.000000 128.000000
6236607.000000 4802.000000 298.000000
5893553.000000 6699.000000 61.000000
6075851.000000 5233.000000 165.000000
5490348.000000 6691.000000 68.000000
6546787.000000 5379.000000 171.000000
5601818.000000 5233.000000 81.000000
4848637.000000 8069.000000 39.000000
5614630.000000 5218.000000 73.000000
4696558.000000 7946.000000 48.000000
4549663.000000 7961.000000 93.000000
3945603.000000 5267.000000 53.000000
4908247.000000 8254.000000 29.000000
4429064.000000 8081.000000 53.000000
4954143.000000 5056.000000 55.000000
4252585.000000 7960.000000 23.000000
4631388.000000 5108.000000 65.000000
4416479.000000 5290.000000 66.000000
4189084.000000 7850.000000 47.000000
5043326.000000 5003.000000 40.000000
4137317.000000 7906.000000 180.000000
4512303.000000 4994.000000 83.000000
5169449.000000 7181.000000 75.000000
4537336.000000 5259.000000 72.000000
4535522.000000 8001.000000 58.000000
4730034.000000 7214.000000 54.000000
5641765.000000 7411.000000 54.000000
5722772.000000 6530.000000 40.000000
5375605.000000 8076.000000 68.000000
5594680.000000 4924.000000 68.000000
6524781.000000 5120.000000 124.000000
6400843.000000 4850.000000 131.000000
6215854.000000 5364.000000 52.000000
5487651.000000 6496.000000 92.000000
5217848.000000 7321.000000 156.000000
5383019.000000 5658.000000 57.000000
4350781.000000 6650.000000 18.000000
5010479.000000 7411.000000 43.000000
5012915.000000 4812.000000 105.000000
4529586.000000 4977.000000 122.000000
4355213.000000 7993.000000 30.000000
3638589.000000 7782.000000 43.000000
4945392.000000 8335.000000 35.000000
4970843.000000 4904.000000 32.000000
4824089.000000 7140.000000 27.000000
4102844.000000 5101.000000 30.000000
5048034.000000 8060.000000 52.000000
4329820.000000 7820.000000 73.000000
4553300.000000 4903.000000 88.000000
4218581.000000 7684.000000 35.000000
4188897.000000 7976.000000 42.000000
4516739.000000 5310.000000 28.000000
4478033.000000 7929.000000 128.000000
4721047.000000 5158.000000 36.000000
4302886.000000 5195.000000 34.000000
5104888.000000 5077.000000 36.000000
4486514.000000 8043.000000 45.000000
4786013.000000 8027.000000 75.000000
5041868.000000 4793.000000 75.000000
5092323.000000 6625.000000 24.000000
3546093.000000 7665.000000 35.000000
4367490.000000 7719.000000 135.000000
4021598.000000 4885.000000 214.000000
4917029.000000 4867.000000 111.000000
4402506.000000 7065.000000 88.000000
5642000.000000 4885.000000 123.000000
4771587.000000 6478.000000 119.000000
5187785.000000 6638.000000 61.000000
4527709.000000 6712.000000 35.000000
5211214.000000 4982.000000 136.000000
5212824.000000 4923.000000 115.000000
5456765.000000 4994.000000 82.000000
5040215.000000 6932.000000 28.000000
5266337.000000 6550.000000 85.000000
5065684.000000 6230.000000 23.000000
4237824.000000 7613.000000 76.000000
5826701.000000 5193.000000 75.000000
4584639.000000 7314.000000 116.000000
5428259.000000 4885.000000 34.000000
4911177.000000 4743.000000 65.000000
4363861.000000 4508.000000 274.000000
5451552.000000 4868.000000 50.000000
4277007.000000 5166.000000 50.000000
4658462.000000 5843.000000 35.000000
4220347.000000 7056.000000 64.000000
5721133.000000 5775.000000 56.000000
4452557.000000 6412.000000 50.000000
4389850.000000 6689.000000 26.000000
5182283.000000 5987.000000 26.000000
5752383.000000 5118.000000 53.000000
5544590.000000 4860.000000 38.000000
5400331.000000 4642.000000 52.000000
6196184.000000 5072.000000 93.000000
6391959.000000 5402.000000 53.000000
4840265.000000 6741.000000 53.000000
5348851.000000 8098.000000 34.000000
4626266.000000 7903.000000 24.000000
4513234.000000 6454.000000 44.000000
