29370517.000000 28400.000000 16113.000000
32301657.000000 33669.000000 5879.000000
30626907.000000 29270.000000 10875.000000
31428054.000000 24877.000000 6611.000000
30750620.000000 26562.000000 6399.000000
26267280.000000 26537.000000 8424.000000
31286405.000000 24848.000000 5351.000000
32933769.000000 27862.000000 3109.000000
33075472.000000 26658.000000 4751.000000
31517790.000000 27284.000000 8081.000000
31490341.000000 28174.000000 9064.000000
26699544.000000 38299.000000 12986.000000
32189800.000000 24924.000000 4221.000000
33804766.000000 25750.000000 3348.000000
30661888.000000 22340.000000 6266.000000
31314141.000000 31395.000000 18361.000000
29663492.000000 28582.000000 14746.000000
31899548.000000 25982.000000 6836.000000
32453991.000000 18313.000000 4191.000000
18218125.000000 42977.000000 61076.000000
32443451.000000 25245.000000 7110.000000
32917498.000000 24943.000000 4692.000000
30846603.000000 31140.000000 9654.000000
32232855.000000 28117.000000 7984.000000
32879321.000000 25832.000000 2637.000000
31146905.000000 25054.000000 3595.000000
31737618.000000 33118.000000 8523.000000
29804527.000000 35392.000000 7877.000000
33419939.000000 24360.000000 6012.000000
31288566.000000 21531.000000 3865.000000
30934722.000000 28031.000000 6174.000000
32216829.000000 25398.000000 3707.000000
31397473.000000 28043.000000 8684.000000
19697345.000000 37831.000000 8895.000000
33454976.000000 26704.000000 6170.000000
29625815.000000 36389.000000 10306.000000
30855662.000000 50522.000000 18747.000000
32561625.000000 21877.000000 4008.000000
31912209.000000 27613.000000 12697.000000
32365009.000000 28920.000000 5456.000000
32017553.000000 30613.000000 5752.000000
33281290.000000 24368.000000 5158.000000
28953716.000000 42308.000000 20876.000000
29683620.000000 35373.000000 14861.000000
31155478.000000 31899.000000 11896.000000
33057158.000000 26540.000000 6086.000000
32014976.000000 28994.000000 6340.000000
31144141.000000 23685.000000 4729.000000
32769128.000000 24653.000000 6161.000000
32337361.000000 32176.000000 8367.000000
32639406.000000 28964.000000 6093.000000
31957090.000000 32163.000000 5024.000000
32875661.000000 30806.000000 4835.000000
31792310.000000 32851.000000 13516.000000
32984116.000000 29823.000000 6003.000000
31412383.000000 34787.000000 11749.000000
32885470.000000 27851.000000 7428.000000
31006057.000000 29016.000000 9263.000000
32411262.000000 24921.000000 5078.000000
31382847.000000 35214.000000 8477.000000
31262807.000000 34951.000000 7966.000000
31838420.000000 30617.000000 9109.000000
33642377.000000 26132.000000 2789.000000
31650467.000000 30665.000000 12150.000000
32084045.000000 32156.000000 12071.000000
30572588.000000 37211.000000 13479.000000
33435378.000000 23383.000000 2770.000000
30255672.000000 26146.000000 10377.000000
32500183.000000 26613.000000 5279.000000
31416836.000000 28937.000000 6516.000000
29187622.000000 45447.000000 23344.000000
31950762.000000 34426.000000 13453.000000
33446018.000000 25955.000000 2966.000000
32767470.000000 26915.000000 3258.000000
31104912.000000 40569.000000 17428.000000
33866169.000000 25034.000000 2902.000000
30238289.000000 23343.000000 4554.000000
33501141.000000 26743.000000 5367.000000
29967624.000000 36871.000000 19340.000000
29737178.000000 31567.000000 12588.000000
34525103.000000 27243.000000 4689.000000
33352001.000000 30647.000000 3235.000000
33127817.000000 29431.000000 6544.000000
27022023.000000 36359.000000 20749.000000
34012836.000000 32469.000000 2795.000000
29995313.000000 26831.000000 5389.000000
30947283.000000 27306.000000 4964.000000
33424767.000000 26370.000000 4981.000000
29206576.000000 31576.000000 11476.000000
32601113.000000 26391.000000 4574.000000
29651854.000000 32262.000000 17833.000000
32914180.000000 30979.000000 2631.000000
30559077.000000 30058.000000 10849.000000
30797684.000000 30875.000000 14763.000000
31625674.000000 30373.000000 15940.000000
31465964.000000 39062.000000 7795.000000
30109359.000000 34571.000000 11508.000000
29863077.000000 34040.000000 11030.000000
31703244.000000 31730.000000 9246.000000
31884161.000000 30500.000000 13415.000000
