33335631.000000 24487.000000 0.000000
33330472.000000 20132.000000 0.000000
32682359.000000 21184.000000 0.000000
33349289.000000 17355.000000 0.000000
32349721.000000 24529.000000 0.000000
33687978.000000 17933.000000 0.000000
32888246.000000 23684.000000 0.000000
32946249.000000 19106.000000 3.000000
33914894.000000 23832.000000 0.000000
32851775.000000 24762.000000 0.000000
34126819.000000 20493.000000 0.000000
33173855.000000 16924.000000 0.000000
32956331.000000 22055.000000 0.000000
33926810.000000 16676.000000 0.000000
33555198.000000 16811.000000 0.000000
33699112.000000 20324.000000 0.000000
33608695.000000 16273.000000 0.000000
32789401.000000 17231.000000 0.000000
33618662.000000 17616.000000 0.000000
33692502.000000 26961.000000 0.000000
33693685.000000 22788.000000 0.000000
32864474.000000 17896.000000 8.000000
33449248.000000 17218.000000 0.000000
33593801.000000 15749.000000 0.000000
33580005.000000 17480.000000 3.000000
33482674.000000 19422.000000 0.000000
33801044.000000 18639.000000 0.000000
33157818.000000 16942.000000 2.000000
33588282.000000 15034.000000 15.000000
33655291.000000 16193.000000 0.000000
32721694.000000 22626.000000 0.000000
33254001.000000 18602.000000 0.000000
33613014.000000 17266.000000 225.000000
33058277.000000 17954.000000 0.000000
33643680.000000 21432.000000 0.000000
33031987.000000 18841.000000 0.000000
33753237.000000 16817.000000 0.000000
32901320.000000 20042.000000 0.000000
33742508.000000 17345.000000 0.000000
33676928.000000 17579.000000 0.000000
33489042.000000 24479.000000 4.000000
32713211.000000 18347.000000 0.000000
33783925.000000 17187.000000 53.000000
33116229.000000 17212.000000 0.000000
33660445.000000 19015.000000 0.000000
33729012.000000 20260.000000 0.000000
33272255.000000 19387.000000 0.000000
33468306.000000 17302.000000 8.000000
33772688.000000 18277.000000 0.000000
32834175.000000 19850.000000 3.000000
32857710.000000 23805.000000 3.000000
33278047.000000 18817.000000 0.000000
33629454.000000 19805.000000 0.000000
33630265.000000 18205.000000 0.000000
33798375.000000 16869.000000 5.000000
33926188.000000 15810.000000 0.000000
33921608.000000 21830.000000 24.000000
32773340.000000 20966.000000 0.000000
32854901.000000 18352.000000 0.000000
33038605.000000 16842.000000 0.000000
32985569.000000 17462.000000 0.000000
32832472.000000 24440.000000 10.000000
33412620.000000 20581.000000 0.000000
33694011.000000 19909.000000 0.000000
33613386.000000 16536.000000 74.000000
33584214.000000 17028.000000 0.000000
33343504.000000 21231.000000 0.000000
33615497.000000 16413.000000 0.000000
33044648.000000 17068.000000 7.000000
33058479.000000 19165.000000 0.000000
33917969.000000 15658.000000 0.000000
33558714.000000 16172.000000 0.000000
33285089.000000 18390.000000 0.000000
33860189.000000 20311.000000 112.000000
33743075.000000 16978.000000 0.000000
33928973.000000 16300.000000 0.000000
32532708.000000 17799.000000 2.000000
33458220.000000 18808.000000 4.000000
33081576.000000 16538.000000 0.000000
33584047.000000 17858.000000 5.000000
33343679.000000 23179.000000 0.000000
33279590.000000 18975.000000 0.000000
33014715.000000 14915.000000 24.000000
33842631.000000 16205.000000 0.000000
33367971.000000 20426.000000 0.000000
32406878.000000 16922.000000 0.000000
33542306.000000 18492.000000 0.000000
33487268.000000 17013.000000 12.000000
33496295.000000 15384.000000 0.000000
33694717.000000 16672.000000 0.000000
32566615.000000 18386.000000 16.000000
33541143.000000 22404.000000 4.000000
33471197.000000 15504.000000 0.000000
34074831.000000 17425.000000 0.000000
33052994.000000 17323.000000 0.000000
32985684.000000 26870.000000 0.000000
33215583.000000 20272.000000 0.000000
33162220.000000 16633.000000 0.000000
33002252.000000 18220.000000 5.000000
33035490.000000 20528.000000 0.000000
