31404313.000000 17997.000000 20.000000
33049088.000000 18218.000000 19.000000
32698136.000000 20806.000000 247.000000
34102392.000000 20142.000000 29.000000
32365660.000000 19246.000000 5.000000
31651659.000000 21838.000000 50.000000
34281698.000000 18764.000000 160.000000
34559894.000000 20016.000000 9.000000
33962306.000000 24211.000000 5.000000
31890095.000000 19481.000000 89.000000
32717732.000000 22676.000000 169.000000
33703954.000000 24675.000000 10.000000
32833082.000000 26293.000000 19.000000
32360471.000000 20774.000000 78.000000
32056922.000000 18916.000000 3.000000
32522499.000000 19517.000000 35.000000
33723887.000000 20720.000000 86.000000
32576575.000000 21022.000000 318.000000
32993042.000000 20724.000000 0.000000
32306245.000000 23549.000000 3.000000
31951821.000000 17634.000000 10.000000
32435754.000000 18727.000000 15.000000
33463537.000000 19311.000000 10.000000
32049909.000000 17586.000000 7.000000
33248404.000000 20694.000000 68.000000
32075463.000000 22172.000000 8.000000
33418672.000000 20971.000000 21.000000
32103842.000000 19784.000000 109.000000
33592580.000000 19517.000000 21.000000
33446564.000000 21251.000000 0.000000
31926087.000000 20032.000000 113.000000
32306511.000000 24296.000000 0.000000
32066133.000000 26890.000000 7.000000
32819649.000000 24243.000000 15.000000
32864630.000000 26729.000000 5.000000
33222809.000000 21454.000000 34.000000
32234763.000000 21466.000000 7.000000
31889636.000000 21472.000000 173.000000
33236561.000000 19839.000000 10.000000
31475053.000000 22687.000000 113.000000
33729868.000000 19726.000000 10.000000
32368205.000000 19649.000000 108.000000
32542557.000000 18908.000000 419.000000
31814692.000000 19680.000000 3.000000
32113840.000000 22234.000000 46.000000
32277547.000000 21151.000000 504.000000
33849514.000000 21096.000000 102.000000
32213247.000000 25891.000000 0.000000
33899829.000000 20483.000000 29.000000
32371700.000000 20847.000000 0.000000
33377998.000000 20909.000000 112.000000
32045933.000000 21800.000000 9.000000
32082295.000000 24673.000000 0.000000
33864359.000000 25292.000000 5.000000
32986021.000000 23768.000000 24.000000
32414433.000000 19594.000000 90.000000
32083000.000000 18635.000000 99.000000
33298200.000000 18924.000000 5.000000
32717967.000000 18668.000000 7.000000
32566874.000000 19616.000000 0.000000
33806817.000000 22260.000000 428.000000
33839371.000000 21616.000000 0.000000
32761189.000000 24967.000000 676.000000
32415778.000000 24556.000000 195.000000
32741802.000000 28084.000000 0.000000
33800143.000000 25245.000000 118.000000
33315768.000000 21604.000000 53.000000
32153966.000000 21329.000000 4.000000
32884352.000000 18919.000000 0.000000
33346327.000000 24992.000000 5.000000
34002630.000000 19397.000000 73.000000
32167529.000000 20212.000000 25.000000
33302907.000000 18733.000000 136.000000
32873659.000000 28508.000000 10.000000
33068422.000000 21902.000000 122.000000
32650813.000000 20505.000000 5.000000
33190280.000000 27956.000000 0.000000
33659996.000000 20061.000000 10.000000
32030919.000000 20010.000000 119.000000
33501135.000000 21803.000000 5.000000
35111298.000000 22278.000000 15.000000
32157554.000000 20141.000000 0.000000
32048946.000000 20419.000000 195.000000
31762660.000000 27241.000000 68.000000
31783736.000000 19178.000000 10.000000
33453549.000000 20963.000000 10.000000
33685853.000000 20144.000000 15.000000
32724055.000000 20950.000000 0.000000
33144118.000000 28513.000000 0.000000
33111084.000000 23661.000000 0.000000
33405540.000000 28476.000000 343.000000
33197512.000000 20666.000000 0.000000
33593538.000000 23640.000000 5.000000
32564806.000000 27477.000000 185.000000
31849571.000000 24287.000000 6.000000
31964607.000000 20254.000000 181.000000
33331472.000000 20901.000000 19.000000
33824637.000000 26174.000000 15.000000
33584640.000000 23953.000000 15.000000
32895666.000000 26674.000000 15.000000
