33652143.000000 17969.000000 68.000000
32945059.000000 20705.000000 439.000000
33397249.000000 17283.000000 81.000000
33750961.000000 22573.000000 374.000000
33622809.000000 19320.000000 274.000000
32929906.000000 21793.000000 195.000000
33494886.000000 23907.000000 404.000000
33285826.000000 18424.000000 70.000000
33415987.000000 18697.000000 10.000000
33764563.000000 21795.000000 578.000000
32698173.000000 19971.000000 22.000000
32778537.000000 17683.000000 22.000000
32571567.000000 16621.000000 147.000000
33281625.000000 18956.000000 8.000000
33627666.000000 18042.000000 379.000000
33182713.000000 19440.000000 128.000000
33677713.000000 21230.000000 92.000000
33862405.000000 28514.000000 10.000000
32989925.000000 20695.000000 539.000000
32490100.000000 21832.000000 108.000000
33881986.000000 17935.000000 131.000000
33462064.000000 18083.000000 364.000000
32427767.000000 21864.000000 130.000000
33685056.000000 16839.000000 539.000000
33605328.000000 26799.000000 461.000000
32419189.000000 24520.000000 421.000000
32922060.000000 19262.000000 219.000000
33029116.000000 16265.000000 153.000000
33029587.000000 17781.000000 61.000000
32673493.000000 19547.000000 595.000000
33663630.000000 21111.000000 24.000000
33075560.000000 17810.000000 246.000000
33117776.000000 18459.000000 159.000000
33162710.000000 22476.000000 119.000000
33253585.000000 17445.000000 83.000000
33638806.000000 17892.000000 65.000000
33719178.000000 18687.000000 325.000000
33597678.000000 21603.000000 160.000000
32794379.000000 21583.000000 528.000000
34093083.000000 16302.000000 345.000000
33837091.000000 18675.000000 87.000000
32850535.000000 16556.000000 472.000000
33465125.000000 21643.000000 369.000000
32867553.000000 17206.000000 218.000000
33146039.000000 18268.000000 251.000000
32834178.000000 20912.000000 256.000000
33513834.000000 20612.000000 122.000000
33448163.000000 19125.000000 330.000000
32416635.000000 26116.000000 662.000000
32930535.000000 20129.000000 139.000000
31600205.000000 19547.000000 423.000000
33091344.000000 24749.000000 388.000000
33092089.000000 28032.000000 102.000000
33216917.000000 19482.000000 706.000000
33264278.000000 21180.000000 68.000000
33906689.000000 19496.000000 437.000000
32236190.000000 17704.000000 180.000000
33094698.000000 24361.000000 345.000000
32755601.000000 28014.000000 66.000000
32906113.000000 17698.000000 49.000000
33510556.000000 21679.000000 209.000000
33402179.000000 23251.000000 58.000000
33457468.000000 20067.000000 112.000000
32889505.000000 22130.000000 54.000000
32958195.000000 21552.000000 190.000000
32874986.000000 27209.000000 0.000000
33763925.000000 17059.000000 92.000000
33624343.000000 23559.000000 348.000000
33472435.000000 19544.000000 153.000000
33429665.000000 20810.000000 97.000000
33060690.000000 19326.000000 55.000000
33016523.000000 17770.000000 9.000000
33565946.000000 20258.000000 388.000000
33331085.000000 20958.000000 15.000000
33224857.000000 21240.000000 5.000000
33764951.000000 16567.000000 194.000000
33734422.000000 17278.000000 44.000000
33570674.000000 20849.000000 432.000000
33668375.000000 18920.000000 40.000000
33117205.000000 18491.000000 286.000000
33706189.000000 19906.000000 211.000000
33951856.000000 18654.000000 70.000000
33385465.000000 18738.000000 73.000000
33406408.000000 26594.000000 0.000000
33277993.000000 21341.000000 121.000000
31333451.000000 28044.000000 351.000000
33663212.000000 18915.000000 63.000000
31869844.000000 17621.000000 279.000000
33238341.000000 22337.000000 195.000000
33424390.000000 19225.000000 87.000000
33360358.000000 19972.000000 39.000000
33240733.000000 23447.000000 136.000000
32974639.000000 17701.000000 134.000000
33478777.000000 20950.000000 10.000000
33245709.000000 19056.000000 417.000000
33309957.000000 19747.000000 330.000000
32799550.000000 16858.000000 273.000000
31906006.000000 18945.000000 438.000000
33857645.000000 18684.000000 44.000000
32633748.000000 18813.000000 302.000000
