33678964.000000 18372.000000 734.000000
33652478.000000 18780.000000 392.000000
38582133.000000 25279.000000 339.000000
32154671.000000 23983.000000 341.000000
32624313.000000 21957.000000 234.000000
35671859.000000 20445.000000 758.000000
32568595.000000 20024.000000 209.000000
33593770.000000 22171.000000 762.000000
31656514.000000 18223.000000 477.000000
33373907.000000 15986.000000 364.000000
32786563.000000 22615.000000 239.000000
33305857.000000 26975.000000 44.000000
33476595.000000 15827.000000 30.000000
33969085.000000 18944.000000 243.000000
33023297.000000 17129.000000 371.000000
33176140.000000 21072.000000 102.000000
33370671.000000 18281.000000 598.000000
33678930.000000 17790.000000 107.000000
32770429.000000 22878.000000 104.000000
32920001.000000 17148.000000 179.000000
31241911.000000 27442.000000 405.000000
32781188.000000 19519.000000 79.000000
33181652.000000 20309.000000 602.000000
32319327.000000 20204.000000 231.000000
32468725.000000 20572.000000 88.000000
32656851.000000 21562.000000 550.000000
33010587.000000 19971.000000 282.000000
33282276.000000 18963.000000 184.000000
33833474.000000 22226.000000 452.000000
33681081.000000 19456.000000 185.000000
33258291.000000 16727.000000 254.000000
33185000.000000 22032.000000 121.000000
32632207.000000 19461.000000 243.000000
31426342.000000 20893.000000 112.000000
33445537.000000 17632.000000 278.000000
33808272.000000 17763.000000 641.000000
33344404.000000 20090.000000 97.000000
32524045.000000 29390.000000 390.000000
32756929.000000 19154.000000 411.000000
33374627.000000 18557.000000 796.000000
31933899.000000 18396.000000 297.000000
33709715.000000 19263.000000 282.000000
32939962.000000 18528.000000 474.000000
33124763.000000 19755.000000 87.000000
33075413.000000 21593.000000 466.000000
32430280.000000 23845.000000 338.000000
33461708.000000 21942.000000 611.000000
32946745.000000 18578.000000 179.000000
33020178.000000 27638.000000 370.000000
31413506.000000 24131.000000 103.000000
33723737.000000 19971.000000 478.000000
32869381.000000 19159.000000 146.000000
33094578.000000 21337.000000 533.000000
33249188.000000 19349.000000 723.000000
33233997.000000 22635.000000 1408.000000
33622126.000000 19858.000000 310.000000
32882443.000000 17867.000000 613.000000
33612868.000000 26728.000000 670.000000
32556458.000000 20431.000000 781.000000
32728613.000000 26479.000000 253.000000
33214964.000000 21597.000000 146.000000
33218723.000000 20867.000000 777.000000
33116385.000000 24685.000000 670.000000
32661783.000000 22474.000000 345.000000
32706902.000000 20542.000000 637.000000
32303309.000000 20481.000000 564.000000
33383949.000000 18860.000000 325.000000
33522227.000000 24633.000000 306.000000
32258407.000000 23006.000000 679.000000
32739818.000000 19074.000000 432.000000
33824007.000000 22312.000000 432.000000
32828317.000000 24587.000000 450.000000
33098796.000000 19556.000000 734.000000
33663885.000000 19100.000000 388.000000
44353791.000000 26396.000000 546.000000
33400999.000000 19433.000000 389.000000
33628721.000000 16396.000000 267.000000
33516680.000000 17521.000000 53.000000
33408891.000000 22171.000000 92.000000
32604223.000000 27546.000000 394.000000
33235242.000000 20416.000000 170.000000
32891501.000000 20953.000000 408.000000
33046329.000000 20399.000000 133.000000
32904786.000000 32511.000000 396.000000
32967903.000000 19603.000000 593.000000
33171832.000000 18001.000000 236.000000
33204429.000000 24929.000000 675.000000
33710152.000000 19569.000000 223.000000
33863731.000000 20884.000000 160.000000
32619046.000000 21051.000000 371.000000
33168496.000000 18481.000000 428.000000
36586256.000000 20050.000000 923.000000
32696033.000000 19797.000000 428.000000
32635881.000000 16902.000000 458.000000
33460210.000000 21346.000000 435.000000
32857326.000000 20389.000000 705.000000
33530215.000000 20380.000000 797.000000
32597190.000000 19683.000000 95.000000
33477532.000000 16527.000000 1087.000000
33740136.000000 20563.000000 291.000000
