27233300.000000 12687.000000 1957.000000
27517760.000000 10921.000000 1878.000000
26777827.000000 11255.000000 1868.000000
27309543.000000 11274.000000 1947.000000
27849693.000000 11050.000000 1877.000000
26949789.000000 13710.000000 1734.000000
28102794.000000 13520.000000 1655.000000
27188983.000000 11551.000000 1867.000000
27663194.000000 11906.000000 1606.000000
26976998.000000 11604.000000 2005.000000
28018447.000000 11951.000000 2015.000000
27690631.000000 12385.000000 1663.000000
27506944.000000 12877.000000 1763.000000
27057609.000000 11791.000000 1645.000000
27730055.000000 13466.000000 1808.000000
26535377.000000 12131.000000 1848.000000
27456300.000000 14518.000000 1834.000000
26706626.000000 11015.000000 1867.000000
26636669.000000 12386.000000 1710.000000
27454219.000000 12875.000000 1950.000000
26757086.000000 12617.000000 1598.000000
26969709.000000 14352.000000 1439.000000
26914144.000000 11060.000000 1496.000000
27850360.000000 11390.000000 1953.000000
26841596.000000 11767.000000 1891.000000
27709098.000000 11165.000000 1679.000000
27530455.000000 18895.000000 2000.000000
26831820.000000 12905.000000 1857.000000
28368835.000000 12981.000000 2029.000000
27906922.000000 14755.000000 1357.000000
27704810.000000 12678.000000 1825.000000
27634815.000000 14442.000000 1658.000000
27176559.000000 12797.000000 1802.000000
27984044.000000 12109.000000 1691.000000
27751056.000000 12099.000000 1693.000000
27482133.000000 15135.000000 1643.000000
27617490.000000 13776.000000 1644.000000
26736468.000000 13927.000000 1830.000000
27562432.000000 11558.000000 1926.000000
27745198.000000 13219.000000 1918.000000
26828148.000000 11195.000000 1586.000000
27312559.000000 11626.000000 1680.000000
27436487.000000 12592.000000 1852.000000
27154609.000000 11834.000000 1926.000000
26735306.000000 12085.000000 1857.000000
27756530.000000 12885.000000 1907.000000
28256684.000000 12833.000000 1601.000000
26616883.000000 11466.000000 1526.000000
27260477.000000 13105.000000 1968.000000
27255900.000000 12164.000000 1638.000000
27986841.000000 11763.000000 1707.000000
27599832.000000 11505.000000 1765.000000
27149778.000000 12024.000000 1745.000000
26963028.000000 12616.000000 2015.000000
27440427.000000 11243.000000 1844.000000
27651072.000000 11571.000000 1975.000000
27557421.000000 12837.000000 1593.000000
27434461.000000 12523.000000 1799.000000
27891458.000000 11909.000000 1637.000000
27304805.000000 13514.000000 1752.000000
27619005.000000 14149.000000 1759.000000
27604064.000000 11254.000000 1888.000000
27303260.000000 13815.000000 1636.000000
26490686.000000 11318.000000 1905.000000
27631626.000000 11167.000000 1757.000000
27220242.000000 13045.000000 1920.000000
26420160.000000 11646.000000 1861.000000
27628227.000000 11409.000000 1978.000000
27261452.000000 14424.000000 1763.000000
27148903.000000 10875.000000 1769.000000
27122901.000000 11370.000000 1947.000000
26365559.000000 14963.000000 1605.000000
27715108.000000 12732.000000 2071.000000
27675975.000000 13427.000000 1404.000000
27016938.000000 11317.000000 1538.000000
27952210.000000 14529.000000 1416.000000
26732638.000000 13395.000000 1431.000000
26642913.000000 14838.000000 1640.000000
28121683.000000 12277.000000 1906.000000
27597194.000000 12660.000000 1867.000000
26812875.000000 15504.000000 1902.000000
26581805.000000 11672.000000 1793.000000
28351256.000000 11657.000000 2041.000000
26436637.000000 11808.000000 1673.000000
27639669.000000 14193.000000 1874.000000
26515870.000000 13804.000000 1511.000000
26885230.000000 12043.000000 1784.000000
26835102.000000 11069.000000 1535.000000
27394051.000000 10934.000000 1726.000000
27670438.000000 11344.000000 1884.000000
26897369.000000 11359.000000 1843.000000
27734069.000000 11472.000000 1604.000000
27502894.000000 13044.000000 1778.000000
28356223.000000 11502.000000 1760.000000
28052991.000000 11422.000000 1899.000000
27235323.000000 11963.000000 1420.000000
27453332.000000 12379.000000 2067.000000
27606589.000000 12113.000000 1657.000000
27174511.000000 12093.000000 1825.000000
27387784.000000 12453.000000 1696.000000
