27872630.000000 12881.000000 1593.000000
26281079.000000 11729.000000 1413.000000
28045725.000000 11885.000000 1376.000000
26993165.000000 13427.000000 1186.000000
27102271.000000 11558.000000 1068.000000
27291886.000000 11775.000000 1613.000000
27498742.000000 12001.000000 891.000000
28007243.000000 12008.000000 1332.000000
27050601.000000 13267.000000 1097.000000
26505745.000000 11486.000000 1661.000000
27720684.000000 11641.000000 1283.000000
26955991.000000 11716.000000 1576.000000
28086185.000000 12590.000000 1441.000000
26985453.000000 11704.000000 1361.000000
27697881.000000 12559.000000 1773.000000
26625629.000000 12722.000000 1251.000000
27804215.000000 10799.000000 1657.000000
26678031.000000 11830.000000 1434.000000
27894428.000000 12595.000000 1558.000000
26631372.000000 13112.000000 985.000000
27263234.000000 12180.000000 1570.000000
27212794.000000 14339.000000 1330.000000
26813197.000000 12284.000000 1278.000000
27300107.000000 13068.000000 999.000000
27356525.000000 12620.000000 1522.000000
26642709.000000 11907.000000 1508.000000
27132438.000000 14736.000000 1357.000000
28403801.000000 11979.000000 1218.000000
26876358.000000 12690.000000 1411.000000
26142618.000000 13229.000000 1038.000000
27623227.000000 14597.000000 1413.000000
26791256.000000 11772.000000 1092.000000
27233012.000000 12536.000000 1455.000000
27335317.000000 11918.000000 813.000000
27365887.000000 12752.000000 863.000000
26599496.000000 13522.000000 1051.000000
27825319.000000 11945.000000 1583.000000
26657502.000000 12812.000000 1228.000000
27814846.000000 12396.000000 1537.000000
28466097.000000 11966.000000 1319.000000
27886839.000000 12163.000000 1882.000000
27358839.000000 13338.000000 1303.000000
27983784.000000 14870.000000 1360.000000
26591876.000000 13628.000000 892.000000
28158868.000000 12819.000000 1808.000000
27698701.000000 11628.000000 1511.000000
27485692.000000 13873.000000 1265.000000
27865146.000000 11772.000000 1469.000000
27905729.000000 12365.000000 1668.000000
27764703.000000 12127.000000 1444.000000
27408169.000000 14043.000000 1133.000000
28384641.000000 12565.000000 1677.000000
26492615.000000 11383.000000 1620.000000
25554476.000000 11260.000000 282.000000
27172421.000000 14864.000000 1297.000000
28018652.000000 12029.000000 1229.000000
26095224.000000 11357.000000 1165.000000
26680033.000000 12229.000000 1759.000000
25581417.000000 11459.000000 1280.000000
27556577.000000 12083.000000 1514.000000
26619171.000000 12768.000000 1506.000000
26988491.000000 16001.000000 1275.000000
27409409.000000 13587.000000 899.000000
27871362.000000 11363.000000 727.000000
27372264.000000 14001.000000 1254.000000
26918332.000000 12708.000000 1305.000000
28022854.000000 11519.000000 1518.000000
28249189.000000 12048.000000 1742.000000
28165996.000000 15181.000000 1178.000000
26855488.000000 13002.000000 1215.000000
27797429.000000 13019.000000 1299.000000
27727794.000000 12012.000000 2013.000000
28234615.000000 13445.000000 937.000000
28303109.000000 13821.000000 1340.000000
27781665.000000 14583.000000 1190.000000
27213017.000000 11475.000000 1371.000000
26420691.000000 14226.000000 1494.000000
26664860.000000 12412.000000 1176.000000
27668898.000000 15093.000000 1276.000000
27777736.000000 11236.000000 1596.000000
27470291.000000 14678.000000 1086.000000
27709816.000000 11470.000000 1261.000000
27005857.000000 11695.000000 1627.000000
27189780.000000 13656.000000 1784.000000
26929227.000000 13932.000000 1505.000000
27474996.000000 11452.000000 1319.000000
27803487.000000 12705.000000 860.000000
28032323.000000 11956.000000 1998.000000
27583732.000000 14756.000000 1433.000000
27443451.000000 12478.000000 1222.000000
26944877.000000 12093.000000 1585.000000
27493254.000000 12767.000000 1538.000000
27405459.000000 12722.000000 1071.000000
26583249.000000 12329.000000 1838.000000
27640311.000000 12128.000000 1267.000000
26941209.000000 15659.000000 1439.000000
26856108.000000 12636.000000 1364.000000
26956708.000000 12691.000000 1385.000000
28376213.000000 12371.000000 1544.000000
28153332.000000 11671.000000 1344.000000
