32812405.000000 23662.000000 2451.000000
33246692.000000 20878.000000 2476.000000
32179045.000000 24011.000000 2387.000000
33107728.000000 22198.000000 2510.000000
32999575.000000 24598.000000 2348.000000
32994662.000000 20798.000000 2346.000000
32023584.000000 24609.000000 2020.000000
33047307.000000 20121.000000 2622.000000
32387492.000000 22208.000000 2468.000000
32192481.000000 26531.000000 2435.000000
32035713.000000 27171.000000 2350.000000
32791425.000000 24648.000000 2381.000000
32700055.000000 24941.000000 2486.000000
32972793.000000 24782.000000 2597.000000
32232570.000000 24111.000000 2441.000000
32366661.000000 24435.000000 2514.000000
32549423.000000 22907.000000 2563.000000
32766169.000000 24470.000000 2549.000000
32032761.000000 31042.000000 2444.000000
32408655.000000 23895.000000 2493.000000
32103910.000000 22406.000000 2497.000000
31815870.000000 27330.000000 2649.000000
32509610.000000 21250.000000 2388.000000
32323552.000000 22693.000000 2353.000000
33176765.000000 20076.000000 2276.000000
32059927.000000 19867.000000 2544.000000
32402842.000000 20543.000000 2460.000000
32276298.000000 25400.000000 2535.000000
32930435.000000 22918.000000 2513.000000
32731832.000000 24558.000000 2556.000000
32838965.000000 25284.000000 2418.000000
32708664.000000 27899.000000 2354.000000
32917530.000000 26241.000000 2502.000000
31673090.000000 26132.000000 2242.000000
32970723.000000 25008.000000 2386.000000
32716888.000000 25311.000000 2368.000000
32741069.000000 21926.000000 2211.000000
32916862.000000 21180.000000 2401.000000
31828958.000000 30450.000000 2329.000000
31961299.000000 23011.000000 2464.000000
32309273.000000 20394.000000 2361.000000
32556341.000000 22327.000000 2485.000000
32646658.000000 22103.000000 2498.000000
32260688.000000 19622.000000 2332.000000
32806883.000000 23602.000000 2118.000000
32808941.000000 24310.000000 2422.000000
32465708.000000 21612.000000 2383.000000
32322271.000000 29350.000000 2384.000000
32873725.000000 22003.000000 2544.000000
32380701.000000 21564.000000 2380.000000
32377889.000000 24211.000000 2230.000000
32803449.000000 21697.000000 2486.000000
32591785.000000 19936.000000 2523.000000
32016639.000000 21505.000000 2548.000000
32737432.000000 21337.000000 2435.000000
32445221.000000 27558.000000 2637.000000
32323895.000000 29132.000000 2343.000000
32481723.000000 22997.000000 2274.000000
32875276.000000 22522.000000 2333.000000
32427209.000000 21547.000000 2524.000000
32354699.000000 21021.000000 2372.000000
32820868.000000 22050.000000 2506.000000
32947978.000000 25323.000000 2500.000000
32360411.000000 25304.000000 2552.000000
32751729.000000 27447.000000 2578.000000
32139041.000000 25857.000000 2440.000000
32564113.000000 22554.000000 2631.000000
32284320.000000 22707.000000 2351.000000
32723070.000000 26704.000000 2462.000000
32147962.000000 22709.000000 2490.000000
32883637.000000 26948.000000 2682.000000
33028122.000000 21102.000000 2593.000000
32594995.000000 25252.000000 2559.000000
32732410.000000 20932.000000 2492.000000
32981988.000000 23215.000000 2473.000000
32734284.000000 25969.000000 2558.000000
33039422.000000 21456.000000 2556.000000
32495419.000000 21899.000000 2506.000000
32722096.000000 19634.000000 2518.000000
32060327.000000 22186.000000 2564.000000
32033304.000000 22696.000000 2509.000000
32394073.000000 24215.000000 2538.000000
32093736.000000 29242.000000 2512.000000
32172779.000000 22357.000000 2654.000000
32811980.000000 21254.000000 2636.000000
32877938.000000 21642.000000 2491.000000
32325990.000000 22487.000000 2631.000000
32602738.000000 23767.000000 2488.000000
32515897.000000 20558.000000 2597.000000
32012224.000000 22791.000000 2507.000000
32491566.000000 24764.000000 2593.000000
33078521.000000 19435.000000 2560.000000
31926187.000000 23761.000000 2517.000000
32209322.000000 19687.000000 2579.000000
32076216.000000 24531.000000 2559.000000
32709557.000000 22301.000000 2624.000000
31919931.000000 22490.000000 2445.000000
32255011.000000 23013.000000 2500.000000
32777712.000000 22177.000000 2517.000000
32451682.000000 28626.000000 2566.000000
