26211412.000000 10877.000000 305.000000
26374458.000000 12042.000000 347.000000
26836345.000000 14275.000000 70.000000
28241618.000000 15124.000000 320.000000
26832492.000000 11476.000000 125.000000
27569050.000000 14970.000000 282.000000
27560089.000000 11359.000000 384.000000
26206930.000000 15342.000000 754.000000
26008833.000000 11335.000000 413.000000
26789933.000000 11510.000000 943.000000
26899736.000000 11071.000000 354.000000
26832250.000000 13560.000000 521.000000
27421948.000000 12595.000000 244.000000
26634591.000000 11079.000000 534.000000
26593441.000000 14390.000000 378.000000
27090420.000000 12364.000000 439.000000
26833435.000000 11942.000000 498.000000
26265426.000000 12454.000000 274.000000
27262021.000000 11424.000000 463.000000
27010504.000000 13627.000000 321.000000
27312978.000000 12301.000000 745.000000
28090285.000000 12279.000000 836.000000
27104030.000000 11503.000000 171.000000
27194065.000000 13351.000000 642.000000
27552649.000000 12173.000000 366.000000
26882630.000000 11626.000000 375.000000
26024279.000000 11615.000000 14.000000
26410072.000000 10799.000000 310.000000
26878445.000000 13017.000000 207.000000
26307437.000000 12194.000000 1051.000000
27249206.000000 13245.000000 466.000000
26281077.000000 12510.000000 207.000000
27003173.000000 12427.000000 539.000000
25754731.000000 13104.000000 733.000000
26436210.000000 11403.000000 424.000000
26423962.000000 12809.000000 250.000000
26283429.000000 13635.000000 470.000000
26254183.000000 11623.000000 350.000000
26135002.000000 12311.000000 209.000000
25731943.000000 11170.000000 687.000000
27085444.000000 10955.000000 367.000000
25255263.000000 12890.000000 692.000000
26128914.000000 11940.000000 624.000000
26238016.000000 12361.000000 504.000000
25485247.000000 11711.000000 800.000000
26137026.000000 12307.000000 496.000000
27726274.000000 14169.000000 283.000000
26577847.000000 13720.000000 271.000000
26130236.000000 16889.000000 461.000000
26203108.000000 11676.000000 937.000000
26903259.000000 12185.000000 259.000000
27465071.000000 11296.000000 453.000000
27308141.000000 11699.000000 442.000000
26268449.000000 11767.000000 125.000000
26872348.000000 11369.000000 718.000000
26390435.000000 10572.000000 730.000000
26612064.000000 11959.000000 435.000000
27109412.000000 13423.000000 384.000000
27911864.000000 14085.000000 773.000000
27436813.000000 10762.000000 384.000000
27176049.000000 11321.000000 559.000000
27579273.000000 13897.000000 297.000000
27247638.000000 15247.000000 653.000000
26843411.000000 13555.000000 478.000000
27193372.000000 13553.000000 800.000000
26871099.000000 11098.000000 491.000000
26939223.000000 13275.000000 382.000000
25213335.000000 13935.000000 1141.000000
28608660.000000 11767.000000 603.000000
25402474.000000 12443.000000 395.000000
26414844.000000 13799.000000 713.000000
26857212.000000 12163.000000 634.000000
26803651.000000 11367.000000 602.000000
26926300.000000 11663.000000 362.000000
27285985.000000 12436.000000 800.000000
25183420.000000 12620.000000 581.000000
26807852.000000 12053.000000 239.000000
26631005.000000 11077.000000 662.000000
28393645.000000 13863.000000 234.000000
27718887.000000 15056.000000 316.000000
27164037.000000 13469.000000 408.000000
26922207.000000 12300.000000 237.000000
26988483.000000 14723.000000 487.000000
27275869.000000 11502.000000 140.000000
26641017.000000 12366.000000 65.000000
28120534.000000 12571.000000 202.000000
27883750.000000 12386.000000 414.000000
27911675.000000 13431.000000 903.000000
27466080.000000 12923.000000 275.000000
25474200.000000 13059.000000 515.000000
26877022.000000 15993.000000 435.000000
27732832.000000 12040.000000 585.000000
27178263.000000 12465.000000 98.000000
25391574.000000 11175.000000 902.000000
26693526.000000 12250.000000 142.000000
25438779.000000 11798.000000 179.000000
25109654.000000 12725.000000 523.000000
26187370.000000 12980.000000 726.000000
26123702.000000 10587.000000 448.000000
27505917.000000 12334.000000 158.000000
