32884529.000000 22249.000000 3.000000
33210836.000000 21218.000000 0.000000
33063997.000000 22663.000000 0.000000
32940032.000000 16864.000000 1.000000
33316923.000000 17522.000000 0.000000
33427639.000000 22439.000000 0.000000
33578792.000000 22309.000000 1.000000
32721714.000000 23081.000000 0.000000
33170049.000000 20447.000000 1.000000
33438878.000000 19910.000000 0.000000
32834520.000000 21305.000000 0.000000
32758188.000000 28066.000000 0.000000
32567121.000000 20305.000000 1.000000
33261305.000000 25318.000000 0.000000
33347226.000000 18782.000000 0.000000
33186396.000000 20790.000000 0.000000
33087516.000000 23546.000000 3.000000
32815590.000000 21876.000000 0.000000
32804974.000000 17883.000000 0.000000
33273522.000000 20432.000000 3.000000
33074180.000000 19356.000000 1.000000
32848318.000000 22046.000000 0.000000
33252411.000000 21449.000000 1.000000
33437025.000000 21197.000000 1.000000
32523880.000000 25267.000000 0.000000
32835516.000000 20517.000000 1.000000
32882078.000000 27623.000000 5.000000
32776140.000000 24360.000000 0.000000
33254314.000000 19846.000000 1.000000
33415212.000000 18455.000000 1.000000
32879357.000000 26405.000000 14.000000
33987601.000000 27566.000000 3.000000
33146651.000000 19283.000000 1.000000
33639325.000000 20056.000000 0.000000
33036709.000000 26902.000000 0.000000
32633547.000000 25973.000000 8.000000
32921919.000000 23962.000000 0.000000
32609004.000000 21640.000000 0.000000
32686267.000000 18185.000000 5.000000
33279191.000000 24511.000000 3.000000
33399247.000000 23578.000000 3.000000
32899925.000000 22501.000000 1.000000
33045679.000000 19475.000000 1.000000
32901522.000000 17184.000000 0.000000
33259883.000000 22464.000000 0.000000
32816423.000000 23722.000000 1.000000
33057091.000000 17510.000000 1.000000
33265687.000000 22941.000000 2.000000
33007167.000000 24778.000000 1.000000
33150416.000000 24247.000000 0.000000
33434036.000000 23738.000000 0.000000
32789348.000000 24689.000000 1.000000
33043027.000000 25167.000000 0.000000
33240129.000000 18737.000000 0.000000
33159101.000000 19448.000000 3.000000
33197671.000000 18582.000000 1.000000
32963274.000000 21341.000000 1.000000
33272668.000000 19998.000000 3.000000
32929141.000000 17926.000000 1.000000
33642848.000000 23081.000000 2.000000
33347495.000000 21428.000000 0.000000
33630805.000000 20874.000000 1.000000
33007809.000000 22206.000000 0.000000
32623937.000000 20759.000000 1.000000
32956401.000000 21571.000000 0.000000
32918462.000000 17259.000000 1.000000
33081656.000000 22931.000000 1.000000
33619361.000000 25605.000000 1.000000
33204175.000000 18649.000000 1.000000
33035535.000000 19365.000000 1.000000
33297691.000000 17854.000000 3.000000
32819874.000000 23287.000000 3.000000
33676540.000000 18000.000000 1.000000
33361547.000000 18728.000000 0.000000
32568215.000000 25786.000000 0.000000
32454898.000000 24576.000000 0.000000
32797198.000000 23241.000000 0.000000
32964205.000000 17082.000000 0.000000
32501334.000000 23324.000000 1.000000
33473086.000000 17972.000000 0.000000
33370461.000000 26427.000000 4.000000
33123123.000000 16858.000000 5.000000
34279512.000000 27195.000000 0.000000
33093921.000000 19874.000000 1.000000
32985477.000000 18997.000000 1.000000
32997346.000000 20654.000000 31.000000
33296396.000000 19801.000000 3.000000
33224350.000000 25997.000000 1.000000
33066820.000000 24024.000000 15.000000
32755111.000000 24606.000000 1.000000
33037332.000000 19168.000000 1.000000
33132631.000000 20799.000000 1.000000
33363806.000000 20466.000000 1.000000
32883850.000000 19820.000000 3.000000
33057154.000000 18150.000000 0.000000
33238385.000000 21026.000000 11.000000
33028923.000000 19584.000000 29.000000
33372167.000000 20876.000000 0.000000
33219512.000000 22841.000000 1.000000
33324611.000000 22585.000000 1.000000
