31201411.000000 25360.000000 2441.000000
30088150.000000 22752.000000 3422.000000
31648906.000000 24386.000000 2128.000000
31375118.000000 25677.000000 2607.000000
32032496.000000 28979.000000 2341.000000
32100000.000000 22575.000000 2266.000000
31756961.000000 22564.000000 2383.000000
31725841.000000 24234.000000 2172.000000
32067177.000000 22036.000000 2188.000000
31098711.000000 20877.000000 2679.000000
31830876.000000 26107.000000 2276.000000
29743730.000000 26191.000000 2717.000000
32036761.000000 23952.000000 2177.000000
31793379.000000 25856.000000 2490.000000
31858817.000000 21833.000000 2225.000000
30912944.000000 23269.000000 2582.000000
31037107.000000 27258.000000 1979.000000
31294770.000000 22944.000000 2074.000000
31753160.000000 24826.000000 2101.000000
31611415.000000 27149.000000 2762.000000
30150925.000000 25259.000000 2299.000000
31356948.000000 22590.000000 2188.000000
32747675.000000 22871.000000 2079.000000
32106073.000000 25219.000000 2990.000000
32060707.000000 23004.000000 2417.000000
32063530.000000 24933.000000 2156.000000
31804412.000000 25234.000000 1609.000000
31569287.000000 21411.000000 2678.000000
31660116.000000 24932.000000 2358.000000
30044911.000000 25300.000000 1830.000000
32221295.000000 24714.000000 2247.000000
31444242.000000 23203.000000 2829.000000
31601711.000000 28443.000000 2134.000000
32089865.000000 23991.000000 2480.000000
31388785.000000 23685.000000 2063.000000
31697376.000000 25719.000000 2185.000000
31146668.000000 24585.000000 2071.000000
30824492.000000 31361.000000 2633.000000
32069830.000000 22582.000000 1734.000000
30127972.000000 23095.000000 2532.000000
31737042.000000 22542.000000 2908.000000
31454151.000000 22941.000000 1804.000000
31526896.000000 23961.000000 1823.000000
31261478.000000 21520.000000 2363.000000
32372516.000000 24356.000000 2304.000000
31321578.000000 23005.000000 2060.000000
30422657.000000 21841.000000 2185.000000
30500208.000000 23268.000000 2596.000000
31503485.000000 25615.000000 2090.000000
30074030.000000 20175.000000 3171.000000
31247086.000000 23936.000000 1831.000000
30934010.000000 25815.000000 2388.000000
31915573.000000 24664.000000 1934.000000
31782082.000000 24830.000000 1823.000000
31798164.000000 22798.000000 2181.000000
31972364.000000 22369.000000 2033.000000
31863712.000000 26401.000000 2168.000000
30226959.000000 26445.000000 2713.000000
31626253.000000 22832.000000 2140.000000
30702273.000000 23438.000000 2470.000000
31968541.000000 24245.000000 2182.000000
31720684.000000 24189.000000 2166.000000
30811114.000000 21900.000000 2884.000000
32056206.000000 25349.000000 2326.000000
31788425.000000 22803.000000 1712.000000
31181338.000000 25181.000000 1774.000000
31818169.000000 25319.000000 2236.000000
32612338.000000 24139.000000 2640.000000
32149825.000000 23809.000000 1885.000000
31717977.000000 23887.000000 1683.000000
31789703.000000 25386.000000 1882.000000
32193037.000000 26181.000000 2601.000000
31884460.000000 23526.000000 2172.000000
31900517.000000 25471.000000 2718.000000
32093091.000000 23422.000000 1891.000000
32312146.000000 23961.000000 2621.000000
31390337.000000 26228.000000 2568.000000
31241644.000000 23188.000000 2314.000000
32999609.000000 24335.000000 2537.000000
32090225.000000 23162.000000 2280.000000
31614518.000000 22692.000000 2519.000000
32556325.000000 25206.000000 2244.000000
31731928.000000 23432.000000 2667.000000
32611007.000000 24264.000000 2309.000000
32342485.000000 23502.000000 2557.000000
31470493.000000 22782.000000 2027.000000
31331787.000000 21863.000000 1993.000000
30893424.000000 23641.000000 1872.000000
31887625.000000 22493.000000 1668.000000
30845859.000000 30172.000000 2985.000000
31645303.000000 21052.000000 2558.000000
31273861.000000 26604.000000 2009.000000
31302124.000000 22327.000000 2187.000000
31257543.000000 24514.000000 2223.000000
31274570.000000 22796.000000 2505.000000
29186730.000000 23961.000000 2448.000000
32601357.000000 25389.000000 2575.000000
32276177.000000 22574.000000 2439.000000
31897323.000000 23591.000000 2131.000000
31346207.000000 21531.000000 2262.000000
