34785443.000000 26823.000000 0.000000
34613882.000000 22081.000000 3.000000
34985641.000000 27159.000000 0.000000
35042399.000000 24332.000000 44.000000
35160671.000000 24573.000000 11.000000
34590170.000000 24381.000000 25.000000
34606068.000000 21636.000000 20.000000
34532600.000000 23404.000000 87.000000
35156520.000000 23003.000000 0.000000
34994678.000000 22171.000000 57.000000
34602160.000000 24692.000000 11.000000
34815245.000000 22737.000000 68.000000
34656042.000000 32811.000000 3.000000
35288054.000000 30172.000000 2.000000
34859283.000000 24115.000000 5.000000
34756218.000000 25414.000000 20.000000
34911953.000000 23124.000000 3.000000
34806787.000000 24359.000000 68.000000
34984840.000000 23372.000000 0.000000
35165483.000000 21573.000000 79.000000
34958681.000000 20199.000000 33.000000
34726634.000000 21346.000000 30.000000
34784961.000000 27011.000000 36.000000
34861231.000000 23729.000000 68.000000
34652804.000000 23269.000000 19.000000
34830129.000000 24044.000000 9.000000
35216443.000000 23720.000000 36.000000
34952282.000000 23193.000000 24.000000
34958305.000000 28703.000000 13.000000
34627118.000000 21513.000000 11.000000
35542301.000000 26454.000000 2.000000
34813020.000000 24311.000000 0.000000
34688874.000000 34694.000000 5.000000
34830846.000000 26013.000000 24.000000
35525981.000000 20523.000000 0.000000
34781848.000000 28987.000000 18.000000
34888545.000000 28377.000000 15.000000
34663765.000000 21403.000000 89.000000
34447281.000000 25633.000000 18.000000
34882249.000000 24514.000000 5.000000
34717503.000000 25024.000000 44.000000
35116931.000000 27330.000000 225.000000
34763570.000000 22987.000000 21.000000
34960699.000000 24475.000000 2.000000
34813211.000000 25728.000000 25.000000
34848418.000000 21254.000000 14.000000
34971411.000000 24089.000000 2.000000
34854494.000000 26701.000000 62.000000
34695999.000000 25783.000000 1.000000
35409778.000000 26791.000000 123.000000
35036057.000000 21625.000000 74.000000
35033085.000000 22304.000000 32.000000
35184104.000000 26135.000000 17.000000
35345650.000000 22744.000000 258.000000
34538473.000000 24808.000000 300.000000
34612572.000000 21701.000000 40.000000
34818341.000000 22166.000000 0.000000
34844153.000000 23051.000000 16.000000
33537734.000000 19879.000000 5.000000
34816895.000000 23095.000000 1.000000
35446322.000000 22237.000000 11.000000
34900468.000000 22125.000000 3.000000
35284515.000000 22265.000000 5.000000
35075093.000000 23948.000000 48.000000
34796115.000000 22519.000000 14.000000
34452010.000000 28386.000000 27.000000
35035493.000000 22905.000000 65.000000
34952892.000000 25943.000000 5.000000
34606269.000000 29766.000000 10.000000
34569038.000000 23673.000000 56.000000
34500014.000000 22283.000000 0.000000
34930586.000000 22250.000000 18.000000
34823306.000000 21818.000000 117.000000
35473782.000000 27202.000000 12.000000
34819063.000000 23584.000000 0.000000
34997067.000000 32782.000000 2.000000
35516962.000000 20995.000000 16.000000
34907379.000000 24747.000000 82.000000
34544088.000000 23872.000000 3.000000
34686002.000000 24222.000000 0.000000
35073752.000000 27379.000000 2.000000
34865444.000000 23290.000000 4.000000
34764293.000000 20376.000000 5.000000
35025555.000000 28560.000000 4.000000
35018778.000000 26503.000000 31.000000
35119759.000000 24833.000000 2.000000
34400402.000000 27178.000000 0.000000
35256225.000000 22572.000000 72.000000
35400975.000000 22181.000000 0.000000
35391684.000000 26628.000000 106.000000
35211578.000000 27998.000000 5.000000
34848840.000000 29705.000000 0.000000
34737600.000000 28176.000000 0.000000
34901427.000000 22738.000000 6.000000
34958444.000000 30110.000000 275.000000
35063004.000000 23794.000000 58.000000
35264763.000000 23274.000000 29.000000
34743313.000000 23642.000000 12.000000
34556043.000000 20229.000000 128.000000
34975444.000000 22483.000000 10.000000
