27312398.000000 12779.000000 1939.000000
27525190.000000 12505.000000 1768.000000
27645676.000000 13475.000000 1791.000000
27210391.000000 15748.000000 1940.000000
27108317.000000 14182.000000 1924.000000
27586109.000000 14681.000000 1911.000000
27890518.000000 11983.000000 1837.000000
27402192.000000 12432.000000 1743.000000
27895235.000000 15457.000000 1872.000000
28281160.000000 13380.000000 1839.000000
27673359.000000 14652.000000 1887.000000
27395539.000000 12783.000000 1904.000000
27827393.000000 12909.000000 1965.000000
27825572.000000 12362.000000 1984.000000
26892540.000000 12549.000000 1775.000000
26368411.000000 13548.000000 1782.000000
27556727.000000 14339.000000 1916.000000
27334773.000000 12382.000000 1934.000000
27811822.000000 15740.000000 1873.000000
27251561.000000 13476.000000 1888.000000
27683686.000000 13206.000000 1865.000000
27908270.000000 12382.000000 1823.000000
27737032.000000 15757.000000 1848.000000
27367579.000000 12168.000000 1967.000000
27460719.000000 13757.000000 1857.000000
27720275.000000 13688.000000 1820.000000
28001647.000000 12933.000000 1775.000000
27898302.000000 12693.000000 1895.000000
27692370.000000 12637.000000 1774.000000
27741022.000000 11782.000000 1984.000000
27151964.000000 13615.000000 1877.000000
27279769.000000 14999.000000 2074.000000
28173084.000000 12578.000000 1884.000000
27670915.000000 12816.000000 1852.000000
27798245.000000 14494.000000 1956.000000
27264228.000000 12515.000000 1646.000000
27834184.000000 15162.000000 1840.000000
27652987.000000 13134.000000 1977.000000
27521197.000000 15144.000000 1916.000000
27411520.000000 12839.000000 1632.000000
27741216.000000 14915.000000 1771.000000
28015177.000000 14564.000000 2130.000000
27714289.000000 11953.000000 1909.000000
27552616.000000 16262.000000 1973.000000
27719754.000000 15283.000000 2122.000000
28016691.000000 12446.000000 1569.000000
27749650.000000 13633.000000 1818.000000
27235543.000000 13195.000000 1516.000000
27433546.000000 14158.000000 1877.000000
27869970.000000 13787.000000 1984.000000
27743132.000000 14189.000000 1942.000000
27841514.000000 12816.000000 1908.000000
27351009.000000 13272.000000 1680.000000
27683750.000000 14448.000000 2048.000000
27841863.000000 15097.000000 1865.000000
28356685.000000 14670.000000 1945.000000
28059433.000000 11841.000000 2007.000000
27719329.000000 15086.000000 2002.000000
27342961.000000 13694.000000 1930.000000
27396393.000000 13639.000000 1871.000000
27625462.000000 12876.000000 2087.000000
27208440.000000 13926.000000 2047.000000
27716451.000000 12997.000000 1959.000000
27212679.000000 13326.000000 1722.000000
27663079.000000 13171.000000 1596.000000
27840510.000000 13678.000000 1851.000000
27683990.000000 13248.000000 1829.000000
27645342.000000 13046.000000 1882.000000
28003507.000000 13107.000000 1711.000000
27403488.000000 13697.000000 1884.000000
27260878.000000 12798.000000 1731.000000
27288727.000000 14697.000000 1907.000000
27164447.000000 13205.000000 1835.000000
27684977.000000 12877.000000 1893.000000
26383403.000000 12736.000000 1799.000000
27270208.000000 13202.000000 1884.000000
27531560.000000 14611.000000 2109.000000
27866706.000000 14425.000000 1873.000000
27672428.000000 13255.000000 2108.000000
27664163.000000 14717.000000 2025.000000
27444820.000000 12849.000000 1837.000000
27082286.000000 13191.000000 1868.000000
27192426.000000 12929.000000 1809.000000
27973682.000000 13107.000000 1710.000000
27244432.000000 14762.000000 1693.000000
27200402.000000 11098.000000 1838.000000
27377849.000000 14582.000000 1908.000000
27345831.000000 12356.000000 1950.000000
26612226.000000 13126.000000 1944.000000
27588248.000000 13648.000000 2017.000000
28220307.000000 13152.000000 1752.000000
27390845.000000 12698.000000 2031.000000
27719348.000000 14793.000000 1606.000000
27439125.000000 13519.000000 1601.000000
27942077.000000 13440.000000 1989.000000
27189162.000000 13125.000000 1730.000000
27749023.000000 13141.000000 1979.000000
27146943.000000 13979.000000 1805.000000
27771897.000000 14760.000000 1919.000000
27728699.000000 13554.000000 1830.000000
