34862515.000000 25567.000000 160.000000
34098676.000000 25602.000000 176.000000
34047225.000000 30811.000000 18.000000
34231896.000000 27237.000000 385.000000
34806503.000000 25519.000000 93.000000
34159146.000000 29112.000000 341.000000
34518975.000000 35400.000000 65.000000
34626073.000000 25329.000000 73.000000
34692719.000000 28735.000000 144.000000
34475017.000000 25996.000000 84.000000
34399434.000000 29044.000000 32.000000
34837446.000000 26874.000000 82.000000
34835375.000000 26826.000000 67.000000
34806229.000000 25332.000000 23.000000
34844310.000000 25650.000000 61.000000
34340028.000000 26150.000000 141.000000
34848217.000000 27355.000000 22.000000
34642117.000000 25387.000000 50.000000
34743652.000000 25913.000000 157.000000
35069148.000000 27646.000000 3.000000
34741414.000000 29178.000000 117.000000
34511539.000000 25437.000000 5.000000
33285538.000000 28327.000000 150.000000
34114837.000000 25836.000000 39.000000
34500491.000000 30638.000000 72.000000
33740568.000000 31895.000000 93.000000
34339298.000000 24713.000000 13.000000
34634037.000000 26163.000000 54.000000
34075708.000000 26314.000000 23.000000
34871874.000000 28967.000000 19.000000
34328662.000000 25529.000000 45.000000
34383566.000000 25300.000000 32.000000
34209411.000000 29536.000000 89.000000
34422095.000000 25701.000000 52.000000
34555437.000000 24221.000000 37.000000
33851652.000000 33085.000000 114.000000
34673256.000000 26505.000000 69.000000
34520277.000000 25751.000000 20.000000
34049614.000000 22730.000000 228.000000
34310278.000000 24464.000000 204.000000
34463455.000000 25735.000000 272.000000
34677540.000000 26898.000000 20.000000
34427955.000000 30653.000000 41.000000
34919853.000000 27218.000000 101.000000
34652666.000000 27003.000000 53.000000
34075174.000000 26188.000000 150.000000
34292212.000000 29700.000000 87.000000
34613631.000000 25819.000000 66.000000
34810696.000000 26241.000000 130.000000
34291221.000000 25439.000000 257.000000
34795170.000000 27727.000000 25.000000
34500874.000000 25654.000000 19.000000
34599499.000000 26321.000000 43.000000
34763446.000000 27240.000000 13.000000
34987693.000000 24845.000000 21.000000
34772737.000000 26533.000000 157.000000
34403140.000000 24074.000000 18.000000
34139267.000000 24795.000000 128.000000
34196846.000000 24724.000000 6.000000
34043390.000000 24072.000000 54.000000
34534794.000000 25656.000000 67.000000
34042171.000000 29928.000000 31.000000
34452423.000000 29274.000000 138.000000
34154626.000000 26648.000000 55.000000
34958864.000000 24773.000000 83.000000
34012520.000000 27066.000000 115.000000
34885526.000000 25495.000000 91.000000
34379963.000000 26494.000000 217.000000
34053293.000000 25249.000000 893.000000
34391572.000000 26149.000000 295.000000
34435056.000000 26192.000000 72.000000
34573475.000000 26832.000000 150.000000
34837230.000000 27219.000000 29.000000
34827601.000000 26339.000000 244.000000
34566645.000000 25240.000000 140.000000
34626614.000000 29468.000000 61.000000
34553665.000000 28742.000000 38.000000
34789346.000000 26489.000000 19.000000
34325074.000000 35802.000000 25.000000
32420604.000000 36063.000000 48.000000
34523702.000000 27353.000000 126.000000
34352327.000000 28062.000000 82.000000
34976180.000000 25482.000000 204.000000
34319229.000000 28761.000000 179.000000
34609518.000000 30161.000000 112.000000
34335722.000000 25954.000000 69.000000
34665794.000000 27572.000000 141.000000
34731790.000000 24751.000000 20.000000
34218852.000000 30383.000000 171.000000
34738238.000000 24325.000000 13.000000
34632281.000000 25172.000000 38.000000
34542121.000000 29527.000000 43.000000
34415723.000000 35768.000000 46.000000
34750194.000000 25892.000000 28.000000
34308136.000000 30523.000000 154.000000
34759612.000000 26361.000000 155.000000
34900699.000000 26993.000000 64.000000
34419765.000000 27423.000000 78.000000
34858793.000000 28550.000000 82.000000
34372963.000000 27486.000000 37.000000
