32634228.000000 22114.000000 9.000000
32336244.000000 17730.000000 2.000000
32516706.000000 18350.000000 11.000000
32562673.000000 18473.000000 4.000000
32584975.000000 20069.000000 7.000000
32978726.000000 18900.000000 4.000000
32801910.000000 23237.000000 16.000000
32019161.000000 19137.000000 8.000000
32152261.000000 22168.000000 7.000000
32736749.000000 25137.000000 9.000000
33198676.000000 25827.000000 9.000000
33198679.000000 21120.000000 11.000000
32242150.000000 19816.000000 16.000000
33296762.000000 23300.000000 12.000000
32511237.000000 21126.000000 10.000000
32305218.000000 18203.000000 311.000000
31898772.000000 18877.000000 5.000000
33185281.000000 17331.000000 8.000000
32396638.000000 18586.000000 14.000000
32937668.000000 19165.000000 9.000000
32659844.000000 17959.000000 7.000000
32936434.000000 19388.000000 332.000000
32264131.000000 19944.000000 105.000000
32327909.000000 20014.000000 12.000000
33121680.000000 19008.000000 7.000000
32673327.000000 20273.000000 5.000000
32068914.000000 20333.000000 14.000000
31379194.000000 19517.000000 11.000000
31862977.000000 19862.000000 10.000000
33765302.000000 18410.000000 9.000000
32442167.000000 18560.000000 4.000000
31778852.000000 20655.000000 12.000000
32271954.000000 20277.000000 4.000000
31795552.000000 23450.000000 19.000000
31603296.000000 22022.000000 8.000000
31522919.000000 18852.000000 9.000000
32582208.000000 26285.000000 5.000000
32513658.000000 17546.000000 387.000000
32600896.000000 20204.000000 13.000000
32689510.000000 17992.000000 10.000000
31985298.000000 17175.000000 4.000000
32489041.000000 23347.000000 5.000000
31895619.000000 20406.000000 14.000000
33113796.000000 23248.000000 17.000000
32250865.000000 21162.000000 8.000000
32700880.000000 20124.000000 15.000000
32522122.000000 24700.000000 5.000000
32632025.000000 18803.000000 7.000000
32502945.000000 18417.000000 4.000000
31985776.000000 17479.000000 12.000000
33275264.000000 20100.000000 3.000000
32235973.000000 22534.000000 63.000000
32300300.000000 21213.000000 39.000000
31499736.000000 20865.000000 11.000000
32451350.000000 18818.000000 4.000000
32807716.000000 18797.000000 8.000000
32429065.000000 18961.000000 14.000000
32568638.000000 19762.000000 19.000000
32548598.000000 25148.000000 11.000000
32103574.000000 19527.000000 11.000000
32481445.000000 19880.000000 17.000000
32104679.000000 17337.000000 5.000000
32493522.000000 22300.000000 12.000000
31730019.000000 18663.000000 18.000000
32442845.000000 19238.000000 6.000000
32510278.000000 31503.000000 18.000000
32605181.000000 19061.000000 4.000000
32786921.000000 20017.000000 6.000000
32054423.000000 27010.000000 17.000000
32519142.000000 19652.000000 4.000000
31874513.000000 19427.000000 10.000000
32149342.000000 23572.000000 9.000000
32829276.000000 22176.000000 6.000000
32468051.000000 18293.000000 0.000000
32598042.000000 18799.000000 13.000000
32306009.000000 21449.000000 7.000000
32707493.000000 17964.000000 13.000000
32787669.000000 19682.000000 4.000000
32533244.000000 18548.000000 3.000000
33022628.000000 18820.000000 10.000000
31905878.000000 18841.000000 8.000000
32183438.000000 22965.000000 22.000000
33120381.000000 18671.000000 11.000000
32284815.000000 18878.000000 10.000000
33089897.000000 28891.000000 12.000000
33181244.000000 18166.000000 4.000000
32707088.000000 19467.000000 14.000000
32203707.000000 17366.000000 0.000000
32458230.000000 18859.000000 12.000000
32567498.000000 22995.000000 4.000000
32511355.000000 20862.000000 9.000000
32277456.000000 18422.000000 0.000000
32659667.000000 24848.000000 8.000000
31724081.000000 20068.000000 20.000000
31750125.000000 21448.000000 4.000000
32446003.000000 19508.000000 3.000000
32844160.000000 20539.000000 8.000000
31944729.000000 17403.000000 10.000000
32808063.000000 18096.000000 11.000000
31897135.000000 26955.000000 7.000000
