32546630.000000 25983.000000 2612.000000
31874055.000000 23661.000000 3022.000000
31444083.000000 19969.000000 3569.000000
31056608.000000 25326.000000 2480.000000
33279384.000000 22432.000000 1654.000000
32453492.000000 21438.000000 3403.000000
32470565.000000 25989.000000 2554.000000
31848666.000000 20242.000000 2910.000000
32135992.000000 21150.000000 3501.000000
32278660.000000 22158.000000 2232.000000
32178484.000000 24681.000000 2419.000000
31435437.000000 22328.000000 3214.000000
32158275.000000 23081.000000 2111.000000
31655045.000000 37194.000000 2255.000000
32162850.000000 21583.000000 2357.000000
33630595.000000 24672.000000 3777.000000
31925290.000000 22284.000000 3472.000000
32821572.000000 24784.000000 2082.000000
32709807.000000 23493.000000 2298.000000
30853903.000000 19806.000000 2990.000000
32394270.000000 22226.000000 1828.000000
31378644.000000 23267.000000 2092.000000
31216062.000000 20391.000000 3228.000000
32054183.000000 20217.000000 2528.000000
31326820.000000 23253.000000 2569.000000
33293021.000000 23762.000000 2839.000000
31098319.000000 21483.000000 1605.000000
31061858.000000 21958.000000 2451.000000
31994241.000000 23843.000000 2367.000000
32005330.000000 22328.000000 2181.000000
33159940.000000 27120.000000 2642.000000
30953458.000000 23526.000000 2237.000000
31874089.000000 20778.000000 2757.000000
31528006.000000 20086.000000 2480.000000
33639453.000000 20642.000000 2272.000000
31259118.000000 25661.000000 2757.000000
31851971.000000 21996.000000 2867.000000
31525125.000000 21604.000000 2154.000000
31717883.000000 25966.000000 2128.000000
30928386.000000 21318.000000 2704.000000
31230607.000000 20373.000000 2869.000000
32362629.000000 22964.000000 1896.000000
32583481.000000 22223.000000 2628.000000
31061300.000000 21975.000000 3011.000000
33212965.000000 23077.000000 3468.000000
32202770.000000 22351.000000 3730.000000
32078282.000000 21403.000000 3442.000000
32311751.000000 21506.000000 3058.000000
32028341.000000 21509.000000 1663.000000
33719246.000000 22253.000000 2082.000000
31379841.000000 20979.000000 3262.000000
32383720.000000 21515.000000 2401.000000
32194292.000000 20627.000000 2071.000000
31493875.000000 20338.000000 2148.000000
33300692.000000 22113.000000 2242.000000
31404953.000000 20174.000000 2848.000000
31058332.000000 21426.000000 2942.000000
32165233.000000 30314.000000 2472.000000
33898176.000000 22330.000000 2971.000000
32256031.000000 23022.000000 2893.000000
32987304.000000 21574.000000 2528.000000
31657755.000000 23382.000000 2281.000000
33091459.000000 24076.000000 2758.000000
33460140.000000 20344.000000 2724.000000
32353509.000000 23672.000000 1971.000000
33501043.000000 21497.000000 2809.000000
31982726.000000 23048.000000 3505.000000
32260903.000000 28804.000000 2114.000000
32383474.000000 21188.000000 3201.000000
32780684.000000 22335.000000 2364.000000
31876198.000000 21534.000000 2290.000000
31500396.000000 22207.000000 2918.000000
31237942.000000 22543.000000 1450.000000
31732341.000000 20277.000000 2772.000000
32512098.000000 22003.000000 2051.000000
32567345.000000 22681.000000 2158.000000
32939585.000000 25481.000000 2007.000000
32192225.000000 30377.000000 2903.000000
31714076.000000 20619.000000 3438.000000
32392494.000000 23485.000000 3182.000000
32155315.000000 21920.000000 3026.000000
31059261.000000 20890.000000 2943.000000
32668750.000000 23143.000000 2020.000000
33394426.000000 21826.000000 2315.000000
33062747.000000 26592.000000 2912.000000
33604093.000000 22609.000000 2451.000000
32200807.000000 20439.000000 1437.000000
33397801.000000 24729.000000 2246.000000
32611478.000000 21601.000000 1981.000000
33271773.000000 21481.000000 3083.000000
33046694.000000 22358.000000 2028.000000
