34685802.000000 29054.000000 169.000000
34384345.000000 24347.000000 39.000000
33947861.000000 34871.000000 74.000000
34132799.000000 29441.000000 25.000000
34967493.000000 28846.000000 26.000000
33943184.000000 28242.000000 81.000000
34092822.000000 28956.000000 23.000000
34302019.000000 29170.000000 40.000000
34069316.000000 26786.000000 48.000000
34731257.000000 29094.000000 137.000000
34770113.000000 28060.000000 82.000000
34683439.000000 25980.000000 55.000000
34070957.000000 24729.000000 18.000000
33790504.000000 25149.000000 176.000000
34409714.000000 25367.000000 48.000000
34573837.000000 31581.000000 18.000000
34357343.000000 26914.000000 25.000000
34846845.000000 26021.000000 143.000000
34419323.000000 24973.000000 6.000000
34412129.000000 26693.000000 39.000000
34797009.000000 24501.000000 26.000000
34275998.000000 27706.000000 248.000000
34148680.000000 25118.000000 23.000000
34918650.000000 27319.000000 64.000000
34677154.000000 27201.000000 50.000000
34881304.000000 27247.000000 26.000000
34690898.000000 26019.000000 21.000000
34850349.000000 27698.000000 49.000000
34652815.000000 28321.000000 23.000000
34219316.000000 25718.000000 47.000000
34673051.000000 26661.000000 45.000000
34559611.000000 33484.000000 234.000000
34671423.000000 25697.000000 56.000000
34544595.000000 25527.000000 70.000000
33247440.000000 26130.000000 25.000000
34367128.000000 28950.000000 58.000000
34726630.000000 24595.000000 31.000000
34568419.000000 28566.000000 58.000000
34709420.000000 23999.000000 249.000000
34701098.000000 24463.000000 71.000000
34675589.000000 27782.000000 3.000000
34774390.000000 27803.000000 4.000000
34295187.000000 27652.000000 23.000000
34348218.000000 25289.000000 118.000000
35106307.000000 25336.000000 99.000000
34458783.000000 29027.000000 49.000000
34922381.000000 25986.000000 164.000000
33749523.000000 28642.000000 68.000000
34837081.000000 25383.000000 29.000000
34687567.000000 26206.000000 24.000000
34672010.000000 26765.000000 5.000000
34857136.000000 29811.000000 17.000000
33918901.000000 26470.000000 93.000000
34305197.000000 28364.000000 46.000000
34908095.000000 26633.000000 78.000000
34210956.000000 28508.000000 41.000000
34778225.000000 31133.000000 72.000000
34885277.000000 27503.000000 45.000000
34310014.000000 30248.000000 24.000000
34249533.000000 33988.000000 24.000000
33960710.000000 31780.000000 58.000000
33875954.000000 27918.000000 9.000000
34481491.000000 25355.000000 60.000000
34613870.000000 27468.000000 14.000000
34810771.000000 27398.000000 353.000000
34447924.000000 28614.000000 109.000000
34552171.000000 30031.000000 33.000000
33547278.000000 29448.000000 28.000000
34407987.000000 27486.000000 116.000000
33988437.000000 25240.000000 28.000000
34348345.000000 25406.000000 9.000000
34372965.000000 30676.000000 69.000000
34101832.000000 23518.000000 71.000000
34387954.000000 28316.000000 9.000000
34345482.000000 25502.000000 30.000000
34642979.000000 26079.000000 15.000000
34380659.000000 25448.000000 23.000000
33904459.000000 25314.000000 19.000000
34664680.000000 25662.000000 185.000000
34723332.000000 24989.000000 35.000000
34808145.000000 27239.000000 84.000000
34746048.000000 24969.000000 157.000000
34043829.000000 32862.000000 72.000000
33857618.000000 29897.000000 28.000000
34034135.000000 28765.000000 67.000000
34758282.000000 26892.000000 72.000000
34559238.000000 25237.000000 41.000000
34784663.000000 26265.000000 28.000000
34894417.000000 30443.000000 45.000000
34702323.000000 26280.000000 155.000000
34184735.000000 27788.000000 1.000000
34185507.000000 30621.000000 60.000000
33641626.000000 30155.000000 9.000000
34205040.000000 25369.000000 38.000000
34643749.000000 28292.000000 11.000000
34394699.000000 30347.000000 93.000000
34568794.000000 29847.000000 27.000000
34748833.000000 27316.000000 102.000000
34243730.000000 32825.000000 42.000000
34760885.000000 25905.000000 49.000000
