34504868.000000 23976.000000 300.000000
35238748.000000 25966.000000 153.000000
34777968.000000 22977.000000 56.000000
34685618.000000 25934.000000 38.000000
35073873.000000 28105.000000 57.000000
34790817.000000 23240.000000 89.000000
34632276.000000 27945.000000 27.000000
34881316.000000 21515.000000 124.000000
35050799.000000 26632.000000 172.000000
34824216.000000 19944.000000 57.000000
34647850.000000 27575.000000 187.000000
34592737.000000 22118.000000 52.000000
35122870.000000 22140.000000 111.000000
34774238.000000 22146.000000 244.000000
35280763.000000 25124.000000 174.000000
35112369.000000 21299.000000 88.000000
34736959.000000 20632.000000 92.000000
34957650.000000 24055.000000 34.000000
35235495.000000 22709.000000 70.000000
34918382.000000 22782.000000 143.000000
35059499.000000 25703.000000 339.000000
35277827.000000 25092.000000 51.000000
34534299.000000 28021.000000 170.000000
34700225.000000 20886.000000 80.000000
34834896.000000 29927.000000 60.000000
35423874.000000 26688.000000 225.000000
35084209.000000 24246.000000 47.000000
35142417.000000 26007.000000 82.000000
34712675.000000 24241.000000 237.000000
34984869.000000 27182.000000 149.000000
34551412.000000 22699.000000 154.000000
34771437.000000 29802.000000 67.000000
35529348.000000 23906.000000 246.000000
35183065.000000 21521.000000 93.000000
35138281.000000 31113.000000 137.000000
35285419.000000 24324.000000 169.000000
35061655.000000 27688.000000 101.000000
34905921.000000 27594.000000 5.000000
34828936.000000 27109.000000 242.000000
34641269.000000 31035.000000 383.000000
35070620.000000 24774.000000 283.000000
35034751.000000 31204.000000 292.000000
35118462.000000 23505.000000 48.000000
34644440.000000 26102.000000 176.000000
35321216.000000 23344.000000 188.000000
35329925.000000 24150.000000 349.000000
35068007.000000 23721.000000 118.000000
35175486.000000 21842.000000 150.000000
34913138.000000 23246.000000 273.000000
34786736.000000 28499.000000 159.000000
34723630.000000 28076.000000 250.000000
35150686.000000 23453.000000 130.000000
34616012.000000 22680.000000 55.000000
35242975.000000 26639.000000 239.000000
35055525.000000 27775.000000 127.000000
35530240.000000 24625.000000 54.000000
35272771.000000 26110.000000 375.000000
35173318.000000 25480.000000 260.000000
34971546.000000 29546.000000 466.000000
35111364.000000 22188.000000 26.000000
35196325.000000 21559.000000 160.000000
34976264.000000 20139.000000 450.000000
34932259.000000 28710.000000 158.000000
34695963.000000 25365.000000 208.000000
34886479.000000 25732.000000 38.000000
34707859.000000 21789.000000 188.000000
34852071.000000 27820.000000 178.000000
34843996.000000 22786.000000 253.000000
35273767.000000 21987.000000 343.000000
34488057.000000 28402.000000 236.000000
35014990.000000 24307.000000 363.000000
33782259.000000 21033.000000 15.000000
34618039.000000 22481.000000 263.000000
34817307.000000 21856.000000 45.000000
34984401.000000 21676.000000 153.000000
34782881.000000 19332.000000 510.000000
35101732.000000 21967.000000 44.000000
35080010.000000 24891.000000 70.000000
35037996.000000 22929.000000 49.000000
35089152.000000 22947.000000 249.000000
35102564.000000 24029.000000 242.000000
34919687.000000 23969.000000 333.000000
34841102.000000 23398.000000 66.000000
33809367.000000 27784.000000 73.000000
35022196.000000 24523.000000 255.000000
34983757.000000 21063.000000 179.000000
34778939.000000 22539.000000 165.000000
35279758.000000 22493.000000 76.000000
35435572.000000 23334.000000 42.000000
34805036.000000 29641.000000 288.000000
35326161.000000 20709.000000 60.000000
35078648.000000 25168.000000 91.000000
35113708.000000 22902.000000 78.000000
35235654.000000 28185.000000 168.000000
34570025.000000 21832.000000 249.000000
34692094.000000 20246.000000 15.000000
35335343.000000 24078.000000 391.000000
35325135.000000 23868.000000 13.000000
35224180.000000 24006.000000 22.000000
34491803.000000 23074.000000 117.000000
