33234402.000000 28852.000000 0.000000
32675966.000000 24900.000000 6.000000
33568874.000000 22708.000000 0.000000
33206581.000000 26123.000000 18.000000
33163396.000000 28758.000000 0.000000
33997941.000000 25986.000000 5.000000
32832819.000000 24815.000000 19.000000
33178339.000000 24551.000000 128.000000
33830929.000000 32884.000000 40.000000
33234716.000000 26634.000000 7.000000
32326198.000000 26690.000000 10.000000
32655234.000000 25388.000000 7.000000
34124535.000000 30953.000000 0.000000
32476375.000000 23213.000000 72.000000
32776234.000000 26539.000000 10.000000
33849118.000000 25934.000000 8.000000
34031828.000000 25272.000000 19.000000
32935013.000000 27867.000000 42.000000
32732020.000000 29374.000000 34.000000
32478333.000000 27957.000000 3.000000
33486668.000000 29807.000000 75.000000
32998742.000000 27071.000000 8.000000
33381260.000000 24063.000000 5.000000
33292582.000000 29501.000000 36.000000
32104262.000000 24552.000000 19.000000
34645180.000000 27772.000000 11.000000
33520299.000000 24179.000000 14.000000
33169920.000000 23216.000000 20.000000
32741372.000000 24925.000000 10.000000
33666250.000000 28564.000000 243.000000
35201917.000000 28650.000000 85.000000
33265944.000000 29986.000000 10.000000
33184349.000000 26799.000000 4.000000
33940858.000000 29291.000000 13.000000
34193434.000000 24690.000000 190.000000
33363987.000000 26561.000000 6.000000
34125264.000000 23530.000000 5.000000
33631321.000000 26961.000000 3.000000
33816882.000000 30578.000000 3.000000
32750752.000000 26459.000000 336.000000
33029731.000000 26455.000000 44.000000
34247477.000000 27297.000000 15.000000
32964511.000000 24207.000000 153.000000
32578162.000000 29587.000000 28.000000
33300109.000000 24134.000000 72.000000
33988989.000000 29123.000000 10.000000
34243837.000000 28110.000000 9.000000
32456733.000000 27233.000000 7.000000
33263924.000000 31148.000000 24.000000
33295962.000000 26677.000000 19.000000
32597654.000000 25659.000000 2.000000
32666200.000000 31241.000000 5.000000
32685595.000000 25765.000000 7.000000
32561597.000000 24665.000000 84.000000
32787408.000000 22626.000000 14.000000
32549792.000000 24554.000000 3.000000
32578633.000000 27680.000000 5.000000
32927759.000000 25340.000000 5.000000
33214318.000000 24125.000000 383.000000
33156177.000000 23528.000000 0.000000
33355400.000000 27916.000000 0.000000
32604319.000000 24282.000000 10.000000
32927300.000000 23458.000000 10.000000
33004104.000000 25903.000000 4.000000
33813969.000000 25568.000000 4.000000
33463992.000000 28862.000000 9.000000
33237551.000000 29562.000000 3.000000
33236695.000000 22547.000000 228.000000
33383637.000000 27667.000000 83.000000
32780276.000000 25847.000000 2.000000
33336693.000000 23185.000000 38.000000
33247296.000000 27234.000000 5.000000
33383064.000000 25420.000000 1353.000000
33122082.000000 22911.000000 3.000000
34364593.000000 31645.000000 0.000000
32782233.000000 25668.000000 14.000000
34350331.000000 24930.000000 5.000000
35000768.000000 25565.000000 73.000000
35033882.000000 24557.000000 0.000000
32904895.000000 29798.000000 9.000000
34998184.000000 29857.000000 0.000000
34668914.000000 27362.000000 0.000000
34206945.000000 30313.000000 20.000000
35234919.000000 23708.000000 583.000000
33291562.000000 24759.000000 78.000000
32524600.000000 23969.000000 4.000000
33336457.000000 29352.000000 5.000000
34282733.000000 24533.000000 10.000000
33172196.000000 25846.000000 0.000000
34073662.000000 23522.000000 5.000000
33026000.000000 25195.000000 32.000000
34041009.000000 30687.000000 5.000000
33539392.000000 28605.000000 0.000000
32604133.000000 24966.000000 19.000000
34112142.000000 27803.000000 9.000000
33557887.000000 24575.000000 17.000000
34326508.000000 25780.000000 4.000000
34010908.000000 23783.000000 75.000000
34314798.000000 26664.000000 193.000000
34899344.000000 27265.000000 186.000000
