32405263.000000 22908.000000 0.000000
33069991.000000 22874.000000 1.000000
32907651.000000 21067.000000 0.000000
31296026.000000 21850.000000 0.000000
33045138.000000 21827.000000 0.000000
33018262.000000 24083.000000 0.000000
32495346.000000 25513.000000 0.000000
32750629.000000 24580.000000 0.000000
33035442.000000 23991.000000 1.000000
33575214.000000 20756.000000 0.000000
33015533.000000 26899.000000 1.000000
32919725.000000 22594.000000 0.000000
32888873.000000 23179.000000 3.000000
33048566.000000 24994.000000 0.000000
33096943.000000 20950.000000 0.000000
32979605.000000 21011.000000 0.000000
32718177.000000 24536.000000 1.000000
33059719.000000 24594.000000 0.000000
32187333.000000 21639.000000 2.000000
31920428.000000 23802.000000 0.000000
33350409.000000 22945.000000 1.000000
32975676.000000 27446.000000 1.000000
32261457.000000 20918.000000 1959.000000
32899250.000000 21308.000000 0.000000
33369191.000000 24945.000000 0.000000
32387211.000000 22939.000000 0.000000
33134897.000000 25778.000000 6.000000
32757744.000000 29911.000000 3.000000
32374521.000000 22361.000000 0.000000
33119817.000000 25192.000000 1.000000
33119458.000000 23077.000000 0.000000
32465108.000000 22258.000000 0.000000
32637204.000000 21067.000000 0.000000
32411705.000000 22003.000000 0.000000
32394045.000000 30873.000000 0.000000
31881986.000000 20431.000000 0.000000
33314340.000000 22279.000000 0.000000
32470180.000000 21571.000000 0.000000
32952402.000000 23918.000000 1.000000
32889113.000000 19991.000000 0.000000
32648664.000000 25098.000000 0.000000
32821776.000000 23259.000000 0.000000
33162415.000000 23940.000000 1.000000
32532908.000000 30359.000000 0.000000
32166944.000000 21588.000000 0.000000
32515412.000000 22326.000000 4.000000
32568221.000000 25054.000000 3.000000
33532995.000000 25559.000000 0.000000
33051843.000000 22794.000000 1.000000
32719165.000000 24811.000000 0.000000
33091457.000000 25974.000000 0.000000
31962877.000000 21825.000000 0.000000
32349691.000000 23154.000000 0.000000
32450785.000000 21445.000000 0.000000
32954814.000000 23675.000000 1.000000
31920875.000000 23535.000000 2.000000
32667185.000000 26810.000000 2.000000
32424377.000000 20525.000000 1.000000
32716310.000000 24895.000000 0.000000
32251324.000000 20945.000000 1.000000
32590391.000000 23194.000000 0.000000
33127821.000000 21215.000000 0.000000
33166728.000000 25149.000000 0.000000
32753755.000000 25076.000000 2.000000
33193288.000000 21272.000000 1.000000
31774925.000000 21941.000000 0.000000
33067166.000000 23427.000000 1.000000
32213985.000000 29187.000000 2.000000
33410559.000000 27163.000000 0.000000
33299679.000000 27940.000000 0.000000
32640179.000000 20476.000000 0.000000
33083421.000000 22046.000000 0.000000
32341777.000000 23798.000000 0.000000
32362340.000000 22760.000000 0.000000
32876324.000000 23700.000000 2.000000
33165447.000000 23925.000000 0.000000
33320302.000000 24638.000000 2.000000
32863598.000000 25619.000000 7.000000
32348908.000000 23521.000000 2.000000
32408648.000000 20425.000000 4.000000
31722594.000000 21282.000000 10.000000
32878206.000000 24798.000000 0.000000
32573309.000000 25989.000000 0.000000
33131866.000000 21796.000000 2.000000
32839558.000000 23994.000000 0.000000
32798261.000000 27568.000000 0.000000
32189436.000000 24402.000000 2.000000
33029189.000000 23821.000000 0.000000
32646226.000000 23600.000000 0.000000
33108124.000000 22330.000000 0.000000
32351511.000000 21475.000000 2.000000
32635044.000000 23055.000000 0.000000
31181280.000000 27112.000000 2.000000
32749147.000000 25670.000000 0.000000
32484005.000000 24620.000000 1.000000
32833382.000000 20200.000000 4.000000
32916403.000000 23575.000000 2.000000
32833253.000000 20815.000000 0.000000
32336700.000000 22797.000000 0.000000
33003828.000000 30049.000000 0.000000
