33236810.000000 19467.000000 454.000000
33716639.000000 22377.000000 1351.000000
34299304.000000 24038.000000 76.000000
33203881.000000 22059.000000 485.000000
32768614.000000 20072.000000 38.000000
33239634.000000 21034.000000 453.000000
32240629.000000 21447.000000 609.000000
33330132.000000 21838.000000 277.000000
33424511.000000 21779.000000 15.000000
34014525.000000 20878.000000 80.000000
33995995.000000 25604.000000 1308.000000
32071205.000000 19625.000000 444.000000
34240888.000000 21154.000000 486.000000
33621794.000000 28958.000000 297.000000
32565908.000000 22872.000000 540.000000
33203084.000000 24965.000000 286.000000
33870430.000000 23216.000000 163.000000
34060820.000000 20333.000000 261.000000
33620784.000000 22111.000000 741.000000
34100964.000000 21332.000000 112.000000
33999830.000000 20273.000000 900.000000
33590572.000000 26265.000000 378.000000
34002133.000000 33681.000000 19.000000
33856453.000000 24730.000000 1754.000000
34285673.000000 20829.000000 408.000000
32534705.000000 21691.000000 225.000000
33373624.000000 19358.000000 423.000000
34835533.000000 21344.000000 836.000000
34064206.000000 20866.000000 525.000000
34503164.000000 25105.000000 190.000000
34193877.000000 20618.000000 313.000000
33881843.000000 21669.000000 443.000000
32228849.000000 32374.000000 78.000000
33561448.000000 20809.000000 79.000000
34456205.000000 25172.000000 260.000000
33972598.000000 21018.000000 311.000000
34054981.000000 29054.000000 69.000000
33830598.000000 22844.000000 336.000000
33266624.000000 24238.000000 238.000000
34043161.000000 20026.000000 751.000000
33656104.000000 20647.000000 238.000000
32792897.000000 20116.000000 252.000000
34176346.000000 20983.000000 384.000000
31787997.000000 27126.000000 131.000000
32969121.000000 21464.000000 187.000000
34355587.000000 21027.000000 19.000000
34900511.000000 20457.000000 277.000000
33936263.000000 21794.000000 535.000000
32834029.000000 22174.000000 68.000000
34706919.000000 21998.000000 15.000000
34382327.000000 22526.000000 394.000000
32933480.000000 22829.000000 221.000000
33357792.000000 22124.000000 448.000000
33826868.000000 21659.000000 88.000000
34037300.000000 23858.000000 477.000000
33588095.000000 34086.000000 827.000000
33992989.000000 22912.000000 241.000000
33417321.000000 19770.000000 368.000000
34013746.000000 25012.000000 973.000000
33747514.000000 22944.000000 842.000000
33281673.000000 22112.000000 287.000000
33910346.000000 23146.000000 885.000000
34561684.000000 18328.000000 93.000000
34079310.000000 22885.000000 708.000000
33853306.000000 23189.000000 773.000000
33841579.000000 22937.000000 472.000000
32891634.000000 22288.000000 75.000000
32804870.000000 18905.000000 314.000000
33978405.000000 22898.000000 98.000000
32562413.000000 21312.000000 190.000000
33967569.000000 21520.000000 26.000000
33648785.000000 20267.000000 18.000000
32660933.000000 22472.000000 426.000000
34296044.000000 20443.000000 18.000000
33927231.000000 25221.000000 265.000000
33052250.000000 24961.000000 435.000000
34622111.000000 23733.000000 530.000000
33793614.000000 19085.000000 1654.000000
33413936.000000 30697.000000 758.000000
33543350.000000 21903.000000 233.000000
34152798.000000 20499.000000 127.000000
34372620.000000 30094.000000 66.000000
33299661.000000 24372.000000 838.000000
34326183.000000 23456.000000 255.000000
34697914.000000 20194.000000 29.000000
34105964.000000 22073.000000 326.000000
35188497.000000 21823.000000 180.000000
31557482.000000 26474.000000 271.000000
34590477.000000 23032.000000 336.000000
32549964.000000 22822.000000 360.000000
33829700.000000 24151.000000 306.000000
32549907.000000 24052.000000 570.000000
32243659.000000 34749.000000 783.000000
33507247.000000 21335.000000 27.000000
34635422.000000 26067.000000 1479.000000
33779401.000000 22062.000000 102.000000
34280341.000000 21135.000000 494.000000
34921782.000000 19639.000000 248.000000
33860379.000000 19405.000000 44.000000
33329189.000000 20975.000000 355.000000
