27560922.000000 13154.000000 2054.000000
27147992.000000 12776.000000 2008.000000
27235778.000000 12245.000000 2134.000000
27726922.000000 13483.000000 1968.000000
26709069.000000 12969.000000 2153.000000
27244007.000000 13845.000000 1964.000000
27414719.000000 12562.000000 2063.000000
26636945.000000 12558.000000 2060.000000
27533989.000000 11630.000000 2039.000000
27102255.000000 13033.000000 2189.000000
27333691.000000 14058.000000 2001.000000
26319697.000000 16411.000000 2081.000000
27322907.000000 13926.000000 2105.000000
27565490.000000 13612.000000 2155.000000
27746946.000000 12783.000000 2060.000000
26564407.000000 14029.000000 2009.000000
27364251.000000 14800.000000 1963.000000
27534180.000000 12997.000000 2036.000000
27189749.000000 12559.000000 1957.000000
27125131.000000 14087.000000 2006.000000
27820582.000000 12215.000000 2211.000000
27515671.000000 13826.000000 2094.000000
27072056.000000 13001.000000 2008.000000
27035910.000000 12766.000000 2053.000000
26952861.000000 14229.000000 2196.000000
27131470.000000 12826.000000 1985.000000
27800593.000000 13146.000000 2083.000000
27829278.000000 12834.000000 2205.000000
27071001.000000 12715.000000 2124.000000
27028195.000000 13230.000000 1969.000000
26457483.000000 14523.000000 1995.000000
27668015.000000 14674.000000 2167.000000
27801120.000000 15053.000000 2876.000000
27092011.000000 14935.000000 2040.000000
26805611.000000 14804.000000 2101.000000
27883332.000000 12757.000000 2100.000000
27872040.000000 13763.000000 1982.000000
27233563.000000 11384.000000 1974.000000
27078769.000000 12482.000000 2179.000000
27172959.000000 13490.000000 1844.000000
27330869.000000 13138.000000 2141.000000
27721553.000000 14520.000000 2183.000000
27245957.000000 14404.000000 2258.000000
27764089.000000 13865.000000 2129.000000
27775995.000000 12601.000000 2093.000000
26047418.000000 12553.000000 1830.000000
27086007.000000 12404.000000 1976.000000
27088732.000000 12950.000000 1978.000000
27706577.000000 12692.000000 1974.000000
27643378.000000 12669.000000 1781.000000
27856207.000000 14221.000000 2092.000000
27664277.000000 13711.000000 2273.000000
26498481.000000 15587.000000 2119.000000
27139535.000000 12021.000000 2023.000000
27091613.000000 14481.000000 1979.000000
26926693.000000 12560.000000 2074.000000
27287203.000000 14744.000000 2106.000000
27531854.000000 14112.000000 2358.000000
27161208.000000 13442.000000 1956.000000
26114057.000000 17305.000000 1953.000000
27466997.000000 13175.000000 2094.000000
27056789.000000 13323.000000 2005.000000
27630698.000000 13041.000000 2135.000000
27705105.000000 14627.000000 2036.000000
27086207.000000 14450.000000 2046.000000
27064095.000000 13166.000000 2010.000000
26503286.000000 12665.000000 1852.000000
27865118.000000 12831.000000 2038.000000
27078086.000000 13454.000000 2029.000000
27222436.000000 12398.000000 2241.000000
27428455.000000 14654.000000 2138.000000
27691639.000000 13615.000000 2123.000000
27157278.000000 11587.000000 2009.000000
27618160.000000 12105.000000 2101.000000
27543895.000000 12705.000000 2207.000000
27183816.000000 13710.000000 2187.000000
27117692.000000 14187.000000 2007.000000
26685748.000000 13154.000000 2052.000000
27518730.000000 13727.000000 2098.000000
27175662.000000 11520.000000 2077.000000
26614188.000000 16142.000000 2039.000000
27273739.000000 13114.000000 2171.000000
27301640.000000 14273.000000 1725.000000
27695438.000000 12748.000000 2028.000000
26586456.000000 13639.000000 1706.000000
27231336.000000 12619.000000 2255.000000
27371845.000000 14110.000000 2048.000000
27490945.000000 12773.000000 2068.000000
27031517.000000 12021.000000 2011.000000
27580598.000000 13089.000000 2107.000000
27055380.000000 15377.000000 2148.000000
27750724.000000 15889.000000 2036.000000
27648713.000000 12451.000000 2178.000000
27329745.000000 12595.000000 1975.000000
27567609.000000 11949.000000 2166.000000
27629298.000000 13196.000000 2117.000000
27611402.000000 12505.000000 2092.000000
27056955.000000 12466.000000 2180.000000
27873526.000000 12674.000000 2128.000000
27346295.000000 12437.000000 1939.000000
