30390221.000000 24410.000000 8805.000000
30022887.000000 23365.000000 2717.000000
30134206.000000 20691.000000 3288.000000
31468115.000000 35514.000000 8901.000000
29113189.000000 23892.000000 6401.000000
32759695.000000 21532.000000 4628.000000
30642616.000000 27055.000000 6495.000000
31130165.000000 28192.000000 15348.000000
29324648.000000 16533.000000 2455.000000
32793130.000000 28135.000000 6292.000000
30526641.000000 20403.000000 3770.000000
31892862.000000 27083.000000 7963.000000
31710573.000000 23922.000000 2761.000000
30124177.000000 32123.000000 13772.000000
30484534.000000 31027.000000 9063.000000
28211818.000000 24942.000000 7722.000000
30891172.000000 19616.000000 4861.000000
28349091.000000 27700.000000 4509.000000
300104.000000 18770.000000 17486.000000
29577071.000000 26052.000000 11067.000000
30885723.000000 24114.000000 4856.000000
29443983.000000 26495.000000 12087.000000
30286480.000000 24471.000000 15051.000000
30287668.000000 22315.000000 2970.000000
29683198.000000 18249.000000 3832.000000
29628625.000000 18973.000000 2624.000000
29618182.000000 27731.000000 5955.000000
26023471.000000 25302.000000 14999.000000
29657969.000000 20642.000000 5149.000000
31604469.000000 26023.000000 11081.000000
28435058.000000 32662.000000 16512.000000
31904122.000000 36401.000000 18841.000000
29606417.000000 29175.000000 15250.000000
28744746.000000 17804.000000 2237.000000
34027944.000000 27825.000000 3820.000000
27873725.000000 32984.000000 15979.000000
32842413.000000 32890.000000 3345.000000
29497120.000000 23894.000000 4932.000000
30620309.000000 31495.000000 9972.000000
30346951.000000 30359.000000 12394.000000
31773009.000000 27286.000000 4804.000000
32483724.000000 31955.000000 2194.000000
29993390.000000 26437.000000 6824.000000
29178692.000000 16659.000000 2930.000000
31714859.000000 17850.000000 3518.000000
30792376.000000 28393.000000 10985.000000
30303995.000000 24005.000000 5474.000000
32568733.000000 27905.000000 3871.000000
29513121.000000 34070.000000 10263.000000
30389888.000000 30831.000000 13603.000000
29885880.000000 31441.000000 17275.000000
32860951.000000 32664.000000 7862.000000
22413503.000000 31543.000000 13761.000000
31227531.000000 22973.000000 5487.000000
29029489.000000 19142.000000 4543.000000
29601669.000000 34735.000000 13412.000000
30007039.000000 22080.000000 3422.000000
29183045.000000 30689.000000 4321.000000
33447433.000000 26135.000000 7122.000000
31563899.000000 21152.000000 5915.000000
30418675.000000 33177.000000 5660.000000
29740783.000000 27973.000000 9125.000000
29395207.000000 20075.000000 3330.000000
12169706.000000 27358.000000 16362.000000
30649632.000000 35480.000000 17617.000000
32197640.000000 37312.000000 14802.000000
29601267.000000 35204.000000 10895.000000
31361796.000000 20309.000000 2898.000000
32008517.000000 17059.000000 3410.000000
31114789.000000 24560.000000 7769.000000
28622621.000000 26550.000000 5384.000000
19223253.000000 25386.000000 19414.000000
31760328.000000 28405.000000 12441.000000
30984161.000000 21811.000000 8608.000000
28627273.000000 26443.000000 5590.000000
29952158.000000 25135.000000 7517.000000
30009585.000000 34540.000000 16351.000000
33085618.000000 30089.000000 2919.000000
31108146.000000 28258.000000 8671.000000
30051898.000000 19090.000000 3976.000000
28249891.000000 28438.000000 13183.000000
28790817.000000 22959.000000 6669.000000
32939276.000000 28017.000000 5767.000000
29672985.000000 23945.000000 12876.000000
32231308.000000 25575.000000 5242.000000
31274958.000000 26255.000000 9022.000000
31479133.000000 27696.000000 9264.000000
30687356.000000 17015.000000 2537.000000
32493925.000000 31397.000000 11607.000000
32404017.000000 19643.000000 4191.000000
30954303.000000 26020.000000 5920.000000
30109004.000000 32789.000000 9852.000000
33347819.000000 22131.000000 4498.000000
29530103.000000 34337.000000 13657.000000
33287694.000000 31495.000000 4958.000000
30014629.000000 24873.000000 12772.000000
30690598.000000 30072.000000 2505.000000
28278147.000000 22610.000000 7610.000000
31895483.000000 21354.000000 6009.000000
30591329.000000 25699.000000 3014.000000
