33241073.000000 18808.000000 2807.000000
31370249.000000 21407.000000 1894.000000
32232060.000000 18876.000000 2168.000000
32412764.000000 16813.000000 2340.000000
32531995.000000 20331.000000 1936.000000
32651072.000000 25304.000000 2214.000000
32896364.000000 22302.000000 2118.000000
32512231.000000 16431.000000 2166.000000
31284257.000000 25503.000000 1927.000000
32714066.000000 19673.000000 2384.000000
32791018.000000 17204.000000 1811.000000
32727719.000000 24892.000000 2029.000000
31862703.000000 18387.000000 2156.000000
32223105.000000 19326.000000 1532.000000
33113941.000000 19559.000000 2472.000000
31891754.000000 26345.000000 2142.000000
32383234.000000 18109.000000 2212.000000
32440756.000000 17050.000000 2188.000000
32815438.000000 18769.000000 2063.000000
32299697.000000 20549.000000 2380.000000
31507669.000000 21513.000000 2098.000000
32147586.000000 18744.000000 2102.000000
32199285.000000 18478.000000 2027.000000
33097774.000000 20681.000000 2266.000000
32641530.000000 16094.000000 2267.000000
32740001.000000 19824.000000 2034.000000
32335616.000000 17232.000000 2267.000000
32904143.000000 18181.000000 2840.000000
32560286.000000 24502.000000 2060.000000
32834079.000000 16555.000000 2357.000000
32512082.000000 21167.000000 1948.000000
32833705.000000 17559.000000 1928.000000
31970301.000000 17952.000000 2093.000000
32376654.000000 17785.000000 2421.000000
32460602.000000 20965.000000 2229.000000
32376107.000000 20958.000000 2112.000000
32443781.000000 16885.000000 2228.000000
31973663.000000 17556.000000 2091.000000
30926812.000000 26063.000000 2077.000000
32482398.000000 18259.000000 2101.000000
32584232.000000 18040.000000 2192.000000
32516919.000000 19671.000000 1978.000000
32585485.000000 22595.000000 1971.000000
30875268.000000 23272.000000 2146.000000
32104866.000000 19336.000000 2108.000000
32351526.000000 20212.000000 1858.000000
32648490.000000 18504.000000 2049.000000
32327348.000000 24549.000000 2134.000000
32213726.000000 20714.000000 2040.000000
32359527.000000 20745.000000 2139.000000
33183191.000000 17729.000000 1861.000000
32895622.000000 20624.000000 1980.000000
33005923.000000 19989.000000 1876.000000
32478180.000000 18856.000000 2291.000000
31309347.000000 22069.000000 1927.000000
32240950.000000 24173.000000 2149.000000
31200399.000000 19283.000000 2125.000000
32449452.000000 19076.000000 2250.000000
31375399.000000 20155.000000 2020.000000
31961228.000000 22324.000000 2046.000000
32552243.000000 18734.000000 2197.000000
33002801.000000 17298.000000 2147.000000
33295761.000000 16700.000000 2327.000000
32612846.000000 20806.000000 2085.000000
32170612.000000 20970.000000 2160.000000
32375039.000000 17251.000000 2020.000000
32329531.000000 18749.000000 2102.000000
32401795.000000 21389.000000 2030.000000
32654645.000000 20190.000000 2167.000000
31729730.000000 22495.000000 2058.000000
32375179.000000 19736.000000 2021.000000
32506875.000000 18283.000000 2149.000000
32025791.000000 24396.000000 2244.000000
32784181.000000 17752.000000 2111.000000
31758866.000000 23189.000000 2141.000000
32127058.000000 19678.000000 2222.000000
32322861.000000 17324.000000 1325.000000
28416913.000000 13412.000000 1998.000000
32981128.000000 17579.000000 2141.000000
33492342.000000 17190.000000 1918.000000
32274035.000000 19310.000000 1831.000000
31922955.000000 19399.000000 1924.000000
32694705.000000 16322.000000 2074.000000
33020246.000000 17673.000000 1811.000000
32661015.000000 16974.000000 2433.000000
33048795.000000 18516.000000 1984.000000
33164540.000000 21023.000000 2458.000000
31444065.000000 18718.000000 2051.000000
33002392.000000 21521.000000 2228.000000
32214389.000000 19346.000000 2152.000000
31591812.000000 18940.000000 2167.000000
33400919.000000 20350.000000 2107.000000
33260392.000000 18580.000000 2415.000000
32818109.000000 18021.000000 2229.000000
32471695.000000 23117.000000 2292.000000
31389825.000000 18101.000000 2110.000000
31681126.000000 23253.000000 2019.000000
33807735.000000 17376.000000 2108.000000
31493214.000000 18240.000000 2227.000000
32118829.000000 19559.000000 2094.000000
