31617148.000000 18670.000000 3120.000000
29605576.000000 24137.000000 9737.000000
31038526.000000 20360.000000 2956.000000
32025769.000000 26524.000000 4689.000000
29350124.000000 24937.000000 8070.000000
26845969.000000 40734.000000 16907.000000
29170820.000000 29625.000000 12401.000000
30621172.000000 20413.000000 3770.000000
28257756.000000 24053.000000 9942.000000
30522075.000000 35838.000000 15005.000000
29782688.000000 35907.000000 16652.000000
26995333.000000 35605.000000 15279.000000
26009283.000000 35217.000000 14582.000000
32106661.000000 27887.000000 6494.000000
29779071.000000 32486.000000 13042.000000
30761271.000000 22760.000000 4812.000000
30268302.000000 25691.000000 11784.000000
30870995.000000 24831.000000 2751.000000
29288540.000000 25920.000000 7346.000000
32269304.000000 21638.000000 3130.000000
32298961.000000 22689.000000 2978.000000
30613197.000000 26197.000000 5896.000000
23229134.000000 47324.000000 23105.000000
28198060.000000 29347.000000 11617.000000
31323757.000000 32163.000000 8217.000000
29900837.000000 24269.000000 7953.000000
28340042.000000 30780.000000 12540.000000
31009425.000000 29510.000000 5964.000000
30335108.000000 27989.000000 4941.000000
31092017.000000 20234.000000 2950.000000
24993468.000000 29152.000000 12810.000000
31610474.000000 21220.000000 4875.000000
30995713.000000 20875.000000 5196.000000
18605027.000000 48469.000000 26310.000000
28371533.000000 33131.000000 10493.000000
30780756.000000 22742.000000 5017.000000
29396462.000000 34098.000000 16051.000000
22498374.000000 43225.000000 26547.000000
30253816.000000 31216.000000 9479.000000
31797593.000000 22356.000000 4605.000000
32137766.000000 31291.000000 5960.000000
31379928.000000 30527.000000 8108.000000
29834163.000000 31470.000000 13025.000000
32611062.000000 28404.000000 8456.000000
31712899.000000 26235.000000 3681.000000
28585533.000000 31119.000000 10387.000000
29538715.000000 25828.000000 5130.000000
28778400.000000 33092.000000 13662.000000
30869437.000000 19130.000000 3586.000000
29894218.000000 26137.000000 6631.000000
29999375.000000 18709.000000 3856.000000
14878272.000000 64121.000000 52144.000000
33171401.000000 24319.000000 4318.000000
30952068.000000 24909.000000 7420.000000
32340703.000000 24696.000000 6369.000000
31488127.000000 26854.000000 7996.000000
31582136.000000 16985.000000 3213.000000
27227996.000000 33320.000000 14274.000000
28457943.000000 24618.000000 8211.000000
2766033.000000 81149.000000 76447.000000
28414590.000000 30709.000000 12512.000000
32822935.000000 21397.000000 3722.000000
30861541.000000 31013.000000 10534.000000
29334082.000000 27012.000000 6823.000000
31909769.000000 18365.000000 4180.000000
30119349.000000 28383.000000 11939.000000
12767287.000000 88015.000000 83522.000000
231265.000000 97071.000000 94722.000000
30512406.000000 25262.000000 3464.000000
5581337.000000 78147.000000 67439.000000
30967354.000000 20368.000000 2770.000000
30197805.000000 17459.000000 6102.000000
29090424.000000 35837.000000 11997.000000
31791291.000000 30204.000000 6903.000000
32330262.000000 26404.000000 5122.000000
28125605.000000 22402.000000 7574.000000
31711926.000000 26408.000000 6499.000000
28484330.000000 26913.000000 12018.000000
31141029.000000 16034.000000 3976.000000
32775661.000000 21584.000000 2627.000000
28947802.000000 24259.000000 11769.000000
30847509.000000 23368.000000 5117.000000
30382997.000000 21919.000000 6041.000000
31338849.000000 20016.000000 3130.000000
31202010.000000 22917.000000 4850.000000
27990506.000000 29471.000000 12915.000000
31501476.000000 34271.000000 13622.000000
30757606.000000 30870.000000 9323.000000
23690398.000000 39541.000000 22503.000000
31914360.000000 32704.000000 6445.000000
31115098.000000 25555.000000 5352.000000
29929982.000000 32182.000000 13557.000000
30552321.000000 25728.000000 7608.000000
31478572.000000 21620.000000 3855.000000
29318719.000000 33014.000000 9943.000000
27580873.000000 41607.000000 14615.000000
31468486.000000 21910.000000 3344.000000
30549905.000000 24594.000000 7316.000000
30592844.000000 22438.000000 6049.000000
20585234.000000 65416.000000 50955.000000
