33513905.000000 23676.000000 47.000000
33676038.000000 23154.000000 126.000000
32852485.000000 23205.000000 106.000000
33023619.000000 27019.000000 15.000000
34870581.000000 25564.000000 8.000000
35098303.000000 24658.000000 88.000000
33834256.000000 21190.000000 13.000000
35778112.000000 30412.000000 16.000000
33067218.000000 22652.000000 2.000000
33788181.000000 25737.000000 9.000000
32886142.000000 22093.000000 11.000000
34903397.000000 27635.000000 7.000000
32716594.000000 24738.000000 9.000000
34318925.000000 32226.000000 82.000000
32532920.000000 22724.000000 4.000000
33306239.000000 21964.000000 7.000000
34171808.000000 28865.000000 15.000000
33356673.000000 23136.000000 5.000000
33806226.000000 24963.000000 14.000000
32632459.000000 23845.000000 11.000000
33341976.000000 27502.000000 49.000000
34287874.000000 23753.000000 33.000000
33121817.000000 22713.000000 37.000000
33267334.000000 22623.000000 3.000000
34933326.000000 30733.000000 21.000000
34590428.000000 24628.000000 53.000000
33869726.000000 27218.000000 62.000000
34149740.000000 28235.000000 118.000000
34675892.000000 26568.000000 23.000000
34994496.000000 28761.000000 285.000000
34227881.000000 22291.000000 9.000000
36058472.000000 27024.000000 41.000000
35092408.000000 29540.000000 10.000000
33755369.000000 21349.000000 14.000000
34298781.000000 26005.000000 15.000000
32531725.000000 22466.000000 17.000000
33943959.000000 23143.000000 61.000000
34007148.000000 22464.000000 20.000000
34288480.000000 27417.000000 0.000000
32642604.000000 23846.000000 6.000000
34596397.000000 23255.000000 3.000000
34544368.000000 28273.000000 10.000000
32963915.000000 21748.000000 2.000000
32856392.000000 24070.000000 59.000000
34503899.000000 26797.000000 58.000000
34156108.000000 25012.000000 7.000000
33805555.000000 29688.000000 4.000000
32829300.000000 19733.000000 6.000000
33239164.000000 23240.000000 5.000000
32935482.000000 21554.000000 27.000000
33948372.000000 25925.000000 9.000000
33161358.000000 24639.000000 95.000000
32617179.000000 22285.000000 9.000000
33006843.000000 23146.000000 11.000000
32551946.000000 21789.000000 17.000000
33288526.000000 25019.000000 11.000000
32665813.000000 25938.000000 91.000000
34335696.000000 30033.000000 2.000000
33411008.000000 23296.000000 43.000000
34515032.000000 28121.000000 2.000000
33408326.000000 24051.000000 2.000000
33126289.000000 28889.000000 33.000000
32769779.000000 24130.000000 6.000000
34084043.000000 22751.000000 43.000000
32698562.000000 24954.000000 147.000000
33542748.000000 23768.000000 11.000000
33023776.000000 25656.000000 85.000000
32776979.000000 21826.000000 243.000000
34574462.000000 27820.000000 15.000000
34099206.000000 25788.000000 3.000000
32785567.000000 23680.000000 15.000000
33903803.000000 24332.000000 49.000000
34389782.000000 25044.000000 14.000000
35705711.000000 29015.000000 11.000000
33275375.000000 23513.000000 161.000000
34296384.000000 22067.000000 182.000000
34746009.000000 27545.000000 113.000000
34651586.000000 28980.000000 16.000000
32981575.000000 24983.000000 161.000000
34148523.000000 28963.000000 15.000000
34170100.000000 27430.000000 172.000000
33157069.000000 23315.000000 8.000000
34986508.000000 25779.000000 27.000000
33630018.000000 23491.000000 0.000000
34532899.000000 33040.000000 30.000000
34898163.000000 26346.000000 3.000000
34394664.000000 26924.000000 82.000000
33846388.000000 23140.000000 59.000000
35305005.000000 37580.000000 13.000000
33283308.000000 21994.000000 62.000000
33090469.000000 23574.000000 37.000000
34176189.000000 31670.000000 2.000000
33289921.000000 23952.000000 188.000000
32751914.000000 22205.000000 4.000000
35063464.000000 37699.000000 42.000000
33991643.000000 22873.000000 68.000000
33492666.000000 19982.000000 10.000000
33742445.000000 26912.000000 6.000000
34857711.000000 27782.000000 4.000000
34214517.000000 22576.000000 1.000000
