31524380.000000 22040.000000 1750.000000
32085019.000000 26996.000000 2186.000000
30383217.000000 27561.000000 2295.000000
30892979.000000 22748.000000 2178.000000
30379474.000000 21226.000000 2279.000000
31667241.000000 27877.000000 2096.000000
31795815.000000 25983.000000 1849.000000
30968869.000000 21965.000000 2450.000000
31076167.000000 23814.000000 3010.000000
30917706.000000 28679.000000 2568.000000
32756361.000000 23399.000000 2431.000000
31414391.000000 24440.000000 1425.000000
32528698.000000 22505.000000 2281.000000
30988846.000000 21458.000000 1925.000000
32277814.000000 24793.000000 2075.000000
30407495.000000 25109.000000 2625.000000
31896241.000000 24391.000000 2538.000000
30766935.000000 21899.000000 1663.000000
32030534.000000 22926.000000 2518.000000
32121369.000000 25847.000000 2215.000000
31159900.000000 24345.000000 2186.000000
31968696.000000 22399.000000 2008.000000
32110964.000000 22650.000000 2417.000000
31951039.000000 24683.000000 1972.000000
31924297.000000 22470.000000 2275.000000
31136217.000000 22918.000000 2057.000000
31103709.000000 24912.000000 1979.000000
30731928.000000 23168.000000 2475.000000
30889552.000000 32202.000000 2313.000000
32455542.000000 21169.000000 2499.000000
31400843.000000 26263.000000 2923.000000
30555261.000000 29185.000000 2645.000000
30587548.000000 32472.000000 2460.000000
31321361.000000 28396.000000 1594.000000
31980983.000000 27939.000000 2050.000000
31903884.000000 26554.000000 2054.000000
30800782.000000 25259.000000 2057.000000
31353891.000000 27248.000000 1963.000000
31643621.000000 22993.000000 1405.000000
31248827.000000 25656.000000 2767.000000
31316502.000000 23226.000000 2247.000000
31723681.000000 24034.000000 1805.000000
31742200.000000 23866.000000 2147.000000
31829149.000000 21965.000000 2027.000000
31628207.000000 24223.000000 2062.000000
31923775.000000 24476.000000 2189.000000
31599257.000000 23331.000000 2105.000000
31122662.000000 23052.000000 2653.000000
32414774.000000 23279.000000 2242.000000
31086614.000000 22737.000000 1869.000000
31579396.000000 24377.000000 2767.000000
31666603.000000 29590.000000 1850.000000
32043504.000000 24992.000000 2860.000000
32601955.000000 24859.000000 2432.000000
32395513.000000 21946.000000 2553.000000
32554599.000000 26959.000000 2587.000000
31886300.000000 24962.000000 2171.000000
32074840.000000 20953.000000 2281.000000
31438172.000000 21424.000000 1697.000000
30204594.000000 32836.000000 3068.000000
31720397.000000 22175.000000 1683.000000
32394079.000000 23146.000000 2310.000000
32724520.000000 23496.000000 2381.000000
31353168.000000 22586.000000 2031.000000
32103964.000000 24052.000000 1935.000000
31700622.000000 23758.000000 1624.000000
31922993.000000 21981.000000 2296.000000
31811526.000000 25504.000000 1989.000000
31210560.000000 22648.000000 1949.000000
31841508.000000 22704.000000 2095.000000
30722968.000000 28027.000000 1644.000000
31322699.000000 23155.000000 2221.000000
32120166.000000 30223.000000 2047.000000
31702825.000000 25031.000000 2098.000000
30263041.000000 20963.000000 3020.000000
31897840.000000 21185.000000 2519.000000
31634850.000000 24275.000000 2012.000000
31501675.000000 26436.000000 1960.000000
31227325.000000 30046.000000 2062.000000
31144009.000000 29456.000000 1924.000000
31794170.000000 22029.000000 1746.000000
31256579.000000 24156.000000 2058.000000
30484527.000000 22276.000000 2514.000000
31885032.000000 25707.000000 2232.000000
31909617.000000 25758.000000 2343.000000
31353387.000000 22012.000000 3010.000000
30941253.000000 21946.000000 1974.000000
30353104.000000 22045.000000 1906.000000
31559265.000000 23850.000000 2114.000000
31372806.000000 27425.000000 1771.000000
31452196.000000 24067.000000 2052.000000
32119204.000000 21144.000000 1974.000000
31729600.000000 24860.000000 2073.000000
32243084.000000 26268.000000 2108.000000
31692387.000000 22445.000000 2086.000000
31823460.000000 21712.000000 1619.000000
31831015.000000 24433.000000 2186.000000
30906600.000000 25290.000000 1551.000000
31445998.000000 22685.000000 1888.000000
30573921.000000 21636.000000 2315.000000
