32958683.000000 26806.000000 7.000000
33469250.000000 19827.000000 6.000000
32773400.000000 24777.000000 5.000000
33379710.000000 22356.000000 0.000000
32712426.000000 22891.000000 8.000000
33232658.000000 26003.000000 4.000000
33312337.000000 25664.000000 0.000000
33176327.000000 23521.000000 5.000000
32813382.000000 16934.000000 9.000000
33339071.000000 23678.000000 4.000000
33006475.000000 19538.000000 6.000000
32583477.000000 25285.000000 4.000000
33029165.000000 25359.000000 3.000000
32583532.000000 25056.000000 6.000000
33482668.000000 20277.000000 3.000000
32497343.000000 21415.000000 5.000000
33167886.000000 23107.000000 25.000000
33259853.000000 19917.000000 1.000000
33532548.000000 24012.000000 9.000000
33134157.000000 22138.000000 4.000000
33462917.000000 22143.000000 3.000000
33305318.000000 21086.000000 10.000000
32925732.000000 20169.000000 5.000000
32122400.000000 26100.000000 6.000000
32891934.000000 21474.000000 3.000000
33258385.000000 22547.000000 6.000000
33116672.000000 17209.000000 3.000000
32967213.000000 20356.000000 3.000000
33154205.000000 17448.000000 0.000000
33032207.000000 20010.000000 5.000000
33563982.000000 23115.000000 1.000000
33799569.000000 29502.000000 1.000000
33047911.000000 20510.000000 1.000000
32309726.000000 30422.000000 1.000000
33291758.000000 20616.000000 6.000000
32680290.000000 19280.000000 3.000000
32753270.000000 18541.000000 5.000000
33005173.000000 22260.000000 7.000000
32954834.000000 20845.000000 3.000000
33327087.000000 21423.000000 3.000000
33108931.000000 20456.000000 5.000000
33032052.000000 18679.000000 5.000000
33868412.000000 26906.000000 9.000000
33408721.000000 19016.000000 2.000000
33931980.000000 25810.000000 5.000000
33319272.000000 28140.000000 10.000000
33116930.000000 16745.000000 6.000000
32477979.000000 21798.000000 3.000000
33121752.000000 24263.000000 4.000000
33332792.000000 20602.000000 3.000000
33184160.000000 29423.000000 4.000000
33141802.000000 21522.000000 5.000000
34365107.000000 25985.000000 7.000000
33496970.000000 21164.000000 5.000000
33209477.000000 22852.000000 0.000000
33068355.000000 20923.000000 6.000000
33042720.000000 26346.000000 6.000000
33294254.000000 21823.000000 3.000000
32439953.000000 29895.000000 5.000000
33100995.000000 26584.000000 7.000000
33290325.000000 22390.000000 3.000000
33361175.000000 19054.000000 3.000000
33746909.000000 26555.000000 3.000000
34204990.000000 25055.000000 5.000000
33230856.000000 21833.000000 3.000000
32525263.000000 23005.000000 6.000000
33095662.000000 24323.000000 1.000000
33495473.000000 23942.000000 5.000000
33198629.000000 20817.000000 5.000000
32941503.000000 23824.000000 4.000000
33279652.000000 28165.000000 3.000000
33218080.000000 25415.000000 8.000000
32434390.000000 31439.000000 3.000000
33501868.000000 27629.000000 8.000000
33113340.000000 21687.000000 3.000000
32944505.000000 23704.000000 4.000000
34478188.000000 26442.000000 1.000000
33187303.000000 24217.000000 3.000000
33447315.000000 19535.000000 4.000000
33164033.000000 21344.000000 0.000000
34155145.000000 27330.000000 23.000000
33118327.000000 23078.000000 4.000000
33022166.000000 18435.000000 11.000000
33015688.000000 27649.000000 1.000000
33453177.000000 20510.000000 6.000000
33195520.000000 21461.000000 6.000000
32287141.000000 31038.000000 6.000000
33193566.000000 19603.000000 1.000000
33278866.000000 23642.000000 3.000000
33161540.000000 24001.000000 4.000000
32984132.000000 24261.000000 12.000000
33177343.000000 23290.000000 3.000000
32944163.000000 21300.000000 2.000000
33064956.000000 21529.000000 9.000000
33374207.000000 20449.000000 3.000000
33415354.000000 21973.000000 5.000000
33329775.000000 18185.000000 1.000000
32619091.000000 19310.000000 3.000000
32298463.000000 23813.000000 4.000000
33189550.000000 18209.000000 2.000000
