33326581.000000 19833.000000 8.000000
33870010.000000 24168.000000 8.000000
31968606.000000 32806.000000 4.000000
33176042.000000 23959.000000 0.000000
32720006.000000 16491.000000 0.000000
32906124.000000 21296.000000 4.000000
33648199.000000 21691.000000 4.000000
33780597.000000 19390.000000 2.000000
33128740.000000 25234.000000 6.000000
33190420.000000 22680.000000 5.000000
33272685.000000 20310.000000 1.000000
32857826.000000 28003.000000 5.000000
33322719.000000 17575.000000 4.000000
33199737.000000 24303.000000 3.000000
33160744.000000 21453.000000 1.000000
33443905.000000 26787.000000 9.000000
33025630.000000 17559.000000 2.000000
31865240.000000 33151.000000 3.000000
33552045.000000 22066.000000 0.000000
32747037.000000 21161.000000 1.000000
33379390.000000 20055.000000 2.000000
33224595.000000 26332.000000 2.000000
32764410.000000 26805.000000 8.000000
32895996.000000 26410.000000 1.000000
33107711.000000 18930.000000 1.000000
33453399.000000 17836.000000 6.000000
33159696.000000 18955.000000 3.000000
32972344.000000 17793.000000 3.000000
33052358.000000 20744.000000 2.000000
32865056.000000 22023.000000 4.000000
33571180.000000 22928.000000 3.000000
32963582.000000 20133.000000 5.000000
32921471.000000 22546.000000 1.000000
33134874.000000 19089.000000 39.000000
33279792.000000 17870.000000 0.000000
33039724.000000 20850.000000 2.000000
33487046.000000 18290.000000 4.000000
33783005.000000 22431.000000 4.000000
32940683.000000 17214.000000 0.000000
33439583.000000 23511.000000 5.000000
32704758.000000 23078.000000 6.000000
33824727.000000 25248.000000 3.000000
33440363.000000 19126.000000 3.000000
32703328.000000 27528.000000 8.000000
32976059.000000 22765.000000 0.000000
33588416.000000 23185.000000 5.000000
33363056.000000 21546.000000 4.000000
33246098.000000 21610.000000 3.000000
33535113.000000 18649.000000 3.000000
33104101.000000 23919.000000 4.000000
33453285.000000 21240.000000 3.000000
33190288.000000 18253.000000 3.000000
33361196.000000 21377.000000 8.000000
32982129.000000 20179.000000 4.000000
33056387.000000 17874.000000 0.000000
33086806.000000 21455.000000 3.000000
33321492.000000 26477.000000 3.000000
32840611.000000 19898.000000 3.000000
33549501.000000 24816.000000 3.000000
33332575.000000 20478.000000 4.000000
32812729.000000 22277.000000 4.000000
33144402.000000 18737.000000 6.000000
33319125.000000 21509.000000 4.000000
32910973.000000 24159.000000 3.000000
32701467.000000 24775.000000 1.000000
32938203.000000 21442.000000 3.000000
33192021.000000 18897.000000 1.000000
32778469.000000 25021.000000 5.000000
32924486.000000 23297.000000 5.000000
33278146.000000 20214.000000 1.000000
33599153.000000 22221.000000 0.000000
32765968.000000 17749.000000 3.000000
32892255.000000 21226.000000 5.000000
33311196.000000 18698.000000 3.000000
33320952.000000 28674.000000 4.000000
33261716.000000 19896.000000 3.000000
33395822.000000 28068.000000 1.000000
33119678.000000 23560.000000 4.000000
33077087.000000 20369.000000 1.000000
33073369.000000 21243.000000 3.000000
33530270.000000 22939.000000 8.000000
33048896.000000 24193.000000 1.000000
33509746.000000 25279.000000 4.000000
33569454.000000 27715.000000 3.000000
33527725.000000 18565.000000 1.000000
32872248.000000 21950.000000 1.000000
33559886.000000 19128.000000 8.000000
33090246.000000 21626.000000 1.000000
33259173.000000 19720.000000 15.000000
32698908.000000 21534.000000 6.000000
33129758.000000 21377.000000 1.000000
33143615.000000 21434.000000 1.000000
32703922.000000 23545.000000 1.000000
33562080.000000 20997.000000 0.000000
33525708.000000 21484.000000 1.000000
33450134.000000 18828.000000 0.000000
32672485.000000 25473.000000 0.000000
32304623.000000 20544.000000 3.000000
32955879.000000 23273.000000 1.000000
32591914.000000 21971.000000 1.000000
