27956216.000000 13626.000000 2068.000000
27208719.000000 12390.000000 2073.000000
26542870.000000 11395.000000 2012.000000
26952807.000000 11185.000000 1882.000000
27309878.000000 12595.000000 2036.000000
27326968.000000 13138.000000 1795.000000
26861718.000000 11110.000000 1938.000000
27623833.000000 11904.000000 2048.000000
26466550.000000 13807.000000 2033.000000
27255938.000000 11888.000000 1850.000000
27216078.000000 11202.000000 1867.000000
27744657.000000 13175.000000 1901.000000
27404235.000000 12099.000000 2014.000000
27524879.000000 13155.000000 1991.000000
27585094.000000 12380.000000 1949.000000
27079777.000000 11673.000000 1940.000000
26571259.000000 12248.000000 1962.000000
26794780.000000 11497.000000 2006.000000
28177083.000000 13659.000000 1788.000000
27576143.000000 13993.000000 2005.000000
26851645.000000 11479.000000 1992.000000
27218864.000000 12140.000000 2012.000000
27169610.000000 12284.000000 1853.000000
26790164.000000 12181.000000 1773.000000
27281205.000000 11759.000000 1717.000000
28077621.000000 12564.000000 1990.000000
27609190.000000 12572.000000 1950.000000
27307227.000000 11915.000000 1802.000000
27537553.000000 15354.000000 1897.000000
27394464.000000 11652.000000 1795.000000
27741148.000000 11610.000000 1790.000000
26658891.000000 12896.000000 1929.000000
27208202.000000 11970.000000 1794.000000
26625610.000000 11317.000000 2055.000000
28080727.000000 11526.000000 2076.000000
26580116.000000 11870.000000 1935.000000
27643037.000000 12109.000000 2024.000000
27312822.000000 11992.000000 1966.000000
26457181.000000 12697.000000 1736.000000
27233748.000000 11795.000000 2083.000000
27589236.000000 17339.000000 1776.000000
26676272.000000 10592.000000 1852.000000
26985747.000000 13958.000000 1870.000000
26831813.000000 14226.000000 1937.000000
27536170.000000 13020.000000 1909.000000
27735122.000000 11943.000000 2093.000000
27275574.000000 13306.000000 2069.000000
26596787.000000 12926.000000 2039.000000
26970891.000000 11961.000000 1586.000000
27069615.000000 15110.000000 1954.000000
28083294.000000 13887.000000 2076.000000
27643963.000000 13880.000000 1960.000000
27384961.000000 12060.000000 1840.000000
28051268.000000 12023.000000 2107.000000
27115279.000000 12015.000000 1907.000000
27476485.000000 10909.000000 2017.000000
27709328.000000 12493.000000 1943.000000
27267534.000000 14490.000000 2045.000000
26470400.000000 11544.000000 2112.000000
27544441.000000 11910.000000 2081.000000
26662753.000000 11192.000000 1773.000000
27398072.000000 12116.000000 2032.000000
26913314.000000 11525.000000 1762.000000
27598233.000000 11679.000000 1983.000000
26798138.000000 10937.000000 2066.000000
27576844.000000 11432.000000 2070.000000
27373040.000000 14295.000000 2084.000000
27307037.000000 12308.000000 2010.000000
26873756.000000 11790.000000 1981.000000
27618662.000000 11298.000000 1986.000000
27920104.000000 11826.000000 1905.000000
27061719.000000 11451.000000 2035.000000
26708018.000000 14008.000000 1977.000000
27528018.000000 13077.000000 1908.000000
26942136.000000 12671.000000 2013.000000
27777655.000000 12514.000000 1978.000000
27658967.000000 11452.000000 2013.000000
27827404.000000 10962.000000 2082.000000
27556216.000000 12298.000000 1990.000000
27229374.000000 12675.000000 1992.000000
28284567.000000 11854.000000 2112.000000
26333343.000000 11848.000000 2008.000000
26914450.000000 12657.000000 1993.000000
26852150.000000 11613.000000 2011.000000
27860876.000000 11751.000000 1988.000000
27380556.000000 12223.000000 1731.000000
26932124.000000 12592.000000 1917.000000
27037323.000000 16748.000000 2024.000000
27776370.000000 12334.000000 2013.000000
26808565.000000 12328.000000 2124.000000
28115538.000000 11644.000000 1882.000000
27559880.000000 13960.000000 1928.000000
27632639.000000 14540.000000 2066.000000
27502714.000000 13470.000000 2090.000000
27523195.000000 11133.000000 1968.000000
27395146.000000 11413.000000 2010.000000
27696375.000000 13288.000000 1968.000000
27398930.000000 13462.000000 2030.000000
27667183.000000 11076.000000 2007.000000
27301030.000000 12062.000000 2017.000000
