31773129.000000 23963.000000 0.000000
32852712.000000 20912.000000 0.000000
31509175.000000 19252.000000 10.000000
32209662.000000 20827.000000 4.000000
32344675.000000 18737.000000 6.000000
32294753.000000 22286.000000 0.000000
32019823.000000 18748.000000 0.000000
32895316.000000 23019.000000 19.000000
32953731.000000 21047.000000 2.000000
31923067.000000 18021.000000 0.000000
32220938.000000 17048.000000 4.000000
32315100.000000 20470.000000 0.000000
32713540.000000 21763.000000 0.000000
32463258.000000 20792.000000 2.000000
32611187.000000 21111.000000 2.000000
32399439.000000 22380.000000 0.000000
32212185.000000 17968.000000 5.000000
32318037.000000 21715.000000 8.000000
32677238.000000 19667.000000 0.000000
32400248.000000 19042.000000 12.000000
32417404.000000 24932.000000 0.000000
33039734.000000 26127.000000 0.000000
32474672.000000 19213.000000 5.000000
32583167.000000 16338.000000 0.000000
32608591.000000 23698.000000 5.000000
32241365.000000 26117.000000 5.000000
32722342.000000 22601.000000 2.000000
32286159.000000 17622.000000 3.000000
32148799.000000 19706.000000 7.000000
32004214.000000 20356.000000 8.000000
33219588.000000 24495.000000 10.000000
32209649.000000 18464.000000 0.000000
32731896.000000 23204.000000 0.000000
31912630.000000 27803.000000 0.000000
32922088.000000 17530.000000 8.000000
32300073.000000 18599.000000 3.000000
32361330.000000 17709.000000 0.000000
32093260.000000 19399.000000 0.000000
32306226.000000 20899.000000 6.000000
32661735.000000 16778.000000 0.000000
31690025.000000 20371.000000 0.000000
32365789.000000 19369.000000 3.000000
32354686.000000 22255.000000 5.000000
32547020.000000 22190.000000 0.000000
33342755.000000 18096.000000 0.000000
32234481.000000 18580.000000 6.000000
32381727.000000 22479.000000 2.000000
32489698.000000 24403.000000 0.000000
32275072.000000 21816.000000 2.000000
32489626.000000 18733.000000 2.000000
32045713.000000 18162.000000 0.000000
32340992.000000 24691.000000 0.000000
31842509.000000 22708.000000 0.000000
32631019.000000 19081.000000 2.000000
32503021.000000 19716.000000 3.000000
32023205.000000 24621.000000 0.000000
32510911.000000 18563.000000 0.000000
32705349.000000 19043.000000 0.000000
32789985.000000 20866.000000 0.000000
32830806.000000 18157.000000 0.000000
32497265.000000 22996.000000 0.000000
32351245.000000 19379.000000 0.000000
32761811.000000 19237.000000 0.000000
32458450.000000 23774.000000 0.000000
33069245.000000 18460.000000 6.000000
32502773.000000 21622.000000 0.000000
32431604.000000 18736.000000 2.000000
32442944.000000 19198.000000 0.000000
32284341.000000 17683.000000 0.000000
33014724.000000 23389.000000 0.000000
32956571.000000 20426.000000 0.000000
32269117.000000 25908.000000 4.000000
33018887.000000 20866.000000 4.000000
32889211.000000 18575.000000 0.000000
32557181.000000 19094.000000 3.000000
32293395.000000 18472.000000 0.000000
32228257.000000 17579.000000 4.000000
32248258.000000 18275.000000 4.000000
32200064.000000 18741.000000 7.000000
32484124.000000 19377.000000 0.000000
32739907.000000 22793.000000 0.000000
32062570.000000 23147.000000 0.000000
32164715.000000 22066.000000 0.000000
32908676.000000 19083.000000 3.000000
32550666.000000 19023.000000 2.000000
32901007.000000 19881.000000 4.000000
32152525.000000 18987.000000 7.000000
32694194.000000 18173.000000 0.000000
33150596.000000 19875.000000 2.000000
33421793.000000 21205.000000 0.000000
32177586.000000 25015.000000 4.000000
32315753.000000 19372.000000 11.000000
32485600.000000 20833.000000 0.000000
33394080.000000 20656.000000 2.000000
32351726.000000 19383.000000 0.000000
32528503.000000 19403.000000 3.000000
32257167.000000 18234.000000 4.000000
33158605.000000 18679.000000 0.000000
32531984.000000 18304.000000 0.000000
32214988.000000 22411.000000 68.000000
