33196902.000000 23288.000000 2580.000000
33090650.000000 21808.000000 2422.000000
33156856.000000 24127.000000 2450.000000
33687422.000000 24890.000000 2478.000000
33848048.000000 26861.000000 2452.000000
33603885.000000 24587.000000 2440.000000
33245139.000000 25566.000000 2648.000000
33245007.000000 26307.000000 2523.000000
33441840.000000 22500.000000 2486.000000
32682593.000000 26574.000000 2419.000000
33260122.000000 24792.000000 2522.000000
33685006.000000 24742.000000 2590.000000
33929186.000000 24574.000000 2443.000000
33305964.000000 27569.000000 2636.000000
33817894.000000 25734.000000 2157.000000
33749338.000000 29820.000000 2414.000000
33850780.000000 24311.000000 2329.000000
33580218.000000 21869.000000 2162.000000
33862702.000000 25526.000000 2488.000000
33458773.000000 24629.000000 2317.000000
32905176.000000 24571.000000 2588.000000
33448378.000000 22847.000000 2537.000000
33719432.000000 25313.000000 2688.000000
33419775.000000 26533.000000 2568.000000
33912652.000000 25396.000000 2493.000000
33920468.000000 26935.000000 2493.000000
33583685.000000 24694.000000 2558.000000
33642883.000000 25108.000000 2412.000000
33072562.000000 24354.000000 2599.000000
33466437.000000 23072.000000 2635.000000
33908956.000000 24149.000000 2354.000000
32985284.000000 23960.000000 2451.000000
33391152.000000 26072.000000 2479.000000
33691558.000000 24392.000000 2368.000000
33199634.000000 25607.000000 2315.000000
33625092.000000 24757.000000 2404.000000
33573860.000000 24000.000000 2394.000000
33559747.000000 24412.000000 2465.000000
33565374.000000 24747.000000 2365.000000
33306535.000000 23416.000000 2494.000000
33442267.000000 27356.000000 2422.000000
33569190.000000 24229.000000 2432.000000
33631857.000000 28904.000000 2401.000000
33809935.000000 24717.000000 2178.000000
32849189.000000 26715.000000 2200.000000
33618099.000000 26926.000000 2329.000000
33814739.000000 24184.000000 2670.000000
33186259.000000 28180.000000 2730.000000
33035359.000000 25678.000000 2216.000000
33197756.000000 22943.000000 2450.000000
33542423.000000 29134.000000 2438.000000
33635887.000000 31964.000000 2506.000000
33214105.000000 21279.000000 2358.000000
33837677.000000 26883.000000 2218.000000
33582739.000000 23230.000000 2467.000000
33486451.000000 21974.000000 2199.000000
33178286.000000 25900.000000 2307.000000
33959090.000000 23401.000000 2444.000000
33703605.000000 25081.000000 2560.000000
33801059.000000 21371.000000 2458.000000
33801111.000000 26270.000000 2581.000000
33033403.000000 31172.000000 2582.000000
33744304.000000 25936.000000 2491.000000
33607530.000000 24056.000000 2557.000000
33373899.000000 22343.000000 2605.000000
33587315.000000 22317.000000 2476.000000
33740176.000000 25219.000000 2572.000000
33676301.000000 23710.000000 2387.000000
32942887.000000 23324.000000 2571.000000
33341221.000000 23827.000000 2586.000000
33513120.000000 25782.000000 2441.000000
33412172.000000 24995.000000 2504.000000
33387627.000000 24732.000000 2371.000000
33382084.000000 24822.000000 2535.000000
33702734.000000 25386.000000 2424.000000
33615779.000000 25309.000000 2341.000000
33861907.000000 24105.000000 2344.000000
33350953.000000 25440.000000 2240.000000
33804023.000000 25216.000000 2183.000000
33639738.000000 25701.000000 2258.000000
34365721.000000 23108.000000 2430.000000
33553918.000000 22609.000000 2620.000000
33520268.000000 24024.000000 2587.000000
33846619.000000 27931.000000 2264.000000
33511646.000000 23026.000000 2607.000000
33237940.000000 20764.000000 2406.000000
33464986.000000 21824.000000 2523.000000
33682384.000000 23087.000000 2430.000000
33234054.000000 24049.000000 2576.000000
32966309.000000 20923.000000 2488.000000
33779444.000000 25071.000000 2343.000000
32997057.000000 20911.000000 2466.000000
33894650.000000 27038.000000 2120.000000
33348293.000000 28140.000000 2474.000000
33493728.000000 25121.000000 2399.000000
33024340.000000 27780.000000 2547.000000
33413738.000000 23979.000000 2498.000000
33553605.000000 24877.000000 2495.000000
33714066.000000 28050.000000 2344.000000
33270043.000000 23658.000000 2664.000000
