30960370.000000 25344.000000 2462.000000
32246595.000000 25633.000000 2378.000000
31731908.000000 24829.000000 1828.000000
31268668.000000 30744.000000 1876.000000
30716454.000000 31759.000000 2492.000000
32304879.000000 24475.000000 2219.000000
31310556.000000 23159.000000 2344.000000
31619395.000000 27726.000000 2568.000000
31940937.000000 20912.000000 2688.000000
31660659.000000 22356.000000 1657.000000
32007695.000000 21496.000000 2471.000000
30817434.000000 26672.000000 2966.000000
32813986.000000 26328.000000 2499.000000
31025165.000000 24170.000000 2348.000000
31378766.000000 24735.000000 1707.000000
31874362.000000 22716.000000 2378.000000
31346760.000000 31300.000000 2360.000000
31066780.000000 24947.000000 3215.000000
31634840.000000 23494.000000 2359.000000
31471817.000000 22780.000000 2110.000000
31553500.000000 25270.000000 1914.000000
32257316.000000 22910.000000 1987.000000
31766923.000000 25580.000000 2140.000000
32423232.000000 23342.000000 2172.000000
31352401.000000 23896.000000 1798.000000
31964355.000000 22673.000000 2078.000000
31492075.000000 27446.000000 2203.000000
31453518.000000 23868.000000 1865.000000
31374456.000000 23586.000000 2155.000000
32576881.000000 22899.000000 2252.000000
30886799.000000 22133.000000 1724.000000
31658494.000000 24304.000000 2204.000000
30705906.000000 21638.000000 2456.000000
31048849.000000 22854.000000 2545.000000
31779186.000000 22113.000000 1833.000000
31189484.000000 23861.000000 2047.000000
30581719.000000 25772.000000 2566.000000
30592169.000000 22700.000000 2631.000000
31898540.000000 23267.000000 2045.000000
30552816.000000 20474.000000 2308.000000
31558717.000000 30272.000000 2231.000000
31850656.000000 25184.000000 1941.000000
31228513.000000 29670.000000 2244.000000
31800568.000000 24214.000000 2491.000000
31541562.000000 25390.000000 1649.000000
30960048.000000 26437.000000 2045.000000
31098430.000000 24623.000000 2228.000000
31310846.000000 24940.000000 1952.000000
31680705.000000 23992.000000 1826.000000
31964613.000000 25916.000000 1833.000000
30098863.000000 21182.000000 2441.000000
30033934.000000 23575.000000 2042.000000
30193492.000000 23779.000000 2870.000000
31897586.000000 22557.000000 2786.000000
31671427.000000 24684.000000 2202.000000
30723461.000000 24307.000000 2426.000000
31881020.000000 24495.000000 1663.000000
31543828.000000 23376.000000 2110.000000
31798910.000000 23062.000000 2047.000000
31291055.000000 22040.000000 2368.000000
30836348.000000 25549.000000 2583.000000
30281272.000000 21910.000000 2202.000000
31064027.000000 24020.000000 1967.000000
31787773.000000 23857.000000 2105.000000
31835875.000000 28027.000000 2304.000000
30499058.000000 22676.000000 2206.000000
32629645.000000 23563.000000 2218.000000
31195699.000000 22089.000000 2383.000000
31799983.000000 28302.000000 2126.000000
31981424.000000 23895.000000 2183.000000
31567348.000000 27076.000000 1999.000000
30775417.000000 22065.000000 1711.000000
30006970.000000 24047.000000 2261.000000
31866765.000000 23308.000000 2436.000000
31516118.000000 24897.000000 2133.000000
32508152.000000 24702.000000 2183.000000
32441223.000000 23645.000000 2071.000000
30457763.000000 25611.000000 2952.000000
31840199.000000 22761.000000 2358.000000
31779463.000000 24401.000000 2290.000000
32042821.000000 23731.000000 1963.000000
31891507.000000 23531.000000 2319.000000
30993494.000000 26117.000000 1910.000000
31636823.000000 25746.000000 2207.000000
31985092.000000 24985.000000 2204.000000
31757151.000000 23254.000000 1804.000000
31516734.000000 24660.000000 2407.000000
32059111.000000 21600.000000 1896.000000
30910145.000000 27692.000000 1990.000000
31155609.000000 21691.000000 1740.000000
32551847.000000 26098.000000 2385.000000
31642674.000000 23486.000000 2699.000000
31632966.000000 25971.000000 2018.000000
32042180.000000 26273.000000 2034.000000
32605186.000000 23861.000000 2538.000000
31496457.000000 22473.000000 1813.000000
32329326.000000 23265.000000 2223.000000
32224807.000000 26126.000000 2591.000000
31541423.000000 26619.000000 1753.000000
31584825.000000 26142.000000 1824.000000
