33583935.000000 19691.000000 2724.000000
32516502.000000 23154.000000 2144.000000
32331174.000000 26168.000000 2416.000000
32842457.000000 20467.000000 2535.000000
32996329.000000 19642.000000 2615.000000
32887388.000000 22837.000000 2529.000000
35068823.000000 20007.000000 1957.000000
33481054.000000 18193.000000 2773.000000
32035144.000000 29733.000000 2604.000000
32213673.000000 26896.000000 2414.000000
33476055.000000 23168.000000 2556.000000
34224830.000000 22842.000000 2756.000000
32928734.000000 19488.000000 2620.000000
33367677.000000 17692.000000 2850.000000
33945839.000000 21408.000000 2185.000000
32247324.000000 24979.000000 2705.000000
33788491.000000 20612.000000 2702.000000
34705069.000000 20101.000000 2535.000000
34156758.000000 19751.000000 2664.000000
33625339.000000 19217.000000 1766.000000
33532931.000000 17756.000000 2852.000000
33936061.000000 20993.000000 2603.000000
34347423.000000 24642.000000 2159.000000
33858660.000000 19911.000000 2401.000000
33888627.000000 23215.000000 2355.000000
32802360.000000 20352.000000 2751.000000
33251101.000000 17261.000000 2900.000000
32892615.000000 20199.000000 2722.000000
33506834.000000 27321.000000 2345.000000
34052829.000000 20536.000000 2546.000000
32147698.000000 29597.000000 2789.000000
32981983.000000 24045.000000 2593.000000
32618769.000000 33226.000000 2094.000000
33259163.000000 23688.000000 2245.000000
33814925.000000 25456.000000 2659.000000
35214424.000000 21708.000000 2267.000000
33912216.000000 20183.000000 2789.000000
33818994.000000 19924.000000 2676.000000
34898423.000000 19492.000000 2760.000000
34068345.000000 18570.000000 2663.000000
34162864.000000 21585.000000 2438.000000
32659555.000000 24630.000000 2631.000000
34333423.000000 20621.000000 2309.000000
34565861.000000 18405.000000 2799.000000
33680279.000000 22246.000000 2701.000000
33700889.000000 23945.000000 2809.000000
33476023.000000 18607.000000 2206.000000
33548660.000000 21630.000000 2500.000000
34856189.000000 23845.000000 2750.000000
33004990.000000 20610.000000 2258.000000
34140640.000000 21229.000000 2479.000000
33743537.000000 22627.000000 2608.000000
34059845.000000 21477.000000 2642.000000
33237703.000000 21632.000000 2476.000000
34388450.000000 21508.000000 2244.000000
32913935.000000 28920.000000 2273.000000
34170704.000000 20163.000000 2771.000000
33825276.000000 24568.000000 2541.000000
32768693.000000 18723.000000 2797.000000
31589000.000000 26908.000000 2905.000000
32553448.000000 20637.000000 2835.000000
34245148.000000 26417.000000 2440.000000
33185103.000000 20130.000000 2616.000000
32920652.000000 19306.000000 2805.000000
34603449.000000 24278.000000 2671.000000
34557091.000000 20111.000000 2675.000000
32944773.000000 23046.000000 2488.000000
34975941.000000 22564.000000 2120.000000
32621223.000000 20900.000000 2715.000000
34303401.000000 20626.000000 2370.000000
33741714.000000 27076.000000 2647.000000
33289098.000000 21536.000000 2357.000000
33468896.000000 27877.000000 2713.000000
34972388.000000 21816.000000 2440.000000
32530781.000000 23203.000000 2536.000000
33785320.000000 19517.000000 2507.000000
33371847.000000 19181.000000 2702.000000
33444510.000000 24420.000000 2702.000000
32162774.000000 29939.000000 2359.000000
33900894.000000 16527.000000 2625.000000
33083061.000000 23223.000000 2647.000000
34343837.000000 17858.000000 2276.000000
31546072.000000 21850.000000 2465.000000
33447521.000000 24615.000000 2604.000000
34480673.000000 22128.000000 2092.000000
32808965.000000 20679.000000 2687.000000
32774756.000000 19680.000000 2709.000000
32257277.000000 19591.000000 2347.000000
33402132.000000 19366.000000 2315.000000
33443608.000000 28257.000000 2592.000000
33289705.000000 25423.000000 2602.000000
33939105.000000 19505.000000 2274.000000
32467830.000000 25840.000000 2547.000000
34754072.000000 27930.000000 2326.000000
34259250.000000 20525.000000 2665.000000
34004850.000000 19277.000000 2492.000000
33938579.000000 20046.000000 2831.000000
35044369.000000 17719.000000 2402.000000
32705145.000000 19507.000000 2752.000000
31465387.000000 20352.000000 2349.000000
