32065038.000000 19248.000000 0.000000
32251849.000000 17780.000000 0.000000
32974887.000000 21651.000000 2.000000
32335747.000000 19925.000000 7.000000
32498729.000000 19432.000000 4.000000
32696696.000000 21025.000000 0.000000
32059823.000000 20504.000000 0.000000
33072063.000000 24171.000000 2.000000
32140975.000000 21757.000000 3.000000
32133302.000000 17764.000000 4.000000
33014409.000000 21218.000000 0.000000
33001177.000000 19001.000000 0.000000
33145312.000000 17934.000000 0.000000
32163109.000000 19716.000000 4.000000
33087509.000000 22146.000000 2.000000
32538147.000000 18253.000000 0.000000
32863596.000000 19528.000000 2.000000
32600427.000000 19650.000000 3.000000
32109235.000000 20398.000000 7.000000
33014849.000000 20699.000000 2.000000
32772537.000000 27169.000000 3.000000
32207909.000000 22897.000000 10.000000
32900602.000000 24052.000000 2.000000
31616990.000000 26706.000000 10.000000
32150280.000000 17865.000000 0.000000
32824167.000000 25081.000000 3.000000
32225272.000000 21460.000000 6.000000
32372194.000000 23661.000000 3.000000
31856498.000000 20641.000000 0.000000
31949401.000000 19234.000000 3.000000
32349030.000000 23425.000000 8.000000
32500239.000000 17746.000000 3.000000
31953983.000000 23189.000000 0.000000
33716065.000000 20563.000000 0.000000
32105549.000000 20022.000000 3.000000
33257654.000000 20879.000000 3.000000
32269457.000000 18348.000000 2.000000
32649883.000000 24074.000000 7.000000
32560015.000000 20038.000000 7.000000
31705349.000000 24897.000000 5.000000
32975549.000000 20278.000000 2.000000
32030451.000000 30590.000000 4.000000
33300096.000000 18757.000000 3.000000
32422592.000000 22640.000000 2.000000
31801878.000000 24773.000000 5.000000
32245830.000000 22361.000000 0.000000
32871627.000000 19056.000000 0.000000
32398672.000000 18435.000000 0.000000
32774655.000000 21129.000000 0.000000
32624637.000000 19449.000000 2.000000
32478174.000000 23342.000000 4.000000
31927814.000000 20309.000000 6.000000
32423045.000000 21338.000000 3.000000
32385058.000000 23104.000000 6.000000
32487978.000000 17463.000000 0.000000
32428738.000000 18619.000000 2.000000
32240112.000000 19831.000000 3.000000
32363317.000000 21210.000000 0.000000
31543781.000000 18899.000000 0.000000
32272931.000000 18814.000000 8.000000
32350528.000000 18198.000000 2.000000
32034999.000000 27527.000000 10.000000
32439359.000000 25117.000000 2.000000
31905634.000000 18989.000000 9.000000
33131669.000000 19704.000000 10.000000
32654644.000000 21892.000000 5.000000
32214705.000000 17596.000000 5.000000
32740889.000000 17523.000000 0.000000
32019195.000000 20635.000000 5.000000
32810279.000000 19124.000000 0.000000
32417311.000000 24907.000000 5.000000
31802643.000000 20258.000000 0.000000
32568659.000000 17210.000000 0.000000
32663434.000000 21460.000000 8.000000
32114642.000000 19829.000000 0.000000
32706846.000000 19351.000000 0.000000
32380775.000000 20917.000000 0.000000
32753416.000000 20206.000000 0.000000
31733685.000000 19818.000000 0.000000
32279944.000000 19388.000000 0.000000
32808813.000000 23693.000000 0.000000
32747474.000000 19854.000000 0.000000
32363688.000000 17049.000000 0.000000
32566092.000000 22299.000000 4.000000
32399694.000000 21015.000000 0.000000
32349026.000000 18950.000000 5.000000
32182272.000000 17857.000000 5.000000
31636040.000000 20080.000000 0.000000
32285452.000000 17629.000000 3.000000
32367326.000000 20193.000000 0.000000
32176512.000000 20376.000000 5.000000
32663854.000000 21988.000000 0.000000
31695908.000000 17130.000000 5.000000
32497462.000000 17308.000000 0.000000
32973946.000000 20746.000000 0.000000
32835160.000000 19953.000000 5.000000
31969547.000000 19809.000000 0.000000
32592311.000000 21898.000000 0.000000
33238740.000000 18443.000000 5.000000
32032637.000000 21952.000000 5.000000
