34763622.000000 22471.000000 17.000000
35647647.000000 19859.000000 14.000000
34737202.000000 24010.000000 13.000000
35359475.000000 21982.000000 9.000000
35375756.000000 22494.000000 78.000000
34969648.000000 29519.000000 2.000000
34939052.000000 28847.000000 3.000000
34881362.000000 27034.000000 25.000000
35341291.000000 23154.000000 46.000000
34836481.000000 27440.000000 98.000000
34803671.000000 23890.000000 23.000000
35630578.000000 20911.000000 72.000000
34912030.000000 23621.000000 58.000000
35041092.000000 26501.000000 8.000000
34570365.000000 23825.000000 47.000000
34941080.000000 22566.000000 0.000000
35064132.000000 22182.000000 9.000000
34797794.000000 22339.000000 129.000000
34796664.000000 24058.000000 3.000000
34575968.000000 28600.000000 3.000000
34617470.000000 23019.000000 46.000000
34928327.000000 20982.000000 7.000000
34895033.000000 28147.000000 44.000000
34919981.000000 20211.000000 8.000000
35030485.000000 24056.000000 4.000000
34733127.000000 23388.000000 2.000000
35067487.000000 24065.000000 0.000000
34669249.000000 24378.000000 40.000000
35086652.000000 26303.000000 4.000000
34869492.000000 21458.000000 19.000000
35337236.000000 26093.000000 7.000000
34794065.000000 24424.000000 11.000000
34973461.000000 20369.000000 6.000000
34538269.000000 21946.000000 5.000000
34679886.000000 25230.000000 9.000000
34624857.000000 29372.000000 0.000000
34757537.000000 26669.000000 11.000000
34418760.000000 25094.000000 47.000000
35013634.000000 25028.000000 4.000000
34747978.000000 26021.000000 7.000000
34926262.000000 24479.000000 11.000000
34750738.000000 22629.000000 2.000000
34791580.000000 22793.000000 4.000000
34998800.000000 23663.000000 20.000000
34869111.000000 21462.000000 31.000000
35373897.000000 22819.000000 47.000000
34930980.000000 22101.000000 45.000000
35150559.000000 28105.000000 18.000000
34812384.000000 21962.000000 8.000000
35107305.000000 26846.000000 2.000000
35149991.000000 23119.000000 31.000000
35389609.000000 22662.000000 5.000000
35283708.000000 22158.000000 18.000000
35263003.000000 24456.000000 13.000000
34802287.000000 30578.000000 20.000000
34327113.000000 30611.000000 2.000000
35155282.000000 26172.000000 32.000000
34619851.000000 19944.000000 13.000000
35300052.000000 23344.000000 13.000000
34974618.000000 20599.000000 19.000000
35684720.000000 25620.000000 2.000000
35152435.000000 22554.000000 0.000000
34894838.000000 21504.000000 0.000000
35359185.000000 21692.000000 4.000000
35094822.000000 21969.000000 0.000000
35064816.000000 27723.000000 2.000000
34674520.000000 24464.000000 0.000000
35135219.000000 23346.000000 0.000000
35068694.000000 22558.000000 7.000000
35198167.000000 24092.000000 0.000000
34587132.000000 22809.000000 0.000000
34481151.000000 25898.000000 10.000000
34972303.000000 20901.000000 4.000000
34826099.000000 29110.000000 2.000000
34750562.000000 23236.000000 0.000000
34921354.000000 23064.000000 0.000000
35046348.000000 24393.000000 0.000000
34806492.000000 23867.000000 15.000000
34853432.000000 20706.000000 0.000000
35441745.000000 20558.000000 0.000000
35334405.000000 23161.000000 0.000000
35199946.000000 25334.000000 2.000000
34916424.000000 21520.000000 0.000000
34837793.000000 26530.000000 8.000000
34613804.000000 24024.000000 1.000000
34517022.000000 25677.000000 0.000000
34881961.000000 22875.000000 5.000000
34966499.000000 21301.000000 8.000000
35083190.000000 25942.000000 0.000000
35156389.000000 24118.000000 0.000000
34839175.000000 26263.000000 4.000000
34772975.000000 26269.000000 0.000000
35030633.000000 22358.000000 0.000000
35068726.000000 22598.000000 2.000000
35173576.000000 23023.000000 3.000000
35119157.000000 21663.000000 0.000000
34520532.000000 24506.000000 1.000000
34500367.000000 29337.000000 2.000000
34879565.000000 22486.000000 0.000000
35151401.000000 24434.000000 4.000000
