29252137.000000 13135.000000 130.000000
29680526.000000 13565.000000 89.000000
28689212.000000 12972.000000 31.000000
28234304.000000 14957.000000 287.000000
27882847.000000 16301.000000 29.000000
28841940.000000 14340.000000 68.000000
27976459.000000 13373.000000 44.000000
28102558.000000 13169.000000 69.000000
29087590.000000 16283.000000 215.000000
28555401.000000 14076.000000 60.000000
27704013.000000 16594.000000 47.000000
28006654.000000 13128.000000 50.000000
28691955.000000 13779.000000 110.000000
28827740.000000 15446.000000 4.000000
27978193.000000 13390.000000 20.000000
28914473.000000 13143.000000 57.000000
28974993.000000 13491.000000 48.000000
28729484.000000 14397.000000 65.000000
28916018.000000 14182.000000 39.000000
28862271.000000 13509.000000 186.000000
28892449.000000 15298.000000 15.000000
28827730.000000 14299.000000 91.000000
27856606.000000 14522.000000 179.000000
28153424.000000 14469.000000 25.000000
28974398.000000 13323.000000 50.000000
29471787.000000 13597.000000 19.000000
28837327.000000 14385.000000 95.000000
28706394.000000 14201.000000 1.000000
28907398.000000 14527.000000 17.000000
28822454.000000 13698.000000 142.000000
28741193.000000 13627.000000 18.000000
28756890.000000 14912.000000 28.000000
28736336.000000 14025.000000 5.000000
28277142.000000 15142.000000 4.000000
27846499.000000 13077.000000 58.000000
28667025.000000 13945.000000 28.000000
29451829.000000 16712.000000 6.000000
28786427.000000 13374.000000 38.000000
29675984.000000 14325.000000 10.000000
28051574.000000 15723.000000 26.000000
28741028.000000 13972.000000 50.000000
27905138.000000 14815.000000 99.000000
27791468.000000 13408.000000 115.000000
27867475.000000 15635.000000 1.000000
28238494.000000 13981.000000 62.000000
28735400.000000 14908.000000 182.000000
28106874.000000 13600.000000 28.000000
27764211.000000 14134.000000 30.000000
28867306.000000 13507.000000 75.000000
28122689.000000 14377.000000 19.000000
28764228.000000 14033.000000 118.000000
28718049.000000 13353.000000 48.000000
28064491.000000 14500.000000 77.000000
28845485.000000 13450.000000 107.000000
28006747.000000 13897.000000 37.000000
28143186.000000 15333.000000 9.000000
28465311.000000 13823.000000 15.000000
28451662.000000 14088.000000 98.000000
28706676.000000 13680.000000 164.000000
28070668.000000 15165.000000 79.000000
29174601.000000 13198.000000 6.000000
28025276.000000 13076.000000 213.000000
27848594.000000 14482.000000 104.000000
28701452.000000 13906.000000 70.000000
28053773.000000 14179.000000 52.000000
28680700.000000 14929.000000 44.000000
28633701.000000 14583.000000 24.000000
28417568.000000 13997.000000 33.000000
28245535.000000 15320.000000 8.000000
27797665.000000 16637.000000 9.000000
29003593.000000 13065.000000 6.000000
28875022.000000 14070.000000 39.000000
29310004.000000 14298.000000 71.000000
28693990.000000 13661.000000 14.000000
28863867.000000 13380.000000 175.000000
29295057.000000 14358.000000 42.000000
27913231.000000 13286.000000 9.000000
28930872.000000 13450.000000 35.000000
28857642.000000 12673.000000 51.000000
28385119.000000 14128.000000 184.000000
28708749.000000 12815.000000 55.000000
28185151.000000 14078.000000 91.000000
28541108.000000 15338.000000 16.000000
28957219.000000 16453.000000 51.000000
28173559.000000 14735.000000 40.000000
28631658.000000 12682.000000 118.000000
28783527.000000 12962.000000 6.000000
28042524.000000 13730.000000 24.000000
27867112.000000 17159.000000 53.000000
27848573.000000 14014.000000 11.000000
28478529.000000 14644.000000 8.000000
28844417.000000 13512.000000 14.000000
28027102.000000 14546.000000 170.000000
28952130.000000 15931.000000 108.000000
28800199.000000 14477.000000 41.000000
28445437.000000 15695.000000 44.000000
29021633.000000 15081.000000 4.000000
28751571.000000 15901.000000 98.000000
28092102.000000 14715.000000 16.000000
27928957.000000 14511.000000 43.000000
