32274104.000000 21027.000000 3791.000000
28088882.000000 26028.000000 9867.000000
32741454.000000 24522.000000 2862.000000
29368751.000000 25203.000000 13883.000000
33001164.000000 24399.000000 2947.000000
27690383.000000 28429.000000 10113.000000
30514845.000000 28519.000000 4172.000000
30883787.000000 39106.000000 6353.000000
27518289.000000 28725.000000 12919.000000
32023296.000000 29430.000000 7267.000000
31006220.000000 21910.000000 4670.000000
31790328.000000 22290.000000 3556.000000
30673916.000000 19339.000000 3525.000000
27883992.000000 35448.000000 14263.000000
30801677.000000 23082.000000 8211.000000
31864192.000000 21473.000000 4366.000000
29484169.000000 32669.000000 16415.000000
30536171.000000 26586.000000 12103.000000
29308698.000000 23085.000000 7071.000000
31238396.000000 23455.000000 4551.000000
30460024.000000 25030.000000 5938.000000
31171997.000000 26321.000000 5417.000000
33879966.000000 28694.000000 4459.000000
22411466.000000 57003.000000 64261.000000
31510016.000000 19260.000000 4547.000000
23824367.000000 42083.000000 24601.000000
29891554.000000 35287.000000 19368.000000
28589735.000000 29426.000000 16035.000000
29590828.000000 31324.000000 9247.000000
32150620.000000 24006.000000 4004.000000
32118845.000000 22078.000000 3893.000000
28205157.000000 49917.000000 42543.000000
30098674.000000 25123.000000 6213.000000
28616045.000000 33162.000000 11309.000000
28812285.000000 30415.000000 13455.000000
28332324.000000 25810.000000 8125.000000
29515555.000000 25789.000000 20212.000000
28347627.000000 44988.000000 28109.000000
31222184.000000 24163.000000 7472.000000
31837694.000000 21702.000000 4271.000000
30525634.000000 28645.000000 5441.000000
28293024.000000 29117.000000 14287.000000
32022942.000000 19310.000000 3451.000000
26206460.000000 30659.000000 8515.000000
29021929.000000 38585.000000 18246.000000
30104774.000000 31566.000000 10665.000000
30605682.000000 24790.000000 4536.000000
30015550.000000 33668.000000 9231.000000
18760602.000000 56381.000000 46086.000000
34362017.000000 26881.000000 7457.000000
28970578.000000 21117.000000 5446.000000
27301050.000000 30628.000000 8037.000000
31227549.000000 32001.000000 7668.000000
32845656.000000 25584.000000 3418.000000
28505577.000000 53083.000000 23459.000000
28684445.000000 28806.000000 9953.000000
31195106.000000 28759.000000 7857.000000
32950030.000000 26637.000000 7576.000000
28992273.000000 32506.000000 3773.000000
33924295.000000 26042.000000 4792.000000
29426776.000000 32978.000000 15082.000000
32966335.000000 21472.000000 3179.000000
32445477.000000 30847.000000 10143.000000
30859385.000000 23224.000000 4741.000000
32427946.000000 22771.000000 1972.000000
32350287.000000 22345.000000 3234.000000
30186171.000000 19793.000000 4098.000000
31391796.000000 21586.000000 2401.000000
32452399.000000 21714.000000 6464.000000
31587738.000000 24575.000000 6718.000000
30834673.000000 26438.000000 3292.000000
29455159.000000 31576.000000 10622.000000
27379942.000000 37935.000000 15566.000000
28143914.000000 23912.000000 2528.000000
28801045.000000 24102.000000 6368.000000
27973523.000000 31924.000000 13679.000000
31804635.000000 21511.000000 3205.000000
33486194.000000 22496.000000 4225.000000
32044379.000000 19280.000000 3433.000000
30294919.000000 26584.000000 12089.000000
31794224.000000 32083.000000 12023.000000
27130370.000000 37229.000000 26014.000000
32205890.000000 24773.000000 3954.000000
32136553.000000 22038.000000 3034.000000
22305242.000000 45081.000000 21796.000000
28250568.000000 30578.000000 8923.000000
29072753.000000 21659.000000 2038.000000
28301830.000000 30103.000000 16420.000000
25126954.000000 36478.000000 11786.000000
27657158.000000 22601.000000 5902.000000
30916406.000000 30927.000000 6977.000000
29980057.000000 30189.000000 12806.000000
28717028.000000 27904.000000 9083.000000
28587568.000000 18550.000000 5910.000000
29181307.000000 24843.000000 9831.000000
30831010.000000 30139.000000 20872.000000
31051197.000000 23323.000000 3181.000000
30588093.000000 21159.000000 2896.000000
22637586.000000 35061.000000 18238.000000
31821618.000000 22386.000000 2265.000000
