32656742.000000 21090.000000 1193.000000
32219569.000000 24850.000000 1048.000000
32825570.000000 23731.000000 1030.000000
32830555.000000 17838.000000 854.000000
33221660.000000 20355.000000 1292.000000
32875897.000000 18474.000000 984.000000
32450980.000000 20569.000000 933.000000
32243708.000000 20482.000000 1206.000000
33044059.000000 19741.000000 712.000000
34899080.000000 20124.000000 1110.000000
33343249.000000 20242.000000 1051.000000
33493253.000000 19506.000000 773.000000
34655229.000000 18795.000000 1402.000000
33135946.000000 21256.000000 875.000000
32510929.000000 19639.000000 1086.000000
32940359.000000 22575.000000 754.000000
34126896.000000 21059.000000 1195.000000
32018918.000000 29156.000000 1407.000000
32946883.000000 23506.000000 1061.000000
33362362.000000 22786.000000 607.000000
33480637.000000 22968.000000 1315.000000
33177910.000000 18713.000000 1305.000000
33491548.000000 19302.000000 1315.000000
32741491.000000 19221.000000 998.000000
32698929.000000 19128.000000 817.000000
32869803.000000 19534.000000 1130.000000
32965265.000000 19334.000000 1126.000000
32786341.000000 21000.000000 1198.000000
34319546.000000 17085.000000 485.000000
33217559.000000 23349.000000 990.000000
34300490.000000 22464.000000 1003.000000
31451419.000000 27491.000000 1530.000000
32915570.000000 19021.000000 1168.000000
32138927.000000 23030.000000 1156.000000
32423956.000000 26135.000000 849.000000
32728211.000000 20031.000000 1635.000000
32853744.000000 18332.000000 1202.000000
30774595.000000 25301.000000 1078.000000
32180934.000000 20787.000000 1418.000000
34631994.000000 21684.000000 740.000000
32092133.000000 22024.000000 1160.000000
34581828.000000 20910.000000 1022.000000
32485544.000000 19352.000000 1138.000000
32898476.000000 22750.000000 949.000000
30939379.000000 32824.000000 1263.000000
32928428.000000 19895.000000 1766.000000
32953628.000000 19601.000000 1123.000000
31208941.000000 25890.000000 1228.000000
32614437.000000 20463.000000 1377.000000
32836003.000000 19630.000000 1385.000000
33124363.000000 20391.000000 1499.000000
33037044.000000 21705.000000 1609.000000
33172494.000000 21591.000000 943.000000
33597301.000000 18575.000000 1235.000000
32923444.000000 20818.000000 869.000000
32373905.000000 23401.000000 1220.000000
32454006.000000 17347.000000 1059.000000
33592867.000000 22848.000000 1256.000000
32730663.000000 22823.000000 1450.000000
32589786.000000 19853.000000 672.000000
32383240.000000 17950.000000 1647.000000
32397982.000000 32392.000000 585.000000
32143344.000000 29907.000000 1014.000000
32658398.000000 22479.000000 1339.000000
32036363.000000 21846.000000 1494.000000
33398488.000000 23869.000000 857.000000
32386597.000000 21705.000000 1458.000000
35534953.000000 21700.000000 702.000000
34216479.000000 20880.000000 1393.000000
33042836.000000 24460.000000 1089.000000
32887187.000000 18171.000000 1685.000000
32017378.000000 19020.000000 2153.000000
33112928.000000 21672.000000 1561.000000
32900485.000000 24233.000000 1124.000000
35069235.000000 20416.000000 1723.000000
32724651.000000 23789.000000 1201.000000
32318277.000000 25725.000000 1075.000000
32418831.000000 16116.000000 1172.000000
34051872.000000 15942.000000 698.000000
32061957.000000 21179.000000 1046.000000
32744356.000000 21204.000000 1222.000000
31948634.000000 21271.000000 1260.000000
32646926.000000 18044.000000 1193.000000
31644140.000000 22989.000000 1654.000000
32607506.000000 22537.000000 1089.000000
33186323.000000 22718.000000 2198.000000
33101667.000000 19241.000000 1607.000000
33355827.000000 22671.000000 1574.000000
32978177.000000 21025.000000 1122.000000
32022617.000000 19009.000000 1460.000000
33102467.000000 19860.000000 1622.000000
33401594.000000 19890.000000 1208.000000
32942541.000000 19597.000000 1044.000000
32733296.000000 21863.000000 994.000000
33706911.000000 20013.000000 1331.000000
32676310.000000 17705.000000 765.000000
32553375.000000 16471.000000 1219.000000
32881119.000000 18807.000000 1376.000000
33018186.000000 21413.000000 1036.000000
32882909.000000 19773.000000 1469.000000
