0.000000 23229764.650000 18722.370000 3.310000
0.010000 0.000000 0.000000 0.000000
0.020000 0.000000 0.000000 0.000000
0.030000 23229764.650000 18722.370000 3.310000
0.040000 32656640.840000 124.260000 6.440000
0.050000 31916158.470000 126.480000 10.040000
0.060000 31892422.460000 119.850000 10.310000
0.070000 32043382.220000 122.650000 10.430000
0.080000 24762268.280000 29128.260000 29482.700000
0.090000 19979978.500000 88108.130000 75582.430000
0.100000 22556313.600000 65309.690000 71661.350000
0.110000 31026576.700000 16617.720000 3952.350000
0.120000 30643145.120000 26382.970000 3805.130000
0.130000 30234830.810000 31186.810000 3751.600000
0.140000 30151248.860000 33651.210000 3835.520000
0.150000 29932722.310000 36767.510000 3977.640000
0.160000 29750121.310000 38458.380000 4349.020000
0.170000 29724498.570000 37393.260000 4495.290000
0.180000 29748017.620000 38342.790000 4715.180000
0.190000 29570806.030000 39049.200000 5151.880000
0.200000 29547588.430000 40279.400000 5383.830000
0.210000 29252571.380000 40934.990000 5786.050000
0.220000 29386995.620000 42411.570000 6315.810000
0.230000 29249056.290000 43065.310000 6634.150000
0.240000 28852858.280000 43859.320000 7068.110000
0.250000 28981546.680000 44458.020000 7694.520000
0.260000 28703284.040000 45671.640000 7997.910000
0.270000 28827231.610000 47230.440000 8605.230000
0.280000 28813443.490000 47988.330000 8772.600000
0.290000 28633970.570000 49175.580000 9590.530000
0.300000 28504713.990000 48764.870000 9768.380000
0.310000 28388131.220000 49333.220000 9994.750000
0.320000 28055187.280000 49653.840000 10329.310000
0.330000 28183457.840000 50458.810000 11123.430000
0.340000 28212396.750000 51888.350000 11229.370000
0.350000 28102892.550000 52606.050000 11923.800000
0.360000 27990460.290000 52873.660000 12109.460000
0.370000 27914984.530000 53312.490000 12495.770000
0.380000 27858875.360000 53901.440000 12836.790000
0.390000 27787171.930000 54702.390000 13067.480000
0.400000 27843894.520000 55501.420000 13712.360000
0.410000 27961698.060000 55891.520000 14151.520000
0.420000 27880880.960000 57235.260000 14433.610000
0.430000 27507406.820000 56938.470000 14422.200000
0.440000 27683030.380000 58000.220000 14895.560000
0.450000 27565528.610000 59079.930000 15148.400000
0.460000 27520382.590000 59186.120000 15877.660000
0.470000 27521908.380000 59567.550000 15935.900000
0.480000 27332250.180000 60797.900000 16361.480000
0.490000 27303158.800000 60729.570000 16447.980000
0.500000 27181349.830000 61682.940000 16928.380000
0.510000 27118475.920000 62123.820000 17076.390000
0.520000 27139519.660000 61750.940000 17276.660000
0.530000 27052188.070000 62985.520000 17406.690000
0.540000 26888321.050000 62889.710000 17456.800000
0.550000 26818128.450000 63926.550000 17786.630000
0.560000 26891486.270000 64781.930000 17975.510000
0.570000 26822080.530000 64163.860000 18453.010000
0.580000 26771723.710000 65104.690000 18658.930000
0.590000 26774351.010000 64785.920000 18511.380000
0.600000 26641266.950000 65446.090000 18906.610000
0.610000 26563779.370000 66349.470000 19011.160000
0.620000 26570950.250000 66931.600000 19012.010000
0.630000 26521553.420000 66806.260000 19321.490000
0.640000 26468970.020000 67872.080000 19448.560000
0.650000 26364006.430000 67166.540000 19903.560000
0.660000 26210466.020000 67953.330000 19826.660000
0.670000 26228003.840000 67906.390000 20172.270000
0.680000 26176674.030000 68866.890000 20164.180000
0.690000 26066572.130000 69012.220000 20496.470000
0.700000 26074233.530000 70036.560000 20501.980000
0.710000 26027582.140000 69775.050000 20921.410000
0.720000 25994010.640000 70316.350000 20641.150000
0.730000 26021626.760000 69669.220000 21018.620000
0.740000 25996388.460000 70519.470000 20879.990000
0.750000 25840712.220000 70816.220000 21328.680000
0.760000 25854792.830000 71537.580000 20862.660000
0.770000 25561620.710000 70565.470000 20967.820000
0.780000 25678699.050000 70805.440000 21381.210000
0.790000 25362804.520000 71418.530000 21165.080000
0.800000 25690376.310000 72588.680000 21956.710000
0.810000 25361509.630000 72407.340000 21129.460000
0.820000 25559931.420000 73171.410000 22297.070000
0.830000 25658398.430000 72676.730000 22067.120000
0.840000 25617629.060000 74020.530000 21896.900000
0.850000 25653689.610000 73865.700000 22651.340000
0.860000 25356233.850000 73864.210000 21913.480000
0.870000 25444200.140000 74140.990000 23102.920000
0.880000 25271345.540000 73574.710000 22334.600000
0.890000 25517832.550000 76001.520000 22395.010000
0.900000 25514309.340000 74819.030000 22713.720000
0.910000 25456261.420000 74156.690000 22281.070000
0.920000 25440876.100000 75711.090000 22817.630000
0.930000 25356057.430000 75495.650000 23295.410000
0.940000 25428793.220000 75568.330000 22508.830000
0.950000 25350559.220000 75605.200000 23002.520000
0.960000 25344862.450000 75924.070000 22994.150000
0.970000 25406017.110000 77026.160000 22794.350000
0.980000 25259534.540000 77007.150000 23440.270000
0.990000 25283798.360000 76275.690000 23587.060000
1.000000 25315698.980000 78074.660000 23065.740000
1.010000 25273931.500000 77160.480000 23515.620000
1.020000 25308276.760000 76310.750000 23520.540000
1.030000 25254012.030000 77941.030000 23077.160000
1.040000 25219881.550000 77824.080000 23641.200000
1.050000 24920455.050000 75830.060000 23366.070000
1.060000 25127063.260000 77394.120000 23109.580000
1.070000 25109687.280000 78089.680000 23551.100000
1.080000 25142576.500000 76405.320000 23722.440000
1.090000 25143149.050000 77522.710000 23122.740000
1.100000 24593206.470000 77132.700000 23613.270000
1.110000 25027390.940000 77418.510000 24150.960000
1.120000 25011052.160000 77823.230000 23482.770000
1.130000 24977346.840000 78380.170000 23887.580000
1.140000 25098461.890000 77674.180000 23780.430000
1.150000 25045990.520000 78580.980000 23548.370000
1.160000 25031309.620000 77896.140000 24182.780000
1.170000 24812395.840000 77227.320000 23598.160000
1.180000 25048927.620000 78890.650000 23763.330000
1.190000 24987586.840000 77691.920000 24233.690000
1.200000 25052623.010000 78878.060000 23808.660000
1.210000 24979964.470000 79662.380000 24065.350000
1.220000 24896907.400000 78151.860000 24332.540000
1.230000 24881729.430000 78682.200000 23906.550000
1.240000 24916844.530000 79557.430000 23874.420000
1.250000 24933678.460000 79036.150000 24146.530000
1.260000 24608845.010000 78406.960000 23804.290000
1.270000 24814461.880000 79252.330000 24180.780000
1.280000 24834554.200000 79350.500000 24325.770000
1.290000 24635679.250000 78782.690000 23660.590000
1.300000 24809878.600000 78452.470000 24892.220000
1.310000 24864594.480000 79594.620000 24365.900000
1.320000 24754113.060000 79928.340000 23970.640000
1.330000 24774532.930000 79111.710000 24372.860000
1.340000 24875908.450000 79818.810000 24048.530000
1.350000 24818817.680000 80169.600000 24283.400000
1.360000 24845743.230000 79624.760000 24504.460000
1.370000 24798403.000000 80080.300000 24234.180000
1.380000 24248044.460000 78464.820000 24282.810000
1.390000 23501937.440000 76227.310000 23365.180000
1.400000 21045293.010000 68453.440000 20814.180000
1.410000 12362051.250000 40184.310000 12325.450000
1.420000 19996328.620000 64564.650000 19863.360000
1.430000 24490307.290000 79477.030000 24110.410000
1.440000 24753502.100000 81089.430000 24253.270000
1.450000 24736620.670000 80124.970000 24840.720000
1.460000 24716836.510000 80111.840000 24379.010000
1.470000 24619902.250000 81016.180000 24161.470000
1.480000 23457834.070000 98179.470000 28090.760000
1.490000 20164948.520000 140004.560000 73689.670000
1.500000 16320427.090000 111322.010000 83748.330000
1.510000 15276363.680000 113421.920000 85254.410000
1.520000 4009248.860000 192361.210000 95894.390000
1.530000 2007152.910000 176238.470000 93239.840000
1.540000 2232749.650000 192356.050000 92217.790000
1.550000 9847698.460000 142258.400000 93561.700000
1.560000 10953758.750000 126825.870000 94797.360000
1.570000 11256038.070000 123745.030000 94275.170000
1.580000 11449005.380000 124080.420000 93167.450000
1.590000 11662149.010000 116120.650000 92147.220000
1.600000 1106368.820000 10819.980000 8376.720000
1.610000 365182.500000 3700.080000 2809.820000
1.620000 0.000000 0.000000 0.000000
1.630000 0.000000 0.000000 0.000000
1.640000 0.000000 0.000000 0.000000
1.650000 0.000000 0.000000 0.000000
1.660000 0.000000 0.000000 0.000000
1.670000 0.000000 0.000000 0.000000
1.680000 0.000000 0.000000 0.000000
1.690000 0.000000 0.000000 0.000000
1.700000 0.000000 0.000000 0.000000
1.710000 0.000000 0.000000 0.000000
1.720000 0.000000 0.000000 0.000000
1.730000 0.000000 0.000000 0.000000
1.740000 0.000000 0.000000 0.000000
1.750000 0.000000 0.000000 0.000000
1.760000 0.000000 0.000000 0.000000
1.770000 0.000000 0.000000 0.000000
1.780000 0.000000 0.000000 0.000000
1.790000 0.000000 0.000000 0.000000
1.800000 0.000000 0.000000 0.000000
1.810000 0.000000 0.000000 0.000000
1.820000 0.000000 0.000000 0.000000
1.830000 0.000000 0.000000 0.000000
1.840000 0.000000 0.000000 0.000000
1.850000 0.000000 0.000000 0.000000
1.860000 0.000000 0.000000 0.000000
1.870000 0.000000 0.000000 0.000000
1.880000 0.000000 0.000000 0.000000
1.890000 0.000000 0.000000 0.000000
1.900000 0.000000 0.000000 0.000000
1.910000 0.000000 0.000000 0.000000
1.920000 0.000000 0.000000 0.000000
1.930000 0.000000 0.000000 0.000000
1.940000 0.000000 0.000000 0.000000
1.950000 0.000000 0.000000 0.000000
1.960000 0.000000 0.000000 0.000000
1.970000 0.000000 0.000000 0.000000
1.980000 0.000000 0.000000 0.000000
1.990000 0.000000 0.000000 0.000000
2.000000 0.000000 0.000000 0.000000
