39773684.000000 19440.000000 3190.000000
43538245.000000 25179.000000 3377.000000
44840466.000000 22363.000000 3434.000000
45035207.000000 24125.000000 3517.000000
40458528.000000 20635.000000 3117.000000
42544383.000000 20229.000000 3331.000000
42322063.000000 24497.000000 3294.000000
43857342.000000 22584.000000 3387.000000
40999515.000000 21784.000000 3110.000000
43209902.000000 27924.000000 3389.000000
43716970.000000 22039.000000 3366.000000
43264444.000000 26964.000000 3337.000000
43565275.000000 27039.000000 3372.000000
44243167.000000 25088.000000 3400.000000
44880844.000000 23026.000000 3502.000000
44901103.000000 23210.000000 3508.000000
42710508.000000 22578.000000 3348.000000
41681606.000000 25434.000000 3254.000000
41635326.000000 21638.000000 3214.000000
44202097.000000 26736.000000 3398.000000
43701845.000000 20371.000000 3374.000000
42427201.000000 19302.000000 3346.000000
40684439.000000 22366.000000 3128.000000
39595128.000000 20054.000000 3023.000000
40851140.000000 18310.000000 3165.000000
40080518.000000 18783.000000 3179.000000
42301786.000000 20403.000000 3289.000000
40205075.000000 22283.000000 3107.000000
40676500.000000 20317.000000 3160.000000
41035097.000000 17804.000000 3206.000000
40096290.000000 18612.000000 3108.000000
42255172.000000 23154.000000 3208.000000
42055415.000000 20759.000000 3262.000000
40279617.000000 19752.000000 3108.000000
43269751.000000 21866.000000 3400.000000
42082584.000000 20556.000000 3260.000000
40915158.000000 20401.000000 3207.000000
43932058.000000 20658.000000 3387.000000
44999991.000000 24505.000000 3476.000000
41799818.000000 20910.000000 3272.000000
42272712.000000 20939.000000 3313.000000
43170923.000000 22228.000000 3301.000000
42683026.000000 21289.000000 3302.000000
45093414.000000 23624.000000 3442.000000
41924103.000000 22682.000000 3271.000000
43264908.000000 20662.000000 3214.000000
44033380.000000 22875.000000 3385.000000
41823891.000000 19108.000000 3238.000000
40386840.000000 22874.000000 3168.000000
41938014.000000 25156.000000 3311.000000
43933333.000000 24232.000000 3383.000000
43731519.000000 26241.000000 3401.000000
44720123.000000 23877.000000 3485.000000
43966420.000000 20472.000000 3428.000000
39371737.000000 18068.000000 3007.000000
43626739.000000 25957.000000 3177.000000
44989590.000000 21800.000000 3497.000000
40368558.000000 19160.000000 3113.000000
45478060.000000 21368.000000 3564.000000
43650950.000000 21609.000000 3444.000000
40810325.000000 18223.000000 3184.000000
44954325.000000 21806.000000 3486.000000
42255698.000000 22992.000000 3191.000000
40532052.000000 20053.000000 3129.000000
42542198.000000 20372.000000 3337.000000
42515321.000000 22695.000000 3383.000000
65555885.000000 34803.000000 5108.000000
43435281.000000 19561.000000 3398.000000
42656132.000000 19946.000000 3352.000000
44966155.000000 25073.000000 3487.000000
40418235.000000 19800.000000 3143.000000
42252240.000000 21311.000000 3296.000000
43825934.000000 22641.000000 3323.000000
39996752.000000 20213.000000 3084.000000
40480570.000000 20081.000000 3096.000000
42513791.000000 19576.000000 3337.000000
40530406.000000 23139.000000 3181.000000
44956112.000000 21838.000000 3541.000000
45301721.000000 23970.000000 3537.000000
40772806.000000 18068.000000 3100.000000
44634354.000000 24458.000000 3468.000000
40752907.000000 21159.000000 3164.000000
42680764.000000 19530.000000 3351.000000
42642957.000000 20173.000000 3319.000000
44293410.000000 23304.000000 3378.000000
42361570.000000 21468.000000 3361.000000
42698225.000000 22475.000000 3341.000000
39646997.000000 19931.000000 3048.000000
43692557.000000 22695.000000 3398.000000
40640083.000000 22684.000000 3138.000000
43605605.000000 24610.000000 3383.000000
42682034.000000 21026.000000 3349.000000
44874629.000000 22321.000000 3444.000000
44410064.000000 23539.000000 3467.000000
42258589.000000 20377.000000 3306.000000
41420004.000000 22707.000000 3127.000000
43934394.000000 21668.000000 3385.000000
42250167.000000 25965.000000 3318.000000
43117166.000000 22049.000000 3405.000000
45067020.000000 27106.000000 3508.000000
