44420806.000000 27678.000000 3274.000000
45385198.000000 21436.000000 3218.000000
45491669.000000 23575.000000 3324.000000
44963893.000000 22649.000000 3330.000000
45549052.000000 24185.000000 3431.000000
45354760.000000 22787.000000 3367.000000
45195404.000000 22870.000000 3277.000000
44946805.000000 22986.000000 3313.000000
45370965.000000 23252.000000 3221.000000
44944529.000000 24437.000000 3348.000000
45014318.000000 22759.000000 3286.000000
45200136.000000 23410.000000 3278.000000
44282135.000000 25072.000000 3296.000000
45017698.000000 25269.000000 3277.000000
44931744.000000 25400.000000 3348.000000
45036117.000000 26511.000000 3276.000000
45348751.000000 24314.000000 3306.000000
44655247.000000 23556.000000 3251.000000
45256276.000000 21667.000000 3275.000000
45042527.000000 24263.000000 3276.000000
45138192.000000 22070.000000 3199.000000
45388725.000000 22440.000000 3326.000000
45093411.000000 24775.000000 3306.000000
45068322.000000 25316.000000 3301.000000
45275176.000000 22176.000000 3346.000000
45152686.000000 25525.000000 3330.000000
45178858.000000 21301.000000 3300.000000
44825214.000000 25420.000000 3281.000000
45229153.000000 22169.000000 3278.000000
45121097.000000 26141.000000 3347.000000
44793562.000000 22544.000000 3285.000000
45029546.000000 25223.000000 3280.000000
44451081.000000 26355.000000 3302.000000
44905218.000000 24198.000000 3186.000000
45104163.000000 23944.000000 3295.000000
44914049.000000 22959.000000 3299.000000
44991130.000000 27135.000000 3188.000000
44779738.000000 25575.000000 3287.000000
45437758.000000 22247.000000 3375.000000
44756810.000000 23120.000000 3294.000000
45639489.000000 20750.000000 3386.000000
44998582.000000 30249.000000 3277.000000
45333715.000000 25796.000000 3363.000000
45031243.000000 22715.000000 3338.000000
45037271.000000 30238.000000 3333.000000
44898980.000000 23122.000000 3301.000000
45389541.000000 23377.000000 3346.000000
44939862.000000 29749.000000 3297.000000
44641531.000000 34042.000000 3257.000000
45648229.000000 26337.000000 3326.000000
45055442.000000 25287.000000 3299.000000
45220967.000000 22337.000000 3276.000000
45240819.000000 24007.000000 3208.000000
45082658.000000 23057.000000 3303.000000
44845577.000000 22435.000000 3298.000000
44733304.000000 22958.000000 3316.000000
44644538.000000 24102.000000 3287.000000
44915625.000000 22517.000000 3340.000000
44614820.000000 24592.000000 3260.000000
44871992.000000 23038.000000 3260.000000
45229178.000000 20695.000000 3171.000000
44949231.000000 27847.000000 3349.000000
45259124.000000 21472.000000 3190.000000
44738953.000000 25875.000000 3291.000000
44860758.000000 27296.000000 3298.000000
45179002.000000 22101.000000 3299.000000
66573789.000000 36537.000000 4992.000000
66568234.000000 33065.000000 4987.000000
45128648.000000 21718.000000 3299.000000
45050970.000000 22146.000000 3342.000000
45124068.000000 27495.000000 3279.000000
44930024.000000 22131.000000 3303.000000
45010718.000000 25955.000000 3325.000000
44532181.000000 33855.000000 3271.000000
45202017.000000 23487.000000 3277.000000
44771089.000000 25258.000000 3301.000000
45071900.000000 27027.000000 3352.000000
45082007.000000 23616.000000 3316.000000
45139154.000000 25480.000000 3275.000000
44986458.000000 26209.000000 3346.000000
45075607.000000 24027.000000 3275.000000
45072641.000000 21688.000000 3277.000000
45247820.000000 23205.000000 3377.000000
44811557.000000 24869.000000 3268.000000
45001409.000000 29525.000000 3304.000000
44936167.000000 24234.000000 3297.000000
44756533.000000 28519.000000 3303.000000
45109956.000000 25008.000000 3349.000000
44972579.000000 24041.000000 3331.000000
45582356.000000 23103.000000 3342.000000
45304463.000000 24037.000000 3279.000000
45314765.000000 28885.000000 3364.000000
44729288.000000 23188.000000 3308.000000
45197864.000000 23615.000000 3296.000000
45119586.000000 23957.000000 3356.000000
45133097.000000 23204.000000 3277.000000
45001353.000000 28135.000000 3301.000000
45193493.000000 21962.000000 3304.000000
45316412.000000 23010.000000 3318.000000
44796984.000000 22749.000000 3261.000000
