32355552.000000 11547.000000 1206.000000
31916624.000000 12350.000000 705.000000
31256629.000000 11012.000000 411.000000
30603765.000000 12229.000000 772.000000
30812183.000000 12058.000000 581.000000
30545898.000000 10753.000000 1909.000000
30339748.000000 10605.000000 1779.000000
30649347.000000 12590.000000 1852.000000
31644279.000000 13061.000000 1872.000000
32503378.000000 11381.000000 743.000000
30189120.000000 10662.000000 1793.000000
30511017.000000 11205.000000 1828.000000
31543478.000000 11806.000000 1911.000000
29949696.000000 11750.000000 1887.000000
32428894.000000 11333.000000 2083.000000
30091801.000000 11024.000000 1916.000000
31482144.000000 11436.000000 1592.000000
30288332.000000 12208.000000 1873.000000
30555487.000000 12268.000000 1699.000000
31471807.000000 11356.000000 1682.000000
30412492.000000 11229.000000 1808.000000
29920308.000000 11299.000000 1854.000000
31137529.000000 12456.000000 2124.000000
31389458.000000 11738.000000 2291.000000
29957015.000000 10900.000000 1279.000000
30783134.000000 11624.000000 1014.000000
30710079.000000 10973.000000 509.000000
30020405.000000 12501.000000 704.000000
31635423.000000 12064.000000 1059.000000
30287727.000000 11174.000000 334.000000
30647796.000000 11651.000000 603.000000
30768646.000000 10470.000000 898.000000
32542172.000000 10668.000000 878.000000
30562356.000000 12036.000000 767.000000
32643514.000000 11084.000000 635.000000
30505567.000000 11622.000000 1026.000000
30268392.000000 12549.000000 2033.000000
31053611.000000 11637.000000 1687.000000
31510347.000000 11313.000000 1873.000000
30377307.000000 11465.000000 1091.000000
31257303.000000 11292.000000 873.000000
31708911.000000 10646.000000 318.000000
29956330.000000 13198.000000 1273.000000
31361502.000000 12207.000000 380.000000
30017021.000000 13271.000000 1632.000000
30468944.000000 10714.000000 1803.000000
30467680.000000 10759.000000 1761.000000
30567401.000000 11016.000000 1749.000000
30280844.000000 11126.000000 1615.000000
31240236.000000 11133.000000 1913.000000
30007118.000000 11415.000000 1525.000000
30021732.000000 11776.000000 1502.000000
29847983.000000 11369.000000 1836.000000
30264650.000000 10489.000000 1830.000000
30500499.000000 11336.000000 1655.000000
29922331.000000 11209.000000 1806.000000
30162381.000000 10794.000000 1916.000000
30185068.000000 12147.000000 1614.000000
30281270.000000 10331.000000 1856.000000
29902798.000000 10748.000000 2071.000000
30629601.000000 11568.000000 1367.000000
29973992.000000 12714.000000 1849.000000
30658621.000000 12372.000000 1752.000000
32164420.000000 13327.000000 1842.000000
31471763.000000 10940.000000 2258.000000
30536233.000000 10747.000000 2092.000000
30213762.000000 11889.000000 1758.000000
30494214.000000 12266.000000 2017.000000
31429706.000000 13069.000000 549.000000
30781094.000000 10797.000000 848.000000
31161513.000000 10720.000000 705.000000
30732878.000000 11038.000000 381.000000
30176462.000000 10830.000000 632.000000
31369816.000000 12284.000000 612.000000
30892466.000000 11358.000000 638.000000
30455395.000000 11466.000000 478.000000
30138928.000000 11516.000000 453.000000
31905675.000000 11075.000000 1274.000000
30562661.000000 10655.000000 798.000000
30310935.000000 11280.000000 968.000000
30194100.000000 12349.000000 412.000000
31193057.000000 11486.000000 1008.000000
30482296.000000 10329.000000 388.000000
31611018.000000 10361.000000 1014.000000
31780750.000000 12121.000000 865.000000
30310940.000000 11008.000000 652.000000
30730956.000000 10289.000000 470.000000
30621093.000000 11437.000000 875.000000
32770308.000000 10626.000000 1185.000000
31894250.000000 11597.000000 762.000000
30621955.000000 12036.000000 1076.000000
30582462.000000 10859.000000 891.000000
30664480.000000 10945.000000 1090.000000
31815541.000000 10929.000000 933.000000
30346112.000000 11634.000000 769.000000
31759572.000000 10958.000000 595.000000
32385135.000000 11734.000000 899.000000
30608850.000000 11227.000000 878.000000
31175310.000000 10911.000000 1103.000000
31399162.000000 11481.000000 785.000000
