43751349.000000 24116.000000 1077.000000
44060238.000000 21297.000000 1057.000000
43925597.000000 22213.000000 1095.000000
44966841.000000 24989.000000 1163.000000
45818837.000000 25842.000000 1029.000000
45442911.000000 21951.000000 1063.000000
44129215.000000 24222.000000 1145.000000
43762774.000000 23826.000000 1209.000000
45238179.000000 21507.000000 1386.000000
45513605.000000 28012.000000 1233.000000
44842580.000000 25607.000000 793.000000
43167451.000000 23857.000000 885.000000
44397217.000000 20663.000000 1497.000000
44476894.000000 23859.000000 1075.000000
43603978.000000 24447.000000 1313.000000
43840149.000000 21802.000000 824.000000
44832672.000000 21954.000000 1446.000000
44227180.000000 26727.000000 1323.000000
45042553.000000 22539.000000 1092.000000
43973849.000000 19804.000000 881.000000
44773430.000000 22369.000000 1263.000000
66191854.000000 35271.000000 1234.000000
45469444.000000 28201.000000 1011.000000
44914227.000000 27208.000000 1021.000000
44147383.000000 21450.000000 2710.000000
43901738.000000 23040.000000 941.000000
43412181.000000 22004.000000 1247.000000
43676059.000000 18995.000000 1186.000000
43937234.000000 22091.000000 749.000000
44169233.000000 22164.000000 1037.000000
43951795.000000 22366.000000 812.000000
44472042.000000 23815.000000 1075.000000
43665304.000000 20772.000000 1498.000000
44733647.000000 21150.000000 893.000000
43849124.000000 21603.000000 1210.000000
45105430.000000 21211.000000 936.000000
43615218.000000 24595.000000 1573.000000
44874656.000000 22289.000000 1083.000000
44732034.000000 24392.000000 1004.000000
44650591.000000 25280.000000 1090.000000
45647922.000000 28106.000000 1349.000000
44861837.000000 22121.000000 987.000000
44639292.000000 20822.000000 1350.000000
43739211.000000 22587.000000 1060.000000
45185467.000000 19902.000000 1127.000000
43734602.000000 30160.000000 797.000000
44793048.000000 31047.000000 836.000000
45417468.000000 20681.000000 1052.000000
43678429.000000 22164.000000 1141.000000
44296593.000000 20725.000000 876.000000
44179629.000000 24571.000000 982.000000
44821550.000000 22660.000000 1053.000000
44188598.000000 23591.000000 1666.000000
45253876.000000 27556.000000 1274.000000
44695376.000000 22966.000000 1645.000000
45266619.000000 22635.000000 1226.000000
43860732.000000 22711.000000 927.000000
44926595.000000 21753.000000 1156.000000
43591086.000000 21469.000000 1157.000000
43491239.000000 23207.000000 1217.000000
44963863.000000 23750.000000 979.000000
43774382.000000 22363.000000 1054.000000
45676239.000000 24317.000000 1087.000000
43425892.000000 26934.000000 1704.000000
45395919.000000 21225.000000 957.000000
45303512.000000 21583.000000 803.000000
44277751.000000 23567.000000 1008.000000
66121799.000000 30065.000000 1611.000000
43790679.000000 24158.000000 1007.000000
43429163.000000 22124.000000 1304.000000
44810569.000000 21368.000000 1138.000000
45222586.000000 23058.000000 2851.000000
45208232.000000 22990.000000 998.000000
45304376.000000 20237.000000 914.000000
44792455.000000 23743.000000 1173.000000
44407482.000000 19378.000000 847.000000
44893607.000000 20161.000000 1145.000000
45250703.000000 25610.000000 858.000000
44210554.000000 18390.000000 1128.000000
45103169.000000 21923.000000 1319.000000
44809277.000000 20703.000000 629.000000
45146320.000000 22397.000000 418.000000
44295677.000000 21677.000000 708.000000
43477308.000000 20481.000000 1116.000000
45008257.000000 23559.000000 790.000000
44959517.000000 22647.000000 1129.000000
44092729.000000 23049.000000 991.000000
43836636.000000 26919.000000 1006.000000
45124477.000000 24326.000000 1062.000000
43595900.000000 22928.000000 1313.000000
45192083.000000 23672.000000 1234.000000
44468555.000000 21805.000000 1425.000000
44847474.000000 21404.000000 1252.000000
44239545.000000 23827.000000 1126.000000
44004746.000000 22325.000000 1394.000000
44747096.000000 25429.000000 1126.000000
44392956.000000 30359.000000 821.000000
45050228.000000 23109.000000 1174.000000
43890766.000000 23402.000000 1416.000000
43645182.000000 22120.000000 872.000000
