25041564.000000 17022.000000 1956.000000
25706341.000000 17984.000000 2080.000000
25813829.000000 15394.000000 1993.000000
25702070.000000 15877.000000 2028.000000
25836550.000000 13843.000000 1915.000000
25722649.000000 16448.000000 1970.000000
26195877.000000 14862.000000 2073.000000
25733280.000000 16020.000000 2014.000000
24952707.000000 23366.000000 1952.000000
26972569.000000 15377.000000 2164.000000
27058098.000000 15050.000000 2054.000000
25676456.000000 14859.000000 1958.000000
25626691.000000 14885.000000 2031.000000
26017462.000000 13836.000000 2081.000000
27607109.000000 14944.000000 2261.000000
25873383.000000 15477.000000 2042.000000
26756391.000000 15976.000000 2290.000000
27277393.000000 14933.000000 2218.000000
25039179.000000 14456.000000 1955.000000
26999005.000000 14346.000000 2054.000000
25613568.000000 16041.000000 1992.000000
26597760.000000 13740.000000 2154.000000
25829350.000000 14486.000000 2041.000000
26020314.000000 16236.000000 2098.000000
25857819.000000 13695.000000 2077.000000
25072974.000000 13986.000000 1957.000000
25660717.000000 17487.000000 2077.000000
25789591.000000 13176.000000 2014.000000
25951107.000000 15219.000000 2029.000000
25935929.000000 14108.000000 2075.000000
26308251.000000 15260.000000 2077.000000
25514094.000000 12434.000000 1902.000000
25175593.000000 13696.000000 2005.000000
19192863.000000 10003.000000 1477.000000
25020626.000000 14094.000000 1995.000000
25644389.000000 15150.000000 1946.000000
25517319.000000 15451.000000 1968.000000
25605767.000000 16034.000000 2030.000000
25692608.000000 20270.000000 2044.000000
25615304.000000 18291.000000 2060.000000
25736485.000000 15138.000000 1984.000000
26831810.000000 16454.000000 2243.000000
26774572.000000 13369.000000 2201.000000
26936864.000000 14583.000000 2100.000000
25634518.000000 15668.000000 2042.000000
26033865.000000 13604.000000 2152.000000
25885897.000000 13573.000000 2064.000000
25017442.000000 16015.000000 1954.000000
25956429.000000 16634.000000 2062.000000
27070074.000000 15290.000000 2092.000000
27421366.000000 14644.000000 2202.000000
25979589.000000 13993.000000 2038.000000
25016731.000000 14881.000000 2016.000000
19040308.000000 10926.000000 1483.000000
25487558.000000 12885.000000 2098.000000
25235682.000000 12942.000000 2112.000000
25872390.000000 15128.000000 2024.000000
25656718.000000 13641.000000 2033.000000
27087933.000000 14260.000000 2102.000000
25063556.000000 14575.000000 1990.000000
25443884.000000 12958.000000 2233.000000
25605862.000000 14268.000000 1989.000000
25815261.000000 14334.000000 2059.000000
25592862.000000 16277.000000 1996.000000
25805953.000000 14429.000000 2026.000000
25824353.000000 15996.000000 1970.000000
25749732.000000 13252.000000 2031.000000
25166956.000000 13157.000000 2017.000000
25713364.000000 13965.000000 2030.000000
25207214.000000 12758.000000 1954.000000
25037010.000000 15892.000000 2018.000000
27242307.000000 14618.000000 2213.000000
26007992.000000 13269.000000 2047.000000
25250891.000000 13530.000000 1909.000000
25947077.000000 14434.000000 2075.000000
27250868.000000 17287.000000 2201.000000
27461739.000000 13784.000000 2203.000000
24961669.000000 13539.000000 2022.000000
25055166.000000 12980.000000 1989.000000
25694081.000000 14873.000000 2066.000000
25856554.000000 13598.000000 1969.000000
25129626.000000 13688.000000 1946.000000
25824828.000000 13419.000000 2161.000000
26000267.000000 12417.000000 2077.000000
25806024.000000 13458.000000 2075.000000
27253843.000000 16338.000000 2216.000000
25183759.000000 14227.000000 2004.000000
25618541.000000 13493.000000 2032.000000
26036981.000000 14438.000000 2077.000000
24941123.000000 13262.000000 1978.000000
25145847.000000 12557.000000 1953.000000
25429722.000000 12914.000000 1904.000000
26998813.000000 14169.000000 2285.000000
27629223.000000 14083.000000 2164.000000
26117800.000000 13178.000000 2114.000000
27144767.000000 12475.000000 2293.000000
25724363.000000 14794.000000 2073.000000
25604176.000000 15543.000000 2034.000000
25901032.000000 14563.000000 2040.000000
25703496.000000 14197.000000 2037.000000
