31821380.000000 12752.000000 972.000000
31209618.000000 11458.000000 1246.000000
31819014.000000 12043.000000 756.000000
31916408.000000 11598.000000 1001.000000
30604657.000000 11121.000000 676.000000
31590277.000000 11229.000000 1279.000000
30634670.000000 12355.000000 821.000000
31813226.000000 10715.000000 1895.000000
30673594.000000 12952.000000 1163.000000
31942806.000000 12317.000000 1137.000000
30564959.000000 11160.000000 1307.000000
31188660.000000 11233.000000 1441.000000
31143226.000000 10430.000000 1236.000000
30176351.000000 10728.000000 1630.000000
30499157.000000 12523.000000 680.000000
31617806.000000 11493.000000 444.000000
30652278.000000 11026.000000 724.000000
30083629.000000 10802.000000 267.000000
31296027.000000 10703.000000 546.000000
30556145.000000 11457.000000 745.000000
30467623.000000 10903.000000 1461.000000
30113260.000000 12266.000000 955.000000
31950013.000000 11014.000000 537.000000
30498873.000000 11575.000000 437.000000
31877382.000000 11410.000000 1021.000000
31948786.000000 11431.000000 208.000000
30763545.000000 11661.000000 1540.000000
30508507.000000 10791.000000 1940.000000
29925549.000000 11079.000000 1777.000000
29660136.000000 12351.000000 1811.000000
29996707.000000 10468.000000 2025.000000
30495917.000000 11133.000000 1879.000000
30451627.000000 11452.000000 1727.000000
29906389.000000 10612.000000 1815.000000
29836228.000000 12154.000000 2055.000000
30430904.000000 12448.000000 1784.000000
30598436.000000 11007.000000 1516.000000
30461641.000000 11249.000000 1982.000000
30344768.000000 11599.000000 2053.000000
29925715.000000 11572.000000 2134.000000
30765255.000000 11504.000000 951.000000
30442657.000000 11692.000000 541.000000
30448341.000000 12574.000000 1523.000000
31605952.000000 10551.000000 1177.000000
30488067.000000 10236.000000 2093.000000
30450729.000000 11506.000000 1938.000000
29898658.000000 12035.000000 1601.000000
30555484.000000 11374.000000 1538.000000
30045624.000000 11879.000000 521.000000
30647983.000000 13469.000000 1043.000000
30582115.000000 10947.000000 1130.000000
31988463.000000 11236.000000 1237.000000
30057476.000000 13580.000000 657.000000
31202932.000000 12014.000000 1184.000000
29988402.000000 11873.000000 1148.000000
30446962.000000 10533.000000 433.000000
30539433.000000 10998.000000 1326.000000
31501931.000000 10702.000000 1053.000000
32108604.000000 10343.000000 921.000000
30513238.000000 11066.000000 1406.000000
31675708.000000 11159.000000 930.000000
30667071.000000 10727.000000 502.000000
30805397.000000 10967.000000 733.000000
30542319.000000 10644.000000 1304.000000
31848284.000000 10425.000000 1688.000000
31977699.000000 11444.000000 465.000000
31738042.000000 10796.000000 805.000000
31407616.000000 12981.000000 895.000000
31014424.000000 10828.000000 639.000000
30014172.000000 10832.000000 1456.000000
31424322.000000 10859.000000 770.000000
30551106.000000 10434.000000 1466.000000
30426552.000000 10143.000000 2152.000000
32248099.000000 12202.000000 1360.000000
30635683.000000 11936.000000 1658.000000
31790331.000000 11180.000000 2244.000000
30616059.000000 11545.000000 2065.000000
30493045.000000 10751.000000 1938.000000
30078031.000000 11406.000000 1704.000000
31148245.000000 10938.000000 2346.000000
30028155.000000 10735.000000 1256.000000
30365322.000000 11231.000000 2151.000000
30185541.000000 10924.000000 2011.000000
30209865.000000 10637.000000 2003.000000
31077687.000000 10710.000000 2063.000000
29758656.000000 11670.000000 1980.000000
29977803.000000 11458.000000 1819.000000
30223214.000000 10697.000000 1621.000000
31453595.000000 11533.000000 2099.000000
31892248.000000 13450.000000 606.000000
30458271.000000 11394.000000 1259.000000
30329706.000000 11907.000000 1091.000000
30786672.000000 10600.000000 442.000000
31638128.000000 11337.000000 634.000000
30190023.000000 10761.000000 1652.000000
30200551.000000 10796.000000 268.000000
31559380.000000 11088.000000 1653.000000
31868369.000000 11329.000000 802.000000
32348803.000000 10760.000000 1621.000000
30634294.000000 10271.000000 763.000000
