46793292.000000 26073.000000 3723.000000
46796372.000000 24753.000000 3726.000000
46314510.000000 24793.000000 3757.000000
45938427.000000 25184.000000 3779.000000
46610195.000000 21877.000000 3775.000000
45977797.000000 22219.000000 3884.000000
46215751.000000 24543.000000 3816.000000
47026206.000000 22407.000000 3733.000000
46915894.000000 26564.000000 3714.000000
70559998.000000 35416.000000 5669.000000
46531965.000000 25875.000000 3762.000000
32188932.000000 21138.000000 2612.000000
45741009.000000 26054.000000 3650.000000
46846500.000000 24405.000000 3700.000000
46233507.000000 23636.000000 3662.000000
46129113.000000 29149.000000 3636.000000
46495296.000000 27873.000000 3759.000000
46484215.000000 31071.000000 3697.000000
46690794.000000 25678.000000 3701.000000
46645414.000000 26301.000000 3723.000000
46278553.000000 21962.000000 3776.000000
46222523.000000 25105.000000 3674.000000
46254243.000000 22843.000000 3722.000000
46653183.000000 24930.000000 3709.000000
46351928.000000 24355.000000 3642.000000
45991136.000000 26067.000000 3787.000000
46151149.000000 22660.000000 3667.000000
46151297.000000 24687.000000 3692.000000
45572583.000000 24390.000000 3591.000000
46422339.000000 24493.000000 3597.000000
46420496.000000 27500.000000 3697.000000
46351311.000000 23540.000000 3669.000000
46541202.000000 26718.000000 3684.000000
45920765.000000 23435.000000 3695.000000
45448989.000000 26489.000000 3664.000000
45736125.000000 25874.000000 3840.000000
46898989.000000 24736.000000 3693.000000
47080165.000000 24577.000000 3727.000000
45900359.000000 24680.000000 3692.000000
46218289.000000 27739.000000 3708.000000
46030506.000000 26248.000000 3639.000000
46064647.000000 21273.000000 3709.000000
46716659.000000 23495.000000 3753.000000
46882017.000000 23369.000000 3756.000000
46582741.000000 27708.000000 3805.000000
45330105.000000 25209.000000 3616.000000
46114220.000000 31665.000000 3776.000000
47044363.000000 24268.000000 3779.000000
46271392.000000 21491.000000 3664.000000
46478666.000000 26705.000000 3695.000000
46802341.000000 23932.000000 3757.000000
46567133.000000 25829.000000 3842.000000
46152759.000000 23751.000000 3680.000000
46981622.000000 24193.000000 3724.000000
46972760.000000 24684.000000 3769.000000
45283785.000000 30015.000000 3674.000000
46476231.000000 21667.000000 3760.000000
45539743.000000 25888.000000 3633.000000
46492115.000000 22747.000000 3774.000000
46325038.000000 23556.000000 3649.000000
46271615.000000 21966.000000 3765.000000
46333698.000000 23218.000000 3644.000000
46354818.000000 24868.000000 3727.000000
45678572.000000 23885.000000 3706.000000
45691623.000000 23823.000000 3919.000000
46350791.000000 23127.000000 3641.000000
45785407.000000 26379.000000 3692.000000
46170267.000000 24525.000000 3690.000000
44988261.000000 23962.000000 3556.000000
46781162.000000 27065.000000 3846.000000
46382870.000000 24521.000000 3635.000000
46197756.000000 22781.000000 3662.000000
45967505.000000 23176.000000 3699.000000
45973684.000000 30051.000000 3734.000000
45838976.000000 23687.000000 3742.000000
45678756.000000 21963.000000 3923.000000
46224226.000000 23859.000000 3737.000000
46039270.000000 23280.000000 3769.000000
46377144.000000 23481.000000 3746.000000
46611426.000000 21581.000000 3638.000000
46204861.000000 24524.000000 3708.000000
46178934.000000 30678.000000 3592.000000
45738827.000000 21900.000000 3639.000000
45054878.000000 24962.000000 3553.000000
45951922.000000 23923.000000 3822.000000
45293757.000000 22566.000000 3523.000000
45363311.000000 25585.000000 3526.000000
46642385.000000 24443.000000 3758.000000
35021367.000000 23544.000000 2845.000000
45984000.000000 25685.000000 3753.000000
47044479.000000 22870.000000 3709.000000
46698209.000000 20776.000000 3715.000000
46157021.000000 23704.000000 3701.000000
46725253.000000 23662.000000 3883.000000
45024283.000000 24553.000000 3720.000000
46746239.000000 23405.000000 3745.000000
46721723.000000 27008.000000 3729.000000
45788068.000000 26816.000000 3674.000000
45934787.000000 25661.000000 3706.000000
46317447.000000 28626.000000 3642.000000
