37874495.000000 19742.000000 2179.000000
37855805.000000 21127.000000 2403.000000
37804804.000000 21109.000000 2302.000000
37625748.000000 20366.000000 1825.000000
38064877.000000 22339.000000 1831.000000
36506159.000000 20396.000000 2674.000000
36455413.000000 19340.000000 2855.000000
37150977.000000 20950.000000 2859.000000
36565640.000000 20100.000000 2654.000000
37536361.000000 19259.000000 2803.000000
37366338.000000 19156.000000 2867.000000
38095415.000000 20419.000000 2729.000000
36489795.000000 18749.000000 1436.000000
38536177.000000 21287.000000 1723.000000
37953029.000000 20457.000000 1946.000000
36315535.000000 20854.000000 2108.000000
36891104.000000 18998.000000 2046.000000
38760703.000000 19660.000000 1501.000000
36773870.000000 20418.000000 2575.000000
36499810.000000 22092.000000 2035.000000
37744549.000000 19892.000000 2371.000000
38402143.000000 21059.000000 1589.000000
36665398.000000 19227.000000 1754.000000
36782559.000000 19910.000000 2092.000000
55683391.000000 32003.000000 3242.000000
36985998.000000 20096.000000 2049.000000
38311779.000000 20286.000000 2132.000000
38367891.000000 21668.000000 2498.000000
38958406.000000 19900.000000 1288.000000
37831260.000000 24361.000000 2641.000000
37106547.000000 18655.000000 1112.000000
37258872.000000 20936.000000 2512.000000
37137066.000000 19040.000000 1051.000000
37410897.000000 18015.000000 1410.000000
36704875.000000 18755.000000 2016.000000
36928453.000000 20692.000000 1797.000000
37893408.000000 24537.000000 1901.000000
37184082.000000 20256.000000 1429.000000
37969766.000000 20156.000000 2043.000000
38571739.000000 19685.000000 2917.000000
37960965.000000 19061.000000 1645.000000
38573348.000000 19041.000000 2081.000000
38366392.000000 23234.000000 1867.000000
38292080.000000 20570.000000 1887.000000
37254031.000000 21995.000000 1733.000000
36813057.000000 21732.000000 1537.000000
37690550.000000 19379.000000 1670.000000
37520916.000000 19656.000000 2028.000000
37845385.000000 22399.000000 1529.000000
36719108.000000 18888.000000 1780.000000
36793141.000000 22190.000000 2411.000000
37962088.000000 19472.000000 1377.000000
36611622.000000 17581.000000 2091.000000
36868647.000000 24364.000000 1962.000000
36563206.000000 22313.000000 1876.000000
37952574.000000 23213.000000 1883.000000
38014704.000000 19117.000000 1952.000000
37538327.000000 19820.000000 2257.000000
37988569.000000 22556.000000 2157.000000
37379454.000000 24640.000000 2013.000000
37791201.000000 21366.000000 2367.000000
37920481.000000 21586.000000 2212.000000
37244603.000000 19051.000000 2598.000000
36669176.000000 17163.000000 2156.000000
37593296.000000 18910.000000 2126.000000
37458548.000000 23821.000000 1753.000000
37900922.000000 20281.000000 2166.000000
36552404.000000 20460.000000 2206.000000
38409654.000000 22811.000000 1983.000000
37641432.000000 26527.000000 1269.000000
37855705.000000 18568.000000 1695.000000
37994912.000000 20943.000000 1784.000000
37284807.000000 20285.000000 2262.000000
36885710.000000 21124.000000 2653.000000
38069422.000000 22779.000000 2793.000000
38024476.000000 23083.000000 2564.000000
37343301.000000 18479.000000 2685.000000
36408058.000000 18843.000000 2592.000000
36872476.000000 17600.000000 2706.000000
38138359.000000 17300.000000 2626.000000
36717539.000000 19285.000000 2317.000000
37685250.000000 19592.000000 2443.000000
36624728.000000 18506.000000 2758.000000
37880623.000000 20286.000000 2585.000000
37140244.000000 19483.000000 2711.000000
38253912.000000 20679.000000 2616.000000
38119699.000000 18943.000000 2999.000000
37624738.000000 19693.000000 2897.000000
36914957.000000 18055.000000 1419.000000
38229085.000000 21487.000000 2601.000000
36746139.000000 18596.000000 2332.000000
37696541.000000 21712.000000 2086.000000
37370753.000000 18303.000000 988.000000
37462967.000000 20382.000000 2845.000000
38083263.000000 18627.000000 2322.000000
36960544.000000 17513.000000 1917.000000
38265780.000000 20617.000000 2051.000000
38058009.000000 19424.000000 1709.000000
38562176.000000 20273.000000 1676.000000
37030448.000000 30623.000000 2264.000000
