41014755.000000 17055.000000 931.000000
42030082.000000 16986.000000 783.000000
42218276.000000 14378.000000 644.000000
41553841.000000 15902.000000 831.000000
41276370.000000 15177.000000 1350.000000
40937123.000000 14724.000000 1588.000000
40961901.000000 15492.000000 1174.000000
41204512.000000 14506.000000 989.000000
41100998.000000 14664.000000 1043.000000
41105475.000000 15945.000000 1041.000000
41906548.000000 14428.000000 913.000000
41208187.000000 15112.000000 1057.000000
41713081.000000 15060.000000 895.000000
41349897.000000 14778.000000 1086.000000
41123636.000000 17356.000000 656.000000
42061165.000000 14651.000000 804.000000
42019762.000000 16824.000000 767.000000
41188891.000000 15516.000000 713.000000
41233398.000000 14708.000000 438.000000
41158523.000000 14640.000000 488.000000
41150621.000000 14526.000000 1161.000000
41140702.000000 15254.000000 785.000000
41286687.000000 14992.000000 811.000000
40982136.000000 14461.000000 771.000000
41309968.000000 16450.000000 908.000000
41191441.000000 14098.000000 879.000000
41892833.000000 15143.000000 1177.000000
41667188.000000 14329.000000 1395.000000
41400335.000000 14801.000000 862.000000
40909656.000000 15468.000000 1843.000000
41929806.000000 14634.000000 1478.000000
42101552.000000 14177.000000 504.000000
42184363.000000 14399.000000 677.000000
40852661.000000 14893.000000 625.000000
41220927.000000 14418.000000 998.000000
41774220.000000 14911.000000 925.000000
42065384.000000 16493.000000 890.000000
41447266.000000 15132.000000 1174.000000
41444144.000000 13812.000000 915.000000
41172791.000000 14262.000000 537.000000
63143982.000000 22197.000000 759.000000
41033935.000000 16128.000000 1431.000000
41328097.000000 15695.000000 840.000000
41306027.000000 14966.000000 708.000000
40983197.000000 15732.000000 747.000000
41133549.000000 16018.000000 710.000000
40788095.000000 17587.000000 296.000000
51557012.000000 18697.000000 1007.000000
42003011.000000 14885.000000 903.000000
41120441.000000 16221.000000 748.000000
41583277.000000 14754.000000 670.000000
40995285.000000 16575.000000 572.000000
41030499.000000 14823.000000 764.000000
41169003.000000 16779.000000 536.000000
41402318.000000 16055.000000 531.000000
41504073.000000 15130.000000 520.000000
42089209.000000 15380.000000 628.000000
42085854.000000 14914.000000 1196.000000
41604840.000000 14186.000000 792.000000
41363687.000000 15287.000000 1111.000000
41241182.000000 14067.000000 970.000000
42021264.000000 14898.000000 514.000000
41971848.000000 14944.000000 770.000000
40898602.000000 15393.000000 616.000000
41877295.000000 14975.000000 415.000000
41590991.000000 14739.000000 557.000000
41083450.000000 14272.000000 680.000000
41663443.000000 15230.000000 961.000000
41278229.000000 14273.000000 1084.000000
41046058.000000 14680.000000 784.000000
41950099.000000 15576.000000 897.000000
41086867.000000 14581.000000 1065.000000
41169153.000000 16568.000000 906.000000
41766890.000000 14956.000000 2326.000000
41865391.000000 15943.000000 2392.000000
40901888.000000 14514.000000 2198.000000
40605123.000000 15562.000000 2063.000000
41613298.000000 16508.000000 2151.000000
41216704.000000 14778.000000 2092.000000
41605649.000000 15146.000000 1887.000000
51010197.000000 19933.000000 2986.000000
41303088.000000 17001.000000 1861.000000
41812984.000000 15618.000000 2230.000000
40418385.000000 14038.000000 2907.000000
41806140.000000 14892.000000 2324.000000
41611245.000000 16971.000000 2429.000000
41911072.000000 14129.000000 2496.000000
40884673.000000 15986.000000 2178.000000
41744453.000000 14677.000000 2309.000000
41479105.000000 14155.000000 1674.000000
41139561.000000 15443.000000 2573.000000
41207049.000000 15283.000000 1942.000000
41073855.000000 14225.000000 2527.000000
41210123.000000 14795.000000 1111.000000
40961072.000000 15306.000000 2147.000000
41326661.000000 14467.000000 2700.000000
41733075.000000 14797.000000 2174.000000
41737220.000000 13547.000000 2103.000000
41775080.000000 15799.000000 654.000000
41144519.000000 14510.000000 685.000000
