26470571.000000 14427.000000 2046.000000
24622522.000000 12770.000000 2210.000000
24604785.000000 13291.000000 2039.000000
24687299.000000 12859.000000 2134.000000
24498146.000000 13462.000000 2024.000000
24305285.000000 13060.000000 2069.000000
19130825.000000 10382.000000 1652.000000
24144751.000000 15047.000000 3771.000000
24496376.000000 14105.000000 2120.000000
24358699.000000 15242.000000 3767.000000
25167594.000000 12459.000000 2102.000000
26614267.000000 15480.000000 2336.000000
24830965.000000 13320.000000 2003.000000
24514065.000000 13156.000000 2227.000000
24529563.000000 12762.000000 2510.000000
26805059.000000 14072.000000 2355.000000
24540550.000000 12406.000000 2010.000000
24429590.000000 13035.000000 2496.000000
24274025.000000 12790.000000 2123.000000
25545510.000000 14307.000000 2664.000000
26988295.000000 14715.000000 2193.000000
25297818.000000 12207.000000 2048.000000
24423915.000000 12242.000000 1976.000000
24403096.000000 12228.000000 1964.000000
24659727.000000 13259.000000 2339.000000
24775148.000000 13484.000000 2037.000000
24271595.000000 15020.000000 4219.000000
25067963.000000 12507.000000 1966.000000
26577324.000000 14472.000000 2174.000000
25196351.000000 13651.000000 2036.000000
24372291.000000 12367.000000 2016.000000
24522892.000000 13321.000000 2767.000000
24297259.000000 13179.000000 2227.000000
26841311.000000 15265.000000 2218.000000
26624720.000000 15296.000000 2272.000000
26534072.000000 14808.000000 2209.000000
24200004.000000 14125.000000 2157.000000
24413043.000000 12983.000000 2111.000000
24727922.000000 13206.000000 2001.000000
24876011.000000 12041.000000 2133.000000
24717886.000000 12771.000000 2082.000000
26629798.000000 13177.000000 2315.000000
25014398.000000 14613.000000 2076.000000
24626045.000000 12619.000000 2057.000000
24571877.000000 14703.000000 2071.000000
25991417.000000 13363.000000 2349.000000
24506798.000000 12409.000000 1987.000000
24197329.000000 12441.000000 2129.000000
25167945.000000 13091.000000 2165.000000
24974607.000000 12502.000000 2158.000000
25013807.000000 12555.000000 2023.000000
26006201.000000 13149.000000 2281.000000
25139010.000000 13447.000000 1969.000000
25847294.000000 15537.000000 2259.000000
24921756.000000 15174.000000 2152.000000
25152552.000000 13679.000000 2069.000000
24316179.000000 11866.000000 2011.000000
26631015.000000 15010.000000 2459.000000
25020964.000000 13966.000000 2082.000000
24707230.000000 12808.000000 2395.000000
26760451.000000 14942.000000 2297.000000
24651251.000000 12830.000000 1960.000000
24706717.000000 13909.000000 2103.000000
24768716.000000 13135.000000 2050.000000
26491875.000000 14813.000000 2189.000000
24758595.000000 12930.000000 2081.000000
24572309.000000 14369.000000 2372.000000
26407783.000000 14002.000000 2171.000000
25362340.000000 12554.000000 2090.000000
25029930.000000 13260.000000 2064.000000
24387026.000000 13001.000000 2048.000000
24749845.000000 12517.000000 2284.000000
26934304.000000 15293.000000 2198.000000
25079070.000000 12337.000000 2168.000000
24949166.000000 14988.000000 2411.000000
24554605.000000 12026.000000 2137.000000
26678424.000000 15468.000000 2136.000000
26897667.000000 14244.000000 2196.000000
24851326.000000 17193.000000 2090.000000
24579546.000000 13458.000000 2029.000000
24809077.000000 14096.000000 2069.000000
24990450.000000 12492.000000 2201.000000
25156839.000000 14388.000000 2533.000000
25416943.000000 13032.000000 2091.000000
25003661.000000 15027.000000 2082.000000
25161923.000000 13062.000000 2037.000000
24394022.000000 13291.000000 2032.000000
24354592.000000 17500.000000 5498.000000
24734586.000000 12255.000000 2007.000000
24855901.000000 13483.000000 2837.000000
24984234.000000 12656.000000 2196.000000
25704901.000000 13827.000000 2093.000000
24696788.000000 12299.000000 2103.000000
24609574.000000 14497.000000 3122.000000
25032233.000000 15023.000000 2016.000000
25028189.000000 13842.000000 2119.000000
25522503.000000 13595.000000 1967.000000
24388622.000000 15880.000000 3029.000000
24654044.000000 12512.000000 2060.000000
24275765.000000 12510.000000 2022.000000
