40286494.000000 22098.000000 1211.000000
40108465.000000 19712.000000 671.000000
40365056.000000 19171.000000 277.000000
39776952.000000 20439.000000 347.000000
39953173.000000 19386.000000 140.000000
40421456.000000 20575.000000 548.000000
40221617.000000 20437.000000 465.000000
40100239.000000 18784.000000 709.000000
40715515.000000 19485.000000 482.000000
40714116.000000 19906.000000 578.000000
39881244.000000 19864.000000 433.000000
40117136.000000 19689.000000 572.000000
40753950.000000 21263.000000 1006.000000
40108974.000000 21928.000000 312.000000
40241659.000000 23033.000000 1155.000000
39140101.000000 19725.000000 768.000000
40597328.000000 20181.000000 683.000000
40058674.000000 20718.000000 435.000000
38978854.000000 19786.000000 901.000000
40216003.000000 21027.000000 453.000000
40528392.000000 20654.000000 316.000000
38999417.000000 21965.000000 879.000000
40536682.000000 23544.000000 751.000000
40122590.000000 20293.000000 500.000000
39983284.000000 18463.000000 220.000000
39634117.000000 19694.000000 701.000000
40434208.000000 18612.000000 845.000000
40747143.000000 26557.000000 276.000000
40091363.000000 19728.000000 1498.000000
40104461.000000 20571.000000 598.000000
40135871.000000 27880.000000 2015.000000
39706668.000000 21146.000000 594.000000
40004183.000000 23455.000000 587.000000
40783343.000000 22562.000000 763.000000
40397664.000000 19456.000000 913.000000
39526864.000000 20051.000000 573.000000
40061349.000000 20194.000000 770.000000
40725013.000000 19094.000000 241.000000
40407298.000000 21507.000000 450.000000
40477628.000000 23013.000000 1055.000000
40797566.000000 23912.000000 434.000000
39776351.000000 19273.000000 399.000000
40669403.000000 21834.000000 142.000000
40269350.000000 29055.000000 248.000000
40029784.000000 20020.000000 802.000000
39654076.000000 20956.000000 788.000000
40613527.000000 21662.000000 707.000000
39863329.000000 20492.000000 1093.000000
40669397.000000 19582.000000 373.000000
40864708.000000 21579.000000 426.000000
40385416.000000 22017.000000 1087.000000
40582149.000000 21432.000000 294.000000
39900599.000000 19288.000000 427.000000
38802558.000000 24717.000000 466.000000
39969471.000000 19633.000000 1042.000000
40402325.000000 23548.000000 643.000000
39967922.000000 20628.000000 607.000000
40102099.000000 19881.000000 476.000000
40024093.000000 22997.000000 541.000000
40805094.000000 21795.000000 350.000000
40333978.000000 21798.000000 629.000000
40108029.000000 20495.000000 666.000000
39182733.000000 23680.000000 550.000000
40263508.000000 19170.000000 279.000000
40039390.000000 21187.000000 479.000000
39667557.000000 23856.000000 1383.000000
39983933.000000 24129.000000 616.000000
61720037.000000 28562.000000 685.000000
39297857.000000 21808.000000 1797.000000
40275395.000000 20574.000000 2439.000000
59460488.000000 31763.000000 3238.000000
40293878.000000 20648.000000 1635.000000
40111907.000000 22774.000000 944.000000
39749291.000000 33454.000000 2494.000000
40483503.000000 19396.000000 2143.000000
40004987.000000 21905.000000 707.000000
40572702.000000 23158.000000 1848.000000
40178078.000000 20432.000000 1864.000000
40502493.000000 20358.000000 2393.000000
39864728.000000 20153.000000 1395.000000
40343163.000000 20576.000000 2114.000000
39103813.000000 22844.000000 2255.000000
40399093.000000 21421.000000 1299.000000
40437555.000000 19850.000000 2323.000000
39625286.000000 19220.000000 1352.000000
40352156.000000 21462.000000 1260.000000
40277287.000000 20532.000000 1250.000000
40227358.000000 20158.000000 2060.000000
40518037.000000 20532.000000 1441.000000
40645053.000000 21148.000000 1272.000000
39325241.000000 22290.000000 2167.000000
40058053.000000 22340.000000 1362.000000
38862334.000000 22999.000000 1617.000000
39348407.000000 18636.000000 2014.000000
40504376.000000 18712.000000 3111.000000
40465724.000000 19622.000000 1224.000000
40377194.000000 19160.000000 2160.000000
40552756.000000 20140.000000 2219.000000
40335361.000000 24286.000000 1709.000000
39671386.000000 20903.000000 2052.000000
