30471781.000000 12655.000000 2009.000000
30453993.000000 11885.000000 1811.000000
30342069.000000 12120.000000 1856.000000
30323071.000000 11129.000000 1872.000000
29743157.000000 11764.000000 1262.000000
30524373.000000 13442.000000 1065.000000
30220860.000000 11842.000000 1708.000000
30098397.000000 12367.000000 1405.000000
38494774.000000 17083.000000 2541.000000
29973730.000000 13243.000000 1493.000000
30146102.000000 12820.000000 938.000000
28872316.000000 10398.000000 1676.000000
30340999.000000 13151.000000 1662.000000
30401374.000000 13884.000000 1799.000000
30373182.000000 11296.000000 1971.000000
31305910.000000 12926.000000 1688.000000
31166805.000000 12591.000000 1815.000000
27925241.000000 9921.000000 1094.000000
29019092.000000 12913.000000 1489.000000
30430948.000000 11643.000000 1750.000000
29953989.000000 12296.000000 1328.000000
30049993.000000 11451.000000 1214.000000
30506166.000000 12090.000000 1432.000000
30262572.000000 11565.000000 1715.000000
30418372.000000 14123.000000 1480.000000
30415798.000000 12034.000000 1335.000000
30007674.000000 11379.000000 1870.000000
30024277.000000 12558.000000 1558.000000
28988864.000000 11654.000000 1760.000000
30619239.000000 12417.000000 1410.000000
30110327.000000 12540.000000 1286.000000
30229392.000000 12858.000000 1623.000000
29863219.000000 13414.000000 1279.000000
30153378.000000 10847.000000 1266.000000
30391070.000000 11271.000000 1867.000000
27796490.000000 11610.000000 2054.000000
29987033.000000 12862.000000 2147.000000
30138062.000000 12388.000000 1504.000000
30558857.000000 12278.000000 1105.000000
29865280.000000 11429.000000 1084.000000
29484701.000000 12378.000000 1847.000000
31675586.000000 13384.000000 1897.000000
30402179.000000 15053.000000 1245.000000
30080591.000000 11512.000000 1082.000000
30071567.000000 11374.000000 1377.000000
29361548.000000 11354.000000 1541.000000
30427071.000000 12781.000000 1125.000000
29919998.000000 11805.000000 1964.000000
30491159.000000 12381.000000 1411.000000
30510981.000000 11854.000000 1449.000000
30532712.000000 13386.000000 1134.000000
30041976.000000 13893.000000 1782.000000
30518723.000000 11748.000000 1392.000000
31152967.000000 13055.000000 1543.000000
31778151.000000 14201.000000 1587.000000
30506087.000000 12687.000000 2066.000000
30595709.000000 14781.000000 1817.000000
30402729.000000 11927.000000 1602.000000
30189658.000000 13592.000000 1896.000000
30093108.000000 11824.000000 1625.000000
30411201.000000 12199.000000 1615.000000
29999451.000000 12109.000000 1930.000000
29998874.000000 11158.000000 1312.000000
30388344.000000 13546.000000 1317.000000
30324473.000000 12297.000000 1480.000000
30648285.000000 12303.000000 1838.000000
30462404.000000 11660.000000 1235.000000
30619418.000000 12502.000000 1101.000000
30903023.000000 12206.000000 1811.000000
29107756.000000 10774.000000 1140.000000
30636543.000000 12033.000000 1592.000000
30222142.000000 13343.000000 1666.000000
31012314.000000 14366.000000 1561.000000
31264838.000000 12145.000000 1794.000000
30051801.000000 12330.000000 1758.000000
30439331.000000 12383.000000 933.000000
30284930.000000 13502.000000 1385.000000
30181905.000000 10948.000000 1088.000000
28542889.000000 11781.000000 1565.000000
30238156.000000 11310.000000 1984.000000
29748342.000000 12038.000000 1888.000000
30992945.000000 12059.000000 2142.000000
30020039.000000 11670.000000 1485.000000
30591554.000000 11723.000000 1518.000000
30404565.000000 12919.000000 1384.000000
29995045.000000 13161.000000 1661.000000
31207457.000000 13145.000000 1684.000000
30362149.000000 12292.000000 1782.000000
30458844.000000 12456.000000 1666.000000
30613681.000000 15989.000000 1405.000000
29323716.000000 10945.000000 1722.000000
30894382.000000 12423.000000 1477.000000
30522400.000000 13211.000000 1033.000000
46041642.000000 20396.000000 2373.000000
30644589.000000 13658.000000 1447.000000
29876201.000000 12281.000000 1616.000000
30468886.000000 11741.000000 1428.000000
30109325.000000 12289.000000 1223.000000
32039471.000000 13713.000000 1502.000000
30316675.000000 12475.000000 1780.000000
