32399631.000000 18914.000000 361.000000
33954705.000000 15921.000000 71.000000
34416718.000000 19877.000000 199.000000
32537694.000000 18995.000000 94.000000
33923695.000000 19444.000000 725.000000
32457291.000000 16179.000000 102.000000
34233891.000000 20547.000000 297.000000
32511315.000000 16878.000000 113.000000
31833920.000000 16676.000000 39.000000
32476173.000000 15461.000000 207.000000
32318666.000000 19517.000000 214.000000
32568011.000000 15551.000000 50.000000
32629308.000000 19085.000000 854.000000
33633984.000000 17586.000000 640.000000
33714601.000000 20100.000000 988.000000
33476143.000000 17636.000000 926.000000
32328180.000000 18685.000000 716.000000
32403716.000000 16784.000000 588.000000
32614996.000000 17625.000000 807.000000
34713128.000000 18955.000000 521.000000
34480493.000000 18196.000000 841.000000
33610019.000000 17129.000000 945.000000
32393355.000000 17541.000000 657.000000
33874545.000000 16754.000000 609.000000
33567611.000000 20010.000000 722.000000
31951231.000000 15990.000000 1653.000000
32475108.000000 15661.000000 322.000000
35432758.000000 18192.000000 740.000000
34826088.000000 20944.000000 719.000000
34183097.000000 17430.000000 389.000000
31698014.000000 17227.000000 801.000000
32159122.000000 16464.000000 728.000000
33603953.000000 17330.000000 643.000000
33802526.000000 18236.000000 622.000000
34404609.000000 18804.000000 630.000000
32512970.000000 16280.000000 154.000000
34100954.000000 18355.000000 165.000000
32283601.000000 18349.000000 100.000000
34405045.000000 20007.000000 158.000000
32483746.000000 19447.000000 1610.000000
34535049.000000 20057.000000 128.000000
33497709.000000 16825.000000 314.000000
33841420.000000 17451.000000 43.000000
34018658.000000 17067.000000 109.000000
33186127.000000 16977.000000 33.000000
33771027.000000 18185.000000 41.000000
32532506.000000 16038.000000 285.000000
32440181.000000 16237.000000 943.000000
32569420.000000 16617.000000 793.000000
34002595.000000 17578.000000 423.000000
33872727.000000 23439.000000 919.000000
31690401.000000 17775.000000 704.000000
34487377.000000 18478.000000 1240.000000
34473325.000000 20752.000000 861.000000
33658299.000000 17686.000000 906.000000
33529705.000000 21198.000000 851.000000
31612998.000000 17484.000000 862.000000
35225869.000000 22975.000000 564.000000
34296130.000000 18412.000000 707.000000
34458574.000000 21090.000000 1025.000000
32267935.000000 17301.000000 650.000000
34235166.000000 22554.000000 809.000000
32335334.000000 17397.000000 656.000000
32177562.000000 19216.000000 967.000000
34335100.000000 21051.000000 1096.000000
34583261.000000 18253.000000 1097.000000
34382842.000000 19943.000000 1087.000000
33578907.000000 15647.000000 506.000000
32265862.000000 18962.000000 1267.000000
34681717.000000 19930.000000 444.000000
32329529.000000 17789.000000 768.000000
33811618.000000 17284.000000 656.000000
32644374.000000 16840.000000 570.000000
34031546.000000 23181.000000 707.000000
33487767.000000 17997.000000 595.000000
33447009.000000 19463.000000 187.000000
32272009.000000 17323.000000 139.000000
32234538.000000 21977.000000 147.000000
33664309.000000 18164.000000 52.000000
34216729.000000 17180.000000 93.000000
33811360.000000 18571.000000 51.000000
32505957.000000 17616.000000 30.000000
32384180.000000 17486.000000 26.000000
32324142.000000 16081.000000 836.000000
34104324.000000 16838.000000 1319.000000
32178853.000000 15405.000000 825.000000
32077535.000000 16344.000000 349.000000
34259648.000000 18991.000000 681.000000
34540506.000000 19026.000000 406.000000
32313895.000000 16858.000000 187.000000
32131064.000000 17850.000000 957.000000
34550709.000000 17606.000000 635.000000
32477042.000000 19704.000000 306.000000
34680582.000000 17414.000000 357.000000
34870567.000000 18475.000000 808.000000
35177036.000000 20799.000000 382.000000
34912439.000000 19346.000000 381.000000
34485443.000000 19711.000000 647.000000
34682228.000000 17693.000000 353.000000
34819304.000000 18781.000000 766.000000
