40687804.000000 21194.000000 2879.000000
43958569.000000 23053.000000 3030.000000
43164803.000000 23925.000000 2324.000000
43467205.000000 31636.000000 3116.000000
43811830.000000 22280.000000 2878.000000
43425827.000000 25204.000000 2937.000000
43490661.000000 23276.000000 3144.000000
43896843.000000 25347.000000 2869.000000
43958908.000000 27863.000000 3244.000000
44140490.000000 23198.000000 2653.000000
43484022.000000 27050.000000 3049.000000
42196499.000000 20876.000000 2907.000000
39935191.000000 25124.000000 2839.000000
43682377.000000 22752.000000 2396.000000
43831802.000000 22578.000000 3084.000000
41380875.000000 20782.000000 3009.000000
43969826.000000 24956.000000 3100.000000
43949717.000000 22455.000000 3209.000000
41871297.000000 22837.000000 2950.000000
43452822.000000 22876.000000 3132.000000
43522861.000000 22586.000000 2886.000000
43712987.000000 23523.000000 3033.000000
43898580.000000 22766.000000 3229.000000
43787415.000000 23719.000000 2774.000000
40601735.000000 21421.000000 3116.000000
43595006.000000 23052.000000 2913.000000
43422737.000000 27376.000000 3312.000000
42829364.000000 21634.000000 3041.000000
41560516.000000 21635.000000 2709.000000
44780077.000000 20835.000000 2750.000000
43590756.000000 21762.000000 2825.000000
44609743.000000 23720.000000 2557.000000
43099405.000000 23814.000000 2966.000000
44148199.000000 25046.000000 2515.000000
44199615.000000 21943.000000 2957.000000
44144040.000000 22037.000000 3240.000000
43224623.000000 32095.000000 3388.000000
43579876.000000 20635.000000 3418.000000
43541446.000000 24027.000000 3357.000000
41940496.000000 20247.000000 3397.000000
43223061.000000 23100.000000 3429.000000
43956045.000000 24097.000000 3296.000000
44677500.000000 22727.000000 2549.000000
44183130.000000 22968.000000 2389.000000
44197848.000000 25912.000000 2840.000000
42070708.000000 21500.000000 3037.000000
44309717.000000 24269.000000 3143.000000
43928106.000000 23462.000000 3171.000000
40084395.000000 22378.000000 3078.000000
42351852.000000 22604.000000 2747.000000
43623653.000000 26746.000000 3221.000000
42496222.000000 21561.000000 2985.000000
43676993.000000 22399.000000 3154.000000
42538073.000000 19701.000000 2841.000000
44153453.000000 28282.000000 2842.000000
43984503.000000 23002.000000 3224.000000
44071127.000000 23066.000000 2575.000000
40263218.000000 19528.000000 2600.000000
43365278.000000 23869.000000 3217.000000
44105033.000000 23675.000000 3183.000000
44708664.000000 22851.000000 3197.000000
43836548.000000 22033.000000 2769.000000
43641267.000000 26873.000000 3185.000000
44108275.000000 21868.000000 2885.000000
44138509.000000 22486.000000 3017.000000
39823933.000000 21578.000000 2607.000000
44143535.000000 21661.000000 3112.000000
43688357.000000 22306.000000 2708.000000
43903459.000000 22310.000000 2555.000000
44097843.000000 22627.000000 3444.000000
43839636.000000 25562.000000 2843.000000
43769464.000000 23485.000000 3365.000000
43634710.000000 22652.000000 2704.000000
44153964.000000 22570.000000 1779.000000
43597325.000000 22318.000000 2815.000000
43765003.000000 26695.000000 2047.000000
43828662.000000 21600.000000 2872.000000
42601943.000000 22209.000000 3054.000000
44527000.000000 21663.000000 2851.000000
43900161.000000 24754.000000 2914.000000
43880673.000000 21375.000000 2584.000000
42597087.000000 21174.000000 2886.000000
41050059.000000 20862.000000 2830.000000
43526976.000000 22231.000000 3202.000000
43845277.000000 20655.000000 3312.000000
42342104.000000 21829.000000 2799.000000
44361447.000000 21061.000000 2630.000000
43896366.000000 23794.000000 2612.000000
32654470.000000 16626.000000 2485.000000
43952528.000000 28590.000000 2985.000000
43923371.000000 22227.000000 3193.000000
43528689.000000 23627.000000 2769.000000
43991020.000000 24706.000000 2888.000000
43863439.000000 22132.000000 2933.000000
44450187.000000 24181.000000 2999.000000
43161370.000000 24694.000000 2382.000000
43997952.000000 22331.000000 2383.000000
43883916.000000 21645.000000 3355.000000
44203533.000000 21512.000000 2864.000000
43507894.000000 23443.000000 2613.000000
