28909981.000000 15883.000000 1757.000000
29833533.000000 16068.000000 2210.000000
29668268.000000 14756.000000 1788.000000
29340147.000000 17671.000000 1944.000000
29498503.000000 17896.000000 2150.000000
29722181.000000 18900.000000 1280.000000
29095671.000000 17944.000000 1332.000000
29737630.000000 17814.000000 1774.000000
29240279.000000 17202.000000 1977.000000
30257644.000000 19853.000000 1833.000000
29023115.000000 16827.000000 1466.000000
29303032.000000 16921.000000 1559.000000
29187345.000000 17601.000000 1450.000000
29552072.000000 17029.000000 1531.000000
28923641.000000 16970.000000 1916.000000
29650666.000000 21194.000000 1289.000000
30762700.000000 17426.000000 1975.000000
30251352.000000 16674.000000 1504.000000
29691485.000000 15082.000000 1513.000000
29082042.000000 16569.000000 1750.000000
30132591.000000 16282.000000 1338.000000
29323059.000000 15317.000000 2148.000000
29505767.000000 16798.000000 1468.000000
29187131.000000 14384.000000 1549.000000
29371683.000000 14503.000000 1419.000000
29755721.000000 15692.000000 2192.000000
29466617.000000 15926.000000 1415.000000
29301432.000000 16890.000000 2147.000000
29276468.000000 17077.000000 1976.000000
29438261.000000 15316.000000 2028.000000
29215692.000000 16538.000000 2182.000000
29488529.000000 17180.000000 1635.000000
29699698.000000 16040.000000 1652.000000
29905388.000000 15279.000000 1043.000000
28927267.000000 14795.000000 2121.000000
28842553.000000 17594.000000 2178.000000
29799830.000000 14693.000000 1917.000000
31499099.000000 17996.000000 2494.000000
29321245.000000 14646.000000 1605.000000
29412874.000000 17957.000000 1159.000000
29461389.000000 14821.000000 1874.000000
29281502.000000 16721.000000 1919.000000
29401365.000000 14944.000000 1949.000000
29914552.000000 16144.000000 1644.000000
29313144.000000 14418.000000 2024.000000
29307690.000000 16372.000000 2198.000000
29312794.000000 17094.000000 2199.000000
29343120.000000 17738.000000 2210.000000
29105705.000000 17514.000000 2059.000000
29512182.000000 17990.000000 2249.000000
29295064.000000 13431.000000 2330.000000
29340648.000000 15017.000000 1619.000000
30323316.000000 18020.000000 1641.000000
29739899.000000 17065.000000 1583.000000
29303754.000000 15587.000000 1631.000000
29710597.000000 16205.000000 1222.000000
29444962.000000 15531.000000 1785.000000
29708602.000000 14860.000000 1330.000000
29481438.000000 14870.000000 1798.000000
29987582.000000 15989.000000 2001.000000
29250534.000000 16378.000000 1700.000000
29249370.000000 14348.000000 2033.000000
29373379.000000 16831.000000 1513.000000
29291587.000000 14239.000000 1372.000000
29393327.000000 18566.000000 1659.000000
29760256.000000 18055.000000 2105.000000
44859586.000000 25220.000000 2256.000000
29178572.000000 15492.000000 2027.000000
29414411.000000 17317.000000 1044.000000
30355637.000000 18330.000000 1576.000000
28856699.000000 17292.000000 1644.000000
29326649.000000 16017.000000 1437.000000
29226045.000000 16916.000000 1967.000000
29149015.000000 17166.000000 1553.000000
29896077.000000 19033.000000 1814.000000
29879316.000000 16794.000000 1632.000000
29233728.000000 17880.000000 1968.000000
29523211.000000 19656.000000 1800.000000
29061510.000000 18664.000000 1879.000000
30019240.000000 16728.000000 2110.000000
29556927.000000 18644.000000 1869.000000
29693924.000000 14942.000000 2142.000000
29532429.000000 15454.000000 2132.000000
29626134.000000 15124.000000 2200.000000
29112506.000000 15368.000000 2234.000000
28970881.000000 14304.000000 2411.000000
29406042.000000 14816.000000 2178.000000
29242476.000000 18428.000000 2235.000000
29436294.000000 17060.000000 2358.000000
29563829.000000 15208.000000 2151.000000
29682960.000000 17018.000000 2285.000000
29260343.000000 13738.000000 2331.000000
29225562.000000 16026.000000 2406.000000
29520416.000000 13645.000000 2229.000000
29664694.000000 15001.000000 2195.000000
29343762.000000 15912.000000 1819.000000
30484136.000000 16177.000000 2398.000000
29270627.000000 15299.000000 2249.000000
29389739.000000 17618.000000 2280.000000
29425245.000000 15407.000000 2171.000000
