31890671.000000 17073.000000 2481.000000
31527009.000000 17256.000000 2431.000000
28878721.000000 14303.000000 2210.000000
31338377.000000 19495.000000 2429.000000
30829992.000000 18560.000000 2288.000000
29380957.000000 13779.000000 2476.000000
28776352.000000 16245.000000 2177.000000
28786223.000000 14758.000000 2193.000000
28451676.000000 17603.000000 2185.000000
29365674.000000 18750.000000 2302.000000
29461560.000000 16108.000000 2304.000000
28059662.000000 16913.000000 2111.000000
31816227.000000 22386.000000 2482.000000
30169720.000000 24443.000000 2268.000000
29585068.000000 14635.000000 2457.000000
28723672.000000 13760.000000 2178.000000
28485536.000000 15565.000000 2350.000000
28516375.000000 16474.000000 2210.000000
28200769.000000 16942.000000 2190.000000
29613338.000000 15443.000000 2287.000000
29828874.000000 16768.000000 2261.000000
30079387.000000 17485.000000 2278.000000
29569938.000000 16376.000000 2417.000000
29366797.000000 18770.000000 2132.000000
31319094.000000 19594.000000 2341.000000
31712318.000000 19057.000000 2374.000000
29482776.000000 18580.000000 2310.000000
29817441.000000 16240.000000 2312.000000
29903806.000000 17474.000000 2231.000000
28605023.000000 14666.000000 2257.000000
29512393.000000 16222.000000 2166.000000
27868343.000000 19571.000000 2097.000000
28129066.000000 16048.000000 2137.000000
31658101.000000 17244.000000 2417.000000
31869674.000000 18173.000000 2480.000000
29668002.000000 15027.000000 2378.000000
30767777.000000 20254.000000 2337.000000
31282629.000000 17942.000000 2363.000000
30118365.000000 15573.000000 2247.000000
28514439.000000 15735.000000 2331.000000
29712216.000000 16194.000000 2281.000000
28594156.000000 21305.000000 2193.000000
28442149.000000 17313.000000 2406.000000
29783783.000000 16805.000000 2258.000000
31775011.000000 15994.000000 2559.000000
29488860.000000 18536.000000 2226.000000
31648547.000000 21342.000000 2374.000000
29183803.000000 18267.000000 2196.000000
28333383.000000 14126.000000 2110.000000
29556849.000000 16580.000000 2302.000000
29878785.000000 15371.000000 2289.000000
28638850.000000 16461.000000 2180.000000
28612992.000000 15400.000000 2176.000000
28708975.000000 16310.000000 2204.000000
31444218.000000 20486.000000 2364.000000
29560956.000000 19658.000000 2269.000000
28439001.000000 14258.000000 2404.000000
30157885.000000 15735.000000 2231.000000
28795201.000000 15013.000000 2180.000000
30603175.000000 17479.000000 2193.000000
28575272.000000 14086.000000 2246.000000
31438460.000000 17340.000000 2420.000000
28714267.000000 16958.000000 2481.000000
28555457.000000 17083.000000 2179.000000
29559622.000000 14516.000000 2478.000000
29757666.000000 20184.000000 2087.000000
31383723.000000 16957.000000 2418.000000
27931999.000000 14794.000000 2079.000000
28766292.000000 14376.000000 2153.000000
29830960.000000 17217.000000 2272.000000
28459398.000000 15698.000000 2401.000000
31096823.000000 16974.000000 2354.000000
30869011.000000 16587.000000 2298.000000
29213351.000000 15895.000000 2038.000000
29291837.000000 16560.000000 2307.000000
31881678.000000 17651.000000 2485.000000
29938242.000000 17000.000000 2310.000000
29645579.000000 16363.000000 2301.000000
28652170.000000 17126.000000 2078.000000
28030527.000000 15255.000000 2196.000000
31546767.000000 16165.000000 2432.000000
29505209.000000 15470.000000 2303.000000
28576966.000000 15019.000000 2146.000000
29633967.000000 15419.000000 2307.000000
29584199.000000 16264.000000 2230.000000
31386322.000000 16558.000000 2404.000000
28645324.000000 14432.000000 2182.000000
29048754.000000 17982.000000 2145.000000
31796718.000000 18777.000000 2335.000000
29697837.000000 18310.000000 2276.000000
28470317.000000 18186.000000 2216.000000
28385776.000000 14862.000000 2376.000000
28645906.000000 16000.000000 2178.000000
28915521.000000 14570.000000 2234.000000
29632159.000000 14188.000000 2307.000000
29184405.000000 16327.000000 2037.000000
31942260.000000 16861.000000 2391.000000
29567334.000000 17826.000000 2322.000000
29750787.000000 14985.000000 2282.000000
29974983.000000 17311.000000 2314.000000
