31424649.000000 17313.000000 1249.000000
30042852.000000 16693.000000 650.000000
29495462.000000 18089.000000 461.000000
31413565.000000 16367.000000 1667.000000
30241915.000000 15614.000000 1304.000000
30897768.000000 15797.000000 1180.000000
30035948.000000 15642.000000 645.000000
30127653.000000 17532.000000 1157.000000
30350303.000000 16647.000000 882.000000
31164008.000000 19171.000000 1304.000000
29412528.000000 16209.000000 586.000000
30253556.000000 15087.000000 660.000000
30871278.000000 15958.000000 975.000000
29751824.000000 16449.000000 655.000000
30704437.000000 17514.000000 1956.000000
30206477.000000 14751.000000 2293.000000
31848355.000000 16061.000000 937.000000
30525627.000000 14198.000000 789.000000
30221477.000000 14307.000000 400.000000
30484142.000000 16005.000000 568.000000
31289801.000000 15492.000000 609.000000
30586092.000000 15317.000000 917.000000
29667077.000000 14844.000000 819.000000
30370726.000000 15448.000000 832.000000
31504880.000000 17419.000000 911.000000
30359671.000000 16736.000000 1476.000000
30150174.000000 16285.000000 1658.000000
29760337.000000 16080.000000 1821.000000
30979561.000000 17007.000000 602.000000
30564331.000000 15937.000000 1979.000000
30732267.000000 16282.000000 1889.000000
29271057.000000 17481.000000 1847.000000
31322439.000000 17651.000000 1488.000000
30106578.000000 15784.000000 1268.000000
30763963.000000 15366.000000 1330.000000
31096469.000000 17260.000000 1030.000000
30632890.000000 17358.000000 528.000000
30161780.000000 16109.000000 1638.000000
31145784.000000 15768.000000 1150.000000
31090139.000000 17291.000000 914.000000
30833529.000000 17784.000000 687.000000
30880514.000000 17785.000000 2139.000000
31877394.000000 17345.000000 1039.000000
31599789.000000 16207.000000 1326.000000
30565177.000000 16943.000000 1771.000000
29803455.000000 16882.000000 791.000000
30626554.000000 16229.000000 1060.000000
29524160.000000 16018.000000 1000.000000
31358791.000000 15320.000000 861.000000
29966773.000000 19785.000000 1189.000000
29913957.000000 13697.000000 668.000000
31379856.000000 15893.000000 1590.000000
29820804.000000 17450.000000 613.000000
29993694.000000 14580.000000 1138.000000
30814622.000000 17081.000000 659.000000
31270828.000000 17610.000000 1456.000000
30957028.000000 17345.000000 1417.000000
30653852.000000 17604.000000 1197.000000
30428488.000000 16540.000000 1055.000000
31436497.000000 16189.000000 598.000000
30744265.000000 16101.000000 594.000000
31072771.000000 17907.000000 196.000000
30043420.000000 16056.000000 451.000000
31325284.000000 16117.000000 1596.000000
31114483.000000 18967.000000 1179.000000
30762431.000000 17502.000000 845.000000
31637606.000000 17456.000000 1012.000000
31569380.000000 18523.000000 916.000000
30443617.000000 16489.000000 459.000000
31111213.000000 15838.000000 883.000000
31226784.000000 17221.000000 516.000000
30041693.000000 17582.000000 968.000000
31151494.000000 16655.000000 1044.000000
31304056.000000 16368.000000 678.000000
30667348.000000 18602.000000 1014.000000
30253426.000000 14876.000000 1800.000000
31442921.000000 18212.000000 1027.000000
30951038.000000 16278.000000 1837.000000
30006611.000000 15143.000000 517.000000
31483452.000000 16568.000000 1247.000000
30225944.000000 15706.000000 1395.000000
29754513.000000 15137.000000 2178.000000
29778818.000000 15491.000000 1725.000000
30161894.000000 16185.000000 1675.000000
29875934.000000 15148.000000 2093.000000
30661952.000000 17115.000000 2327.000000
29950022.000000 14942.000000 2187.000000
29630428.000000 14889.000000 1798.000000
29545522.000000 16023.000000 283.000000
31163214.000000 17633.000000 1979.000000
30720662.000000 15283.000000 2144.000000
30169618.000000 17103.000000 2042.000000
31271195.000000 19048.000000 2061.000000
31617915.000000 20303.000000 1423.000000
30729313.000000 17717.000000 791.000000
29961541.000000 16370.000000 1303.000000
30423550.000000 16916.000000 456.000000
29520994.000000 15240.000000 752.000000
46152840.000000 24848.000000 1917.000000
31102619.000000 17761.000000 881.000000
