28320902.000000 11081.000000 1867.000000
28388433.000000 11134.000000 1976.000000
28474243.000000 12445.000000 1632.000000
28723303.000000 11968.000000 2019.000000
28871708.000000 10746.000000 1970.000000
28417062.000000 11053.000000 1741.000000
28325088.000000 11461.000000 1825.000000
28104203.000000 11648.000000 1904.000000
28361317.000000 11542.000000 1847.000000
28911207.000000 11486.000000 1567.000000
28056513.000000 11974.000000 1934.000000
28248304.000000 11913.000000 1866.000000
28363100.000000 10583.000000 1882.000000
28612247.000000 11379.000000 1870.000000
28234801.000000 11276.000000 1830.000000
28865092.000000 11099.000000 1912.000000
28260115.000000 10559.000000 1860.000000
28992505.000000 10124.000000 1882.000000
28392274.000000 10918.000000 1939.000000
28185938.000000 11785.000000 1768.000000
28371327.000000 11184.000000 1690.000000
28612139.000000 11475.000000 1895.000000
28744996.000000 9982.000000 1945.000000
28732932.000000 10271.000000 1845.000000
28213624.000000 12046.000000 1973.000000
28728276.000000 10584.000000 2029.000000
28599168.000000 10997.000000 2005.000000
28296098.000000 10965.000000 1681.000000
28735203.000000 10312.000000 1882.000000
29027324.000000 10834.000000 1898.000000
28344690.000000 10929.000000 1913.000000
28271322.000000 10158.000000 1843.000000
28995442.000000 9902.000000 1933.000000
28215919.000000 10876.000000 1868.000000
28490657.000000 10376.000000 2017.000000
28160214.000000 11417.000000 1746.000000
28771232.000000 10188.000000 2038.000000
28854865.000000 10711.000000 1850.000000
28930699.000000 10520.000000 1794.000000
28355319.000000 10913.000000 1996.000000
28964563.000000 11011.000000 1936.000000
28844302.000000 10710.000000 2030.000000
28222450.000000 10233.000000 1748.000000
28440835.000000 11394.000000 1728.000000
28778040.000000 10174.000000 2004.000000
30089732.000000 10287.000000 2013.000000
28788168.000000 10411.000000 1984.000000
20883417.000000 7721.000000 1414.000000
28520245.000000 9763.000000 2002.000000
28721786.000000 10454.000000 1892.000000
28451376.000000 10087.000000 2011.000000
28778037.000000 10504.000000 1922.000000
28793542.000000 11352.000000 1866.000000
28469739.000000 10707.000000 1843.000000
29056998.000000 10004.000000 1969.000000
28385300.000000 10529.000000 1754.000000
28111210.000000 14395.000000 1928.000000
28655364.000000 9904.000000 2103.000000
28380163.000000 10284.000000 1725.000000
28369046.000000 10165.000000 1361.000000
28801415.000000 9734.000000 1701.000000
28273081.000000 12608.000000 1804.000000
28324539.000000 11717.000000 1982.000000
28440945.000000 11112.000000 2048.000000
28295366.000000 10818.000000 1548.000000
43748688.000000 16528.000000 2318.000000
28435467.000000 10813.000000 1910.000000
28352978.000000 11540.000000 1804.000000
28699527.000000 10850.000000 2058.000000
28768568.000000 10096.000000 2001.000000
28984417.000000 11773.000000 1956.000000
28343950.000000 12497.000000 1768.000000
28245176.000000 10640.000000 1925.000000
28407698.000000 11645.000000 1859.000000
28743527.000000 11467.000000 1906.000000
35836905.000000 13563.000000 2416.000000
28986226.000000 9832.000000 1706.000000
28218436.000000 11916.000000 1928.000000
28338029.000000 10770.000000 1972.000000
28299091.000000 10231.000000 1945.000000
28345774.000000 10025.000000 1494.000000
28365881.000000 10963.000000 1761.000000
28413378.000000 10122.000000 2087.000000
28474920.000000 11236.000000 1941.000000
28489249.000000 9945.000000 1841.000000
28948547.000000 10807.000000 1908.000000
29045601.000000 10319.000000 1892.000000
28332659.000000 11677.000000 2021.000000
28768356.000000 10372.000000 1968.000000
28388479.000000 11131.000000 1967.000000
28460663.000000 10274.000000 1811.000000
28190321.000000 11138.000000 1983.000000
28281757.000000 13669.000000 1931.000000
28778036.000000 11389.000000 2099.000000
28396977.000000 10936.000000 1989.000000
29035440.000000 10343.000000 1635.000000
30192558.000000 10962.000000 1547.000000
28333111.000000 11819.000000 1873.000000
28420060.000000 9992.000000 1583.000000
30156737.000000 10328.000000 1997.000000
