37607417.000000 20054.000000 2949.000000
37768882.000000 22935.000000 2905.000000
37963803.000000 18493.000000 2977.000000
37410377.000000 19910.000000 3040.000000
37648221.000000 18349.000000 3012.000000
37632637.000000 22941.000000 3034.000000
37929071.000000 21094.000000 2903.000000
34973138.000000 17202.000000 2813.000000
37738559.000000 19075.000000 2983.000000
37964056.000000 20456.000000 2969.000000
44178957.000000 25995.000000 3571.000000
37388589.000000 19652.000000 3031.000000
36341028.000000 20275.000000 2829.000000
37031041.000000 20387.000000 3093.000000
35692809.000000 21356.000000 2827.000000
37112484.000000 23698.000000 2898.000000
37140660.000000 21077.000000 2942.000000
36410591.000000 18693.000000 2846.000000
37321578.000000 20120.000000 2896.000000
37552486.000000 19800.000000 2955.000000
37444127.000000 19411.000000 2985.000000
34772209.000000 18598.000000 2770.000000
37406206.000000 19109.000000 2950.000000
36023309.000000 21944.000000 2836.000000
37495071.000000 18121.000000 2995.000000
36427308.000000 19559.000000 2937.000000
37771651.000000 22997.000000 3016.000000
37375563.000000 21738.000000 3010.000000
37337607.000000 20374.000000 3034.000000
37682136.000000 20097.000000 3015.000000
35931863.000000 17532.000000 2928.000000
37823782.000000 19587.000000 3055.000000
38105047.000000 19242.000000 3095.000000
37492787.000000 19488.000000 2972.000000
37330251.000000 22603.000000 2996.000000
34345739.000000 18284.000000 2771.000000
37606712.000000 19983.000000 2981.000000
37705871.000000 20273.000000 3010.000000
37458800.000000 18563.000000 2970.000000
37804163.000000 20128.000000 2970.000000
54335624.000000 27780.000000 4318.000000
37516500.000000 19025.000000 2999.000000
36077373.000000 20293.000000 2835.000000
37650107.000000 19767.000000 2982.000000
34811199.000000 16257.000000 2953.000000
37553107.000000 20427.000000 2953.000000
36444766.000000 21194.000000 2828.000000
36274168.000000 19589.000000 2990.000000
36914932.000000 18046.000000 3104.000000
37503073.000000 20258.000000 2953.000000
35627275.000000 20316.000000 2856.000000
37275262.000000 20192.000000 2969.000000
35594407.000000 18045.000000 2844.000000
37695236.000000 20646.000000 3044.000000
36179056.000000 19808.000000 2724.000000
37633497.000000 21457.000000 2972.000000
36321648.000000 18153.000000 2847.000000
37494648.000000 22454.000000 2982.000000
37612124.000000 19175.000000 3009.000000
37458522.000000 18339.000000 2902.000000
37892224.000000 20749.000000 2941.000000
44263381.000000 24853.000000 3510.000000
36793127.000000 18756.000000 3107.000000
53905215.000000 26113.000000 4365.000000
37979977.000000 19375.000000 2976.000000
37802973.000000 21042.000000 3017.000000
37815146.000000 21110.000000 2966.000000
37708055.000000 23682.000000 2968.000000
37591297.000000 20322.000000 3018.000000
35139754.000000 17213.000000 2813.000000
37650145.000000 18316.000000 3010.000000
36224435.000000 18692.000000 2915.000000
37481795.000000 18270.000000 3001.000000
37385644.000000 19253.000000 3032.000000
37228072.000000 24830.000000 2897.000000
34611097.000000 19209.000000 2840.000000
37742413.000000 19988.000000 3033.000000
35748926.000000 18973.000000 2903.000000
37631270.000000 18801.000000 3014.000000
36454312.000000 21533.000000 2919.000000
37341012.000000 21276.000000 2952.000000
35152045.000000 18836.000000 2747.000000
37586705.000000 24021.000000 3008.000000
36273734.000000 22313.000000 2846.000000
37896625.000000 19441.000000 2950.000000
36133450.000000 21609.000000 2894.000000
34265375.000000 19940.000000 2997.000000
37253352.000000 20835.000000 2941.000000
37439893.000000 18838.000000 2904.000000
37539621.000000 19479.000000 2986.000000
36330447.000000 19544.000000 2913.000000
37881124.000000 20296.000000 2972.000000
35273102.000000 17978.000000 2806.000000
37598074.000000 18800.000000 2953.000000
37706563.000000 19403.000000 2962.000000
37269808.000000 19625.000000 2953.000000
36693378.000000 18295.000000 2898.000000
37179140.000000 19363.000000 3029.000000
36466121.000000 19911.000000 2831.000000
37424962.000000 18738.000000 3038.000000
