36060974.000000 18521.000000 486.000000
36806544.000000 20174.000000 610.000000
36975018.000000 18827.000000 753.000000
37152467.000000 19082.000000 754.000000
36842997.000000 17099.000000 383.000000
35955784.000000 22093.000000 468.000000
36997075.000000 19167.000000 500.000000
36095586.000000 18216.000000 718.000000
36345684.000000 17470.000000 329.000000
37099554.000000 18150.000000 413.000000
36015755.000000 18300.000000 153.000000
37069632.000000 19471.000000 299.000000
36394554.000000 19618.000000 1188.000000
36460262.000000 18771.000000 63.000000
36160025.000000 18425.000000 273.000000
37084794.000000 19795.000000 1043.000000
35922442.000000 19761.000000 602.000000
36663519.000000 20912.000000 438.000000
37126224.000000 19291.000000 453.000000
36977725.000000 19199.000000 557.000000
36593198.000000 20711.000000 322.000000
36216018.000000 19993.000000 330.000000
36470502.000000 21274.000000 325.000000
37982094.000000 22321.000000 731.000000
36967186.000000 21358.000000 87.000000
38025789.000000 18732.000000 601.000000
37130549.000000 18975.000000 617.000000
36199361.000000 19374.000000 1416.000000
36646673.000000 19225.000000 1049.000000
36878894.000000 19595.000000 1232.000000
36315260.000000 19131.000000 1265.000000
36656500.000000 21166.000000 1960.000000
36449320.000000 17070.000000 2079.000000
36617301.000000 18204.000000 2142.000000
36110091.000000 20086.000000 2039.000000
35948301.000000 21235.000000 1816.000000
37036342.000000 16917.000000 1624.000000
36261794.000000 18227.000000 1410.000000
36883840.000000 18134.000000 1152.000000
38455894.000000 18957.000000 2335.000000
37205170.000000 18784.000000 54.000000
36895735.000000 19145.000000 822.000000
36592921.000000 23516.000000 590.000000
36336025.000000 21884.000000 681.000000
38302900.000000 23178.000000 881.000000
36291258.000000 20438.000000 1923.000000
38353969.000000 21142.000000 1016.000000
36849885.000000 21990.000000 58.000000
36309918.000000 18489.000000 792.000000
36731004.000000 20401.000000 833.000000
36593480.000000 22174.000000 566.000000
36071631.000000 18825.000000 860.000000
36650608.000000 21422.000000 783.000000
36377018.000000 18768.000000 741.000000
36783534.000000 18859.000000 366.000000
36342743.000000 19461.000000 576.000000
36752270.000000 20373.000000 514.000000
57728717.000000 30270.000000 724.000000
36588214.000000 17473.000000 250.000000
36803753.000000 19507.000000 328.000000
36348873.000000 20909.000000 257.000000
36842164.000000 20206.000000 981.000000
36640301.000000 22590.000000 462.000000
36512957.000000 20544.000000 252.000000
36389531.000000 20756.000000 488.000000
36174379.000000 19661.000000 709.000000
36537793.000000 19260.000000 139.000000
35807427.000000 22536.000000 249.000000
36950798.000000 18382.000000 631.000000
36341659.000000 20952.000000 350.000000
36077367.000000 18801.000000 724.000000
36477625.000000 19625.000000 2531.000000
36414212.000000 18419.000000 870.000000
36719587.000000 20506.000000 724.000000
36664829.000000 18157.000000 1010.000000
37319299.000000 22156.000000 493.000000
38230205.000000 23791.000000 1239.000000
57120074.000000 31038.000000 1916.000000
36446339.000000 19295.000000 1834.000000
36643112.000000 20964.000000 679.000000
36719220.000000 21386.000000 2247.000000
36604655.000000 18769.000000 1422.000000
36650866.000000 20424.000000 766.000000
35944970.000000 18903.000000 2121.000000
36662647.000000 20830.000000 600.000000
36769627.000000 19659.000000 392.000000
36779642.000000 20962.000000 1332.000000
36383593.000000 18311.000000 1465.000000
36884398.000000 18482.000000 820.000000
37253053.000000 17575.000000 330.000000
35164959.000000 19989.000000 574.000000
36501371.000000 20023.000000 85.000000
34948869.000000 21026.000000 224.000000
37259859.000000 18665.000000 105.000000
36600473.000000 19938.000000 246.000000
36683493.000000 17634.000000 327.000000
37096136.000000 19254.000000 667.000000
36953538.000000 19084.000000 477.000000
35491320.000000 20949.000000 87.000000
37119075.000000 19450.000000 97.000000
