25776222.000000 15338.000000 2049.000000
25859286.000000 13971.000000 2045.000000
24187971.000000 14957.000000 1829.000000
24444984.000000 13887.000000 1456.000000
24334601.000000 13309.000000 1806.000000
25646363.000000 17420.000000 2042.000000
25235650.000000 14946.000000 1982.000000
24452377.000000 13798.000000 1929.000000
24709274.000000 14906.000000 1982.000000
25950022.000000 13575.000000 2110.000000
24330660.000000 14389.000000 1916.000000
26348980.000000 13154.000000 2098.000000
25667866.000000 14488.000000 2028.000000
23159431.000000 13498.000000 1760.000000
25857152.000000 15509.000000 2118.000000
25738320.000000 15378.000000 2026.000000
25094155.000000 15544.000000 1916.000000
25236803.000000 13819.000000 1982.000000
25665776.000000 14265.000000 2023.000000
25075025.000000 20378.000000 1922.000000
25265790.000000 15876.000000 1912.000000
25903240.000000 15003.000000 2064.000000
26066896.000000 15621.000000 1920.000000
25718949.000000 16536.000000 2020.000000
23068980.000000 13924.000000 1766.000000
24476049.000000 15025.000000 1884.000000
25195833.000000 13823.000000 1968.000000
25706700.000000 14071.000000 2027.000000
25541385.000000 15553.000000 2036.000000
24464214.000000 15358.000000 1873.000000
24464895.000000 15890.000000 1904.000000
25895297.000000 17791.000000 2062.000000
24511018.000000 12882.000000 1922.000000
25121271.000000 15608.000000 1894.000000
26103242.000000 16467.000000 2081.000000
25959396.000000 14555.000000 2096.000000
24887708.000000 13878.000000 1839.000000
23795962.000000 14473.000000 1839.000000
25310721.000000 14201.000000 1973.000000
25292359.000000 20159.000000 1960.000000
25558006.000000 13440.000000 2089.000000
25301273.000000 12997.000000 2012.000000
24508545.000000 13065.000000 1918.000000
24221641.000000 13522.000000 1776.000000
25012308.000000 12735.000000 1983.000000
25647459.000000 17529.000000 1989.000000
26076101.000000 14553.000000 2125.000000
25697708.000000 15759.000000 2025.000000
24524783.000000 12923.000000 1909.000000
23212171.000000 12510.000000 1783.000000
25763151.000000 14410.000000 1934.000000
25257998.000000 14813.000000 2044.000000
25978698.000000 13291.000000 2131.000000
25786222.000000 17132.000000 2026.000000
25381006.000000 14309.000000 1950.000000
24680911.000000 13598.000000 1911.000000
25965345.000000 15558.000000 1732.000000
26093989.000000 12871.000000 2034.000000
25515888.000000 15852.000000 1950.000000
25147682.000000 13868.000000 1800.000000
25952913.000000 13288.000000 2019.000000
25780986.000000 13838.000000 1980.000000
25539897.000000 14814.000000 1546.000000
25775836.000000 13165.000000 2113.000000
25723941.000000 14855.000000 1987.000000
24498971.000000 14490.000000 1923.000000
25770599.000000 13815.000000 2088.000000
25885742.000000 14625.000000 2137.000000
25931955.000000 13589.000000 2055.000000
25730077.000000 14092.000000 2003.000000
25762196.000000 13861.000000 2091.000000
24658333.000000 12697.000000 1887.000000
25683095.000000 13088.000000 1971.000000
25948532.000000 15095.000000 2050.000000
25713375.000000 13859.000000 2038.000000
23084851.000000 12576.000000 1747.000000
24980372.000000 16519.000000 2131.000000
25821784.000000 14025.000000 2075.000000
26143991.000000 14236.000000 2012.000000
26011175.000000 13646.000000 2126.000000
24389936.000000 14664.000000 1933.000000
25774621.000000 14788.000000 2051.000000
25834527.000000 15860.000000 2001.000000
25862387.000000 14652.000000 2042.000000
25717901.000000 16678.000000 2039.000000
25190703.000000 13730.000000 2035.000000
23264141.000000 12075.000000 1786.000000
24897233.000000 13491.000000 2069.000000
25589347.000000 15425.000000 2043.000000
25793887.000000 14103.000000 2012.000000
26122483.000000 13961.000000 2092.000000
26011361.000000 13361.000000 2019.000000
25687995.000000 14290.000000 2038.000000
24583898.000000 14643.000000 1861.000000
25818148.000000 13354.000000 2050.000000
25349012.000000 13154.000000 2039.000000
25775974.000000 17728.000000 2045.000000
26017073.000000 14988.000000 2095.000000
25978701.000000 13012.000000 2063.000000
25277878.000000 13642.000000 2007.000000
