0.000000 2676563.520000 4078.990000 777.630000
0.010000 0.000000 0.000000 0.000000
0.020000 0.000000 0.000000 0.000000
0.030000 2676563.520000 4078.990000 777.630000
0.040000 40952980.170000 56127.250000 151.290000
0.050000 55790003.940000 125714.500000 0.980000
0.060000 55863092.190000 123644.960000 0.000000
0.070000 56554144.980000 125457.920000 0.170000
0.080000 55784707.820000 122529.950000 1.010000
0.090000 55472382.880000 119731.200000 0.000000
0.100000 55584759.940000 120035.350000 0.000000
0.110000 55735457.320000 120401.270000 0.000000
0.120000 55599910.500000 120114.810000 0.000000
0.130000 55728809.300000 120424.840000 0.000000
0.140000 55928355.690000 120514.050000 0.000000
0.150000 55818602.760000 120356.480000 0.000000
0.160000 55736732.900000 120071.660000 0.000000
0.170000 55955726.400000 120707.180000 0.000000
0.180000 55777740.840000 120130.230000 0.000000
0.190000 55933743.390000 120527.130000 0.000000
0.200000 55835848.990000 120388.610000 0.000000
0.210000 55881855.150000 120329.250000 0.000000
0.220000 55828880.200000 120491.790000 0.000000
0.230000 55701805.040000 120012.260000 0.000000
0.240000 55841797.120000 120406.470000 0.000000
0.250000 55843215.450000 120333.650000 0.000000
0.260000 55914112.940000 120374.200000 0.000000
0.270000 55934811.210000 120651.800000 0.000000
0.280000 55725402.520000 120052.380000 0.000000
0.290000 55851467.860000 120442.030000 0.000000
0.300000 55890189.720000 120400.800000 0.000000
0.310000 55857106.080000 120286.840000 0.000000
0.320000 55854838.940000 120534.440000 0.000000
0.330000 55867405.870000 120312.920000 0.000000
0.340000 55809288.040000 120397.720000 0.000000
0.350000 55836282.450000 120296.260000 0.000000
0.360000 55724617.040000 120064.830000 0.000000
0.370000 55858154.220000 120507.720000 0.000000
0.380000 55879125.120000 120306.570000 0.000000
0.390000 55932888.680000 120615.520000 0.000000
0.400000 55811850.920000 120246.220000 0.000000
0.410000 55897968.680000 120346.110000 0.000000
0.420000 55900538.920000 120581.720000 0.000000
0.430000 55731447.300000 120074.010000 0.000000
0.440000 55344279.300000 119386.000000 0.000000
0.450000 55796078.110000 120220.210000 0.000000
0.460000 55291862.850000 119086.160000 0.000000
0.470000 55354159.400000 119396.680000 0.000000
0.480000 54730775.580000 117839.130000 0.000000
0.490000 54238755.960000 116996.680000 0.000000
0.500000 54705236.050000 117793.220000 0.000000
0.510000 55802738.020000 120247.240000 0.000000
0.520000 55782145.330000 120344.590000 0.000000
0.530000 55806721.540000 120190.470000 0.000000
0.540000 55976201.830000 120718.190000 0.000000
0.550000 55828508.910000 120227.140000 0.000000
0.560000 55733457.310000 120175.710000 0.000000
0.570000 55845406.180000 120442.830000 0.000000
0.580000 55841791.640000 120256.040000 0.000000
0.590000 55976249.600000 120716.620000 0.000000
0.600000 55756056.110000 120112.980000 0.000000
0.610000 55901564.850000 120435.280000 0.000000
0.620000 55869132.980000 120453.870000 0.000000
0.630000 55773816.730000 120130.680000 0.000000
0.640000 55878611.320000 120567.030000 0.000000
0.650000 55758059.250000 120130.990000 0.000000
0.660000 55940771.910000 120489.050000 0.000000
0.670000 55858888.060000 120437.190000 0.000000
0.680000 55678999.980000 119986.600000 0.000000
0.690000 55881277.390000 120579.550000 0.000000
0.700000 55856423.640000 120289.620000 0.000000
0.710000 55878817.780000 120439.940000 0.000000
0.720000 55875154.530000 120434.410000 0.000000
0.730000 55847873.050000 120253.200000 0.000000
0.740000 55910720.420000 120609.910000 0.000000
0.750000 55847847.850000 120279.350000 0.000000
0.760000 55910173.120000 120491.280000 0.000000
0.770000 55834516.880000 120379.180000 0.000000
0.780000 55670342.230000 119967.300000 0.000000
0.790000 55805087.150000 120453.700000 0.000000
0.800000 55688260.170000 120008.830000 0.000000
0.810000 55933641.290000 120588.910000 0.010000
0.820000 55795595.200000 120271.650000 0.000000
0.830000 55915846.080000 120366.500000 0.000000
0.840000 55929922.250000 120627.300000 0.000000
0.850000 55856114.830000 120268.510000 0.000000
0.860000 55903194.720000 120496.000000 0.000000
0.870000 55876972.890000 120420.330000 0.000000
0.880000 55853714.020000 120275.140000 0.000000
0.890000 55845643.390000 120504.190000 0.000000
0.900000 55740067.060000 120071.230000 0.000000
0.910000 55754191.140000 120293.030000 0.000000
0.920000 55724999.450000 120155.770000 0.000000
0.930000 55901860.260000 120370.030000 0.000000
0.940000 55802884.710000 120428.890000 0.000000
0.950000 55914999.770000 120334.560000 0.000000
0.960000 55919053.390000 120567.960000 0.000000
0.970000 55888462.080000 120394.630000 0.000000
0.980000 55879204.970000 120323.940000 0.000000
0.990000 55928115.640000 120632.600000 0.000000
1.000000 55799053.440000 120155.190000 0.000000
1.010000 55875464.180000 120513.500000 0.000000
1.020000 55212866.260000 118994.290000 0.000000
1.030000 55219115.950000 118988.490000 0.000000
1.040000 55818691.110000 120470.690000 0.080000
1.050000 55824286.280000 121566.730000 0.010000
1.060000 56026760.860000 120658.040000 0.000000
1.070000 55905710.830000 120357.950000 0.000000
1.080000 56017372.510000 120779.280000 0.000000
1.090000 55941699.660000 120397.510000 0.000000
1.100000 55943184.310000 120556.060000 0.000000
1.110000 56027024.990000 120674.100000 0.000000
1.120000 55883070.470000 120294.360000 0.000000
1.130000 56050188.330000 120842.600000 0.000000
1.140000 56071569.050000 120630.410000 0.000000
1.150000 56011132.390000 120646.570000 0.000000
1.160000 55895283.420000 120479.080000 0.000000
1.170000 56061459.850000 120578.460000 0.000000
1.180000 56053254.760000 120831.700000 0.000000
1.190000 55951420.860000 120436.880000 0.000000
1.200000 55935564.120000 120478.740000 0.000000
1.210000 56004262.980000 120671.420000 0.000000
1.220000 55978841.600000 120448.900000 0.000000
1.230000 55948782.650000 120653.930000 0.000000
1.240000 55973245.640000 120489.870000 0.000000
1.250000 55933785.180000 120453.410000 0.000000
1.260000 56101119.120000 120867.990000 0.000000
1.270000 56015296.910000 120519.190000 0.000000
1.280000 55947068.330000 120625.380000 0.000000
1.290000 56053881.600000 120651.790000 0.000000
1.300000 55977660.680000 120492.000000 0.000000
1.310000 56043604.070000 120773.140000 0.000000
1.320000 55931232.130000 120380.570000 0.000000
1.330000 55964216.770000 120610.900000 0.000000
1.340000 56015897.050000 120612.780000 0.000000
1.350000 55926280.690000 120415.230000 0.000000
1.360000 56045183.600000 120788.390000 0.100000
1.370000 55991615.800000 120496.430000 0.000000
1.380000 56043884.370000 120731.010000 0.000000
1.390000 55884260.370000 121558.660000 0.000000
1.400000 55904310.090000 122050.950000 0.000000
1.410000 55993216.300000 120537.080000 0.000000
1.420000 55991618.310000 121843.910000 0.000000
1.430000 55986115.710000 120693.010000 0.000000
1.440000 56138983.640000 120990.820000 0.000000
1.450000 56033432.030000 120616.890000 0.000000
1.460000 56113481.080000 120812.360000 0.000000
1.470000 56163561.200000 120976.470000 0.000000
1.480000 55791116.330000 122685.120000 0.000000
1.490000 56101465.250000 120853.240000 0.000000
1.500000 56159257.810000 120988.130000 0.000000
1.510000 56129888.540000 120848.890000 0.000000
1.520000 55968428.630000 121777.680000 0.000000
1.530000 55489184.220000 119640.160000 0.000000
1.540000 56070594.120000 120720.050000 0.000000
1.550000 49419971.860000 106457.740000 0.000000
1.560000 38137709.220000 82114.190000 0.000000
1.570000 52173299.330000 112362.370000 0.000000
1.580000 55528143.240000 119552.000000 0.000000
1.590000 54472552.540000 117307.160000 0.000000
1.600000 49989817.580000 107575.830000 0.000000
1.610000 44964665.240000 96862.200000 0.000000
1.620000 55576706.120000 119579.320000 0.000000
1.630000 56122998.570000 120839.640000 0.000000
1.640000 56189073.410000 121063.710000 0.000000
1.650000 56056311.590000 120612.170000 0.000000
1.660000 56120966.360000 120929.140000 0.000000
1.670000 56060135.110000 120716.940000 0.000000
1.680000 56133751.450000 120797.870000 0.000000
1.690000 56088742.730000 120905.640000 0.000000
1.700000 56086733.380000 120710.860000 0.000000
1.710000 56116420.450000 120888.320000 0.000000
1.720000 56124319.680000 120882.790000 0.000000
1.730000 56139837.460000 120778.050000 0.000000
1.740000 56195256.640000 121055.290000 0.000000
1.750000 55970027.600000 121796.630000 0.000000
1.760000 56024241.690000 122115.760000 0.000000
1.770000 56172259.340000 120856.270000 0.000000
1.780000 56197234.110000 121013.610000 0.000000
1.790000 56192266.380000 120988.110000 0.000000
1.800000 56163202.150000 120826.600000 0.000000
1.810000 56198368.460000 121046.380000 0.000000
1.820000 56133751.450000 120830.710000 0.000000
1.830000 56136839.600000 120835.490000 0.000000
1.840000 56171710.190000 121037.910000 0.000000
1.850000 56157899.800000 120790.820000 0.000000
1.860000 56218482.720000 121048.620000 0.000000
1.870000 56174610.460000 120913.730000 0.000000
1.880000 56121721.830000 120782.180000 0.000000
1.890000 56209754.330000 121071.950000 0.000000
1.900000 56154625.810000 120837.530000 0.000000
1.910000 56192815.060000 120937.850000 0.000000
1.920000 56190773.550000 121040.920000 0.000000
1.930000 56172538.840000 120823.370000 0.000000
1.940000 56185629.350000 121011.470000 0.000000
1.950000 56156138.460000 120912.940000 0.000000
1.960000 56120096.110000 120799.140000 0.000000
1.970000 56195280.360000 121042.120000 0.000000
1.980000 56166058.270000 120810.580000 0.000000
1.990000 56187080.020000 120938.090000 0.000000
2.000000 55587016.790000 119722.030000 0.000000
2.010000 56057414.150000 121740.890000 0.000000
2.020000 55078766.270000 118786.440000 0.000000
2.030000 55024311.400000 118484.850000 0.000000
2.040000 55560021.540000 120840.860000 0.000000
2.050000 54519879.570000 117448.060000 0.000000
2.060000 55510883.460000 120715.790000 0.000000
2.070000 56234620.500000 121194.400000 0.000000
2.080000 56170118.350000 120894.430000 0.000000
2.090000 56109815.040000 122053.010000 0.000000
2.100000 56174944.590000 121104.250000 0.000000
2.110000 56198220.310000 120969.260000 0.000000
2.120000 56014530.610000 123019.710000 0.000000
2.130000 56143730.960000 121116.170000 0.000000
2.140000 56229739.360000 121168.490000 0.000000
2.150000 56158392.700000 120902.200000 0.000000
2.160000 56209439.870000 121056.010000 0.000000
2.170000 56236772.150000 121173.390000 0.000000
2.180000 56206944.710000 120961.420000 0.020000
2.190000 56223665.500000 121150.200000 0.000000
2.200000 56217590.900000 121079.910000 0.000000
2.210000 56192858.080000 120991.030000 0.000000
2.220000 56210007.450000 121157.280000 0.000000
2.230000 56196843.190000 120974.410000 0.000000
2.240000 56206554.910000 121048.050000 0.000000
2.250000 56213953.300000 121117.920000 0.000000
2.260000 56181259.880000 120912.430000 0.000000
2.270000 56202054.980000 121098.990000 0.000000
2.280000 56193145.780000 121022.610000 0.000000
2.290000 56197168.110000 120982.310000 0.000000
2.300000 56245113.180000 121189.980000 0.000000
2.310000 56195589.150000 120981.110000 0.000000
2.320000 56226667.540000 121107.340000 0.000000
2.330000 56173916.760000 121034.090000 0.000000
2.340000 56177642.230000 120948.180000 0.000000
2.350000 56188783.150000 121063.740000 0.000000
2.360000 56201157.860000 121026.260000 0.000000
2.370000 56234310.660000 121065.740000 0.000000
2.380000 56244326.730000 121204.790000 0.000000
2.390000 56197583.220000 120991.170000 0.000000
2.400000 56191309.320000 121037.130000 0.000000
2.410000 56215832.290000 121093.120000 0.000000
2.420000 56190530.220000 120981.160000 0.000000
2.430000 56218684.960000 121110.920000 0.000000
2.440000 56220513.890000 121081.520000 0.000000
2.450000 56183460.490000 120973.990000 0.000000
2.460000 56191093.800000 121083.950000 0.000000
2.470000 56175371.140000 120931.140000 0.000000
2.480000 56222449.400000 121093.260000 0.000000
2.490000 56233134.340000 121116.150000 0.000000
2.500000 56223119.660000 121049.740000 0.000000
2.510000 56223862.650000 121137.260000 0.000000
2.520000 56197187.550000 121016.240000 0.000000
2.530000 56178792.910000 120963.670000 0.000000
2.540000 56226577.700000 121154.210000 0.000000
2.550000 56189584.070000 120980.650000 0.000000
2.560000 56224119.740000 121105.510000 0.000000
2.570000 56208606.610000 121087.140000 0.000000
2.580000 55618881.610000 119761.390000 0.000000
2.590000 55622449.350000 119817.010000 0.000000
2.600000 56217886.610000 121061.930000 0.000000
2.610000 56206603.480000 121009.140000 0.000000
2.620000 56244536.120000 121167.030000 0.000000
2.630000 56194436.200000 121009.460000 0.000000
2.640000 56234043.920000 121114.650000 0.000000
2.650000 4491032.820000 9679.840000 0.030000
2.660000 0.000000 0.000000 0.000000
2.670000 0.000000 0.000000 0.000000
2.680000 0.000000 0.000000 0.000000
2.690000 0.000000 0.000000 0.000000
2.700000 0.000000 0.000000 0.000000
2.710000 0.000000 0.000000 0.000000
2.720000 0.000000 0.000000 0.000000
2.730000 0.000000 0.000000 0.000000
2.740000 0.000000 0.000000 0.000000
2.750000 0.000000 0.000000 0.000000
2.760000 0.000000 0.000000 0.000000
2.770000 0.000000 0.000000 0.000000
2.780000 0.000000 0.000000 0.000000
2.790000 0.000000 0.000000 0.000000
2.800000 0.000000 0.000000 0.000000
2.810000 0.000000 0.000000 0.000000
2.820000 0.000000 0.000000 0.000000
2.830000 0.000000 0.000000 0.000000
2.840000 0.000000 0.000000 0.000000
2.850000 0.000000 0.000000 0.000000
2.860000 0.000000 0.000000 0.000000
2.870000 0.000000 0.000000 0.000000
2.880000 0.000000 0.000000 0.000000
2.890000 0.000000 0.000000 0.000000
2.900000 0.000000 0.000000 0.000000
2.910000 0.000000 0.000000 0.000000
2.920000 0.000000 0.000000 0.000000
2.930000 0.000000 0.000000 0.000000
2.940000 0.000000 0.000000 0.000000
2.950000 0.000000 0.000000 0.000000
2.960000 0.000000 0.000000 0.000000
2.970000 0.000000 0.000000 0.000000
2.980000 0.000000 0.000000 0.000000
2.990000 0.000000 0.000000 0.000000
3.000000 0.000000 0.000000 0.000000
