0.000000 1976359.930000 2584.960000 343.230000
0.010000 0.000000 0.000000 0.000000
0.020000 0.000000 0.000000 0.000000
0.030000 1976359.930000 2584.960000 343.230000
0.040000 40270694.910000 53884.580000 161.650000
0.050000 55660352.540000 125487.450000 0.950000
0.060000 55773695.850000 123452.720000 0.000000
0.070000 56522274.390000 125387.750000 0.190000
0.080000 55789873.510000 122621.010000 0.900000
0.090000 55489962.570000 119800.100000 0.000000
0.100000 55565867.110000 119918.210000 0.000000
0.110000 55739381.850000 120409.620000 0.000000
0.120000 55599913.030000 120075.070000 0.000000
0.130000 55716984.870000 120390.260000 0.000000
0.140000 55938285.570000 120570.580000 0.000000
0.150000 55798227.830000 120226.660000 0.000000
0.160000 55744587.590000 120098.510000 0.000000
0.170000 55935330.560000 120615.150000 0.000000
0.180000 55777369.840000 120114.060000 0.000000
0.190000 55946243.200000 120597.140000 0.000000
0.200000 55816696.470000 120269.280000 0.000000
0.210000 55891212.670000 120361.890000 0.000000
0.220000 55818562.710000 120421.670000 0.000000
0.230000 55701707.920000 119990.360000 0.000000
0.240000 55851478.450000 120454.600000 0.000000
0.250000 55827342.430000 120240.590000 0.000000
0.260000 55926414.750000 120399.650000 0.000000
0.270000 55912283.260000 120561.210000 0.010000
0.280000 55739089.500000 120063.510000 0.000000
0.290000 55848923.940000 120464.800000 0.000000
0.300000 55880316.760000 120317.290000 0.000000
0.310000 55867376.570000 120315.240000 0.000000
0.320000 55850099.460000 120475.040000 0.000000
0.330000 55862538.380000 120283.310000 0.000000
0.340000 55824984.610000 120431.130000 0.000000
0.350000 55817599.340000 120202.690000 0.000000
0.360000 55747795.950000 120140.060000 0.000000
0.370000 55846306.600000 120433.880000 0.000000
0.380000 55877599.050000 120280.740000 0.000000
0.390000 55935759.570000 120628.830000 0.000000
0.400000 55806423.180000 120180.730000 0.000000
0.410000 55911870.140000 120400.570000 0.000000
0.420000 55894362.180000 120507.670000 0.000000
0.430000 55724154.470000 120029.870000 0.000000
0.440000 55349894.050000 119390.700000 0.000000
0.450000 55786698.800000 120160.470000 0.000000
0.460000 55858955.200000 120353.840000 0.000000
0.470000 54782812.160000 118085.040000 0.000000
0.480000 53601992.350000 115382.000000 0.000000
0.490000 55355856.200000 119404.330000 0.000000
0.500000 55810315.030000 120144.090000 0.000000
0.510000 55819100.630000 120303.910000 0.000000
0.520000 55772904.430000 120255.990000 0.000000
0.530000 55818908.550000 120200.760000 0.000000
0.540000 55976313.800000 120704.440000 0.000000
0.550000 55825649.690000 120190.460000 0.000000
0.560000 55728038.550000 120191.150000 0.000000
0.570000 55834764.250000 120356.420000 0.000000
0.580000 55846926.600000 120254.700000 0.000000
0.590000 55969348.130000 120681.420000 0.000000
0.600000 55750074.910000 120067.590000 0.000000
0.610000 55925323.830000 120514.480000 0.000000
0.620000 55846192.470000 120341.060000 0.000000
0.630000 55771671.290000 120111.100000 0.000000
0.640000 55871048.250000 120523.270000 0.000000
0.650000 55746859.250000 120063.890000 0.000000
0.660000 55949562.620000 120550.120000 0.000000
0.670000 55841119.100000 120335.000000 0.000000
0.680000 55688020.700000 119994.820000 0.000000
0.690000 55885615.220000 120554.640000 0.000000
0.700000 55856584.080000 120263.500000 0.000000
0.710000 55887187.540000 120483.290000 0.000000
0.720000 55865312.890000 120352.040000 0.000000
0.730000 55840936.070000 120224.630000 0.000000
0.740000 55907659.650000 120576.390000 0.000000
0.750000 55837905.250000 120227.470000 0.000000
0.760000 55933167.370000 120570.950000 0.000000
0.770000 55810984.610000 120256.500000 0.000000
0.780000 55683663.960000 120005.390000 0.000000
0.790000 55800155.310000 120401.000000 0.000000
0.800000 55678450.010000 119956.930000 0.000000
0.810000 55939498.750000 120631.700000 0.260000
0.820000 55788406.970000 120183.530000 0.000000
0.830000 55919766.090000 120401.950000 0.000000
0.840000 55932143.920000 120579.900000 0.000000
0.850000 55846940.260000 120216.030000 0.000000
0.860000 55919491.960000 120550.250000 0.000000
0.870000 55856167.480000 120312.810000 0.000000
0.880000 55867662.070000 120322.550000 0.000000
0.890000 55836118.010000 120429.000000 0.000000
0.900000 55749617.340000 120067.720000 0.000000
0.910000 55757481.900000 120323.780000 0.000000
0.920000 55712294.580000 120052.790000 0.000000
0.930000 55914502.310000 120427.470000 0.000000
0.940000 55779296.770000 120309.440000 0.000000
0.950000 55917543.120000 120326.720000 0.000000
0.960000 55923356.240000 120600.450000 0.000000
0.970000 55878857.380000 120304.790000 0.000000
0.980000 55884778.970000 120357.550000 0.000000
0.990000 55911100.590000 120530.790000 0.000000
1.000000 55809467.380000 120159.180000 0.000000
1.010000 55886912.080000 120549.910000 0.000000
1.020000 55203765.280000 118914.130000 0.000000
1.030000 55795346.080000 120261.740000 0.000000
1.040000 55241286.380000 119150.920000 0.140000
1.050000 55833472.440000 121591.850000 0.000000
1.060000 56012009.570000 120567.570000 0.000000
1.070000 55915285.680000 120396.680000 0.000000
1.080000 55997379.930000 120681.610000 0.000000
1.090000 55945328.970000 120374.080000 0.000000
1.100000 55951391.330000 120607.860000 0.000000
1.110000 56017510.710000 120572.910000 0.000000
1.120000 55886195.780000 120319.540000 0.000000
1.130000 56045324.830000 120772.820000 0.000000
1.140000 56065334.530000 120591.790000 0.000000
1.150000 56019227.910000 120685.810000 0.000000
1.160000 55885921.950000 120379.730000 0.000000
1.170000 56081922.610000 120624.370000 0.000000
1.180000 56040573.840000 120760.610000 0.000000
1.190000 55950007.230000 120402.140000 0.000000
1.200000 55942141.930000 120509.930000 0.000000
1.210000 55994002.850000 120582.340000 0.000000
1.220000 55987652.870000 120461.280000 0.000000
1.230000 55934788.460000 120593.000000 0.000000
1.240000 55969821.670000 120449.280000 0.000000
1.250000 55939623.250000 120479.000000 0.000000
1.260000 56085557.100000 120779.080000 0.000000
1.270000 56016313.560000 120499.370000 0.000000
1.280000 55945876.180000 120622.350000 0.000000
1.290000 56044283.650000 120574.050000 0.000000
1.300000 55987224.040000 120520.400000 0.000000
1.310000 56029732.790000 120681.740000 0.000000
1.320000 55937561.570000 120368.190000 0.000000
1.330000 55982305.750000 120655.860000 0.000000
1.340000 56011804.730000 120539.410000 0.000000
1.350000 55933482.480000 120430.100000 0.000000
1.360000 56038328.940000 120724.440000 0.090000
1.370000 55984243.250000 120450.170000 0.000000
1.380000 56058413.090000 120764.290000 0.000000
1.390000 55854893.370000 121451.070000 0.000000
1.400000 55920110.730000 122010.450000 0.000000
1.410000 55984581.430000 120507.860000 0.000000
1.420000 55994101.080000 121826.120000 0.000000
1.430000 55988804.880000 120668.870000 0.000000
1.440000 56141183.450000 120967.030000 0.000000
1.450000 56025103.150000 120565.950000 0.000000
1.460000 56128159.310000 120849.330000 0.000000
1.470000 56135090.510000 120855.610000 0.000000
1.480000 55799998.680000 122663.790000 0.000000
1.490000 56106724.020000 120836.430000 0.000000
1.500000 56179944.930000 121039.900000 0.000000
1.510000 55554274.660000 119552.450000 0.000000
1.520000 55416778.830000 120567.790000 0.000000
1.530000 56040465.190000 120778.570000 0.000000
1.540000 55522494.350000 119547.870000 0.000000
1.550000 49966434.320000 107584.710000 0.000000
1.560000 37014829.740000 79674.230000 0.000000
1.570000 53848864.160000 115943.800000 0.000000
1.580000 54411858.070000 117153.820000 0.000000
1.590000 54460685.310000 117210.120000 0.000000
1.600000 51682585.270000 111221.810000 0.000000
1.610000 44955219.130000 96787.930000 0.000000
1.620000 53885959.260000 115907.210000 0.000000
1.630000 56141365.110000 120899.400000 0.000000
1.640000 56170988.740000 120944.430000 0.000000
1.650000 56073987.750000 120631.400000 0.000000
1.660000 56146426.830000 120980.290000 0.000000
1.670000 56048616.150000 120629.630000 0.000000
1.680000 56148163.450000 120842.690000 0.000000
1.690000 56069870.140000 120794.450000 0.010000
1.700000 56079704.060000 120667.890000 0.000000
1.710000 56124695.490000 120897.570000 0.000000
1.720000 56108405.090000 120787.730000 0.000000
1.730000 56143117.930000 120774.960000 0.000000
1.740000 56197602.600000 121025.450000 0.000000
1.750000 55976563.980000 121779.740000 0.000000
1.760000 56024280.830000 122070.130000 0.000000
1.770000 56163572.000000 120808.450000 0.000000
1.780000 56204241.780000 121043.160000 0.000000
1.790000 56172914.020000 120884.720000 0.000000
1.800000 56168153.520000 120822.710000 0.000000
1.810000 56219000.230000 121068.090000 0.000000
1.820000 56144000.340000 120786.360000 0.000000
1.830000 56152130.120000 120881.870000 0.000000
1.840000 56157510.250000 120928.250000 0.000000
1.850000 56156153.250000 120767.680000 0.000000
1.860000 56216903.630000 121028.590000 0.000000
1.870000 56167021.590000 120847.750000 0.000000
1.880000 56119758.570000 120757.410000 0.000000
1.890000 56204248.210000 121020.980000 0.000000
1.900000 56155786.740000 120804.700000 0.000000
1.910000 56204463.850000 120963.790000 0.000000
1.920000 56185254.230000 120949.990000 0.000000
1.930000 56172121.970000 120797.240000 0.000000
1.940000 56187029.450000 121007.130000 0.000000
1.950000 56139414.730000 120818.790000 0.000000
1.960000 56126126.590000 120809.750000 0.000000
1.970000 56204768.080000 121011.900000 0.000000
1.980000 56170581.050000 120803.150000 0.000000
1.990000 56204522.670000 120974.930000 0.000000
2.000000 55563749.410000 119608.760000 0.000000
2.010000 56061892.570000 121749.630000 0.000000
2.020000 56186019.270000 121125.490000 0.000000
2.030000 55025241.790000 118454.530000 0.000000
2.040000 53872895.950000 117207.690000 0.000000
2.050000 56198247.770000 121027.720000 0.000000
2.060000 56094325.070000 121980.840000 0.000000
2.070000 56225335.740000 121138.000000 0.000000
2.080000 55599441.250000 119636.630000 0.000000
2.090000 56117126.950000 122108.450000 0.000000
2.100000 56158096.540000 120983.010000 0.000000
2.110000 56207649.010000 121021.930000 0.000000
2.120000 55984111.460000 122955.270000 0.000000
2.130000 56181166.340000 121129.720000 0.000000
2.140000 56215951.660000 121115.660000 0.000000
2.150000 56171872.810000 120902.110000 0.000000
2.160000 56210413.860000 121086.950000 0.000000
2.170000 56216170.570000 121035.270000 0.000000
2.180000 56205678.290000 120954.370000 0.000000
2.190000 56228127.610000 121152.880000 0.000000
2.200000 56194087.100000 120970.830000 0.000000
2.210000 56205642.680000 121028.050000 0.000000
2.220000 56195107.410000 121067.710000 0.000000
2.230000 56195753.730000 120947.190000 0.000000
2.240000 56219457.700000 121098.570000 0.000000
2.250000 56190332.790000 120988.360000 0.000000
2.260000 56177183.620000 120895.470000 0.000000
2.270000 56200736.100000 121088.720000 0.000000
2.280000 56189011.540000 120969.170000 0.000000
2.290000 56218947.820000 121039.680000 0.000000
2.300000 56238529.710000 121117.010000 0.000000
2.310000 56192657.510000 120956.130000 0.000000
2.320000 56231639.360000 121125.780000 0.000000
2.330000 56150489.920000 120911.090000 0.000000
2.340000 56174588.350000 120920.660000 0.000000
2.350000 56197753.140000 121089.170000 0.000000
2.360000 56189173.710000 120952.040000 0.000000
2.370000 56237055.180000 121078.960000 0.000000
2.380000 56240498.500000 121132.310000 0.000000
2.390000 56194730.380000 120963.170000 0.000000
2.400000 56201067.010000 121061.790000 0.000000
2.410000 56198205.890000 120990.070000 0.000000
2.420000 56186704.660000 120944.790000 0.000000
2.430000 56215654.010000 121096.970000 0.000000
2.440000 56220068.420000 121041.400000 0.000000
2.450000 56201927.460000 121022.160000 0.000000
2.460000 56192594.280000 121028.980000 0.000000
2.470000 56175271.860000 120907.170000 0.000000
2.480000 56218473.820000 121072.810000 0.000000
2.490000 56218644.610000 121033.930000 0.000000
2.500000 56208980.240000 120991.550000 0.000000
2.510000 56227946.650000 121142.370000 0.000000
2.520000 56179619.000000 120934.560000 0.000000
2.530000 56191055.080000 121003.170000 0.000000
2.540000 56218262.230000 121079.380000 0.000000
2.550000 56187913.360000 120942.640000 0.000000
2.560000 56227213.280000 121107.970000 0.000000
2.570000 56192551.110000 120997.880000 0.000000
2.580000 55613999.120000 119740.150000 0.000000
2.590000 56193005.270000 121044.000000 0.000000
2.600000 56196935.410000 120954.150000 0.000000
2.610000 55673585.080000 119888.280000 0.000000
2.620000 56230275.560000 121079.810000 0.000000
2.630000 56203059.760000 120998.380000 0.000000
2.640000 56228088.980000 121092.790000 0.000000
2.650000 2805499.440000 6047.270000 0.000000
2.660000 557103.230000 1199.330000 0.000000
2.670000 0.000000 0.000000 0.000000
2.680000 0.000000 0.000000 0.000000
2.690000 0.000000 0.000000 0.000000
2.700000 0.000000 0.000000 0.000000
2.710000 0.000000 0.000000 0.000000
2.720000 0.000000 0.000000 0.000000
2.730000 0.000000 0.000000 0.000000
2.740000 0.000000 0.000000 0.000000
2.750000 0.000000 0.000000 0.000000
2.760000 0.000000 0.000000 0.000000
2.770000 0.000000 0.000000 0.000000
2.780000 0.000000 0.000000 0.000000
2.790000 0.000000 0.000000 0.000000
2.800000 0.000000 0.000000 0.000000
2.810000 0.000000 0.000000 0.000000
2.820000 0.000000 0.000000 0.000000
2.830000 0.000000 0.000000 0.000000
2.840000 0.000000 0.000000 0.000000
2.850000 0.000000 0.000000 0.000000
2.860000 0.000000 0.000000 0.000000
2.870000 0.000000 0.000000 0.000000
2.880000 0.000000 0.000000 0.000000
2.890000 0.000000 0.000000 0.000000
2.900000 0.000000 0.000000 0.000000
2.910000 0.000000 0.000000 0.000000
2.920000 0.000000 0.000000 0.000000
2.930000 0.000000 0.000000 0.000000
2.940000 0.000000 0.000000 0.000000
2.950000 0.000000 0.000000 0.000000
2.960000 0.000000 0.000000 0.000000
2.970000 0.000000 0.000000 0.000000
2.980000 0.000000 0.000000 0.000000
2.990000 0.000000 0.000000 0.000000
3.000000 0.000000 0.000000 0.000000
