0.000000 45890.740000 527.050000 45.820000
0.010000 0.000000 0.000000 0.000000
0.020000 0.000000 0.000000 0.000000
0.030000 45890.740000 527.050000 45.820000
0.040000 38643741.410000 47290.890000 162.430000
0.050000 55808613.800000 125974.690000 1.030000
0.060000 55829323.170000 123583.750000 0.000000
0.070000 56608763.690000 125458.510000 0.000000
0.080000 55818171.680000 122932.190000 3.040000
0.090000 55471911.040000 119653.810000 0.000000
0.100000 55596024.640000 120008.650000 0.000000
0.110000 55756122.540000 120423.740000 0.000000
0.120000 55609227.510000 120114.030000 0.000000
0.130000 55703062.240000 120342.410000 0.000000
0.140000 55952555.830000 120556.830000 0.000000
0.150000 55823740.190000 120290.250000 0.000000
0.160000 55732202.520000 119999.820000 0.000000
0.170000 55960641.990000 120696.330000 0.000000
0.180000 55774975.750000 120072.220000 0.000000
0.190000 55967340.370000 120624.120000 0.000000
0.200000 55823956.750000 120274.430000 0.000000
0.210000 55891304.140000 120298.260000 0.000000
0.220000 55829937.820000 120472.410000 0.000000
0.230000 55701078.930000 119953.180000 0.000000
0.240000 55873385.580000 120502.840000 0.000000
0.250000 55832361.770000 120222.740000 0.000000
0.260000 55932365.790000 120358.930000 0.000000
0.270000 55948950.960000 120647.590000 0.000000
0.280000 55728318.800000 120001.750000 0.000000
0.290000 55864310.390000 120497.130000 0.000000
0.300000 55891058.010000 120310.320000 0.000000
0.310000 55870516.760000 120267.470000 0.000000
0.320000 55868821.360000 120534.840000 0.000000
0.330000 55860739.030000 120242.490000 0.000000
0.340000 55837448.400000 120463.530000 0.000000
0.350000 55834145.700000 120201.460000 0.000000
0.360000 55735249.430000 120048.280000 0.000000
0.370000 55865828.400000 120517.150000 0.000000
0.380000 55888504.240000 120278.760000 0.000000
0.390000 55961738.680000 120666.590000 0.000000
0.400000 55810286.160000 120167.970000 0.000000
0.410000 55910457.210000 120329.990000 0.000000
0.420000 55922040.950000 120611.320000 0.000000
0.430000 55754789.290000 120063.670000 0.000000
0.440000 55921033.930000 120610.490000 0.000000
0.450000 55785549.130000 120140.930000 0.000000
0.460000 55853133.160000 120252.920000 0.000000
0.470000 55933367.920000 120612.920000 0.000000
0.480000 55851795.210000 120222.110000 0.000000
0.490000 55914138.720000 120590.340000 0.000000
0.500000 55832446.680000 120192.190000 0.000000
0.510000 55791952.290000 120138.940000 0.000000
0.520000 55805401.830000 120390.850000 0.000000
0.530000 55833897.250000 120188.250000 0.000000
0.540000 55996042.910000 120739.930000 0.000000
0.550000 55843888.720000 120228.500000 0.000000
0.560000 55717904.960000 120062.100000 0.000000
0.570000 55864206.840000 120491.750000 0.000000
0.580000 55853429.630000 120229.790000 0.000000
0.590000 56002732.980000 120746.120000 0.000000
0.600000 55754245.920000 120074.820000 0.000000
0.610000 55906761.540000 120371.780000 0.000000
0.620000 55886535.030000 120490.660000 0.000000
0.630000 55768245.880000 120067.420000 0.000000
0.640000 55889373.880000 120567.350000 0.000000
0.650000 55764554.030000 120084.690000 0.000000
0.660000 55951037.320000 120444.080000 0.000000
0.670000 55863971.630000 120465.530000 0.000000
0.680000 55686811.010000 119947.910000 0.000000
0.690000 55902978.550000 120603.460000 0.000000
0.700000 55877038.380000 120278.980000 0.000000
0.710000 55874663.100000 120362.660000 0.000000
0.720000 55902741.120000 120505.720000 0.000000
0.730000 55854161.080000 120205.670000 0.000000
0.740000 55928491.550000 120624.040000 0.000000
0.750000 55846248.270000 120228.810000 0.000000
0.760000 55922250.450000 120447.850000 0.000000
0.770000 55841576.570000 120394.430000 0.000000
0.780000 55672932.320000 119931.560000 0.000000
0.790000 55817959.170000 120461.180000 0.000000
0.800000 55686102.450000 119947.420000 0.000000
0.810000 55945234.570000 120582.440000 0.020000
0.820000 55809363.560000 120253.810000 0.000000
0.830000 55910939.100000 120314.540000 0.000000
0.840000 55958692.830000 120677.010000 0.000000
0.850000 55854644.520000 120214.570000 0.000000
0.860000 55922278.670000 120506.540000 0.000000
0.870000 55876450.060000 120379.290000 0.000000
0.880000 55866403.580000 120252.730000 0.000000
0.890000 55865363.000000 120538.090000 0.000000
0.900000 55749260.080000 120040.860000 0.000000
0.910000 55770924.900000 120309.910000 0.000000
0.920000 55727895.550000 120105.100000 0.000000
0.930000 55914007.240000 120337.330000 0.000000
0.940000 55810114.200000 120436.610000 0.000000
0.950000 55927051.160000 120323.570000 0.000000
0.960000 55932021.200000 120572.610000 0.000000
0.970000 55881108.940000 120331.980000 0.000000
0.980000 55884059.730000 120271.460000 0.000000
0.990000 55946684.220000 120661.410000 0.000000
1.000000 55814376.080000 120162.490000 0.000000
1.010000 55885689.330000 120503.550000 0.000000
1.020000 55767957.670000 120150.470000 0.000000
1.030000 55793179.580000 120163.060000 0.000000
1.040000 55832590.900000 120498.550000 0.110000
1.050000 55852283.820000 121588.060000 0.000000
1.060000 56037896.850000 120636.640000 0.000000
1.070000 55908665.700000 120317.880000 0.000000
1.080000 56025348.890000 120780.240000 0.000000
1.090000 55948140.470000 120368.830000 0.000000
1.100000 55929868.360000 120496.360000 0.000000
1.110000 56050191.000000 120686.860000 0.000000
1.120000 55873950.960000 120237.450000 0.000000
1.130000 56074032.680000 120868.320000 0.000000
1.140000 56085178.910000 120622.030000 0.000000
1.150000 55994461.270000 120543.650000 0.000000
1.160000 55910952.760000 120512.100000 0.000000
1.170000 56089879.880000 120604.290000 0.000000
1.180000 56060915.100000 120816.540000 0.000000
1.190000 55946468.590000 120394.450000 0.000000
1.200000 55934875.810000 120400.370000 0.000000
1.210000 56029206.080000 120729.980000 0.000000
1.220000 55992898.720000 120453.320000 0.000000
1.230000 55949352.570000 120603.930000 0.000000
1.240000 55979680.070000 120482.720000 0.000000
1.250000 55934563.030000 120379.400000 0.000000
1.260000 56125456.770000 120932.390000 0.000000
1.270000 56016382.000000 120500.490000 0.000000
1.280000 55934754.160000 120557.060000 0.000000
1.290000 56079895.820000 120674.010000 0.000000
1.300000 55968385.940000 120406.200000 0.000000
1.310000 56054184.250000 120810.560000 0.000000
1.320000 55957230.410000 120407.350000 0.000000
1.330000 55960644.430000 120544.940000 0.000000
1.340000 56049518.470000 120668.060000 0.000000
1.350000 55915566.780000 120327.810000 0.000000
1.360000 56081164.260000 120862.610000 0.110000
1.370000 55991826.150000 120467.390000 0.000000
1.380000 56040273.930000 120637.420000 0.000000
1.390000 55885830.360000 121700.380000 0.000000
1.400000 55929607.190000 121950.900000 0.000000
1.410000 55989822.360000 120503.660000 0.000000
1.420000 55985973.580000 121954.260000 0.000000
1.430000 55994868.980000 120510.300000 0.000000
1.440000 56160600.710000 121010.090000 0.000000
1.450000 56034575.380000 120599.540000 0.000000
1.460000 56113512.390000 120726.610000 0.000000
1.470000 56179805.490000 121041.280000 0.000000
1.480000 55780067.220000 122771.790000 0.000000
1.490000 56138850.870000 120754.080000 0.000000
1.500000 56171212.060000 120978.560000 0.000000
1.510000 56140845.210000 120853.300000 0.000000
1.520000 54845724.340000 119419.240000 0.000000
1.530000 54949580.530000 118349.100000 0.000000
1.540000 54952009.760000 118240.220000 0.000000
1.550000 47186919.710000 101655.870000 0.000000
1.560000 23017637.170000 49563.660000 0.000000
1.570000 45421644.720000 97734.020000 0.000000
1.580000 56091028.780000 120774.620000 0.000000
1.590000 56153809.430000 120914.220000 0.000000
1.600000 56163070.880000 120778.880000 0.000000
1.610000 56220077.180000 121073.270000 0.000000
1.620000 56144784.550000 120790.030000 0.000000
1.630000 56122163.750000 120753.200000 0.000000
1.640000 56208188.080000 121107.040000 0.000000
1.650000 56077881.320000 120636.370000 0.000000
1.660000 56137493.250000 120893.390000 0.000000
1.670000 56067254.450000 120730.880000 0.000000
1.680000 56139816.320000 120735.600000 0.000000
1.690000 56101837.580000 120931.810000 0.000000
1.700000 56101506.450000 120723.650000 0.000000
1.710000 56105371.470000 120759.670000 0.010000
1.720000 56145114.170000 120953.150000 0.000000
1.730000 56140186.720000 120730.220000 0.000000
1.740000 56199498.560000 121016.060000 0.000000
1.750000 55996971.590000 121828.800000 0.000000
1.760000 56019893.990000 122060.760000 0.000000
1.770000 56187118.340000 120895.460000 0.000000
1.780000 56172165.970000 120857.010000 0.000000
1.790000 56218652.550000 121070.040000 0.000000
1.800000 56160711.560000 120785.230000 0.000000
1.810000 56216364.510000 121020.790000 0.000000
1.820000 56163692.620000 120894.280000 0.000000
1.830000 56131262.780000 120741.750000 0.000000
1.840000 56192556.810000 121091.530000 0.000000
1.850000 56168060.230000 120797.140000 0.000000
1.860000 56201495.260000 120910.600000 0.000000
1.870000 56204600.440000 121012.320000 0.000000
1.880000 56123334.900000 120724.180000 0.000000
1.890000 56211488.550000 121035.800000 0.000000
1.900000 56167622.530000 120881.300000 0.000000
1.910000 56187926.930000 120829.370000 0.000000
1.920000 56218016.380000 121118.530000 0.000000
1.930000 56180377.900000 120811.680000 0.000000
1.940000 56178458.040000 120915.030000 0.000000
1.950000 56181470.590000 120983.050000 0.000000
1.960000 56107451.550000 120706.360000 0.000000
1.970000 56225766.890000 121088.560000 0.000000
1.980000 56181826.760000 120858.740000 0.000000
1.990000 56184322.360000 120828.040000 0.000000
2.000000 56171647.410000 121018.900000 0.000000
2.010000 56049504.190000 121682.050000 0.000000
2.020000 56212881.820000 121177.920000 0.000000
2.030000 56169062.660000 120866.760000 0.000000
2.040000 56101646.180000 122010.470000 0.000000
2.050000 56230460.790000 121102.890000 0.000000
2.060000 56061932.570000 121881.920000 0.000000
2.070000 56257043.280000 121247.080000 0.000000
2.080000 56169030.400000 120877.110000 0.000000
2.090000 56099049.690000 122101.890000 0.000000
2.100000 56183770.880000 121005.690000 0.000000
2.110000 56198756.790000 120906.660000 0.000000
2.120000 56010999.980000 123226.500000 0.000000
2.130000 56168252.160000 120894.740000 0.000000
2.140000 56241275.810000 121183.250000 0.000000
2.150000 56178833.110000 120947.200000 0.000000
2.160000 56203334.200000 120968.860000 0.000000
2.170000 56259560.060000 121235.580000 0.000000
2.180000 56211828.640000 120944.150000 0.000000
2.190000 56230499.110000 121130.530000 0.000000
2.200000 56227600.710000 121094.280000 0.000000
2.210000 56185900.620000 120905.920000 0.000000
2.220000 56216654.190000 121164.500000 0.000000
2.230000 56212667.270000 121009.470000 0.000000
2.240000 56200093.060000 120958.110000 0.000000
2.250000 56231877.230000 121179.000000 0.000000
2.260000 56181958.300000 120878.820000 0.000000
2.270000 56209160.750000 121097.760000 0.000000
2.280000 56211943.030000 121059.480000 0.000000
2.290000 56196244.660000 120913.570000 0.000000
2.300000 56268241.220000 121230.400000 0.000000
2.310000 56207416.660000 121013.230000 0.000000
2.320000 56219330.820000 121014.740000 0.000000
2.330000 56188231.730000 121093.610000 0.000000
2.340000 56168338.410000 120873.870000 0.000000
2.350000 56200616.100000 121092.860000 0.000000
2.360000 56216080.820000 121044.460000 0.000000
2.370000 56222624.550000 120971.060000 0.000000
2.380000 56255689.070000 121227.540000 0.000000
2.390000 56207570.870000 121006.860000 0.000000
2.400000 56175187.240000 120928.270000 0.000000
2.410000 56236443.310000 121169.740000 0.000000
2.420000 56177516.030000 120897.360000 0.000000
2.430000 56237014.680000 121152.440000 0.000000
2.440000 56228205.590000 121084.640000 0.000000
2.450000 56184040.760000 120911.130000 0.000000
2.460000 56215886.720000 121135.950000 0.000000
2.470000 56184874.730000 120938.880000 0.000000
2.480000 56209707.610000 120981.520000 0.000000
2.490000 56261668.930000 121208.740000 0.000000
2.500000 56211424.860000 120961.780000 0.000000
2.510000 56236784.600000 121165.900000 0.000000
2.520000 56202311.240000 121008.700000 0.000000
2.530000 56177078.870000 120895.300000 0.000000
2.540000 56239991.690000 121190.330000 0.000000
2.550000 56201890.970000 120986.800000 0.000000
2.560000 56215948.180000 121022.430000 0.000000
2.570000 56232612.380000 121162.400000 0.000000
2.580000 56165576.350000 120871.760000 0.000000
2.590000 56212805.570000 121092.820000 0.000000
2.600000 56211627.610000 121025.210000 0.000000
2.610000 56215500.370000 120959.400000 0.000000
2.620000 56263304.280000 121226.500000 0.000000
2.630000 56206492.730000 121012.030000 0.000000
2.640000 56224758.470000 121026.080000 0.000000
2.650000 1675321.090000 3549.980000 0.070000
2.660000 0.000000 0.000000 0.000000
2.670000 0.000000 0.000000 0.000000
2.680000 0.000000 0.000000 0.000000
2.690000 0.000000 0.000000 0.000000
2.700000 0.000000 0.000000 0.000000
2.710000 0.000000 0.000000 0.000000
2.720000 0.000000 0.000000 0.000000
2.730000 0.000000 0.000000 0.000000
2.740000 0.000000 0.000000 0.000000
2.750000 0.000000 0.000000 0.000000
2.760000 0.000000 0.000000 0.000000
2.770000 0.000000 0.000000 0.000000
2.780000 0.000000 0.000000 0.000000
2.790000 0.000000 0.000000 0.000000
2.800000 0.000000 0.000000 0.000000
2.810000 0.000000 0.000000 0.000000
2.820000 0.000000 0.000000 0.000000
2.830000 0.000000 0.000000 0.000000
2.840000 0.000000 0.000000 0.000000
2.850000 0.000000 0.000000 0.000000
2.860000 0.000000 0.000000 0.000000
2.870000 0.000000 0.000000 0.000000
2.880000 0.000000 0.000000 0.000000
2.890000 0.000000 0.000000 0.000000
2.900000 0.000000 0.000000 0.000000
2.910000 0.000000 0.000000 0.000000
2.920000 0.000000 0.000000 0.000000
2.930000 0.000000 0.000000 0.000000
2.940000 0.000000 0.000000 0.000000
2.950000 0.000000 0.000000 0.000000
2.960000 0.000000 0.000000 0.000000
2.970000 0.000000 0.000000 0.000000
2.980000 0.000000 0.000000 0.000000
2.990000 0.000000 0.000000 0.000000
3.000000 0.000000 0.000000 0.000000
