0,39412585.6359381,8884.37545744676,94.4111493563061,43181149.5,8864.1,87
0.5,3352655.52598995,11041.271746379,177.766967771166,2619402.17857586,11421.6395429375,173.565385907341
1,2167282.17734236,93521.0826708019,36382.2619490036,1372126.8,56648,34743.9
1.5,2442554.31627996,85822.7286486722,32442.8337602094,2012966.39817568,81868.593542928,39285.8332766079
2,5336894.12449924,86666.5895663326,36460.6014218686,1888481.8,73784.2,64633.8
2.5,4805882.46533877,86899.2255698267,29508.3206209763,1903491.5952259,74062.4467350314,65047.040913025
3,5559333.53531942,86385.5500902558,36130.6521032189,1918741.9,74342.8,65465.6
3.5,5466263.37234845,89076.2254018256,18145.4574544958,5741168.11395454,77828.8875749355,0
4,5807334.5986994,86128.3113277042,32452.7504124291,1908729.7,81658,0
4.5,6057003.12531775,94755.9300884899,4414.53449373339,5478939.95453161,77442.4033246898,0
5,5720515.20981812,86862.1512507606,23912.9580339818,3501439.2,73640.7,0
5.5,6025599.65656357,94898.6702949088,2686.22023770397,5206534.12895685,73672.1865315546,0
6,5276416.74187165,88242.6532723681,24177.9924862739,3441130.2,73703.7,0
6.5,6063874.61747496,99566.651449652,294.269352212063,5149016.53322266,73524.0632389204,0
7,4979234.23484298,87404.2090976908,14565.0648578865,3424266.6,73345.3,0
7.5,5765879.04490082,102894.895356021,61.2877371636539,4883672.00251953,69650.720065332,0
8,4932736.01013155,86896.6297641448,14036.9437125959,4654647.9,66310.5,0
8.5,5395739.23630566,101112.050964377,84.8105542251175,4902632.48912118,69354.5830142135,0
9,4598079.14032497,85593.9651766281,13308.3111037144,3452351.8,72691.6,0
9.5,3785481.06420864,77240.8878758065,8531.58400054673,3693027.68226622,68947.5003264821,0
10,4407450.05712261,85831.8648741595,42613.6467072211,3969775,65570.2,0
10.5,3522851.43280439,75139.0096381928,28114.3638528071,4079328.74577712,63697.3946063806,0
11,4614764.93658503,86509.1801120313,54819.0206735097,4195100.8,61928.6,0
11.5,3599434.55727238,79569.5610927572,48291.6048830615,3834850.93335267,85892.1254020344,34863.4496225007
12,4652679.78215227,89372.5162340475,68319.5541373353,3531580.2,65741,25944
12.5,3124051.16729879,76518.9787256134,41883.0613700818,3558359.09237354,65974.1700492611,26225.0715814878
13,3732495.01856301,90687.0875860646,57794.7998256281,3585547.2,66209,26512.3
13.5,2914257.6922704,76507.2071058913,29414.741480747,1880324.08569911,56278.1214970802,23280.3158331041
14,3833648.02021907,85104.3919275208,31335.1619487929,3953729.4,73406.7,20750.7
14.5,3107770.9989671,77233.2875518991,28303.1199135406,3411344.06272057,70585.8096849351,21639.0667301696
15,3892727.53253211,86462.6547074627,48817.5693164475,2999819.2,67973.7,22606.9
15.5,3149974.10126371,74928.4186615581,27954.1800765945,2812265.30765097,65016.9470433004,21639.7735551409
16,3856192.05640749,79258.7519194958,30391.6231757248,2646783.8,62306.7,20752
16.5,2749063.13931539,74396.4495710436,30630.965974141,2486620.88796581,60862.3255712903,20256.6517401644
17,2962902.5282536,81030.7836677192,50264.1703867664,2344735.6,59483.4,19784.4
17.5,2338481.3657148,74657.8818106403,31585.6867436918,2360860.8354543,59481.299925859,19782.0497208328
18,2647079.92474209,79130.7117732971,39116.6635176861,2377209.4,59479.2,19779.7
18.5,2488197.44217924,72339.5777173412,29094.1486138393,2266068.11459432,69799.4995416355,15662.9336171486
19,3007918.61747808,72186.30355298,36617.8899596285,2164855,62328.4,12964.6
19.5,2411722.91359195,71711.2840033199,34678.7828223347,2335763.50242321,66307.1033031734,14693.4733273171
20,2569742.84983655,75905.9913511719,50963.73619293,2535970.4,53121.3,16954.4
20.5,2330555.85645716,68157.7887779141,31347.2035051741,2339157.37228509,62955.170222833,14693.0879726189
21,2923160.99049183,66434.7377938911,30352.2120720036,2170693,56657.2,12964
21.5,2222714.26529524,64644.5127404204,26540.1885462705,2164491.83517929,56653.1997175799,12965.7997501118
22,2396664.7670545,66366.7037560413,38642.9253805052,2158326,56649.2,12967.6
22.5,2098609.81699512,64813.9977822987,26354.3110833435,1978364.18588801,56659.9979414049,13531.9701069138
23,2427089.67262718,65892.4262568391,26844.7406219786,1826103.2,56670.8,14147.7
23.5,2240509.29169892,64961.9734670277,27905.738915231,2720871.26881642,56665.3994854003,14148.1999823299
24,2799261.10772328,66637.4570211268,41615.5003988252,1801886.8,56660,14148.7
24.5,2251183.42419364,62592.1156283085,30669.7432983175,1862009.18963435,56660.3999971762,14148.7499998233
25,2596645.96799192,64008.0189738654,31919.0339261779,1926282.2,42495.6,14148.8
25.5,2144655.01616785,56359.3777544235,22227.6058979798,1922229.49140032,40173.7636946398,11967.209505125
26,2621308.00075625,59399.2876963134,29501.5721318629,959096.9,38092.5,10368.5
26.5,2048319.31518217,55209.531322761,22362.6760473282,1924190.59360431,47908.2753885525,19729.9606302398
27,2316227.17589638,56225.3073987839,29527.3650186577,965112.5,45336,9408.1
27.5,1344892.01400926,48954.364043289,20615.2327128067,1496423.25460953,43368.1358803222,19734.4856533344
28,1213062.45631633,48775.8147795323,27134.0832076182,1392133.2,31173,10373.5
28.5,1221866.99538712,49576.7862781252,27591.0044361551,1176266.83441113,39035.4570301818,21650.9230733769
29,1294601.22530948,64534.3677706471,40793.3888215468,1264300.8,52201.8,22637.2
29.5,1108403.10881423,56399.7702209524,33523.2407192971,1363001.84413278,54911.9751949638,22637.5999929321
30,1049197.03509504,56791.9413079404,41317.2163580328,1181463.6,56677.5,22638
30.5,1000479.00243663,51785.643550499,27815.4286941774,1186655.88030931,45337.5995729814,22636.5999134146
31,1025222.81253371,53441.7040020358,30901.2062867962,1589192,33999.9,11317.6
31.5,1141466.04286626,45154.9624378206,23999.1979649834,1368531.59749524,40930.624502197,19381.9933140651
32,2134000.51065273,54140.0058157805,33331.1642741188,1232017.3,17136.8,8473.2
32.5,1414649.61116503,43661.6794640164,27241.2820807847,916781.063443571,34098.4871242643,16954.3962251687
33,1539052.68525827,44599.9507481727,34022.5541247126,1459993.6,34011.6,16962.4
33.5,1158759.06553538,41115.0979440011,30399.5561673338,1295406.00087315,42515.9999470787,25444.3499778929
34,1289875.29090466,44341.4010781575,37295.118323339,1164167.4,34014,16963.4
34.5,1267130.31546008,44389.2363347711,24346.7787611527,797219.958532223,34310.3446610356,16409.3779934132
35,2497272.03591686,53727.8813646347,17119.4319045208,1264619.1,34918.8,7945.2
35.5,1714832.67465069,44250.6278524218,13572.7605230534,901972.713338867,34306.8171484038,8204.68899670662
36,1989924.72172547,44197.3194859579,18183.989427143,1401924.8,34008.8,8481.7
36.5,1298427.79674251,41425.4368376715,20421.4851773634,1256928.96204764,34009.3999894147,8482.09998113675
37,1279265.34188519,43484.4290796929,27753.3051508001,1139114.6,42512.5,8482.5
37.5,1095366.83884494,41712.5873661763,19853.2719502763,780950.966992193,34235.1132895159,8481.19980073575
38,1112966.66054512,35487.9557990325,10375.4585489469,1241880.2,34694.4,8479.9
38.5,958367.729515469,40306.660403661,17029.6488247173,1017723.33341956,45645.7368728094,16965.9977342921
39,968453.14342424,44109.8229161192,25775.7345943905,982264,42511,8486.1
39.5,844066.367466616,41861.6736371537,24613.2181302273,783488.555123004,34010.3999247289,8485.49995757469
40,924280.653080647,43650.5238309178,26876.4939452406,781179.6,51018,0
40.5,892434.687848709,45274.0551148146,27394.8429700136,1011408.35185638,34237.5678460771,8485.699924579
41,912252.226166182,50646.0903989328,29875.2812921036,1231738.6,34697.8,8486.5
41.5,912996.010563137,35001.0454124599,19555.7437824319,1355649.60930877,34232.7036289995,8478.09167738054
42,925800.089404639,36380.6801134678,5319.60330034728,0,0,0
42.5,724995.149428469,25948.7358844773,2965.85828810076,196984.542016734,17001.6999711794,0
43,904415.10183344,36327.7082456929,4561.74084157794,0,0,0
43.5,889442.204552031,26981.1781444389,3299.05677032059,1363945.45506786,34071.7790842986,6893.01643816433
44,935383.923351799,34075.4925629314,4691.81427798768,0,0,0
44.5,867753.488392533,28068.5099299763,4229.41798194557,1019828.95438045,34074.1646063001,3556.10300019109
45,989469.616113817,29985.8032618763,5987.88707769229,0,0,0
45.5,771786.37812576,25803.095972093,4214.3948036967,588547.098638932,17018.3989634748,2572.65549811482
46,995181.026554579,30169.3060898946,6315.25255005826,0,0,0
46.5,915210.83548353,29644.3448487126,4743.08115874947,1014530.42484153,34120.2997058824,3598.68976633263
47,958269.564836141,34472.5007891067,5725.27953786277,0,0,0
47.5,1428160.69143727,29167.1580204261,9588.11745927717,720788.907129127,17057.437785598,5788.87844650472
48,1863625.06987997,30316.2868550372,15672.2814549052,0,0,0
48.5,1375264.88866615,25899.6851603624,12214.7539628932,1013251.97826547,17018.5499881012,5654.8999363384
49,1768444.40091352,30183.4639770382,16068.8385027104,0,0,0
49.5,1506326.9454765,33349.4633034752,16358.5261192892,1462202.37996049,31017.7706797819,10220.903153429
50,1756370.84734383,31455.2781213522,14443.1931896551,0,0,0
50.5,773885.861764472,4938.50003403046,1514.91229312323,1225642.11467201,0,0
51,1700379.50168402,32014.1283869816,17098.0639514142,0,0,0
51.5,711436.486227082,2672.40712386513,1004.54982866833,0,0,0
52,1456050.1458956,31057.4883964434,18917.371960509,0,0,0
52.5,639101.704255769,240.483450160391,64.591190709797,0,0,0
53,1704711.38812246,30922.5516072851,15523.3584033244,0,0,0
53.5,534817.831444401,199.207732796293,65.1417197955827,0,0,0
54,1473341.28823242,31215.7470529922,19861.8483199604,0,0,0
54.5,437500.494324445,92.6974723932609,44.6905704969344,0,0,0
55,1467267.2608713,30182.410778149,16691.6305384814,0,0,0
55.5,173035.928006097,135.7048799407,111.734267942033,0,0,0
56,739485.208150822,29804.9141359413,27444.7085962509,0,0,0
56.5,2365.43866246741,53.4084118070418,50.2535968157334,0,0,0
57,559263.56902447,20511.6891191855,18720.9152392909,0,0,0
57.5,570.773448669391,11.601327718421,10.9919156872386,0,0,0
58,538501.884167723,19245.4713777169,14362.4614519392,0,0,0
58.5,14639.8544092915,596.009155906143,566.665147787027,0,0,0
59,603844.611857674,26165.43549154,18763.7788112318,0,0,0
59.5,401231.104838756,34624.2682241187,33004.9429374596,405059.74968074,32132.2301416561,31963.7330415944
60,400213.214859535,28914.4779846131,27693.8608280465,0,0,0
60.5,288540.853651741,25675.380123412,24639.5359046361,257550.272265523,17018.6999947117,16971.1499668555
61,344252.12370274,28948.3667053825,27829.9623713319,0,0,0
61.5,276058.694763142,25449.644886525,24394.8956557338,232544.389932084,17017.9499352155,16970.0999946966
62,343657.430036575,28729.3602016036,27675.9494827256,0,0,0
62.5,269513.444326861,25729.7595908727,24787.4270370944,233154.43342464,17015.9999523977,16955.8385229876
63,333097.487053154,26567.7423010049,25158.5295720679,0,0,0
63.5,215660.86114991,16407.0812635142,15257.7341857255,167942.268786652,15135.3738913825,14902.7442797641
64,215098.750234918,12512.9959780897,11648.4325106083,0,0,0
64.5,336973.50909775,21191.4601967267,16183.7466817687,403808.644500658,22053.5077010647,17947.5778137168
65,178621.032739821,10917.409044521,10866.9870758421,0,0,0
65.5,250.173994230471,22.6637382422787,1937.92184438732,0,0,0
66,190768.068684882,12555.8800642234,11426.5878119475,0,0,0
66.5,983.919476488984,86.374338817551,2006.02777413653,0,0,0
67,188503.838297326,13391.408839689,12002.0667890881,0,0,0
67.5,13174.2202938806,1145.5635322454,2361.55810604456,0,0,0
68,172919.426516069,13724.9804330289,12119.8059767295,0,0,0
68.5,195909.741826234,17040.6445553292,12804.7570927694,0,0,0
69,185814.95153106,13159.986709237,11962.5519480903,0,0,0
69.5,144310.148272575,12114.4335951245,10281.6801792789,0,0,0
70,168651.712283234,13189.3849299118,11298.5264880409,0,0,0
70.5,216054.029123062,18197.3368300339,12588.03112652,0,0,0
71,205042.241523053,14618.3515324501,12546.1287821229,0,0,0
71.5,147636.869048029,14475.2078405975,9105.14256950847,0,0,0
72,166142.392401339,12836.6265830799,9473.81874207734,0,0,0
72.5,150733.665825211,11779.662536956,7195.99133551268,0,0,0
73,379574.296389952,12430.172168691,6814.39113880597,0,0,0
73.5,134618.403002082,11340.0119433095,5111.68172804066,68832.5145399187,5680.79954935925,2800.52510399743
74,158573.479843487,13494.2622886931,5736.45370787895,0,0,0
74.5,156734.512762926,12096.9672659469,4660.64469737503,0,0,0
75,271291.491666709,11993.3769380108,4377.44013118446,0,0,0
75.5,147792.21400345,11786.2226562734,3509.13226210995,129545.605146951,8518.49998943476,2765.09558677297
76,145203.351092492,12774.4145402548,3716.42787629014,0,0,0
76.5,135421.919359124,12010.4455323809,3137.43631820684,0,0,0
77,166242.985508986,13790.4034437754,4411.16461852836,0,0,0
77.5,138828.936783797,12145.3826643714,3400.38094844176,0,0,0
78,151407.555791015,13132.1843627303,4593.17149902314,0,0,0
78.5,136925.929904386,12051.1176206331,3624.47025349503,33263.3568171023,2840.29987325283,1485.96861900757
79,152008.822784839,13193.9694488882,4769.26900367577,0,0,0
79.5,135951.758063832,12040.4659816373,3800.67645778035,33081.7115208195,2841.04999208039,1539.27285098662
80,149971.758843824,13155.7668342894,5069.17251537626,0,0,0
80.5,167578.933010515,12511.6371541546,4291.58603082021,0,0,0
81,170502.969969425,13560.8055170186,5646.30577086207,0,0,0
81.5,205087.631334424,18429.7824551403,6466.54067254419,0,0,0
82,139327.671318064,10236.5431265085,3663.66718804839,0,0,0
82.5,339.439207380812,29.9291657649804,12.2574680996435,0,0,0
83,159712.365081158,10327.7711824745,3671.76772418677,0,0,0
83.5,315.190079372323,27.4924926960244,11.9802324314301,0,0,0
84,149883.778712753,10314.2468986678,3731.82720887865,0,0,0
84.5,276.976787015106,24.0582454500325,11.1085527587607,0,0,0
85,125823.558165013,10178.513270031,3800.70411261758,0,0,0
85.5,235.98068196758,20.468408190188,10.0254314909111,0,0,0
86,168322.863402401,10622.4357862814,3983.56651266956,0,0,0
86.5,16.1635070756308,0.883280816624145,0.352404148849589,0,0,0
87,184950.127118334,11747.4888012859,4483.31990331628,0,0,0
87.5,213455.630415489,16175.9329060377,6254.26711218883,0,0,0
88,268987.376901777,14009.6170961185,6745.83730876551,0,0,0
88.5,150868.389854853,11777.2567579751,4951.57710990786,0,2838.94999911939,0
89,242245.01534271,14014.8051092162,7176.83592037771,0,0,0
89.5,148836.440476417,11761.3972569641,5117.45073888886,0,2839.44992868337,0
90,228768.11297108,14025.7961483242,7438.61518968824,0,0,0
90.5,148109.24207278,11780.1922740164,5288.23250096717,0,2839.69998591401,0
91,220716.266819844,14012.8342303467,7609.61335568483,0,0,0
91.5,147840.323536636,11765.725867644,5466.93098743237,0,2839.69998591401,0
92,237884.075899659,14063.502990853,7900.64683413138,0,0,0
92.5,158546.987862766,11883.5467797209,5724.51598309024,0,2840.09998591599,0
93,272301.995370498,14200.8027076878,8170.36401459983,0,0,0
93.5,188355.560312432,12053.0188681008,6026.97696966002,0,2839.94995686544,0
94,344209.843832615,14156.3140651324,8432.55017713546,0,0,0
94.5,214795.384775573,12063.701360274,6233.25675539335,0,0,0
95,373071.982389156,14162.7821846147,8716.96529067388,0,0,0
95.5,225179.840031948,12044.2201090861,6340.43031919611,0,0,0
96,369076.161959205,14179.7652161276,8810.51210504327,0,0,0
96.5,237760.33820479,12089.147844235,6567.22796543706,0,0,0
97,412484.604448023,14147.0141143479,9199.20477507352,0,0,0
97.5,284721.678489797,12121.8198262297,6951.87963519553,0,0,0
98,472709.768560744,14115.6222286625,9567.48855469464,0,0,0
98.5,382033.264339748,12291.2310336912,7323.19984439549,0,2840.19991197803,0
99,606861.429554733,14246.7652383363,9816.92478078626,0,0,0
99.5,455903.295284594,12284.9336880421,7799.72456473131,0,0,0
100,633625.390996837,13786.736206708,10202.208865278,0,0,0
100.5,493715.267864496,12242.8105426218,8475.15508365291,0,0,0
101,656532.152901031,13655.1234178276,10563.2905187251,0,0,0
101.5,506281.783336405,12142.0136855,8986.71615634334,0,0,0
102,712122.785064094,13703.3811293204,10831.2331112823,0,0,0
102.5,510978.380391146,12132.3287945511,9048.98726299002,0,0,0
103,684915.007883836,13714.684763509,10595.8871562962,0,0,0
103.5,510308.155610418,12140.6159265578,8465.89233281445,0,0,0
104,717753.400867988,14044.9612469681,10117.7808390843,0,0,0
104.5,549319.664505493,12153.310006009,8735.06102125682,0,0,0
105,786814.854811254,13590.1020032005,10915.5247317713,0,0,0
105.5,590959.225019446,12224.894042745,9365.04271048225,0,0,0
106,817642.165555707,13499.8166279046,10648.7988839147,0,0,0
106.5,573731.527547087,12169.2712150555,9251.75021075886,0,0,0
107,720980.740526894,13486.4415969447,10591.0188094341,0,0,0
107.5,528569.276381404,12140.053086984,9148.8437924666,0,0,0
108,624671.919331037,13420.1111447269,10735.6346108268,0,0,0
108.5,501386.955842973,12064.1338432502,9006.30054414891,0,0,0
109,672950.164298682,13394.2876595011,10344.9702478779,0,0,0
109.5,508680.159333861,12178.048245843,9365.21867700746,0,0,0
110,707978.559626325,13478.4381846395,11053.5452432099,0,0,0
110.5,538918.048671768,12196.5274496904,9503.19947330686,0,0,0
111,781035.942417761,13549.3482664326,10721.0363604643,0,0,0
111.5,559794.356883495,12176.3313766885,9271.65019889965,0,0,0
112,737714.283830336,13484.5289423661,10449.2065127791,0,0,0
112.5,708230.090157424,19911.8347972664,14960.6343423285,0,0,0
113,626973.467107439,10838.3350218422,8620.74335960576,0,0,0
113.5,201663.703756385,25.2411725682098,25.2192257263989,0,0,0
114,452929.964601081,10776.3757229566,7912.80521248329,0,0,0
114.5,184178.519361934,17.4826039967561,17.475064578538,0,0,0
115,544102.169784765,11109.5895955645,8392.10801208798,0,0,0
115.5,186968.741297081,0.243713500745951,0.243530872604109,0,0,0
116,355229.461707979,12069.6913005768,11132.2551233367,0,0,0
116.5,481894.962273017,15698.0268970484,13127.6465616804,0,0,0
117,493833.732377924,11250.1478336296,9711.68040674142,0,0,0
117.5,246549.524190031,10206.9049246235,9040.30327273068,0,0,0
118,254431.909450368,9716.25471995679,9122.36208177327,0,0,0
118.5,174662.515736225,8061.552126243,7414.95296859947,0,0,0
119,228003.20582731,8512.50776464433,7846.42602455586,0,0,0
119.5,170987.895417261,7696.60920040895,6578.57450951784,0,0,0
