0,43522298.5118401,8879.72443294673,63.9637798578679,43181149.5,8864.1,58
0.5,6301588.19986522,14964.8608784967,86.2760075434251,6548505.44643964,15228.8527239166,57.8551286357803
1,4235912.81690372,179006.740889532,14726.1456267694,4802443.8,198268,0
1.5,6049868.7299354,193418.713358536,11389.8733390408,7045382.39361487,204671.48385732,0
2,10589117.6952526,198029.982108539,9227.35881611687,15107854.4,221352.6,0
2.5,11809230.9310173,196245.58913392,107.223693490646,13324441.1665813,222187.340205094,0
3,11818333.4145415,194224.424118096,8588.92640847352,15349935.2,223028.4,0
3.5,12693851.7010695,193468.667059551,31.4814664720855,13396058.9325606,233486.662724807,0
4,11939070.6045793,193544.254635165,7489.22640916243,13361107.9,163316,0
4.5,12093407.9846473,193748.130207679,3.29928228977365,12784193.2272404,232327.209974069,0
5,10836344.6186082,195297.746684345,5826.90354390823,14005756.8,220922.1,0
5.5,9878713.01016572,195742.467989977,0.288541405487366,10413068.2579137,221016.559594664,0
6,8973095.08651042,199898.037859952,5841.29686562683,10323390.6,221111.1,0
6.5,7266602.4204024,197117.033025915,0.0147811717922729,6865355.37763022,220572.189716761,0
7,5773372.38672945,203765.852618369,7358.66635948046,3424266.6,220035.9,0
7.5,5217318.69160398,196457.552832731,0.000290852051961173,4883672.00251953,208952.160195996,0
8,4931823.71451722,202180.89913317,8514.11410207985,3103098.6,198931.5,0
8.5,4351730.56009056,199102.692807109,0.000179418248821793,4902632.48912118,208063.74904264,0
9,3629996.05381999,202175.92598473,7831.16336508801,3452351.8,218074.8,0
9.5,3932651.7589591,193329.662061236,29142.6539787325,3693027.68226622,206842.500979446,0
10,4167189.22530882,202827.26286213,73357.6176075016,1984887.5,196710.6,0
10.5,4734546.57185304,189397.299171229,66928.9405396955,4079328.74577712,191092.183819142,56580.7152676276
11,6031368.39059769,202318.091444797,103768.32943608,2097550.4,185785.8,0
11.5,5107646.68570255,195964.328797805,111490.542718198,3834850.93335267,214730.313505086,139453.798490003
12,6144719.37640573,195521.125039269,108596.599912107,1765790.1,164352.5,25944
12.5,4014334.90328,176992.449274529,96056.5292026776,3558359.09237354,164935.425123153,78675.2147444635
13,4766152.23224756,182821.439948448,106396.517177916,1792773.6,165522.5,0
13.5,3399694.48367349,122065.943294172,58812.6346866196,1880324.08569911,84417.1822456204,23280.3158331041
14,5191406.38485788,120377.048994202,52179.7278173346,0,24468.9,0
14.5,3149459.07908676,108497.512159831,53411.2686984106,1705672.03136029,70585.8096849351,21639.0667301696
15,4534095.19528849,133561.934866915,84390.3192979748,0,22657.9,0
15.5,2656593.85982552,90772.0558543384,49859.8204054602,1406132.65382549,65016.9470433004,21639.7735551409
16,3654032.26403236,85807.0926031319,48985.3367857202,0,0,0
16.5,2110297.91249698,77456.7165478587,48428.8652221031,1243310.4439829,40574.8837141935,20256.6517401644
17,2982929.2711079,101901.008801355,78014.3116752121,0,0,0
17.5,1762890.97698242,74982.1851397781,45986.8165969782,1180430.41772715,39654.1999505727,19782.0497208328
18,2510645.90834866,85422.9875542237,55284.9201246579,0,0,0
18.5,1756598.87017803,59994.2848053506,31498.5975235426,1133034.05729716,34899.7497708177,15662.9336171486
19,2761153.11226308,67501.9504895883,42438.9571119198,0,0,0
19.5,1593138.05473208,60902.4682723067,40038.138200868,0,16576.7758257933,0
20,1717592.52048627,73557.6212513233,64701.0740896547,0,0,0
20.5,1251771.51519933,52387.7408434838,36115.1622147543,0,15738.7925557083,0
21,2284029.02502085,48818.8194112676,24300.5357488386,0,0,0
21.5,1306423.50829697,42819.2182274157,22338.6537589139,0,0,0
22,1305092.85322341,46752.9981421344,34969.4975758365,0,0,0
22.5,983638.036685139,43525.7354386778,25315.1897475954,0,0,0
23,1275550.29472276,49644.0820896186,31029.6530741592,0,0,0
23.5,960582.318343356,43268.9740121132,27804.2263888819,0,0,0
24,1389947.61815602,47652.3501474553,41141.3809149231,0,0,0
24.5,845940.48953827,40072.4671741671,31300.1824303187,0,0,0
25,1186412.12988883,36859.299044632,25595.700387358,0,0,0
25.5,1180851.2055387,30867.0670892822,14256.102956475,0,0,0
26,1843884.00214317,33192.8445755716,13990.0302643266,0,0,0
26.5,1349214.11067308,29578.5093473654,10710.4750279152,0,0,0
27,1544886.70924996,32367.6387527638,14151.0298393867,0,0,0
27.5,627507.935414767,25169.7896905136,10127.7911220596,0,0,0
28,538786.651057865,22225.0166994396,11235.5914841164,0,0,0
28.5,480997.279158266,24248.5538672424,17060.6748891076,0,0,0
29,451822.030444378,33500.2202587082,26318.8724684921,0,0,0
29.5,435696.336038827,31611.4441824821,23403.064967364,0,0,0
30,429762.989395245,31844.7755140427,27284.9543616997,0,0,0
30.5,367717.928575146,28028.6966114414,20763.2511852012,0,0,0
31,420305.505083094,23722.7259859605,13341.7898048705,0,0,0
31.5,431059.095963228,20142.7290910778,10747.337436879,0,0,0
32,891311.941808426,20258.0738120708,13315.5844017734,0,0,0
32.5,520393.428378431,18903.1057619903,11757.1734563393,0,0,0
33,654764.246235123,20852.406842174,16222.0382778112,0,0,0
33.5,412595.048618287,18607.9777822595,14506.1757081155,0,0,0
34,578163.839642092,20548.3176873658,17746.0226294325,0,0,0
34.5,485069.440971733,20287.3363978728,12106.7656610746,0,0,0
35,1054909.63937663,20218.9656971763,7666.91755243962,0,0,0
35.5,716912.270234703,19708.8844137196,6272.35174112457,0,0,0
36,926123.727276655,20884.3468311149,9825.8390114859,0,0,0
36.5,488157.520950347,18281.7202109007,11580.8057018756,0,0,0
37,442197.697608697,20738.5807594528,17520.5859772972,0,0,0
37.5,388708.509394882,20189.84344631,12710.8579229198,0,0,0
38,295981.854964007,12551.2869467731,5387.45564423726,0,0,0
38.5,359198.25125153,19055.4344926632,10103.2386163806,0,0,0
39,408721.987803803,20597.1704325886,16240.1651451591,0,0,0
39.5,298206.127527134,19618.6346074652,14999.1449056487,0,0,0
40,355580.588626902,20880.0380519185,17919.6226674812,0,0,0
40.5,313085.816807295,20525.9375752179,16225.2932158381,0,0,0
41,220561.834899919,19589.5996409328,18195.0854719129,0,0,0
41.5,303458.149528872,12375.9940845819,10847.3421278988,0,0,0
42,349365.748865409,12479.4086885553,2059.11997733448,0,0,0
42.5,233314.601343133,8120.35153503123,33.6548053225117,0,0,0
43,349175.685164915,12271.06516405,1035.06304864418,0,0,0
43.5,276721.917340703,8480.8028635812,113.356796467608,0,0,0
44,221449.952222399,10610.2244417593,1201.82677312456,0,0,0
44.5,280411.425429853,10180.7455367645,894.852969053967,0,0,0
45,335296.384931128,12706.8217330105,1625.02232577185,0,0,0
45.5,255886.125991864,9760.58979907502,1139.68127258464,0,0,0
46,333994.655827726,12714.2249295805,2122.99126806879,0,0,0
46.5,291518.712969781,11204.5086497312,1367.87155175916,0,0,0
47,219054.46016604,10618.3934318092,2153.78996319035,0,0,0
47.5,494563.682584058,11501.4834277844,3907.32058977573,0,0,0
48,654679.07770922,12580.2346444236,7262.25106638802,0,0,0
48.5,454727.406040441,9709.13947502332,4665.47028111388,0,0,0
49,602987.816945601,12647.9386491998,7635.34535479627,0,0,0
49.5,500545.790733648,14180.8168296664,7263.43104248774,0,0,0
50,529982.114029587,7052.73979023483,4318.2366769361,0,0,0
50.5,144880.844327905,23.3861767812155,0.274405821815238,0,0,0
51,512261.247160976,7369.43323833161,4850.24407465061,0,0,0
51.5,103195.430858456,5.68222689969312,0.153496419575919,0,0,0
52,475083.989173127,6768.28383968749,4756.70685038526,0,0,0
52.5,78719.2492690449,0.322592125786706,0.000111323621518116,0,0,0
53,556031.674736163,6749.90417836281,4539.40466507441,0,0,0
53.5,96454.6959400243,0.467313286534547,0.000124446179450133,0,0,0
54,509310.570452232,6750.74144211338,4923.59291838539,0,0,0
54.5,62498.9529612825,0.0796955944034755,7.42676886734199e-05,0,0,0
55,481616.128861549,6709.11433664948,4772.43866520919,0,0,0
55.5,8080.99372771416,0.00449422784736321,0.00015794125397896,0,0,0
56,163289.498781889,6778.70698141547,6595.60600594194,0,0,0
56.5,11.6646066341356,7.92124064815278e-05,7.44695629541588e-05,0,0,0
57,119586.94346424,5252.72355563809,4959.52485780774,0,0,0
57.5,3.5583819758463,2.67345584592519e-05,2.53302052706469e-05,0,0,0
58,133786.343225224,5888.11973234275,4948.68655429998,0,0,0
58.5,104.394996182491,0.00134034045663458,0.00107761126866993,0,0,0
59,137398.184872963,6515.41961620971,5503.17914815791,0,0,0
59.5,138107.167401763,15555.4102762445,15043.6233008852,0,0,0
60,119416.638219601,12674.8854824142,12373.0655550009,0,0,0
60.5,98860.574825652,10397.8767803904,9989.74614646465,0,0,0
61,113150.440018227,12668.9994378126,12312.816665621,0,0,0
61.5,98003.9583538859,10374.8278562605,9820.49155318757,0,0,0
62,115269.263733443,12662.0495372245,12330.810180621,0,0,0
62.5,94419.0461924364,10281.7760821301,9905.92702085782,0,0,0
63,96858.8650413221,9720.7485177315,9218.68424683061,0,0,0
63.5,70702.9616804257,6198.1457923692,5539.79857610811,0,0,0
64,82698.3484719369,5785.32262786424,4671.82487767196,0,0,0
64.5,102070.262850819,7141.1314017569,4936.31137294777,0,0,0
65,53862.9303039662,4626.58183813212,3358.92672226466,0,0,0
65.5,0.00134899607534207,0.000122208121733263,547.335972679997,0,0,0
66,43159.8616623506,3409.52534237954,3441.63271256809,0,0,0
66.5,0.00228400182279325,0.000200897190025321,838.743154852101,0,0,0
67,41076.1961717525,3232.89155449857,3561.7724784443,0,0,0
67.5,0.44422104534342,0.00196437771776226,826.012241594004,0,0,0
68,38293.1544513476,3138.85207951294,3426.62256143419,0,0,0
68.5,51757.6016238528,5940.68950895581,3628.72013901316,0,0,0
69,58551.3248989183,5701.82160578825,4068.40845947115,0,0,0
69.5,41317.8817842787,4056.97939251384,2852.05217470975,0,0,0
70,62255.8860754427,5821.3172929404,3883.47603995446,0,0,0
70.5,65068.3733523063,6042.75859688588,3334.17260653443,0,0,0
71,52724.9408311541,3652.5900175653,3261.34739941873,0,0,0
71.5,19081.2469157603,5006.0576255394,2341.56109630869,0,0,0
72,49170.0521324964,5804.62076972966,3378.54376127121,0,0,0
72.5,11022.016976609,3867.25158500369,1653.11808965511,0,0,0
73,90534.8894193076,5782.853551632,2678.10778944802,0,0,0
73.5,37222.8428300471,3852.31202970316,1108.79806123644,0,0,0
74,62003.4912504527,5840.65899445355,2177.80233431245,0,0,0
74.5,46892.6016867409,3970.62966618887,979.79950971711,0,0,0
75,53794.678314099,5793.66734691835,1787.9410659423,0,0,0
75.5,45063.041731918,3956.08482943116,773.644289834143,0,0,0
76,64089.6889900782,5839.11163700374,1419.24745175689,0,0,0
76.5,45424.4014102571,4137.84150555801,960.594504841318,0,0,0
77,64457.7112200444,5843.06668435424,1750.68264264708,0,0,0
77.5,46834.507759861,4204.01161302366,1160.79520727052,0,0,0
78,65589.0062893494,5840.32893521339,1902.45822141243,0,0,0
78.5,47251.6443864346,4221.79240246935,1250.18237524791,0,0,0
79,65205.8845596602,5839.63814849307,1950.110964094,0,0,0
79.5,46828.3111742532,4211.54359490438,1294.88758646413,0,0,0
80,64916.3058027003,5839.72712352759,2041.74072648808,0,0,0
80.5,53594.4913272292,4133.64278793944,1376.72488215746,0,0,0
81,42768.2377543358,5841.8985004641,2166.20277530028,0,0,0
81.5,11051.1222736923,6185.70034313453,2096.95109697214,0,0,0
82,75215.0755012163,4770.01687932538,1888.08333053431,0,0,0
82.5,0.00212395269522752,0.000187274630595073,7.66981889310654e-05,0,0,0
83,93051.7960443754,4637.44660102822,1956.51820516366,0,0,0
83.5,0.00194844532693207,0.000169927733283159,7.40483507184013e-05,0,0,0
84,82277.6329661824,4203.76731875922,1895.71535018785,0,0,0
84.5,0.00165939613476167,0.000144135536816221,6.65525347000366e-05,0,0,0
85,60844.86930596,4156.58449386626,2004.57682393293,0,0,0
85.5,0.00139225853334127,0.000120712712169474,5.91251168479861e-05,0,0,0
86,97802.4393781671,3889.8924236158,1932.06548593825,0,0,0
86.5,3.3089019485005e-05,1.60006165788861e-06,6.94235923303664e-07,0,0,0
87,128543.738997109,3124.93646395036,1541.32169534921,0,0,0
87.5,65415.3623937528,5662.73853238934,2049.635767003,0,0,0
88,169318.048159668,5842.04401294479,2610.30345827372,0,0,0
88.5,35452.7331238561,3940.66481971622,1557.14957480959,0,0,0
89,135222.316243985,5841.74334483083,2898.16454592939,0,0,0
89.5,26761.7551387642,3944.96199414742,1644.16486089769,0,0,0
90,116685.307910834,5842.30998445016,3016.64367441086,0,0,0
90.5,25780.0452879107,3951.51942272328,1701.20243636427,0,0,0
91,103798.698174473,5843.12834118563,3079.41751737059,0,0,0
91.5,25437.6590737528,3952.76592048417,1758.13084685163,0,0,0
92,125757.649141105,5843.28334836823,3155.67532615447,0,0,0
92.5,38430.9261330502,3990.91369893844,1845.02454127494,0,0,0
93,164839.746899587,5843.92693267092,3155.87917009871,0,0,0
93.5,68271.9089586518,4032.99899685208,1916.48228046151,0,0,0
94,222566.784088153,5843.24357376609,3079.08924633397,0,0,0
94.5,79273.2212301677,4040.16665358101,1988.79552636695,0,0,0
95,222162.286159479,5843.43384905145,3373.63751375479,0,0,0
95.5,78431.1726876917,4041.12461617608,2028.37302838702,0,0,0
96,218324.188907165,5843.41602216428,3236.21677620457,0,0,0
96.5,84426.1563871334,4053.28876047607,2098.73600511058,0,0,0
97,241727.812668591,5843.17776465866,3468.26998172899,0,0,0
97.5,90294.4061468798,4070.7037420119,2250.01646665673,0,0,0
98,231923.236417073,5842.64900804816,3644.97758076749,0,0,0
98.5,111287.051357681,4094.91953849503,2424.68703334926,0,0,0
99,249403.487569556,5843.33464719577,3885.2562685398,0,0,0
99.5,134852.502227274,4108.23810186501,2546.03679997518,0,0,0
100,284480.228881609,5792.19394740523,4040.67089681048,0,0,0
100.5,138995.615250385,4054.82582336071,2690.7488131876,0,0,0
101,252023.808979429,5640.84526676119,4215.62741881094,0,0,0
101.5,126402.777475758,3952.96819152322,2805.01577951715,0,0,0
102,256721.934865304,5373.96485266559,3997.02301489153,0,0,0
102.5,131156.247972806,3918.51979715923,2672.76210291828,0,0,0
103,255213.188275848,5530.4875914691,3913.32547747365,0,0,0
103.5,126591.381109302,4035.80766283605,2581.98951026544,0,0,0
104,241861.897396791,5827.61510639708,3943.44314201214,0,0,0
104.5,138730.659794066,4120.46750431431,2745.81616461439,0,0,0
105,271794.047619521,5828.07085897503,4419.97672566889,0,0,0
105.5,149833.472788974,4098.2735791158,2982.03673188476,0,0,0
106,272714.920845989,5684.67416572615,4457.8641949564,0,0,0
106.5,142716.316351093,4031.01100520599,3000.62723319862,0,0,0
107,239937.776040784,5588.29585791995,4481.00563090522,0,0,0
107.5,129247.797097136,3987.78349935712,2913.93387333676,0,0,0
108,211770.436104892,5532.99428308874,4393.58744709022,0,0,0
108.5,107514.33055893,3965.38508878471,2871.81861020988,0,0,0
109,226720.800034643,5582.19302094059,4200.92969716597,0,0,0
109.5,120173.066131867,4055.62725302541,2951.72375928981,0,0,0
110,236217.731761898,5781.89578706482,4582.99411252546,0,0,0
110.5,125546.709127175,4083.63707781184,3088.03862247109,0,0,0
111,232976.342466556,5634.52169942201,4557.39425497593,0,0,0
111.5,120404.452139624,3933.77667314373,2974.27850319401,0,0,0
112,219221.670683621,5318.55210209387,4234.34826688685,0,0,0
112.5,151884.789180238,6415.36846806693,4818.64351790398,0,0,0
113,189423.953147672,5130.83867824751,5004.97852843193,0,0,0
113.5,8191.59234349132,0.000139723206109356,0.000139601718761908,0,0,0
114,148002.869698219,3272.40524252698,3097.72717243677,0,0,0
114.5,9909.38502897017,8.7642172860442e-05,8.76043769465806e-05,0,0,0
115,173646.393034032,3581.67010018918,3402.52436188665,0,0,0
115.5,3657.62462521381,1.18935110793641e-06,1.18845986070482e-06,0,0,0
116,93694.1356388708,7483.11968415703,7414.83341840236,0,0,0
116.5,78010.5499798012,4944.01063873713,3997.53678603958,0,0,0
117,138391.299164508,4567.77144046735,3851.44954813129,0,0,0
117.5,47250.8264562986,2726.14522523079,2350.97027814365,0,0,0
118,77823.903190446,4097.05610945815,3768.48450845121,0,0,0
118.5,36741.9936439477,2032.6864073815,1796.15839435093,0,0,0
119,73343.7923323653,3857.27655573921,3494.37962907098,0,0,0
119.5,41441.9122435066,2101.59633588895,1697.00950984983,0,0,0
