0,66239073.2492939,8885.53085945514,65.3215283860034,71968582.5,8864.1,58
0.5,7452969.71006758,15198.4483559604,87.3205123749426,7858206.53572757,17132.4593144062,57.8551286357803
1,4295582.04379714,181397.71224815,14722.5700471243,5488507.2,226592,0
1.5,6211828.4957766,200104.069534817,11028.8841136443,7045382.39361487,204671.48385732,0
2,10867457.0388714,198178.599275768,9154.84831349154,15107854.4,221352.6,0
2.5,12008759.4844863,197261.792229721,295.027153765217,13324441.1665813,222187.340205094,0
3,11860404.7842299,194645.15989452,8501.82534759967,15349935.2,223028.4,0
3.5,12745933.0410028,194428.294753586,48.5214287102131,13396058.9325606,233486.662724807,0
4,11999631.4717229,193915.134295929,7512.1867148779,13361107.9,163316,0
4.5,12179326.1249372,195534.74371907,6.15456638429251,12784193.2272404,232327.209974069,0
5,10910099.8378472,197803.516125013,5820.82737961613,14005756.8,220922.1,0
5.5,9913582.58634715,200419.756576777,0.816595462504676,10413068.2579137,221016.559594664,0
6,8794469.12827344,205922.735634938,5834.65279224962,8602825.5,221111.1,0
6.5,7169928.67237232,201751.527687564,0.0560792393050404,6865355.37763022,220572.189716761,0
7,5716119.91134514,207161.654653152,7325.72780890971,3424266.6,220035.9,0
7.5,5068957.85096277,199794.083944306,0.00248699231874908,4883672.00251953,208952.160195996,0
8,4798212.10906007,203929.754803862,8381.65568508593,3103098.6,198931.5,0
8.5,4208263.37402754,201143.880176506,0.00120007145124969,3268421.65941412,208063.74904264,0
9,3655991.02445409,202694.000561336,7861.17455523254,3452351.8,218074.8,0
9.5,4147697.61131351,196002.095109147,21916.4063154929,3693027.68226622,206842.500979446,0
10,4589878.99521161,205657.553048847,61644.0274863404,1984887.5,196710.6,0
10.5,4833761.29762493,190306.126429218,64890.1010380054,4079328.74577712,191092.183819142,56580.7152676276
11,5383672.3141375,202116.168337232,115286.382272379,2097550.4,185785.8,0
11.5,4948430.03910689,197308.458607223,118633.983591822,3834850.93335267,214730.313505086,139453.798490003
12,6048438.51609414,197076.210427241,113848.023526582,1765790.1,164352.5,25944
12.5,4032376.246184,178090.921373952,98716.2172155072,3558359.09237354,164935.425123153,78675.2147444635
13,5186896.80282106,184647.295128926,102414.284156948,1792773.6,165522.5,0
13.5,3392473.18850949,123898.439294792,58058.6236798895,3760648.17139822,140695.303742701,46560.6316662082
14,5070277.78703727,126151.966966414,58686.1355627782,0,24468.9,0
14.5,3072415.50894165,109790.880255597,53379.6411788208,1705672.03136029,70585.8096849351,21639.0667301696
15,4524477.40012699,134041.76706766,81497.944940025,0,22657.9,0
15.5,2810681.11203104,94511.9530032034,49550.4356184087,1406132.65382549,65016.9470433004,21639.7735551409
16,4153106.58927556,94932.3135653843,51488.4632862086,0,0,0
16.5,2263144.13187305,77744.3112542786,45904.3605806808,1243310.4439829,60862.3255712903,20256.6517401644
17,3112850.55343663,102064.023674324,78283.4456753916,0,0,0
17.5,1690405.01544424,75026.7782564935,47333.7786685257,1180430.41772715,59481.299925859,19782.0497208328
18,2381550.28509822,85943.0438072533,59931.8247658,0,0,0
18.5,1701927.76853211,59915.1926144316,32275.185788963,1133034.05729716,34899.7497708177,15662.9336171486
19,2815061.53675857,69044.8241622792,43729.6340382305,0,0,0
19.5,1620814.36302604,60478.4976544485,38723.276198902,1167881.75121161,33153.5516515867,14693.4733273171
20,1871314.55113985,74006.1980056624,63587.1499003538,0,0,0
20.5,1208567.78175137,52358.6435925878,35406.9688093424,0,15738.7925557083,14693.0879726189
21,2121958.57036911,48464.1934363445,24283.6550998704,0,0,0
21.5,1135589.59281433,41293.0380658975,21948.9060506363,0,14163.299929395,0
22,1287804.47954037,46903.7619723312,35062.0732149866,0,0,0
22.5,921202.528843683,42190.9533707873,23306.653260431,0,0,0
23,1261968.56225508,49160.3195288653,30357.053035619,0,0,0
23.5,846332.928720729,41664.4291633255,27593.9542714242,0,14166.3498713501,0
24,1271671.99063144,47408.4974687235,42247.3672129292,0,0,0
24.5,763588.989114558,40366.856730027,32792.5715195415,0,0,0
25,1090071.07880823,36828.7153217733,27252.3655283845,0,0,0
25.5,1042397.68327238,29895.8207737694,14486.9389280551,0,0,0
26,1857365.86814256,33374.9517863436,13800.1746310096,0,0,0
26.5,1271540.97651846,28005.7108616799,9739.02286514969,0,0,0
27,1529705.67256582,32330.2041369455,14276.3575664345,0,0,0
27.5,586723.66797073,23933.5704498873,8927.31473214201,0,0,0
28,543307.333781128,21978.392902726,10908.4996560962,0,0,0
28.5,449212.634678487,23242.4342961853,16244.5346951048,0,0,0
29,383785.837253487,32641.2290506473,26069.3139007919,0,0,0
29.5,433316.255974921,30500.1877308027,21835.0224955198,0,0,0
30,430872.909544308,31858.5073378263,27301.9017024389,0,0,0
30.5,365620.11399928,27563.3811128813,20592.371924844,0,0,0
31,415682.81333034,22872.4949488442,12263.9127111912,0,0,0
31.5,422282.588129426,17887.8181808656,8771.37586941647,0,0,0
32,895557.127139004,20302.2875564881,13148.3865398889,0,0,0
32.5,507575.370054122,19182.0449195244,12023.3042554228,0,0,0
33,651219.416858285,20811.5870237676,16237.4066120649,0,0,0
33.5,403940.249638849,17927.6405518552,13735.4858273155,0,0,0
34,594722.593382579,20507.7056667993,17475.3373253115,0,0,0
34.5,537475.563839573,19701.4949438139,11021.2837670755,0,0,0
35,1072676.63729611,20304.1970328399,7635.28854300463,0,0,0
35.5,752627.989047928,19971.6074099522,6219.55419824166,0,0,0
36,927711.598809973,20903.734484724,9845.37429895376,0,0,0
36.5,460714.91578019,17369.2819025413,10869.8739136146,0,0,0
37,442133.346657465,20654.3748881405,17405.5728616395,0,0,0
37.5,387136.998361034,19687.6944391155,12392.5169715488,0,0,0
38,305457.331606562,13089.0391567129,5816.85691157702,0,0,0
38.5,378328.677597039,19433.3147929267,10188.3074563133,0,0,0
39,410975.277871639,20641.5371006587,16260.2243245494,0,0,0
39.5,293210.791541289,18388.2728951163,13788.2138134051,0,0,0
40,356167.659277083,20883.5855281924,17916.4549615933,0,0,0
40.5,314266.679964567,19893.9646693791,15560.2994037879,0,0,0
41,220873.534202556,19592.6533407941,18195.756981278,0,0,0
41.5,291945.512534808,12453.9010485778,10884.4944623641,0,0,0
42,349601.948532912,12538.2826896578,2136.47319408955,0,0,0
42.5,234431.427567505,7974.1239062823,91.9207855063038,0,0,0
43,349283.225110293,12299.2974501292,1074.19983450464,0,0,0
43.5,280133.836203759,8539.84737202554,222.046324743772,0,0,0
44,221596.098720902,10611.4314903926,1202.25430893169,0,0,0
44.5,280853.539609925,10409.5924405216,920.282590833247,0,0,0
45,335228.486802403,12706.4589507987,1624.27036914972,0,0,0
45.5,248782.869939552,9461.35598540488,1123.09303467341,0,0,0
46,333647.677428343,12711.7118319607,2125.05291674913,0,0,0
46.5,287142.290257803,11099.785811386,1506.58148151913,0,0,0
47,219651.157126538,10622.1688459907,2165.90234905767,0,0,0
47.5,451796.487614598,11512.8526963097,4488.41651555878,0,0,0
48,649906.446581122,12552.9742140726,7286.17225797549,0,0,0
48.5,406389.845596261,9251.5148888028,4858.7819230745,0,0,0
49,599229.701227629,12626.980881018,7666.0063342625,0,0,0
49.5,449173.356023106,14132.086927847,8287.61530764525,0,0,0
50,527696.940955419,7063.02749953364,4369.36242928217,0,0,0
50.5,128852.472033964,16.8426454533946,2.14081497348028,0,0,0
51,509087.712322308,7377.49886278116,4895.31158108701,0,0,0
51.5,91022.3651633297,5.86570213425048,0.686847143893648,0,0,0
52,477435.531389106,6775.51422166283,4717.70643533889,0,0,0
52.5,75349.7485181275,0.600031938038152,5.51469232994984e-05,0,0,0
53,556251.793684172,6760.92857661052,4551.21001191335,0,0,0
53.5,98219.0935781269,0.542090390136938,4.76079994175303e-05,0,0,0
54,511024.453205255,6756.09709619343,4890.08757032365,0,0,0
54.5,59548.4099173677,0.169107569335026,0,0,0,0
55,481459.244333289,6723.44718917834,4783.26747256672,0,0,0
55.5,6432.2817062351,0.0417478128966705,0.00011574775366062,0,0,0
56,163154.65092888,6791.12736968049,6610.6308250092,0,0,0
56.5,5.85026063948936,2.71988859073093e-05,2.56678072580259e-05,0,0,0
57,119147.012990154,5214.67571065857,4921.389241016,0,0,0
57.5,2.24564262218834,0,0,0,0,0
58,134319.390461317,5943.67866234282,4986.99779115898,0,0,0
58.5,35.6051455575057,0.00896652892609399,0.00135236690868123,0,0,0
59,136526.40522417,6534.53370453397,5543.17994729015,0,0,0
59.5,136434.762355553,16304.164864549,15716.6339278733,0,0,0
60,119138.959651185,12674.7845011519,12369.6465360429,0,0,0
60.5,90802.4841938323,9848.66616851202,9330.84906729954,0,0,0
61,113075.127911468,12670.0742568223,12306.8603472759,0,0,0
61.5,89435.2201859532,9733.84173711704,8982.15775822713,0,0,0
62,115111.974962752,12669.1999313856,12331.1665719013,0,0,0
62.5,86697.6860729345,9898.84939163115,9436.5105894731,0,0,0
63,96307.5692232264,9660.09438191153,9147.74874180748,0,0,0
63.5,63170.3154561996,5582.15374575474,4733.38430422548,0,0,0
64,82717.5410901341,5790.76914745815,4669.49894881474,0,0,0
64.5,92187.4856150676,6898.98136016633,4407.75878842694,0,0,0
65,53941.7150092196,4641.04062330157,3354.63866212357,0,0,0
65.5,0,0,528.923420666949,0,0,0
66,43169.1867194358,3417.0822974359,3434.96622008696,0,0,0
66.5,6.90209091298504e-06,0,823.015572199935,0,0,0
67,41086.7874726206,3238.90418663751,3554.50150126255,0,0,0
67.5,0.22657155693889,0.00893408290204228,808.378984673955,0,0,0
68,38318.3283373154,3143.77478377887,3419.19922117215,0,0,0
68.5,48343.5762147704,5795.09672662011,2947.71863143219,0,0,0
69,58591.3140598124,5705.97996955666,4060.50843882118,0,0,0
69.5,39307.6770907288,3921.33509760031,2496.98400831279,0,0,0
70,62323.0394815717,5826.55708473429,3875.97984573771,0,0,0
70.5,62265.6787604707,5897.6418666019,2794.45878598093,0,0,0
71,52708.4139207932,3655.08675752698,3250.34548367704,0,0,0
71.5,18214.1773962204,4933.80327490586,1929.53562471891,0,0,0
72,49224.2132709621,5808.54649060534,3373.76778939283,0,0,0
72.5,8344.11978221473,3775.84692485863,1513.4389929636,0,0,0
73,90225.2499852864,5785.03646456592,2676.2680925638,0,0,0
73.5,36930.4309650019,3837.10040231472,1052.04507662846,0,0,0
74,62026.7948111248,5842.18304254555,2178.30940313526,0,0,0
74.5,45736.4845316336,3888.63901509043,928.040328194033,0,0,0
75,53624.9188229692,5794.2204904883,1788.94499122097,0,0,0
75.5,44608.4461878659,3889.8021062711,791.099545645501,0,0,0
76,64093.2331224144,5839.37368537789,1421.65055676346,0,0,0
76.5,44099.2004603553,4025.8306831493,996.274062994523,0,0,0
77,64451.2859157903,5842.85401793214,1753.56720387755,0,0,0
77.5,45158.3348952467,4066.273573432,1184.01953283537,0,0,0
78,65578.4857038358,5839.58539605371,1904.2736846204,0,0,0
78.5,45542.9592228986,4078.10032549952,1262.27510518764,0,0,0
79,65187.2402354829,5838.19568779671,1951.13555487002,0,0,0
79.5,45143.3107144622,4067.07063334513,1301.38919935404,0,0,0
80,64902.2372999602,5838.59944238884,2043.04411462949,0,0,0
80.5,52186.8913086885,4024.78749804191,1405.75299579316,0,0,0
81,42783.1362204773,5840.9363244463,2167.83687227972,0,0,0
81.5,17238.1633696105,6317.3940564247,2239.69440406286,0,0,0
82,75500.815565319,4784.98397448003,1895.3166578016,0,0,0
82.5,0,0,0,0,0,0
83,93441.527758331,4651.84364203737,1964.58535669441,0,0,0
83.5,0.00290903173181992,0,0,0,0,0
84,82614.6898822374,4216.27091295465,1904.31559316868,0,0,0
84.5,0,0,0,0,0,0
85,61097.0905747618,4168.87008289254,2013.90368054555,0,0,0
85.5,0.361337949651668,0,0,0,0,0
86,98182.5969454404,3901.01652766981,1941.08641369632,0,0,0
86.5,0.00162307962462839,1.37283287196139e-08,9.09464264551195e-09,0,0,0
87,129273.857793267,3130.56412242699,1547.78732071487,0,0,0
87.5,115109.060610273,5832.21476679345,2440.62802759483,0,0,0
88,170031.36213892,5840.73808046672,2614.0284812373,0,0,0
88.5,46909.6867864383,3885.06075349201,1625.83212816571,0,0,0
89,135795.425699467,5840.08751736106,2902.00395998296,0,0,0
89.5,35575.4043219113,3896.73401173779,1722.83636919229,0,0,0
90,117106.868056995,5840.1366873303,3020.00600291059,0,0,0
90.5,33261.0117332274,3902.22902695749,1778.39960826612,0,0,0
91,104209.967334285,5840.80109894909,3082.3511401624,0,0,0
91.5,33437.5394949189,3903.92376935651,1830.33909060019,0,0,0
92,126235.353226979,5841.03689422233,3158.56256371396,0,0,0
92.5,49450.5357963815,3931.0495731609,1905.6271346243,0,0,0
93,165483.109895326,5841.47278931043,3158.34636338399,0,0,0
93.5,83924.0142541399,3968.15465669383,1966.98758728928,0,0,0
94,223385.304607155,5841.24988636271,3080.68909083669,0,0,0
94.5,95189.4702961413,3971.53735215784,2035.74157067825,0,0,0
95,222884.652063259,5841.13200163795,3375.48152819972,0,0,0
95.5,92600.7413717906,3973.36837865502,2080.15984828286,0,0,0
96,219115.55220902,5841.73044598858,3237.48564705005,0,0,0
96.5,98974.8045114741,3982.80242886432,2140.87807929195,0,0,0
97,242481.840876322,5841.1839143999,3469.43830172459,0,0,0
97.5,101339.326440676,3988.78666708609,2278.00019247545,0,0,0
98,232498.117199473,5841.29100621491,3645.30641261342,0,0,0
98.5,113035.394012867,4003.87549324801,2466.04650096522,0,0,0
99,249470.314533599,5840.02918297151,3886.36478243559,0,0,0
99.5,132248.076563876,4005.19233048338,2580.6484409255,0,0,0
100,284666.349314755,5789.74660271628,4039.67977875125,0,0,0
100.5,132772.498606504,3934.30352614821,2689.79724780632,0,0,0
101,251925.539779213,5637.68040904078,4214.22352273373,0,0,0
101.5,119355.753481266,3807.00246853309,2739.0305688007,0,0,0
102,256584.729695506,5368.06885658078,3991.89921177514,0,0,0
102.5,124449.733243688,3706.91416400117,2495.88640154209,0,0,0
103,255028.473162385,5527.35488624065,3910.78778631251,0,0,0
103.5,117876.052045082,3935.02653607204,2517.00769806965,0,0,0
104,241564.068384977,5827.77710164726,3945.61276314832,0,0,0
104.5,125942.381855374,3997.64601681331,2672.58217975553,0,0,0
105,271362.762757518,5828.48640488508,4420.945382678,0,0,0
105.5,134520.92830523,3979.04972093388,2925.73491341728,0,0,0
106,272097.277410166,5681.81722801621,4457.47818243282,0,0,0
106.5,126682.731063621,3864.66579969378,2927.05092426579,0,0,0
107,239399.293673522,5583.26566045223,4479.03181223705,0,0,0
107.5,113551.615720919,3830.47039611524,2851.74443719574,0,0,0
108,211349.342029798,5528.43005893079,4391.24850120167,0,0,0
108.5,92850.5364080696,3811.01710436484,2803.56717659919,0,0,0
109,226250.640398716,5579.05113705936,4199.37305276855,0,0,0
109.5,103936.859404088,3924.18139892674,2882.98613147684,0,0,0
110,235725.810934194,5780.8321649138,4583.04011436568,0,0,0
110.5,107882.97314422,3959.02832945698,3041.87194418499,0,0,0
111,232160.264071081,5630.14575459138,4556.01269874798,0,0,0
111.5,99154.8612680804,3749.23068531088,2903.69136009677,0,0,0
112,218414.70520944,5310.98390442193,4230.23091743027,0,0,0
112.5,120852.933342485,6002.4845855975,4620.47464459923,0,0,0
113,188894.262891389,5143.71923146926,5020.98774235618,0,0,0
113.5,3156.49637936329,0,0,0,0,0
114,147648.08072303,3275.19517236825,3104.67546846371,0,0,0
114.5,5036.10429025244,0,0,0,0,0
115,173198.981847525,3586.32715331096,3410.59472881138,0,0,0
115.5,602.466936054467,0,0,0,0,0
116,93529.1344963297,7506.9244365932,7439.54457259631,0,0,0
116.5,41674.0755962213,4299.31329601951,3446.88984435204,0,0,0
117,137836.606001217,4561.33854095677,3845.9808043471,0,0,0
117.5,38337.3419681334,2467.32871402973,2121.33330033648,0,0,0
118,77543.0085159225,4090.34134807774,3761.96060111642,0,0,0
118.5,31534.5696586941,1815.72772944754,1594.13106471862,0,0,0
119,73082.0123028598,3851.47175710146,3489.06500060734,0,0,0
119.5,35036.7248461928,1855.84648702214,1486.24539995597,0,0,0
