48406265.000000 38.000000 30.000000
48105673.000000 39.000000 27.000000
48401449.000000 36.000000 27.000000
48542707.000000 63.000000 48.000000
48194646.000000 45.000000 31.000000
48384042.000000 49.000000 27.000000
48400318.000000 47.000000 31.000000
48353033.000000 48.000000 30.000000
48182160.000000 61.000000 30.000000
48144234.000000 42.000000 27.000000
48075739.000000 35.000000 11.000000
48450663.000000 47.000000 32.000000
48437813.000000 53.000000 30.000000
48340249.000000 42.000000 29.000000
48424235.000000 47.000000 31.000000
48075469.000000 38.000000 27.000000
48358946.000000 36.000000 27.000000
48350537.000000 39.000000 27.000000
48362482.000000 45.000000 31.000000
48109856.000000 38.000000 27.000000
48117657.000000 42.000000 30.000000
48244653.000000 41.000000 27.000000
48561123.000000 65.000000 48.000000
48460882.000000 47.000000 31.000000
48111599.000000 41.000000 27.000000
48266288.000000 38.000000 26.000000
48463186.000000 46.000000 29.000000
48437306.000000 38.000000 29.000000
48118584.000000 42.000000 13.000000
48181169.000000 41.000000 27.000000
48429069.000000 44.000000 31.000000
48450241.000000 52.000000 30.000000
48306607.000000 41.000000 26.000000
48471122.000000 43.000000 29.000000
48434031.000000 43.000000 30.000000
48268957.000000 41.000000 30.000000
48372997.000000 46.000000 27.000000
48284001.000000 34.000000 30.000000
48117913.000000 48.000000 28.000000
48438708.000000 35.000000 25.000000
48143018.000000 41.000000 28.000000
48408535.000000 39.000000 30.000000
48453661.000000 40.000000 31.000000
48280506.000000 38.000000 31.000000
48208435.000000 66.000000 27.000000
48377633.000000 40.000000 30.000000
48444540.000000 39.000000 27.000000
48227307.000000 38.000000 30.000000
48338165.000000 42.000000 29.000000
48464406.000000 61.000000 45.000000
48506372.000000 46.000000 37.000000
48382679.000000 42.000000 31.000000
48378152.000000 38.000000 28.000000
48417383.000000 45.000000 25.000000
48415954.000000 37.000000 30.000000
48445526.000000 57.000000 30.000000
48442556.000000 36.000000 30.000000
48373699.000000 42.000000 31.000000
48381507.000000 43.000000 27.000000
48139472.000000 37.000000 26.000000
48409142.000000 50.000000 30.000000
48456994.000000 41.000000 30.000000
48460839.000000 43.000000 30.000000
48200378.000000 39.000000 28.000000
48485980.000000 54.000000 41.000000
48149315.000000 44.000000 27.000000
48080959.000000 39.000000 27.000000
48111775.000000 42.000000 28.000000
48372686.000000 34.000000 27.000000
48491803.000000 47.000000 25.000000
48402976.000000 44.000000 28.000000
48344776.000000 43.000000 27.000000
48134986.000000 46.000000 29.000000
48193695.000000 36.000000 27.000000
48450855.000000 47.000000 30.000000
48175159.000000 52.000000 31.000000
48122060.000000 39.000000 30.000000
48281987.000000 39.000000 31.000000
48389630.000000 72.000000 30.000000
48504589.000000 78.000000 46.000000
48346124.000000 43.000000 26.000000
48089109.000000 43.000000 27.000000
48408868.000000 39.000000 27.000000
48143886.000000 35.000000 27.000000
48456724.000000 49.000000 30.000000
48285505.000000 42.000000 30.000000
48365523.000000 54.000000 32.000000
48323095.000000 44.000000 29.000000
48360643.000000 39.000000 30.000000
48461449.000000 49.000000 27.000000
48149641.000000 46.000000 30.000000
48471789.000000 42.000000 30.000000
48362358.000000 46.000000 28.000000
48403957.000000 42.000000 30.000000
48156235.000000 38.000000 27.000000
48371738.000000 54.000000 30.000000
48377810.000000 41.000000 30.000000
48422191.000000 43.000000 30.000000
48271516.000000 36.000000 28.000000
48156878.000000 43.000000 29.000000
