44839934.000000 1327.000000 3.000000
44922570.000000 1341.000000 3.000000
44595361.000000 1693.000000 3.000000
44867265.000000 1591.000000 3.000000
44683879.000000 1555.000000 3.000000
44925267.000000 1243.000000 3.000000
44836465.000000 1311.000000 3.000000
44891199.000000 1483.000000 3.000000
45110544.000000 982.000000 3.000000
44844670.000000 1651.000000 3.000000
44916165.000000 946.000000 3.000000
44939251.000000 1333.000000 3.000000
44552489.000000 2022.000000 3.000000
44916568.000000 1580.000000 3.000000
44862266.000000 1394.000000 3.000000
44410830.000000 1986.000000 3.000000
44675535.000000 1556.000000 3.000000
44534444.000000 1866.000000 3.000000
44819080.000000 1359.000000 3.000000
44813715.000000 1255.000000 3.000000
44650158.000000 1719.000000 3.000000
44845956.000000 1413.000000 3.000000
44883178.000000 1346.000000 3.000000
44377231.000000 1634.000000 3.000000
44864690.000000 1366.000000 3.000000
44884681.000000 1176.000000 3.000000
44724165.000000 1607.000000 3.000000
44742242.000000 1572.000000 3.000000
44849250.000000 1414.000000 3.000000
44554467.000000 1845.000000 3.000000
44500205.000000 1480.000000 2.000000
44924621.000000 1675.000000 3.000000
44750817.000000 979.000000 3.000000
44748709.000000 1212.000000 3.000000
44691112.000000 1489.000000 3.000000
44840191.000000 1308.000000 3.000000
44501051.000000 1656.000000 3.000000
44846613.000000 1707.000000 3.000000
44617876.000000 1590.000000 3.000000
44951425.000000 1595.000000 3.000000
44614112.000000 1574.000000 3.000000
44876895.000000 1392.000000 3.000000
44713460.000000 1375.000000 3.000000
44732141.000000 1398.000000 3.000000
44947634.000000 1814.000000 3.000000
44908823.000000 1410.000000 3.000000
45030602.000000 1613.000000 3.000000
44738262.000000 1486.000000 3.000000
44963560.000000 1402.000000 3.000000
44789209.000000 1573.000000 3.000000
44495066.000000 1706.000000 3.000000
44658233.000000 1395.000000 3.000000
44643666.000000 1812.000000 3.000000
44927580.000000 1529.000000 3.000000
44834060.000000 1321.000000 3.000000
45039380.000000 884.000000 3.000000
44691438.000000 1549.000000 3.000000
44604750.000000 1340.000000 3.000000
44654487.000000 1671.000000 2.000000
44784050.000000 1561.000000 3.000000
44767781.000000 1492.000000 3.000000
44635848.000000 1686.000000 3.000000
44556309.000000 1568.000000 3.000000
44856655.000000 1319.000000 3.000000
44836619.000000 1447.000000 3.000000
44834058.000000 1628.000000 3.000000
44797320.000000 1483.000000 3.000000
44916049.000000 1438.000000 3.000000
44692801.000000 1534.000000 3.000000
44790703.000000 1347.000000 3.000000
44838509.000000 1361.000000 3.000000
44804403.000000 1411.000000 3.000000
44381188.000000 1524.000000 3.000000
44896449.000000 1243.000000 3.000000
44864107.000000 1586.000000 3.000000
44877179.000000 1409.000000 3.000000
44813154.000000 1335.000000 3.000000
44875788.000000 1738.000000 3.000000
44879102.000000 1312.000000 3.000000
44611289.000000 1611.000000 3.000000
44921706.000000 1449.000000 3.000000
44854112.000000 1390.000000 3.000000
44732225.000000 1400.000000 3.000000
44805090.000000 1382.000000 3.000000
44885992.000000 1265.000000 3.000000
44641447.000000 1726.000000 3.000000
44895264.000000 1501.000000 3.000000
44917315.000000 1845.000000 3.000000
44760994.000000 1565.000000 3.000000
44856131.000000 1708.000000 2.000000
44390223.000000 1523.000000 3.000000
44915752.000000 1391.000000 3.000000
44870121.000000 1435.000000 3.000000
44471592.000000 1947.000000 3.000000
44911101.000000 1385.000000 3.000000
44805102.000000 1492.000000 3.000000
44451836.000000 1536.000000 3.000000
44841926.000000 1434.000000 3.000000
44849062.000000 1322.000000 3.000000
44918271.000000 1342.000000 3.000000
