39729934.000000 1976.000000 219.000000
39691213.000000 1460.000000 212.000000
39701397.000000 1678.000000 207.000000
39691253.000000 1323.000000 219.000000
39668909.000000 2031.000000 248.000000
40176239.000000 1825.000000 142.000000
39670319.000000 1585.000000 211.000000
39614238.000000 4600.000000 196.000000
39680928.000000 1374.000000 220.000000
39671720.000000 1640.000000 198.000000
39725707.000000 1384.000000 200.000000
39718119.000000 2160.000000 207.000000
39582867.000000 1554.000000 226.000000
39505279.000000 1889.000000 206.000000
39695087.000000 1295.000000 219.000000
39735141.000000 1775.000000 153.000000
39698671.000000 1387.000000 224.000000
39618506.000000 1530.000000 199.000000
39744008.000000 1652.000000 213.000000
39630192.000000 1472.000000 242.000000
39669853.000000 1637.000000 186.000000
39622053.000000 1592.000000 215.000000
39703705.000000 1653.000000 197.000000
39729428.000000 1558.000000 227.000000
39659699.000000 1581.000000 222.000000
39690934.000000 1488.000000 208.000000
39700581.000000 1499.000000 198.000000
39679128.000000 1491.000000 219.000000
39693743.000000 1735.000000 215.000000
39618460.000000 1721.000000 224.000000
39725593.000000 1596.000000 196.000000
39675319.000000 2015.000000 214.000000
39755802.000000 1440.000000 211.000000
39697874.000000 1552.000000 211.000000
39635121.000000 1459.000000 233.000000
39688902.000000 1336.000000 220.000000
39710041.000000 1513.000000 191.000000
39655764.000000 1487.000000 199.000000
39595720.000000 1889.000000 218.000000
39584117.000000 1297.000000 200.000000
39653600.000000 1518.000000 212.000000
39705513.000000 1616.000000 170.000000
39614842.000000 1653.000000 197.000000
39703459.000000 1468.000000 211.000000
39698087.000000 1929.000000 202.000000
39725469.000000 1720.000000 194.000000
39753897.000000 1488.000000 196.000000
39717895.000000 1553.000000 214.000000
39749317.000000 1478.000000 192.000000
39700748.000000 1492.000000 223.000000
40789655.000000 1567.000000 1.000000
39706858.000000 1696.000000 213.000000
39666855.000000 1755.000000 211.000000
39729856.000000 1721.000000 196.000000
39696908.000000 1514.000000 201.000000
39714783.000000 1381.000000 232.000000
39668946.000000 1543.000000 218.000000
39666268.000000 1540.000000 212.000000
39669926.000000 2342.000000 185.000000
39739495.000000 1432.000000 206.000000
39581355.000000 1753.000000 199.000000
39692568.000000 1484.000000 208.000000
39737667.000000 1501.000000 217.000000
39627343.000000 2045.000000 205.000000
39701373.000000 1535.000000 194.000000
39617844.000000 1814.000000 191.000000
39550973.000000 1565.000000 218.000000
39670377.000000 1341.000000 207.000000
39617266.000000 1572.000000 233.000000
39702670.000000 1394.000000 197.000000
40295900.000000 2091.000000 124.000000
39731589.000000 2056.000000 218.000000
39645599.000000 1417.000000 213.000000
39641361.000000 1609.000000 217.000000
39698139.000000 1879.000000 176.000000
39739885.000000 1388.000000 198.000000
39676927.000000 1725.000000 191.000000
39854515.000000 1627.000000 189.000000
39605436.000000 3856.000000 207.000000
39792121.000000 1453.000000 195.000000
39612053.000000 1353.000000 223.000000
39717368.000000 1423.000000 211.000000
39678226.000000 1602.000000 227.000000
39865804.000000 2659.000000 165.000000
39655028.000000 1452.000000 224.000000
39530378.000000 2656.000000 191.000000
39739042.000000 1655.000000 198.000000
39714084.000000 1476.000000 207.000000
41063123.000000 1136.000000 2.000000
39669873.000000 1655.000000 207.000000
39736830.000000 1428.000000 218.000000
39739866.000000 1731.000000 188.000000
39717421.000000 2148.000000 200.000000
39731453.000000 1378.000000 224.000000
39706264.000000 1454.000000 203.000000
39692895.000000 1520.000000 218.000000
39916748.000000 1951.000000 149.000000
39719567.000000 1398.000000 201.000000
39689375.000000 1994.000000 190.000000
39739323.000000 1456.000000 203.000000
