39656965.000000 2404.000000 273.000000
39665334.000000 1457.000000 267.000000
39607150.000000 1414.000000 253.000000
39588897.000000 1532.000000 248.000000
39564554.000000 1702.000000 259.000000
39698687.000000 1333.000000 245.000000
39649559.000000 1524.000000 260.000000
39680343.000000 1470.000000 268.000000
39606313.000000 1787.000000 236.000000
39717603.000000 1617.000000 257.000000
39486892.000000 1575.000000 279.000000
39639897.000000 1608.000000 270.000000
39699442.000000 1368.000000 270.000000
39672400.000000 1324.000000 264.000000
39603907.000000 1615.000000 259.000000
39647406.000000 1476.000000 256.000000
39572389.000000 1437.000000 253.000000
39742820.000000 1534.000000 240.000000
39745704.000000 1425.000000 252.000000
39642035.000000 1763.000000 252.000000
39644774.000000 1855.000000 269.000000
39666661.000000 1449.000000 230.000000
39733006.000000 1572.000000 264.000000
39641013.000000 1317.000000 299.000000
39544333.000000 2895.000000 275.000000
39660943.000000 1437.000000 250.000000
39645067.000000 1336.000000 254.000000
39599894.000000 1439.000000 253.000000
39626350.000000 1618.000000 266.000000
39716999.000000 1511.000000 248.000000
39701050.000000 1379.000000 248.000000
39608398.000000 2110.000000 240.000000
39686771.000000 1912.000000 243.000000
39648639.000000 1443.000000 263.000000
39669064.000000 1427.000000 256.000000
39596410.000000 1702.000000 270.000000
39680066.000000 1394.000000 264.000000
39598490.000000 1654.000000 269.000000
39630335.000000 1527.000000 235.000000
39596442.000000 1727.000000 270.000000
39691389.000000 1454.000000 258.000000
39693756.000000 1600.000000 255.000000
39652627.000000 1705.000000 258.000000
39694743.000000 1218.000000 255.000000
39645792.000000 1602.000000 243.000000
39593582.000000 1775.000000 215.000000
39678085.000000 1418.000000 245.000000
39702442.000000 1539.000000 251.000000
39697019.000000 1271.000000 253.000000
39525529.000000 1513.000000 259.000000
39700615.000000 1412.000000 274.000000
39600078.000000 1623.000000 267.000000
39675818.000000 2254.000000 252.000000
39641809.000000 1681.000000 287.000000
39677273.000000 1314.000000 264.000000
39608284.000000 1518.000000 270.000000
39537506.000000 1581.000000 240.000000
39640280.000000 1820.000000 264.000000
39729716.000000 1314.000000 245.000000
39702056.000000 1728.000000 263.000000
39677445.000000 1549.000000 256.000000
39560350.000000 1376.000000 267.000000
39725442.000000 1272.000000 260.000000
39601309.000000 1671.000000 267.000000
39691829.000000 1523.000000 280.000000
39712561.000000 1265.000000 253.000000
39620310.000000 1560.000000 296.000000
39678907.000000 1566.000000 297.000000
39722268.000000 1416.000000 262.000000
39672079.000000 1358.000000 249.000000
39673622.000000 1287.000000 288.000000
39683935.000000 1305.000000 246.000000
39608453.000000 1580.000000 338.000000
39586468.000000 1328.000000 269.000000
39645986.000000 1334.000000 254.000000
39681855.000000 1438.000000 270.000000
39667150.000000 1381.000000 248.000000
39694686.000000 1258.000000 247.000000
39744799.000000 1372.000000 244.000000
39593506.000000 1749.000000 295.000000
39645119.000000 1425.000000 247.000000
39691993.000000 1445.000000 257.000000
39632193.000000 1360.000000 255.000000
39666885.000000 1508.000000 263.000000
39640601.000000 1485.000000 232.000000
39681915.000000 1521.000000 261.000000
39692323.000000 1535.000000 248.000000
39652635.000000 1688.000000 275.000000
39701266.000000 1483.000000 260.000000
39607342.000000 1533.000000 368.000000
39669072.000000 1478.000000 256.000000
39702856.000000 1415.000000 294.000000
39521633.000000 2030.000000 242.000000
39667927.000000 1433.000000 262.000000
39706768.000000 1622.000000 268.000000
39670776.000000 1537.000000 265.000000
39674320.000000 1362.000000 246.000000
39717506.000000 1456.000000 261.000000
39617507.000000 1554.000000 264.000000
39530707.000000 1611.000000 256.000000
