13289306.000000 822.000000 326.000000
13279142.000000 817.000000 242.000000
13281776.000000 817.000000 622.000000
13280825.000000 823.000000 528.000000
13300440.000000 814.000000 680.000000
13284888.000000 816.000000 733.000000
13298674.000000 817.000000 217.000000
13281248.000000 819.000000 397.000000
13287057.000000 819.000000 553.000000
13287376.000000 823.000000 421.000000
13283258.000000 817.000000 672.000000
13282319.000000 816.000000 588.000000
13289345.000000 814.000000 619.000000
13278596.000000 817.000000 701.000000
13295259.000000 811.000000 678.000000
13281301.000000 819.000000 611.000000
13271436.000000 824.000000 505.000000
13285092.000000 818.000000 564.000000
13302175.000000 812.000000 503.000000
13292106.000000 821.000000 555.000000
13282999.000000 828.000000 719.000000
13296071.000000 820.000000 629.000000
13299684.000000 813.000000 663.000000
13291365.000000 814.000000 556.000000
13296050.000000 815.000000 685.000000
13283850.000000 815.000000 488.000000
13292710.000000 814.000000 479.000000
13278745.000000 818.000000 546.000000
13289969.000000 820.000000 486.000000
13287488.000000 813.000000 569.000000
13295410.000000 815.000000 527.000000
13297500.000000 817.000000 378.000000
13274771.000000 822.000000 707.000000
13293535.000000 818.000000 703.000000
13285991.000000 813.000000 574.000000
13291529.000000 812.000000 681.000000
13290475.000000 812.000000 704.000000
13284088.000000 817.000000 534.000000
13270896.000000 815.000000 363.000000
13292647.000000 816.000000 358.000000
13294797.000000 815.000000 545.000000
13297693.000000 821.000000 696.000000
13285290.000000 813.000000 594.000000
13288945.000000 819.000000 512.000000
13291665.000000 812.000000 526.000000
13297097.000000 813.000000 451.000000
13298628.000000 823.000000 641.000000
13298572.000000 811.000000 500.000000
13232815.000000 822.000000 594.000000
13283136.000000 821.000000 583.000000
13292514.000000 818.000000 417.000000
13284837.000000 815.000000 626.000000
13296462.000000 819.000000 252.000000
13278546.000000 818.000000 415.000000
13285991.000000 816.000000 499.000000
13285464.000000 813.000000 580.000000
13298605.000000 816.000000 576.000000
13288762.000000 815.000000 306.000000
13295842.000000 818.000000 680.000000
13296196.000000 823.000000 531.000000
13276196.000000 823.000000 546.000000
13275009.000000 817.000000 574.000000
13289018.000000 818.000000 704.000000
13287255.000000 821.000000 684.000000
13290892.000000 820.000000 663.000000
13278477.000000 817.000000 601.000000
13293663.000000 819.000000 543.000000
13285958.000000 818.000000 564.000000
13290841.000000 818.000000 245.000000
13286313.000000 819.000000 674.000000
13289243.000000 815.000000 695.000000
13286649.000000 816.000000 263.000000
13283275.000000 816.000000 622.000000
13288872.000000 826.000000 631.000000
13282180.000000 823.000000 579.000000
13276131.000000 825.000000 557.000000
13297228.000000 808.000000 324.000000
13286897.000000 820.000000 709.000000
13301122.000000 815.000000 337.000000
13286343.000000 818.000000 499.000000
13286641.000000 817.000000 638.000000
13276710.000000 810.000000 650.000000
13281709.000000 826.000000 455.000000
13297553.000000 819.000000 547.000000
13289104.000000 821.000000 298.000000
13300510.000000 821.000000 371.000000
13292965.000000 817.000000 704.000000
13288018.000000 814.000000 431.000000
13293767.000000 817.000000 471.000000
13286590.000000 818.000000 672.000000
13299480.000000 818.000000 574.000000
13284160.000000 819.000000 666.000000
13297178.000000 819.000000 577.000000
13288285.000000 829.000000 689.000000
13282755.000000 823.000000 594.000000
13296328.000000 813.000000 610.000000
13287166.000000 817.000000 664.000000
13287407.000000 823.000000 534.000000
13238461.000000 811.000000 695.000000
13289580.000000 816.000000 699.000000
