45431919.000000 1206.000000 13.000000
45355665.000000 1311.000000 11.000000
45617966.000000 1146.000000 9.000000
45401745.000000 1164.000000 9.000000
45243996.000000 1318.000000 12.000000
45495996.000000 1118.000000 9.000000
45396342.000000 1143.000000 9.000000
45423897.000000 1210.000000 8.000000
45690405.000000 1005.000000 11.000000
45655389.000000 1037.000000 9.000000
45223916.000000 1353.000000 11.000000
45105326.000000 1226.000000 10.000000
45605594.000000 1155.000000 9.000000
45515811.000000 1232.000000 9.000000
45125822.000000 1201.000000 9.000000
45539893.000000 1552.000000 12.000000
45336830.000000 1091.000000 15.000000
45381087.000000 1306.000000 9.000000
45627052.000000 1238.000000 10.000000
45610841.000000 1126.000000 10.000000
45450777.000000 1165.000000 10.000000
45612432.000000 1321.000000 9.000000
45532296.000000 1089.000000 10.000000
45600505.000000 1322.000000 10.000000
45099413.000000 1116.000000 9.000000
45626219.000000 1188.000000 12.000000
45671907.000000 1012.000000 9.000000
45673199.000000 1004.000000 9.000000
45690611.000000 1015.000000 9.000000
45652172.000000 1085.000000 10.000000
45592156.000000 1129.000000 11.000000
45577177.000000 1101.000000 9.000000
45553711.000000 1081.000000 9.000000
45272257.000000 1179.000000 9.000000
45690889.000000 1429.000000 9.000000
45560424.000000 1114.000000 11.000000
45261417.000000 1392.000000 9.000000
45676702.000000 1058.000000 9.000000
45569681.000000 1296.000000 8.000000
45681901.000000 1338.000000 10.000000
45582026.000000 1156.000000 10.000000
45296082.000000 1094.000000 25.000000
45653693.000000 1050.000000 10.000000
45706422.000000 975.000000 9.000000
45248832.000000 1104.000000 9.000000
45156099.000000 1668.000000 9.000000
45281082.000000 1340.000000 9.000000
45655873.000000 1496.000000 11.000000
45380627.000000 1209.000000 10.000000
45434527.000000 1245.000000 9.000000
45665641.000000 1039.000000 9.000000
45597798.000000 1115.000000 9.000000
45689227.000000 1054.000000 9.000000
45300384.000000 1107.000000 9.000000
45454216.000000 1013.000000 7.000000
45703840.000000 1010.000000 14.000000
45527537.000000 1176.000000 9.000000
45601289.000000 1119.000000 9.000000
45678437.000000 1106.000000 18.000000
45557073.000000 1115.000000 10.000000
45605222.000000 1241.000000 9.000000
45641694.000000 998.000000 9.000000
45618942.000000 1326.000000 11.000000
45291766.000000 1104.000000 11.000000
45605289.000000 1052.000000 9.000000
45610453.000000 1367.000000 9.000000
45611643.000000 1165.000000 10.000000
45083218.000000 1154.000000 9.000000
45453909.000000 1101.000000 10.000000
45478573.000000 1098.000000 10.000000
45332587.000000 1011.000000 9.000000
45707041.000000 1157.000000 9.000000
45537759.000000 1096.000000 9.000000
45401828.000000 1122.000000 42.000000
45601355.000000 1099.000000 11.000000
45711527.000000 1089.000000 8.000000
45538697.000000 1087.000000 10.000000
45704058.000000 1012.000000 9.000000
45514342.000000 1175.000000 9.000000
45673353.000000 1103.000000 9.000000
45649145.000000 1139.000000 9.000000
45593356.000000 1141.000000 7.000000
45587889.000000 1124.000000 9.000000
45598548.000000 1103.000000 10.000000
45361003.000000 1209.000000 9.000000
45278825.000000 1157.000000 9.000000
45415567.000000 1242.000000 9.000000
45602111.000000 1120.000000 9.000000
45626151.000000 1140.000000 9.000000
45610016.000000 1138.000000 7.000000
45225965.000000 1169.000000 9.000000
45563619.000000 1329.000000 9.000000
45345233.000000 1254.000000 9.000000
45606354.000000 1172.000000 9.000000
45664459.000000 1176.000000 9.000000
45628234.000000 981.000000 9.000000
45582168.000000 1246.000000 9.000000
45443168.000000 1101.000000 9.000000
45696042.000000 1045.000000 9.000000
45541246.000000 1148.000000 9.000000
