44771828.000000 1044.000000 34.000000
44719421.000000 967.000000 33.000000
44827210.000000 1019.000000 31.000000
44774474.000000 968.000000 36.000000
44808654.000000 1023.000000 35.000000
44787946.000000 974.000000 34.000000
44906809.000000 918.000000 35.000000
44760003.000000 997.000000 38.000000
44721862.000000 996.000000 33.000000
45307336.000000 816.000000 42.000000
44879691.000000 1001.000000 33.000000
44740214.000000 984.000000 29.000000
44854419.000000 933.000000 33.000000
44896032.000000 1027.000000 34.000000
44803489.000000 986.000000 32.000000
44835842.000000 1024.000000 33.000000
44781050.000000 980.000000 35.000000
42532618.000000 1780.000000 45.000000
44889426.000000 1000.000000 34.000000
44903521.000000 1044.000000 34.000000
44644933.000000 1000.000000 33.000000
44650596.000000 1016.000000 34.000000
42317588.000000 1890.000000 44.000000
42483402.000000 1765.000000 44.000000
44799541.000000 977.000000 33.000000
44825295.000000 1138.000000 33.000000
44778840.000000 967.000000 33.000000
44722161.000000 1013.000000 33.000000
44750362.000000 1003.000000 33.000000
44815919.000000 1125.000000 33.000000
44829718.000000 1010.000000 34.000000
44687772.000000 948.000000 39.000000
44760369.000000 939.000000 35.000000
42489943.000000 1907.000000 45.000000
44928911.000000 1060.000000 33.000000
44774307.000000 946.000000 31.000000
44791715.000000 1001.000000 35.000000
44853040.000000 998.000000 33.000000
42528106.000000 1996.000000 45.000000
44667634.000000 1098.000000 35.000000
44891435.000000 1059.000000 33.000000
44771140.000000 1073.000000 37.000000
44810719.000000 1029.000000 33.000000
45520515.000000 748.000000 37.000000
44897358.000000 997.000000 32.000000
44733105.000000 1179.000000 34.000000
44761563.000000 982.000000 36.000000
44853141.000000 930.000000 40.000000
44809075.000000 1001.000000 35.000000
44684480.000000 970.000000 40.000000
44806801.000000 1051.000000 32.000000
42414044.000000 1989.000000 46.000000
44687457.000000 1038.000000 37.000000
44752872.000000 998.000000 35.000000
44819324.000000 1058.000000 34.000000
44742594.000000 1010.000000 25.000000
44772232.000000 1060.000000 36.000000
44735071.000000 1056.000000 36.000000
44623065.000000 987.000000 38.000000
44931215.000000 1030.000000 32.000000
44782379.000000 1083.000000 33.000000
44887709.000000 941.000000 32.000000
44953310.000000 1020.000000 35.000000
44770911.000000 945.000000 32.000000
44836003.000000 1054.000000 34.000000
44724551.000000 935.000000 33.000000
44738105.000000 1037.000000 34.000000
44940050.000000 1018.000000 35.000000
44832694.000000 993.000000 35.000000
44907548.000000 971.000000 33.000000
44854066.000000 1007.000000 33.000000
42429497.000000 1665.000000 34.000000
44750423.000000 983.000000 34.000000
44728286.000000 1045.000000 22.000000
44873501.000000 903.000000 37.000000
44735564.000000 988.000000 32.000000
44738960.000000 1011.000000 32.000000
44727525.000000 1002.000000 33.000000
44641180.000000 973.000000 38.000000
43892292.000000 1213.000000 29.000000
44939403.000000 1005.000000 34.000000
44852877.000000 1010.000000 34.000000
44831016.000000 948.000000 33.000000
44727000.000000 952.000000 32.000000
44687418.000000 1037.000000 38.000000
44898506.000000 1030.000000 33.000000
44647533.000000 1123.000000 36.000000
44686342.000000 972.000000 39.000000
44795110.000000 938.000000 33.000000
44873410.000000 1035.000000 33.000000
44754590.000000 1025.000000 34.000000
44930636.000000 1002.000000 34.000000
44701523.000000 968.000000 37.000000
44785850.000000 973.000000 36.000000
44703021.000000 901.000000 38.000000
44889376.000000 1037.000000 34.000000
44875275.000000 1038.000000 34.000000
44642302.000000 940.000000 38.000000
44776159.000000 934.000000 33.000000
