43543378.000000 1743.000000 38.000000
43444118.000000 1670.000000 18.000000
43250243.000000 1945.000000 82.000000
43588279.000000 1914.000000 64.000000
43482960.000000 1551.000000 49.000000
43671463.000000 1931.000000 61.000000
43599275.000000 2073.000000 28.000000
43459438.000000 1696.000000 123.000000
43531531.000000 1849.000000 50.000000
43656965.000000 1990.000000 24.000000
43643036.000000 1560.000000 26.000000
43649030.000000 1751.000000 18.000000
43445292.000000 1816.000000 50.000000
43621412.000000 2354.000000 33.000000
43557529.000000 1891.000000 22.000000
43598370.000000 1632.000000 15.000000
43553917.000000 1822.000000 94.000000
43329165.000000 1906.000000 28.000000
43397748.000000 1878.000000 39.000000
43396517.000000 1837.000000 42.000000
43596988.000000 1871.000000 27.000000
43556431.000000 1680.000000 69.000000
43559149.000000 1677.000000 47.000000
43106969.000000 1896.000000 53.000000
43538874.000000 1646.000000 11.000000
43359874.000000 1763.000000 23.000000
43143578.000000 2106.000000 40.000000
43618880.000000 1703.000000 25.000000
43536132.000000 1880.000000 156.000000
43569408.000000 1804.000000 9.000000
43595183.000000 1867.000000 45.000000
43634206.000000 1721.000000 44.000000
43384731.000000 1848.000000 37.000000
43442250.000000 1618.000000 32.000000
43412918.000000 1754.000000 32.000000
43557944.000000 1802.000000 17.000000
43437964.000000 1849.000000 70.000000
43478281.000000 1881.000000 21.000000
43584808.000000 1707.000000 67.000000
43397510.000000 1917.000000 18.000000
43589795.000000 1736.000000 41.000000
43537038.000000 1810.000000 42.000000
43511663.000000 2031.000000 133.000000
43334857.000000 1700.000000 29.000000
43389429.000000 1816.000000 44.000000
43574353.000000 1689.000000 42.000000
43444311.000000 1829.000000 45.000000
43586191.000000 2024.000000 65.000000
43571940.000000 1629.000000 31.000000
43572579.000000 1702.000000 28.000000
43598062.000000 2011.000000 68.000000
43590279.000000 1836.000000 50.000000
43345975.000000 1781.000000 43.000000
43650492.000000 1660.000000 49.000000
43689396.000000 1677.000000 43.000000
43460953.000000 1606.000000 55.000000
43600274.000000 1586.000000 44.000000
43534722.000000 1777.000000 57.000000
43444554.000000 1734.000000 96.000000
43450658.000000 1852.000000 31.000000
43435669.000000 1687.000000 31.000000
43529332.000000 1732.000000 49.000000
43596658.000000 1857.000000 53.000000
43601966.000000 1748.000000 32.000000
43737069.000000 1697.000000 21.000000
43508461.000000 1601.000000 50.000000
43569993.000000 1792.000000 77.000000
43622721.000000 1658.000000 29.000000
43586241.000000 1738.000000 35.000000
43430025.000000 1684.000000 36.000000
43632121.000000 1806.000000 3.000000
43593971.000000 1766.000000 26.000000
43426732.000000 1656.000000 65.000000
43522879.000000 1717.000000 38.000000
43595144.000000 1808.000000 59.000000
43526989.000000 1742.000000 35.000000
43506403.000000 1748.000000 51.000000
43584490.000000 1676.000000 73.000000
43639539.000000 1858.000000 50.000000
43614327.000000 1661.000000 18.000000
43495725.000000 1844.000000 33.000000
43637996.000000 1700.000000 58.000000
43344325.000000 1626.000000 36.000000
43627565.000000 1649.000000 44.000000
43313352.000000 1843.000000 52.000000
43455869.000000 1600.000000 43.000000
43674687.000000 1813.000000 29.000000
43592198.000000 1701.000000 66.000000
43612203.000000 1688.000000 28.000000
43639078.000000 1804.000000 23.000000
43314830.000000 2136.000000 440.000000
43604529.000000 1933.000000 78.000000
43599491.000000 1742.000000 56.000000
43351446.000000 2268.000000 113.000000
43609554.000000 1875.000000 20.000000
43415517.000000 1814.000000 32.000000
43593328.000000 1857.000000 34.000000
43568593.000000 1695.000000 24.000000
43136415.000000 1831.000000 48.000000
43620517.000000 1537.000000 42.000000
