43750089.000000 938.000000 6.000000
44384689.000000 1174.000000 6.000000
44065424.000000 1177.000000 7.000000
44158790.000000 1039.000000 8.000000
44040911.000000 1127.000000 11.000000
44235325.000000 1020.000000 8.000000
44301831.000000 1005.000000 7.000000
44352703.000000 1017.000000 6.000000
44960848.000000 843.000000 9.000000
44123633.000000 1093.000000 9.000000
44299930.000000 896.000000 6.000000
44088785.000000 1136.000000 9.000000
44062211.000000 1397.000000 7.000000
43607733.000000 910.000000 7.000000
44031861.000000 939.000000 12.000000
44324403.000000 888.000000 7.000000
44028699.000000 1164.000000 8.000000
43921221.000000 942.000000 7.000000
44385736.000000 850.000000 6.000000
43988335.000000 983.000000 7.000000
44287401.000000 867.000000 13.000000
43840567.000000 912.000000 11.000000
43622120.000000 1084.000000 8.000000
44136187.000000 1385.000000 7.000000
44079092.000000 987.000000 9.000000
44423772.000000 925.000000 6.000000
44334253.000000 1032.000000 12.000000
44290918.000000 1103.000000 6.000000
44081190.000000 1479.000000 10.000000
44058172.000000 1097.000000 6.000000
44151592.000000 967.000000 7.000000
44398726.000000 885.000000 7.000000
44436926.000000 1033.000000 9.000000
43647012.000000 853.000000 6.000000
44290516.000000 1107.000000 10.000000
44249997.000000 1187.000000 6.000000
44229669.000000 1032.000000 6.000000
43594437.000000 1063.000000 6.000000
44383150.000000 979.000000 6.000000
43903682.000000 867.000000 9.000000
43963665.000000 1138.000000 6.000000
44380303.000000 928.000000 14.000000
44261597.000000 928.000000 12.000000
44197894.000000 884.000000 6.000000
44483947.000000 924.000000 7.000000
44185569.000000 1213.000000 5.000000
44161668.000000 1012.000000 7.000000
44177999.000000 927.000000 6.000000
43690626.000000 1039.000000 6.000000
44320007.000000 1741.000000 5.000000
44093753.000000 1113.000000 6.000000
44227795.000000 929.000000 6.000000
43657069.000000 1189.000000 7.000000
44396897.000000 1141.000000 6.000000
44181741.000000 1055.000000 6.000000
43956829.000000 950.000000 7.000000
44406340.000000 1261.000000 6.000000
44348583.000000 912.000000 6.000000
43892432.000000 1099.000000 6.000000
44307357.000000 1271.000000 6.000000
44139941.000000 975.000000 6.000000
43836232.000000 1024.000000 6.000000
44511700.000000 942.000000 6.000000
44174754.000000 1717.000000 6.000000
43881107.000000 1013.000000 7.000000
44192975.000000 862.000000 5.000000
44219948.000000 893.000000 6.000000
44350792.000000 922.000000 6.000000
44308615.000000 1063.000000 6.000000
44082665.000000 1550.000000 6.000000
44336705.000000 906.000000 7.000000
43996211.000000 1148.000000 5.000000
43907181.000000 1238.000000 8.000000
44186291.000000 862.000000 6.000000
43849412.000000 1066.000000 5.000000
43642805.000000 823.000000 7.000000
44134922.000000 984.000000 6.000000
43897268.000000 855.000000 6.000000
44295795.000000 995.000000 2.000000
44304146.000000 886.000000 6.000000
44143155.000000 1034.000000 8.000000
44241747.000000 1320.000000 5.000000
44188151.000000 907.000000 6.000000
44228023.000000 884.000000 5.000000
44292207.000000 1091.000000 6.000000
44172818.000000 1018.000000 7.000000
43923885.000000 971.000000 6.000000
43989517.000000 876.000000 6.000000
43794381.000000 840.000000 6.000000
44225166.000000 1240.000000 6.000000
44056684.000000 1064.000000 6.000000
43932840.000000 1204.000000 6.000000
44068713.000000 821.000000 6.000000
44491807.000000 897.000000 9.000000
44269407.000000 849.000000 6.000000
44185484.000000 983.000000 7.000000
44349605.000000 1019.000000 6.000000
44078761.000000 1282.000000 6.000000
44343432.000000 1138.000000 7.000000
44233984.000000 979.000000 7.000000
