39681823.000000 1408.000000 203.000000
39641555.000000 1729.000000 236.000000
39705128.000000 1925.000000 199.000000
39686678.000000 1310.000000 253.000000
39711052.000000 1499.000000 182.000000
39666080.000000 1635.000000 128.000000
39615766.000000 1970.000000 221.000000
39613823.000000 2504.000000 191.000000
39695253.000000 1554.000000 201.000000
39614377.000000 1400.000000 216.000000
39628837.000000 1476.000000 207.000000
39675515.000000 1294.000000 213.000000
39718696.000000 2277.000000 183.000000
39673121.000000 1651.000000 217.000000
39635583.000000 1514.000000 184.000000
39692094.000000 2628.000000 208.000000
39734230.000000 1541.000000 185.000000
39692884.000000 1522.000000 209.000000
39698506.000000 1517.000000 211.000000
39682623.000000 1352.000000 199.000000
39625700.000000 1493.000000 190.000000
39706395.000000 1395.000000 212.000000
39681097.000000 1263.000000 214.000000
39749609.000000 1663.000000 177.000000
39646590.000000 1324.000000 211.000000
39669404.000000 1854.000000 209.000000
39658380.000000 1606.000000 203.000000
39743188.000000 1632.000000 203.000000
39699944.000000 1934.000000 207.000000
39729361.000000 1418.000000 235.000000
39646833.000000 2773.000000 197.000000
39715215.000000 1686.000000 201.000000
39619243.000000 1583.000000 217.000000
39740744.000000 1355.000000 212.000000
39623509.000000 1535.000000 225.000000
39618189.000000 4198.000000 206.000000
39733329.000000 1366.000000 189.000000
39699745.000000 1792.000000 200.000000
39701369.000000 1269.000000 201.000000
39694079.000000 1465.000000 192.000000
39722762.000000 1477.000000 194.000000
39711331.000000 1744.000000 198.000000
39618744.000000 1781.000000 224.000000
39722667.000000 1874.000000 177.000000
39660572.000000 1417.000000 205.000000
39594038.000000 1609.000000 199.000000
39702118.000000 1289.000000 192.000000
39755563.000000 1287.000000 175.000000
39680839.000000 1845.000000 187.000000
39700015.000000 1425.000000 194.000000
39635358.000000 1445.000000 191.000000
39705559.000000 1317.000000 221.000000
39731535.000000 1538.000000 200.000000
39704102.000000 1553.000000 193.000000
39641867.000000 1439.000000 219.000000
39722961.000000 1546.000000 192.000000
39736912.000000 1413.000000 211.000000
39603850.000000 1781.000000 187.000000
39690346.000000 1381.000000 179.000000
40825893.000000 2039.000000 0.000000
39678830.000000 1925.000000 189.000000
39742081.000000 1373.000000 210.000000
39714728.000000 1604.000000 206.000000
39736263.000000 2385.000000 188.000000
39741139.000000 1562.000000 196.000000
39796140.000000 2330.000000 131.000000
39749557.000000 1344.000000 212.000000
39605334.000000 1341.000000 215.000000
39746370.000000 1459.000000 206.000000
39700946.000000 2668.000000 199.000000
39677251.000000 1518.000000 200.000000
39712542.000000 1465.000000 207.000000
39626643.000000 2740.000000 219.000000
39665126.000000 1324.000000 203.000000
39671248.000000 1500.000000 188.000000
39725756.000000 1442.000000 193.000000
39755542.000000 1471.000000 199.000000
39718918.000000 1574.000000 211.000000
39672145.000000 1359.000000 204.000000
39693598.000000 1439.000000 186.000000
39612777.000000 1981.000000 209.000000
39706285.000000 1540.000000 222.000000
39683199.000000 1489.000000 190.000000
39744956.000000 2363.000000 190.000000
39677141.000000 1416.000000 205.000000
39736593.000000 1384.000000 200.000000
39614420.000000 1290.000000 184.000000
39731844.000000 1397.000000 220.000000
39511112.000000 1838.000000 206.000000
39736161.000000 1539.000000 221.000000
39689360.000000 1403.000000 229.000000
39597521.000000 1460.000000 204.000000
39746376.000000 1423.000000 197.000000
39765229.000000 1627.000000 193.000000
39560079.000000 1607.000000 165.000000
39703329.000000 1471.000000 201.000000
39606373.000000 1347.000000 214.000000
39673093.000000 1377.000000 216.000000
39612564.000000 1379.000000 216.000000
39765745.000000 1601.000000 170.000000
