39631473.000000 1553.000000 244.000000
39666784.000000 1472.000000 223.000000
39712175.000000 1596.000000 222.000000
39659680.000000 1549.000000 230.000000
39656576.000000 1328.000000 245.000000
39745845.000000 1338.000000 227.000000
39718945.000000 1279.000000 218.000000
39736970.000000 1843.000000 212.000000
39698997.000000 1559.000000 228.000000
39739091.000000 1598.000000 226.000000
39674824.000000 2621.000000 217.000000
39609737.000000 1622.000000 240.000000
39689673.000000 2035.000000 229.000000
39663453.000000 1370.000000 227.000000
39678114.000000 1692.000000 218.000000
39638613.000000 2078.000000 232.000000
39682642.000000 2268.000000 216.000000
39735381.000000 1780.000000 217.000000
39690666.000000 1532.000000 235.000000
39758925.000000 1489.000000 222.000000
39680480.000000 1588.000000 232.000000
39728132.000000 1747.000000 236.000000
39644221.000000 1455.000000 241.000000
39684358.000000 2195.000000 215.000000
39723995.000000 1505.000000 240.000000
39627724.000000 1517.000000 234.000000
39694955.000000 1667.000000 239.000000
39666112.000000 1763.000000 227.000000
39727371.000000 1335.000000 232.000000
39705789.000000 1481.000000 222.000000
39622064.000000 1413.000000 242.000000
39677976.000000 1360.000000 244.000000
39659365.000000 1351.000000 225.000000
39549149.000000 1526.000000 239.000000
39714784.000000 1875.000000 210.000000
39608371.000000 1496.000000 249.000000
39614894.000000 1474.000000 240.000000
39729366.000000 1434.000000 221.000000
39616814.000000 1735.000000 227.000000
39700276.000000 1478.000000 228.000000
39680516.000000 1442.000000 228.000000
39698527.000000 1846.000000 225.000000
39606229.000000 1655.000000 233.000000
39725012.000000 1570.000000 227.000000
39712694.000000 1569.000000 224.000000
39692447.000000 1457.000000 214.000000
40783669.000000 1905.000000 0.000000
39713777.000000 1348.000000 202.000000
39703394.000000 1674.000000 222.000000
39707348.000000 1652.000000 205.000000
39713039.000000 1436.000000 235.000000
39716347.000000 1584.000000 234.000000
39705388.000000 1807.000000 225.000000
39941505.000000 1716.000000 183.000000
39721406.000000 1617.000000 224.000000
39567626.000000 1447.000000 226.000000
39674684.000000 1443.000000 255.000000
39688252.000000 1588.000000 240.000000
39643808.000000 1478.000000 246.000000
39692717.000000 1594.000000 238.000000
39758923.000000 1463.000000 230.000000
39571347.000000 1793.000000 252.000000
39660869.000000 1771.000000 236.000000
39722892.000000 1669.000000 232.000000
39596080.000000 1509.000000 205.000000
39709898.000000 1513.000000 233.000000
39670638.000000 1715.000000 231.000000
39606745.000000 1625.000000 232.000000
39752595.000000 1471.000000 229.000000
39761722.000000 1313.000000 223.000000
39722482.000000 1818.000000 215.000000
39718134.000000 1499.000000 236.000000
39687469.000000 1581.000000 242.000000
39669957.000000 1661.000000 215.000000
39726606.000000 1731.000000 229.000000
39949278.000000 2364.000000 145.000000
39739867.000000 1529.000000 225.000000
39644022.000000 1681.000000 229.000000
39726019.000000 1650.000000 213.000000
39702324.000000 1636.000000 230.000000
39712662.000000 1558.000000 220.000000
40740959.000000 1391.000000 0.000000
39720047.000000 1795.000000 208.000000
39679294.000000 1459.000000 227.000000
39762083.000000 1457.000000 213.000000
39694346.000000 1737.000000 219.000000
39690259.000000 1530.000000 241.000000
39680794.000000 1543.000000 230.000000
39691357.000000 1397.000000 240.000000
39515325.000000 1592.000000 221.000000
39711271.000000 1883.000000 238.000000
39723018.000000 1402.000000 229.000000
39703464.000000 1620.000000 224.000000
40368763.000000 1802.000000 116.000000
39723714.000000 1594.000000 237.000000
39656555.000000 2289.000000 234.000000
39728009.000000 1415.000000 224.000000
39618132.000000 1823.000000 241.000000
39730500.000000 1538.000000 232.000000
39668214.000000 1677.000000 227.000000
