39114446.000000 369.000000 225.000000
39180586.000000 437.000000 235.000000
39197660.000000 399.000000 225.000000
39213941.000000 335.000000 228.000000
39139559.000000 400.000000 225.000000
39167362.000000 470.000000 249.000000
39159539.000000 423.000000 237.000000
39167835.000000 406.000000 238.000000
39179820.000000 392.000000 234.000000
39191000.000000 346.000000 245.000000
39215274.000000 500.000000 235.000000
39171939.000000 460.000000 236.000000
39189123.000000 371.000000 243.000000
39112428.000000 378.000000 233.000000
39218424.000000 383.000000 227.000000
39199651.000000 426.000000 256.000000
39181693.000000 434.000000 225.000000
39213099.000000 397.000000 233.000000
39201366.000000 343.000000 239.000000
39223030.000000 389.000000 239.000000
39170040.000000 462.000000 235.000000
39202414.000000 360.000000 238.000000
39195115.000000 386.000000 237.000000
39190664.000000 383.000000 225.000000
39139724.000000 530.000000 244.000000
39194104.000000 374.000000 247.000000
39185388.000000 360.000000 222.000000
39146754.000000 372.000000 235.000000
39183342.000000 446.000000 229.000000
39145829.000000 426.000000 228.000000
39197350.000000 351.000000 230.000000
39182754.000000 741.000000 242.000000
39176291.000000 536.000000 229.000000
39187899.000000 380.000000 222.000000
39189650.000000 388.000000 259.000000
39214591.000000 558.000000 236.000000
39159011.000000 505.000000 241.000000
39213615.000000 436.000000 238.000000
39185330.000000 449.000000 235.000000
39111700.000000 497.000000 240.000000
39181393.000000 348.000000 231.000000
39213331.000000 334.000000 226.000000
39153461.000000 425.000000 231.000000
39174612.000000 372.000000 241.000000
39216857.000000 422.000000 232.000000
39232368.000000 404.000000 222.000000
39116849.000000 755.000000 230.000000
39085335.000000 349.000000 228.000000
39222922.000000 353.000000 231.000000
39212031.000000 448.000000 258.000000
39195273.000000 500.000000 242.000000
39204959.000000 421.000000 247.000000
39199093.000000 534.000000 251.000000
39180620.000000 618.000000 237.000000
39164882.000000 554.000000 223.000000
39193591.000000 361.000000 247.000000
39181341.000000 494.000000 237.000000
39170731.000000 419.000000 260.000000
39198494.000000 377.000000 252.000000
39169998.000000 586.000000 244.000000
39216826.000000 364.000000 236.000000
39222697.000000 461.000000 239.000000
39016027.000000 495.000000 235.000000
39180466.000000 423.000000 254.000000
39150843.000000 452.000000 229.000000
39233887.000000 410.000000 236.000000
39184982.000000 402.000000 252.000000
39202557.000000 547.000000 233.000000
39214617.000000 410.000000 231.000000
39179257.000000 349.000000 240.000000
39196969.000000 337.000000 237.000000
39185048.000000 386.000000 245.000000
39160403.000000 456.000000 237.000000
39167279.000000 423.000000 217.000000
39169000.000000 410.000000 241.000000
39199146.000000 404.000000 267.000000
39211155.000000 417.000000 223.000000
39224621.000000 453.000000 236.000000
39172011.000000 345.000000 247.000000
39170965.000000 568.000000 241.000000
39176927.000000 398.000000 243.000000
39164796.000000 357.000000 239.000000
39157439.000000 423.000000 244.000000
39175331.000000 508.000000 222.000000
39199176.000000 342.000000 218.000000
39171549.000000 418.000000 236.000000
39206041.000000 430.000000 236.000000
39164459.000000 382.000000 223.000000
39195150.000000 502.000000 230.000000
39216321.000000 354.000000 218.000000
39213968.000000 656.000000 228.000000
39128118.000000 397.000000 235.000000
39203302.000000 341.000000 230.000000
39182365.000000 452.000000 236.000000
39187915.000000 348.000000 216.000000
39164882.000000 414.000000 242.000000
39197505.000000 419.000000 232.000000
39135869.000000 395.000000 229.000000
39190285.000000 367.000000 245.000000
39194504.000000 687.000000 227.000000
