44805059.000000 1384.000000 3.000000
44837343.000000 1486.000000 3.000000
44680260.000000 1636.000000 2.000000
44855056.000000 1284.000000 3.000000
44457839.000000 1632.000000 4.000000
45010645.000000 1562.000000 3.000000
44855471.000000 1463.000000 3.000000
44872950.000000 1647.000000 3.000000
44361083.000000 1579.000000 3.000000
44791371.000000 1292.000000 3.000000
44638989.000000 1541.000000 3.000000
45287196.000000 943.000000 4.000000
44836783.000000 1586.000000 4.000000
44853291.000000 1405.000000 3.000000
44858772.000000 1390.000000 3.000000
44930455.000000 1411.000000 3.000000
44702960.000000 1935.000000 3.000000
44885589.000000 1253.000000 3.000000
44943405.000000 1553.000000 3.000000
44835154.000000 1289.000000 3.000000
44848064.000000 1475.000000 4.000000
44904639.000000 1814.000000 3.000000
44829143.000000 1387.000000 3.000000
44849648.000000 1349.000000 3.000000
44581834.000000 1638.000000 3.000000
44295987.000000 1765.000000 3.000000
44839532.000000 1356.000000 3.000000
44470679.000000 1749.000000 3.000000
44913023.000000 1390.000000 5.000000
44959777.000000 1322.000000 4.000000
44580396.000000 1529.000000 3.000000
44831344.000000 1317.000000 3.000000
44406274.000000 1688.000000 4.000000
44882583.000000 1488.000000 4.000000
44788735.000000 1444.000000 3.000000
44776899.000000 1489.000000 3.000000
44822486.000000 1267.000000 3.000000
44608032.000000 1555.000000 3.000000
44531849.000000 1468.000000 3.000000
44902333.000000 1488.000000 3.000000
44890248.000000 1296.000000 3.000000
44484386.000000 1520.000000 3.000000
44970252.000000 1601.000000 3.000000
44895771.000000 1387.000000 4.000000
44815640.000000 1445.000000 4.000000
44814894.000000 1286.000000 3.000000
44854717.000000 1355.000000 4.000000
44855925.000000 1396.000000 3.000000
44681478.000000 1670.000000 3.000000
44873902.000000 1832.000000 3.000000
44711239.000000 1339.000000 3.000000
44526543.000000 1536.000000 3.000000
44677913.000000 1673.000000 3.000000
44944104.000000 1352.000000 4.000000
44506705.000000 1674.000000 3.000000
44848356.000000 1349.000000 4.000000
44465968.000000 1711.000000 4.000000
44863609.000000 1296.000000 3.000000
44866004.000000 1461.000000 4.000000
44909427.000000 1252.000000 3.000000
44570213.000000 1578.000000 3.000000
44932955.000000 1411.000000 3.000000
44571351.000000 1573.000000 3.000000
44831790.000000 1365.000000 3.000000
44867497.000000 1408.000000 3.000000
44956422.000000 1410.000000 3.000000
44865067.000000 1593.000000 3.000000
44798987.000000 1532.000000 3.000000
44480946.000000 1892.000000 3.000000
44853478.000000 1317.000000 3.000000
44871028.000000 1462.000000 3.000000
44777306.000000 1496.000000 3.000000
44588199.000000 1297.000000 3.000000
44793272.000000 1272.000000 3.000000
44829954.000000 1410.000000 3.000000
44943928.000000 1620.000000 3.000000
44726849.000000 1614.000000 3.000000
44649144.000000 1802.000000 3.000000
44829622.000000 1381.000000 2.000000
44713215.000000 1403.000000 3.000000
44646773.000000 1549.000000 3.000000
44885463.000000 1347.000000 3.000000
44536139.000000 1534.000000 3.000000
44742158.000000 1320.000000 2.000000
44589566.000000 1924.000000 3.000000
44809187.000000 1681.000000 3.000000
44901975.000000 1343.000000 4.000000
44844499.000000 1407.000000 3.000000
44567925.000000 1434.000000 3.000000
44983723.000000 1977.000000 3.000000
44796509.000000 1673.000000 3.000000
44868499.000000 1278.000000 3.000000
44913748.000000 1558.000000 3.000000
44810855.000000 1518.000000 3.000000
44987817.000000 978.000000 3.000000
44897056.000000 1361.000000 3.000000
44793541.000000 1659.000000 3.000000
44843424.000000 1311.000000 3.000000
44841536.000000 1256.000000 3.000000
44798818.000000 1225.000000 3.000000
