48101890.000000 41.000000 30.000000
48338675.000000 40.000000 27.000000
48153807.000000 46.000000 30.000000
48362988.000000 54.000000 30.000000
48373081.000000 42.000000 29.000000
48383863.000000 35.000000 28.000000
48364704.000000 44.000000 27.000000
48426513.000000 39.000000 28.000000
48368930.000000 39.000000 29.000000
48332257.000000 42.000000 32.000000
48454256.000000 34.000000 27.000000
48466551.000000 40.000000 28.000000
48418964.000000 43.000000 27.000000
48164667.000000 44.000000 31.000000
48155895.000000 46.000000 32.000000
48133024.000000 45.000000 30.000000
48200339.000000 40.000000 30.000000
48394292.000000 45.000000 27.000000
48420125.000000 44.000000 28.000000
48216794.000000 43.000000 27.000000
48228325.000000 35.000000 28.000000
48504533.000000 34.000000 25.000000
48210103.000000 34.000000 27.000000
48479555.000000 34.000000 24.000000
48121976.000000 33.000000 29.000000
48481126.000000 34.000000 27.000000
48093077.000000 40.000000 32.000000
48237999.000000 34.000000 28.000000
48386307.000000 44.000000 27.000000
48102236.000000 35.000000 28.000000
48460938.000000 38.000000 28.000000
48381347.000000 33.000000 25.000000
48414088.000000 44.000000 30.000000
48392413.000000 37.000000 28.000000
48385013.000000 43.000000 30.000000
48438801.000000 38.000000 27.000000
48324847.000000 44.000000 28.000000
48100539.000000 40.000000 29.000000
48312073.000000 34.000000 29.000000
48407404.000000 45.000000 29.000000
48415835.000000 36.000000 28.000000
48444030.000000 37.000000 27.000000
48399884.000000 36.000000 30.000000
48435003.000000 42.000000 28.000000
48388212.000000 40.000000 30.000000
48442397.000000 35.000000 27.000000
48417219.000000 49.000000 28.000000
48250292.000000 46.000000 30.000000
48460291.000000 48.000000 27.000000
48429530.000000 41.000000 28.000000
48509826.000000 31.000000 25.000000
48503794.000000 64.000000 28.000000
48190632.000000 41.000000 28.000000
48067006.000000 42.000000 28.000000
48441207.000000 31.000000 24.000000
48136678.000000 63.000000 31.000000
48444238.000000 39.000000 28.000000
48423941.000000 43.000000 30.000000
48426875.000000 31.000000 27.000000
48453573.000000 37.000000 27.000000
48316564.000000 39.000000 28.000000
48427937.000000 33.000000 23.000000
48145818.000000 37.000000 30.000000
48128282.000000 40.000000 31.000000
48241108.000000 53.000000 30.000000
48167994.000000 44.000000 29.000000
48489620.000000 39.000000 27.000000
48489011.000000 37.000000 27.000000
48119250.000000 43.000000 30.000000
48463285.000000 40.000000 30.000000
48130638.000000 55.000000 28.000000
48458326.000000 36.000000 25.000000
48230153.000000 60.000000 30.000000
48386679.000000 44.000000 30.000000
48092466.000000 43.000000 30.000000
48108835.000000 43.000000 30.000000
48173228.000000 63.000000 30.000000
48197614.000000 35.000000 27.000000
48058952.000000 42.000000 30.000000
48417626.000000 37.000000 27.000000
48484582.000000 35.000000 28.000000
48247447.000000 50.000000 30.000000
48132778.000000 36.000000 26.000000
48451442.000000 36.000000 27.000000
48481608.000000 38.000000 27.000000
48448015.000000 52.000000 27.000000
48446897.000000 37.000000 28.000000
48461579.000000 44.000000 27.000000
48415534.000000 43.000000 28.000000
48360006.000000 41.000000 27.000000
48425855.000000 35.000000 27.000000
48515198.000000 34.000000 23.000000
48155758.000000 44.000000 29.000000
48419442.000000 38.000000 27.000000
48122483.000000 48.000000 28.000000
48469786.000000 44.000000 27.000000
48381996.000000 44.000000 30.000000
48473185.000000 48.000000 26.000000
48149385.000000 46.000000 29.000000
48210482.000000 38.000000 31.000000
