1039967.000000 3354.000000 48.000000
1039968.000000 3377.000000 45.000000
1039944.000000 3337.000000 51.000000
1039976.000000 3311.000000 51.000000
1039965.000000 3310.000000 53.000000
1039953.000000 3294.000000 50.000000
1039964.000000 3313.000000 47.000000
1039954.000000 3343.000000 52.000000
1039963.000000 3293.000000 49.000000
1039972.000000 3335.000000 51.000000
1039966.000000 3346.000000 50.000000
1039959.000000 3378.000000 47.000000
1039969.000000 3348.000000 38.000000
1039985.000000 3361.000000 47.000000
1039974.000000 3359.000000 52.000000
1039973.000000 3312.000000 46.000000
1039959.000000 3359.000000 51.000000
1039970.000000 3355.000000 45.000000
1039947.000000 3302.000000 45.000000
1039974.000000 3312.000000 50.000000
1039961.000000 3344.000000 58.000000
1039966.000000 3323.000000 50.000000
1039941.000000 3363.000000 50.000000
1039978.000000 3299.000000 46.000000
1039971.000000 3355.000000 49.000000
1039938.000000 3366.000000 47.000000
1039963.000000 3424.000000 52.000000
1039963.000000 3366.000000 50.000000
1039978.000000 3382.000000 48.000000
1039965.000000 3361.000000 49.000000
1039966.000000 3298.000000 48.000000
1039983.000000 3405.000000 47.000000
1039975.000000 3325.000000 48.000000
1039963.000000 3329.000000 52.000000
1039997.000000 3359.000000 46.000000
1039941.000000 3311.000000 51.000000
1039966.000000 3413.000000 51.000000
1039950.000000 3383.000000 46.000000
1039975.000000 3364.000000 49.000000
1039952.000000 3363.000000 52.000000
1039970.000000 3426.000000 55.000000
1039973.000000 3321.000000 51.000000
1039890.000000 3398.000000 53.000000
1039970.000000 3362.000000 52.000000
1040009.000000 3371.000000 47.000000
1039979.000000 3405.000000 50.000000
1039860.000000 3332.000000 47.000000
1039965.000000 3375.000000 48.000000
1039978.000000 3392.000000 46.000000
1039985.000000 3320.000000 48.000000
1039971.000000 3389.000000 47.000000
1039973.000000 3303.000000 51.000000
1039982.000000 3383.000000 47.000000
1039980.000000 3442.000000 53.000000
1039987.000000 3377.000000 51.000000
1039989.000000 3389.000000 48.000000
1039952.000000 3318.000000 49.000000
1039970.000000 3308.000000 48.000000
1039980.000000 3339.000000 45.000000
1039954.000000 3336.000000 47.000000
1039994.000000 3437.000000 47.000000
1039971.000000 3385.000000 46.000000
1039977.000000 3338.000000 47.000000
1039959.000000 3334.000000 50.000000
1039978.000000 3308.000000 51.000000
1039972.000000 3347.000000 46.000000
1039959.000000 3382.000000 44.000000
1039993.000000 3363.000000 47.000000
1039959.000000 3337.000000 49.000000
1039957.000000 3336.000000 50.000000
1039959.000000 3328.000000 50.000000
1039963.000000 3311.000000 46.000000
1039970.000000 3371.000000 51.000000
1039970.000000 3332.000000 51.000000
1039964.000000 3335.000000 52.000000
1039984.000000 3318.000000 47.000000
1039954.000000 3382.000000 46.000000
1039955.000000 3338.000000 49.000000
1039970.000000 3381.000000 52.000000
1039954.000000 3340.000000 52.000000
1039973.000000 3351.000000 53.000000
1039966.000000 3328.000000 51.000000
1039956.000000 3345.000000 44.000000
1039966.000000 3302.000000 57.000000
1039957.000000 3349.000000 49.000000
1039969.000000 3407.000000 53.000000
1039924.000000 3300.000000 50.000000
1039920.000000 3467.000000 54.000000
1039950.000000 3348.000000 47.000000
1039981.000000 3326.000000 51.000000
1039963.000000 3334.000000 48.000000
1039868.000000 3370.000000 51.000000
1039968.000000 3386.000000 47.000000
1039978.000000 3376.000000 53.000000
1039941.000000 3402.000000 51.000000
1039969.000000 3314.000000 49.000000
1039974.000000 3407.000000 54.000000
1039972.000000 3274.000000 48.000000
1039958.000000 3395.000000 49.000000
1039953.000000 3350.000000 50.000000
