39710856.000000 1619.000000 221.000000
39720145.000000 1342.000000 196.000000
40639299.000000 1414.000000 2.000000
39652558.000000 1416.000000 211.000000
39644828.000000 2032.000000 203.000000
40114487.000000 1887.000000 151.000000
39621593.000000 1509.000000 220.000000
39626388.000000 1563.000000 202.000000
39727356.000000 1360.000000 231.000000
39674631.000000 3980.000000 218.000000
39862556.000000 1367.000000 205.000000
39692661.000000 1450.000000 231.000000
39660327.000000 2176.000000 196.000000
39624973.000000 1723.000000 241.000000
39638335.000000 2890.000000 212.000000
39723999.000000 2310.000000 177.000000
39727898.000000 2084.000000 228.000000
40726104.000000 1486.000000 2.000000
39691147.000000 1979.000000 222.000000
39683500.000000 1437.000000 219.000000
39670612.000000 1595.000000 207.000000
39751726.000000 1385.000000 215.000000
39591803.000000 1487.000000 221.000000
39678452.000000 3369.000000 207.000000
39692789.000000 1521.000000 187.000000
39854987.000000 1592.000000 188.000000
39554986.000000 1365.000000 216.000000
39650918.000000 2538.000000 222.000000
39664212.000000 1803.000000 194.000000
39744717.000000 1508.000000 204.000000
39585190.000000 1759.000000 208.000000
39716141.000000 1432.000000 203.000000
39688177.000000 1445.000000 217.000000
39670180.000000 1482.000000 227.000000
39693151.000000 1574.000000 195.000000
39583912.000000 1829.000000 209.000000
39476378.000000 1324.000000 224.000000
39612853.000000 1313.000000 218.000000
39670170.000000 1706.000000 204.000000
39619181.000000 1444.000000 219.000000
39708502.000000 1706.000000 209.000000
39681468.000000 3413.000000 208.000000
39662047.000000 1757.000000 211.000000
39739596.000000 1499.000000 219.000000
39714124.000000 1351.000000 203.000000
39718390.000000 1651.000000 234.000000
40740026.000000 1403.000000 0.000000
39730698.000000 1627.000000 225.000000
39554314.000000 2982.000000 230.000000
39687054.000000 1896.000000 226.000000
39620330.000000 1575.000000 191.000000
39657040.000000 1848.000000 228.000000
39689273.000000 1854.000000 225.000000
39709958.000000 1519.000000 214.000000
39702116.000000 1333.000000 216.000000
39681496.000000 1440.000000 224.000000
39634396.000000 2240.000000 208.000000
39689573.000000 1532.000000 217.000000
39385731.000000 1562.000000 222.000000
39874102.000000 1911.000000 149.000000
39591019.000000 2132.000000 236.000000
39617821.000000 1828.000000 207.000000
39736311.000000 1498.000000 223.000000
39615553.000000 1373.000000 201.000000
39686637.000000 2143.000000 213.000000
39689449.000000 1695.000000 209.000000
39694520.000000 1600.000000 194.000000
39649140.000000 1446.000000 229.000000
39754560.000000 1440.000000 203.000000
39574257.000000 1337.000000 220.000000
39726476.000000 1593.000000 230.000000
39702327.000000 1729.000000 217.000000
39620337.000000 2053.000000 226.000000
39708674.000000 1702.000000 203.000000
39640215.000000 1468.000000 216.000000
40420253.000000 1897.000000 114.000000
39652615.000000 1476.000000 229.000000
39713254.000000 1291.000000 224.000000
39725055.000000 1703.000000 218.000000
39725592.000000 1414.000000 229.000000
39619985.000000 1595.000000 216.000000
39658200.000000 1578.000000 220.000000
39691484.000000 1796.000000 215.000000
39724909.000000 1457.000000 215.000000
39643521.000000 1442.000000 225.000000
39681787.000000 1402.000000 225.000000
39853297.000000 2049.000000 144.000000
39753482.000000 1471.000000 212.000000
39697371.000000 1736.000000 196.000000
40143438.000000 1846.000000 130.000000
39599079.000000 1723.000000 216.000000
39644688.000000 1647.000000 206.000000
39666054.000000 1351.000000 217.000000
39613219.000000 1419.000000 205.000000
39595328.000000 1550.000000 230.000000
39803419.000000 1403.000000 195.000000
39683365.000000 1473.000000 217.000000
39682927.000000 1524.000000 222.000000
39738297.000000 1944.000000 211.000000
39666409.000000 1703.000000 209.000000
