45415089.000000 1214.000000 9.000000
45551218.000000 1277.000000 9.000000
45546549.000000 1167.000000 9.000000
45540075.000000 1194.000000 9.000000
45651054.000000 1179.000000 9.000000
45637520.000000 1242.000000 7.000000
45552562.000000 1349.000000 8.000000
45461297.000000 1114.000000 8.000000
45588088.000000 1203.000000 9.000000
45570069.000000 1540.000000 9.000000
45527715.000000 1874.000000 10.000000
45587653.000000 1296.000000 8.000000
45599884.000000 1150.000000 10.000000
45332538.000000 1326.000000 9.000000
45298707.000000 1358.000000 9.000000
45367211.000000 1149.000000 9.000000
45492285.000000 1135.000000 9.000000
45593298.000000 1261.000000 10.000000
45587809.000000 1235.000000 7.000000
45611650.000000 1194.000000 9.000000
45456143.000000 1230.000000 9.000000
45503158.000000 1248.000000 9.000000
45519808.000000 1434.000000 8.000000
45646529.000000 1100.000000 9.000000
45573506.000000 1264.000000 9.000000
45592572.000000 1152.000000 9.000000
45593425.000000 1083.000000 8.000000
45331971.000000 1172.000000 9.000000
45567692.000000 1252.000000 9.000000
45605580.000000 1093.000000 9.000000
45562319.000000 1331.000000 9.000000
45489161.000000 1167.000000 8.000000
45557347.000000 1098.000000 9.000000
45279992.000000 1311.000000 9.000000
45535821.000000 1306.000000 9.000000
45486835.000000 1193.000000 8.000000
45540864.000000 1138.000000 7.000000
45614923.000000 1159.000000 9.000000
45494794.000000 1254.000000 9.000000
45491966.000000 1335.000000 9.000000
45392617.000000 1450.000000 9.000000
45378339.000000 1793.000000 10.000000
45549754.000000 1324.000000 9.000000
45570539.000000 1266.000000 9.000000
45538089.000000 1294.000000 9.000000
45327202.000000 1166.000000 9.000000
45410235.000000 1139.000000 8.000000
45575719.000000 1265.000000 9.000000
45598022.000000 1113.000000 8.000000
45585363.000000 1210.000000 9.000000
45561280.000000 1195.000000 9.000000
45218505.000000 1416.000000 9.000000
45611211.000000 1276.000000 8.000000
45458021.000000 1202.000000 9.000000
45587945.000000 1111.000000 9.000000
45592331.000000 1498.000000 9.000000
45383193.000000 1283.000000 9.000000
45597100.000000 1512.000000 9.000000
45525461.000000 1162.000000 10.000000
45128946.000000 1224.000000 9.000000
45249995.000000 1314.000000 9.000000
45591807.000000 1201.000000 9.000000
45399620.000000 1091.000000 8.000000
45544649.000000 1466.000000 9.000000
45331481.000000 1161.000000 8.000000
45495510.000000 1127.000000 8.000000
45616628.000000 1260.000000 9.000000
45108926.000000 1181.000000 9.000000
45289867.000000 1275.000000 9.000000
45599319.000000 1323.000000 9.000000
45550322.000000 1075.000000 8.000000
45450609.000000 1259.000000 8.000000
45213792.000000 1533.000000 9.000000
45353668.000000 1188.000000 9.000000
45195327.000000 1371.000000 9.000000
45440482.000000 1340.000000 9.000000
45602281.000000 1328.000000 8.000000
45520529.000000 1126.000000 9.000000
45495674.000000 1236.000000 9.000000
45267269.000000 1282.000000 10.000000
45599611.000000 1321.000000 9.000000
45567262.000000 1272.000000 10.000000
45569417.000000 1259.000000 8.000000
45528653.000000 1464.000000 8.000000
45503016.000000 1100.000000 9.000000
45388724.000000 1185.000000 9.000000
45582617.000000 1234.000000 9.000000
45638640.000000 1090.000000 9.000000
45391258.000000 1203.000000 9.000000
45412974.000000 1189.000000 8.000000
45508672.000000 1418.000000 9.000000
45592686.000000 1162.000000 9.000000
45548632.000000 1122.000000 9.000000
45649048.000000 1296.000000 6.000000
45306080.000000 1220.000000 8.000000
45548060.000000 1517.000000 9.000000
45594551.000000 1173.000000 9.000000
45473818.000000 1126.000000 10.000000
45277072.000000 1121.000000 9.000000
45596503.000000 1038.000000 9.000000
