43931247.000000 1039.000000 6.000000
44237105.000000 979.000000 6.000000
44078974.000000 915.000000 6.000000
44058373.000000 1294.000000 6.000000
44072454.000000 1001.000000 6.000000
44350260.000000 959.000000 6.000000
43631151.000000 999.000000 3.000000
44004192.000000 1410.000000 9.000000
43907455.000000 1399.000000 7.000000
44234410.000000 1108.000000 6.000000
43683875.000000 1071.000000 3.000000
44373276.000000 1057.000000 6.000000
44387994.000000 929.000000 6.000000
44117644.000000 1241.000000 6.000000
44419157.000000 939.000000 6.000000
44179349.000000 1138.000000 5.000000
43962087.000000 1291.000000 0.000000
44214232.000000 952.000000 6.000000
44044624.000000 1172.000000 6.000000
43810235.000000 1083.000000 4.000000
43713110.000000 1117.000000 3.000000
43900087.000000 1189.000000 5.000000
43865791.000000 1221.000000 6.000000
44349699.000000 994.000000 6.000000
43787412.000000 1108.000000 6.000000
44293643.000000 891.000000 5.000000
44307259.000000 997.000000 6.000000
43520596.000000 940.000000 0.000000
43903538.000000 1361.000000 3.000000
44005020.000000 1130.000000 6.000000
44283960.000000 1035.000000 5.000000
43801579.000000 1098.000000 3.000000
44275605.000000 1066.000000 6.000000
44166998.000000 1603.000000 9.000000
43916088.000000 1034.000000 3.000000
44379980.000000 874.000000 6.000000
44075820.000000 979.000000 5.000000
43892321.000000 1224.000000 3.000000
44379781.000000 1047.000000 6.000000
43661428.000000 1118.000000 3.000000
44235088.000000 991.000000 6.000000
44119211.000000 1170.000000 6.000000
44274552.000000 909.000000 6.000000
43875844.000000 1199.000000 6.000000
44057582.000000 1097.000000 4.000000
44153380.000000 1063.000000 6.000000
44043622.000000 1003.000000 6.000000
43944341.000000 1022.000000 6.000000
43743034.000000 1018.000000 3.000000
44218070.000000 1271.000000 6.000000
44154552.000000 1017.000000 6.000000
44306567.000000 1165.000000 6.000000
43907512.000000 1019.000000 6.000000
43848396.000000 1438.000000 3.000000
43827890.000000 1370.000000 3.000000
44106655.000000 1330.000000 5.000000
43787300.000000 1358.000000 0.000000
43924031.000000 1061.000000 3.000000
44041617.000000 1168.000000 6.000000
44356509.000000 1726.000000 5.000000
44050592.000000 1322.000000 6.000000
44205366.000000 1246.000000 6.000000
44349343.000000 895.000000 6.000000
44224877.000000 1110.000000 6.000000
44082339.000000 1163.000000 6.000000
44242481.000000 1148.000000 6.000000
43889226.000000 1509.000000 3.000000
44277340.000000 905.000000 6.000000
43877016.000000 1051.000000 6.000000
43922656.000000 1260.000000 7.000000
43983137.000000 1178.000000 6.000000
44268278.000000 953.000000 6.000000
44007722.000000 1124.000000 2.000000
44110705.000000 1252.000000 6.000000
43918546.000000 1089.000000 3.000000
44144884.000000 939.000000 6.000000
43862202.000000 1171.000000 3.000000
44167382.000000 995.000000 6.000000
44164407.000000 1019.000000 5.000000
43447862.000000 1262.000000 2.000000
43851020.000000 1738.000000 6.000000
43845590.000000 1057.000000 3.000000
44413640.000000 889.000000 6.000000
44220647.000000 967.000000 6.000000
43752550.000000 1188.000000 3.000000
44180628.000000 1059.000000 6.000000
44332792.000000 1013.000000 6.000000
44011574.000000 1291.000000 6.000000
44046273.000000 1393.000000 6.000000
43880612.000000 1187.000000 6.000000
44253962.000000 904.000000 6.000000
43631068.000000 985.000000 5.000000
44262267.000000 948.000000 6.000000
43910363.000000 1223.000000 6.000000
44087709.000000 1062.000000 5.000000
44198939.000000 1135.000000 6.000000
43656138.000000 1020.000000 3.000000
44033694.000000 1201.000000 6.000000
44330634.000000 912.000000 6.000000
43770575.000000 1086.000000 3.000000
