1039951.000000 3388.000000 51.000000
1039926.000000 3417.000000 46.000000
1039956.000000 3366.000000 45.000000
1039974.000000 3368.000000 46.000000
84776539.000000 7773.000000 1135.000000
1039961.000000 3391.000000 47.000000
1039988.000000 3323.000000 46.000000
1039973.000000 3329.000000 46.000000
1039993.000000 3325.000000 48.000000
1039968.000000 3292.000000 44.000000
1039960.000000 3302.000000 45.000000
1039976.000000 3342.000000 51.000000
1039949.000000 3350.000000 47.000000
1039992.000000 3349.000000 54.000000
1039979.000000 3349.000000 47.000000
1039948.000000 3329.000000 47.000000
12772259.000000 5203.000000 144.000000
1039992.000000 3352.000000 52.000000
1039962.000000 3373.000000 46.000000
1039969.000000 3385.000000 45.000000
1039987.000000 3342.000000 48.000000
1039955.000000 3351.000000 45.000000
1039971.000000 3404.000000 50.000000
1039976.000000 3342.000000 49.000000
1039973.000000 3338.000000 52.000000
1039976.000000 3412.000000 48.000000
1039981.000000 3386.000000 49.000000
1039987.000000 3352.000000 50.000000
1039977.000000 3400.000000 48.000000
1039955.000000 3430.000000 48.000000
1039967.000000 3322.000000 47.000000
1040008.000000 3306.000000 45.000000
1039956.000000 3367.000000 48.000000
1039968.000000 3303.000000 62.000000
1039987.000000 3352.000000 42.000000
1039979.000000 3352.000000 49.000000
1039969.000000 3359.000000 45.000000
1039992.000000 3367.000000 48.000000
1039970.000000 3319.000000 48.000000
1039973.000000 3392.000000 49.000000
1039948.000000 3372.000000 45.000000
1039961.000000 3408.000000 50.000000
1039928.000000 3385.000000 47.000000
1039976.000000 3314.000000 45.000000
1039968.000000 3400.000000 53.000000
1039963.000000 3307.000000 48.000000
214582025.000000 9034.000000 1707.000000
1039966.000000 3429.000000 44.000000
1039976.000000 3339.000000 58.000000
1039954.000000 3304.000000 48.000000
1039977.000000 3372.000000 46.000000
1039973.000000 3441.000000 54.000000
1039979.000000 3358.000000 45.000000
1039960.000000 3343.000000 46.000000
1039955.000000 3362.000000 48.000000
1039970.000000 3304.000000 45.000000
1039976.000000 3328.000000 49.000000
1039962.000000 3356.000000 47.000000
1039985.000000 3366.000000 46.000000
1039979.000000 3398.000000 46.000000
1040000.000000 3360.000000 51.000000
1039954.000000 3296.000000 50.000000
1039977.000000 3358.000000 47.000000
1039983.000000 3372.000000 48.000000
1039947.000000 3365.000000 54.000000
1039969.000000 3429.000000 51.000000
1039958.000000 3365.000000 50.000000
1039995.000000 3371.000000 54.000000
1039954.000000 3339.000000 46.000000
1039964.000000 3325.000000 49.000000
1039984.000000 3332.000000 47.000000
1039979.000000 3341.000000 49.000000
1039984.000000 3337.000000 46.000000
1039958.000000 3364.000000 49.000000
1039937.000000 3362.000000 47.000000
1039967.000000 3356.000000 48.000000
1039950.000000 3354.000000 46.000000
1039949.000000 3345.000000 49.000000
1039960.000000 3325.000000 53.000000
1039962.000000 3307.000000 50.000000
1039946.000000 3383.000000 50.000000
1039963.000000 3319.000000 53.000000
1039942.000000 3350.000000 53.000000
1039958.000000 3428.000000 50.000000
1039958.000000 3368.000000 47.000000
1039951.000000 3355.000000 50.000000
1039972.000000 3345.000000 49.000000
1039917.000000 3298.000000 50.000000
1039945.000000 3387.000000 52.000000
1039967.000000 3324.000000 56.000000
1039968.000000 3341.000000 46.000000
1039955.000000 3338.000000 55.000000
1039904.000000 3312.000000 46.000000
1039980.000000 3362.000000 51.000000
1039952.000000 3345.000000 47.000000
1039987.000000 3350.000000 47.000000
1039961.000000 3310.000000 47.000000
1039961.000000 3339.000000 51.000000
1039973.000000 3366.000000 54.000000
1039965.000000 3351.000000 48.000000
