43907759.000000 1106.000000 48.000000
44015655.000000 1088.000000 45.000000
43912848.000000 1063.000000 49.000000
44113454.000000 994.000000 47.000000
44125073.000000 1092.000000 48.000000
43595777.000000 1227.000000 41.000000
43733024.000000 1292.000000 42.000000
43823790.000000 1025.000000 49.000000
43893393.000000 1224.000000 46.000000
43989638.000000 1041.000000 34.000000
43710987.000000 1120.000000 41.000000
44597525.000000 789.000000 59.000000
43756314.000000 1084.000000 50.000000
43974126.000000 1038.000000 49.000000
44023156.000000 899.000000 47.000000
43866652.000000 1300.000000 47.000000
43675785.000000 1208.000000 44.000000
43909725.000000 1029.000000 47.000000
43769493.000000 1107.000000 44.000000
43767162.000000 1160.000000 46.000000
43712123.000000 1259.000000 42.000000
43785674.000000 1134.000000 48.000000
43963359.000000 1085.000000 48.000000
44168768.000000 941.000000 48.000000
43993314.000000 1034.000000 49.000000
43978785.000000 1000.000000 46.000000
43158950.000000 1402.000000 41.000000
44126675.000000 992.000000 49.000000
43877515.000000 1097.000000 47.000000
43879208.000000 1103.000000 49.000000
44010488.000000 991.000000 47.000000
44069725.000000 909.000000 47.000000
43939481.000000 972.000000 47.000000
43741009.000000 1065.000000 49.000000
43967107.000000 1105.000000 49.000000
43882780.000000 911.000000 44.000000
43919239.000000 959.000000 47.000000
43915245.000000 1050.000000 47.000000
43787913.000000 1232.000000 45.000000
43817271.000000 1125.000000 47.000000
43439532.000000 1035.000000 38.000000
43972690.000000 1141.000000 47.000000
43704160.000000 1072.000000 34.000000
43715058.000000 1115.000000 48.000000
43798822.000000 1007.000000 48.000000
43468184.000000 1094.000000 43.000000
43953315.000000 1035.000000 49.000000
43965075.000000 928.000000 50.000000
44050356.000000 1007.000000 45.000000
44025684.000000 992.000000 48.000000
44000397.000000 1067.000000 51.000000
43866941.000000 1167.000000 49.000000
44059109.000000 1002.000000 48.000000
43808416.000000 1100.000000 48.000000
44049736.000000 1072.000000 47.000000
43632473.000000 1169.000000 42.000000
44030357.000000 1040.000000 50.000000
43925418.000000 1198.000000 49.000000
43949811.000000 1212.000000 49.000000
44114545.000000 1063.000000 40.000000
44153534.000000 1071.000000 49.000000
43913591.000000 1171.000000 47.000000
43931462.000000 1105.000000 48.000000
43981973.000000 1028.000000 47.000000
43749392.000000 1229.000000 51.000000
44974690.000000 469.000000 63.000000
43733450.000000 1137.000000 49.000000
43595080.000000 1125.000000 42.000000
43889342.000000 1288.000000 47.000000
43845102.000000 998.000000 43.000000
45317488.000000 369.000000 68.000000
43874559.000000 1241.000000 47.000000
43878799.000000 1185.000000 47.000000
45839688.000000 138.000000 65.000000
43962553.000000 1137.000000 46.000000
46161268.000000 1396.000000 83.000000
43854694.000000 947.000000 49.000000
46091242.000000 1334.000000 63.000000
43991467.000000 1144.000000 42.000000
43919356.000000 982.000000 49.000000
44006069.000000 956.000000 49.000000
44080140.000000 959.000000 48.000000
43979682.000000 991.000000 44.000000
46257387.000000 1569.000000 83.000000
44088929.000000 990.000000 47.000000
44098368.000000 1043.000000 48.000000
43731243.000000 1133.000000 49.000000
44035176.000000 1022.000000 48.000000
43822728.000000 1007.000000 48.000000
44069139.000000 928.000000 49.000000
45807884.000000 1458.000000 83.000000
43745577.000000 1065.000000 45.000000
44041669.000000 1004.000000 48.000000
43160959.000000 1398.000000 46.000000
43844794.000000 982.000000 49.000000
43991011.000000 1168.000000 47.000000
43998136.000000 1015.000000 48.000000
44098556.000000 1040.000000 48.000000
43961617.000000 1044.000000 48.000000
44116087.000000 979.000000 49.000000
