43677370.000000 1136.000000 43.000000
43945657.000000 997.000000 48.000000
43705953.000000 1074.000000 41.000000
43825748.000000 1176.000000 49.000000
43375888.000000 1467.000000 44.000000
43923061.000000 992.000000 49.000000
43550361.000000 1812.000000 42.000000
43761944.000000 1050.000000 43.000000
44141831.000000 916.000000 49.000000
43817484.000000 1211.000000 46.000000
43743331.000000 1288.000000 43.000000
43878158.000000 1059.000000 46.000000
43676415.000000 1064.000000 42.000000
43546310.000000 1586.000000 41.000000
43867311.000000 1196.000000 48.000000
43936934.000000 1097.000000 48.000000
44001888.000000 979.000000 47.000000
43959593.000000 1167.000000 49.000000
43677153.000000 1001.000000 46.000000
43793832.000000 962.000000 46.000000
43752918.000000 1063.000000 47.000000
43945630.000000 1084.000000 49.000000
44079460.000000 937.000000 46.000000
43840284.000000 1167.000000 49.000000
43783685.000000 1097.000000 49.000000
43399692.000000 1470.000000 41.000000
43782884.000000 1050.000000 43.000000
43925023.000000 951.000000 47.000000
43978359.000000 1052.000000 36.000000
43961106.000000 1096.000000 48.000000
43994890.000000 1039.000000 48.000000
43440387.000000 1337.000000 41.000000
44921364.000000 775.000000 59.000000
43749333.000000 1135.000000 48.000000
44145025.000000 989.000000 48.000000
43697595.000000 1089.000000 41.000000
46036938.000000 102.000000 58.000000
43752291.000000 1112.000000 43.000000
43754411.000000 1173.000000 41.000000
44021037.000000 924.000000 49.000000
43756606.000000 994.000000 39.000000
44071873.000000 1071.000000 48.000000
43914428.000000 1021.000000 48.000000
43861415.000000 1079.000000 47.000000
44062844.000000 889.000000 47.000000
44039772.000000 1017.000000 45.000000
46085264.000000 1450.000000 83.000000
44008187.000000 1012.000000 48.000000
43596232.000000 1098.000000 42.000000
43790821.000000 1084.000000 48.000000
43902622.000000 1147.000000 48.000000
43778987.000000 1161.000000 47.000000
44134958.000000 1321.000000 50.000000
43924167.000000 1031.000000 48.000000
43942803.000000 995.000000 48.000000
44115309.000000 870.000000 48.000000
44022596.000000 918.000000 47.000000
43942743.000000 1098.000000 48.000000
43763018.000000 990.000000 48.000000
43950748.000000 1098.000000 48.000000
43951624.000000 1010.000000 48.000000
43688763.000000 1046.000000 45.000000
43669161.000000 1052.000000 42.000000
43820008.000000 1170.000000 45.000000
43807447.000000 1143.000000 42.000000
43790965.000000 1110.000000 48.000000
44024329.000000 1000.000000 47.000000
43784681.000000 1136.000000 46.000000
43671241.000000 1125.000000 50.000000
43951375.000000 999.000000 50.000000
44023565.000000 1095.000000 49.000000
43794364.000000 987.000000 44.000000
43767595.000000 1120.000000 48.000000
43823040.000000 1202.000000 46.000000
44003234.000000 1136.000000 48.000000
44043294.000000 1115.000000 46.000000
44109106.000000 918.000000 46.000000
44050932.000000 971.000000 48.000000
43938635.000000 993.000000 42.000000
44040275.000000 1042.000000 49.000000
43911171.000000 1141.000000 27.000000
43418705.000000 1792.000000 42.000000
44100991.000000 1078.000000 49.000000
44109384.000000 920.000000 48.000000
43727860.000000 995.000000 47.000000
43828016.000000 1026.000000 48.000000
43932684.000000 944.000000 46.000000
43730293.000000 1088.000000 48.000000
44184378.000000 1006.000000 48.000000
43825251.000000 1073.000000 48.000000
43724999.000000 1047.000000 41.000000
43921349.000000 1082.000000 46.000000
43705755.000000 1097.000000 48.000000
44029382.000000 872.000000 48.000000
43754847.000000 1055.000000 46.000000
43876347.000000 888.000000 49.000000
43963504.000000 932.000000 49.000000
44364436.000000 904.000000 55.000000
43808284.000000 1011.000000 48.000000
43932627.000000 1057.000000 48.000000
