44036976.000000 980.000000 48.000000
44205146.000000 964.000000 49.000000
43906932.000000 1151.000000 47.000000
43846090.000000 989.000000 47.000000
46184956.000000 1631.000000 81.000000
43885173.000000 1024.000000 48.000000
43254745.000000 1438.000000 37.000000
44070423.000000 1200.000000 50.000000
43914555.000000 1076.000000 49.000000
44042726.000000 1105.000000 46.000000
43871892.000000 1093.000000 49.000000
44081826.000000 1031.000000 48.000000
44078201.000000 1005.000000 48.000000
44037452.000000 1107.000000 49.000000
45488006.000000 439.000000 70.000000
43870212.000000 1083.000000 48.000000
44081632.000000 941.000000 48.000000
44103138.000000 1026.000000 47.000000
44151673.000000 925.000000 48.000000
44126840.000000 886.000000 49.000000
43754688.000000 1088.000000 46.000000
43912658.000000 1221.000000 49.000000
44109132.000000 945.000000 47.000000
44116427.000000 1021.000000 47.000000
43904309.000000 1037.000000 48.000000
46115475.000000 129.000000 62.000000
44117591.000000 1071.000000 46.000000
44017375.000000 1012.000000 49.000000
43747251.000000 1155.000000 42.000000
44050871.000000 1120.000000 47.000000
43978957.000000 950.000000 48.000000
44111564.000000 1117.000000 48.000000
43910488.000000 1043.000000 48.000000
44058465.000000 976.000000 48.000000
43985061.000000 1174.000000 48.000000
43830903.000000 1057.000000 48.000000
45957833.000000 1660.000000 85.000000
44157637.000000 904.000000 48.000000
44165409.000000 1213.000000 49.000000
44135027.000000 965.000000 49.000000
44057033.000000 1087.000000 49.000000
44135704.000000 980.000000 48.000000
44056367.000000 1014.000000 48.000000
43980825.000000 1041.000000 48.000000
43967845.000000 1052.000000 48.000000
44066640.000000 1025.000000 47.000000
43995255.000000 1042.000000 48.000000
43888929.000000 971.000000 49.000000
43993928.000000 1093.000000 52.000000
44094392.000000 1044.000000 48.000000
44171415.000000 963.000000 49.000000
43899824.000000 976.000000 48.000000
44039026.000000 963.000000 46.000000
44126840.000000 1101.000000 40.000000
43720442.000000 1120.000000 49.000000
44114513.000000 898.000000 48.000000
44080660.000000 1097.000000 48.000000
43403592.000000 1372.000000 43.000000
44131182.000000 1039.000000 48.000000
43903616.000000 1009.000000 47.000000
43940601.000000 1213.000000 49.000000
43498374.000000 1498.000000 42.000000
44146599.000000 1153.000000 48.000000
44097757.000000 1046.000000 47.000000
44105844.000000 1022.000000 48.000000
44058556.000000 960.000000 48.000000
43887037.000000 1144.000000 47.000000
44000956.000000 975.000000 47.000000
44012014.000000 974.000000 51.000000
44003589.000000 1153.000000 49.000000
43871202.000000 1026.000000 48.000000
44074818.000000 1065.000000 49.000000
43827049.000000 1044.000000 49.000000
44066601.000000 1092.000000 48.000000
43268423.000000 1589.000000 42.000000
44021642.000000 1009.000000 49.000000
44069971.000000 1104.000000 47.000000
44147035.000000 1107.000000 49.000000
45967622.000000 128.000000 66.000000
43850452.000000 1100.000000 48.000000
44131587.000000 978.000000 49.000000
43803543.000000 1016.000000 48.000000
44054586.000000 1042.000000 45.000000
44058004.000000 884.000000 42.000000
43954732.000000 1028.000000 47.000000
44093466.000000 958.000000 49.000000
43829248.000000 1154.000000 45.000000
43974520.000000 932.000000 48.000000
43885846.000000 1126.000000 48.000000
44222352.000000 780.000000 49.000000
44046315.000000 1053.000000 48.000000
43929049.000000 1020.000000 48.000000
44103374.000000 1119.000000 48.000000
44007522.000000 986.000000 44.000000
44846118.000000 615.000000 59.000000
44136390.000000 982.000000 49.000000
44063086.000000 989.000000 48.000000
44000835.000000 1131.000000 47.000000
43815769.000000 1012.000000 48.000000
44008908.000000 1112.000000 47.000000
