44426688.000000 1877.000000 11.000000
44748799.000000 1801.000000 12.000000
44762075.000000 1523.000000 12.000000
44737707.000000 1526.000000 12.000000
44728549.000000 1643.000000 12.000000
44566205.000000 1392.000000 12.000000
44826108.000000 1460.000000 12.000000
44994282.000000 1288.000000 16.000000
44683190.000000 1574.000000 12.000000
44785641.000000 1394.000000 12.000000
44834622.000000 1500.000000 13.000000
44710936.000000 1650.000000 12.000000
44579363.000000 1253.000000 14.000000
45106933.000000 2352.000000 11.000000
44796078.000000 1545.000000 12.000000
44815922.000000 1691.000000 11.000000
44600650.000000 1620.000000 13.000000
44752131.000000 1728.000000 12.000000
44828152.000000 1305.000000 12.000000
45090914.000000 1076.000000 31.000000
44955898.000000 1676.000000 6.000000
44747694.000000 1767.000000 13.000000
44771196.000000 1478.000000 10.000000
44709307.000000 1917.000000 12.000000
44702483.000000 1589.000000 12.000000
44777500.000000 1403.000000 12.000000
44752399.000000 1596.000000 13.000000
44752952.000000 1302.000000 12.000000
44726754.000000 1424.000000 12.000000
44850353.000000 1441.000000 13.000000
44563378.000000 1459.000000 11.000000
44725094.000000 1410.000000 12.000000
44520416.000000 1808.000000 12.000000
44692713.000000 1358.000000 11.000000
44839850.000000 1288.000000 13.000000
44727988.000000 1550.000000 12.000000
44768524.000000 1623.000000 13.000000
44805686.000000 1370.000000 12.000000
44538127.000000 1406.000000 12.000000
44825512.000000 1513.000000 12.000000
44684470.000000 1749.000000 12.000000
44715654.000000 1547.000000 11.000000
44692909.000000 1983.000000 13.000000
44685588.000000 1377.000000 11.000000
44570845.000000 1444.000000 12.000000
44795779.000000 1480.000000 12.000000
44700329.000000 1526.000000 12.000000
44402002.000000 1940.000000 12.000000
44813965.000000 1405.000000 12.000000
44817671.000000 1769.000000 12.000000
44800901.000000 1502.000000 11.000000
44715039.000000 1568.000000 11.000000
44839614.000000 1378.000000 11.000000
44571399.000000 1662.000000 12.000000
44730312.000000 1372.000000 11.000000
44811907.000000 1599.000000 12.000000
44993717.000000 1205.000000 19.000000
44576593.000000 1623.000000 12.000000
44785165.000000 1460.000000 10.000000
44869596.000000 1770.000000 9.000000
44906405.000000 1409.000000 12.000000
44725378.000000 1857.000000 12.000000
44778892.000000 1417.000000 12.000000
44761136.000000 1471.000000 11.000000
44720402.000000 1407.000000 12.000000
44858070.000000 1679.000000 13.000000
44763204.000000 1405.000000 12.000000
44622669.000000 1414.000000 12.000000
44759861.000000 1636.000000 13.000000
44670457.000000 1586.000000 12.000000
44747082.000000 1521.000000 12.000000
44735451.000000 1586.000000 12.000000
44810851.000000 1433.000000 12.000000
44801170.000000 1505.000000 12.000000
44718306.000000 1838.000000 11.000000
44863920.000000 1323.000000 11.000000
44646113.000000 1567.000000 12.000000
44827860.000000 1359.000000 12.000000
44839988.000000 1518.000000 14.000000
44638311.000000 1400.000000 11.000000
44601899.000000 1718.000000 15.000000
44750119.000000 1633.000000 13.000000
44626373.000000 1442.000000 11.000000
44602094.000000 1568.000000 13.000000
44665498.000000 1428.000000 9.000000
44602086.000000 1356.000000 13.000000
44719718.000000 1722.000000 11.000000
44681164.000000 1759.000000 13.000000
44771458.000000 1796.000000 10.000000
44862731.000000 1421.000000 12.000000
44519965.000000 1565.000000 12.000000
44782382.000000 1493.000000 11.000000
44643915.000000 1736.000000 12.000000
44703223.000000 1481.000000 11.000000
44431357.000000 1366.000000 10.000000
44771768.000000 1765.000000 11.000000
44690988.000000 1591.000000 12.000000
44794300.000000 1468.000000 12.000000
44988805.000000 1317.000000 18.000000
44445999.000000 1444.000000 13.000000
