39718258.000000 1777.000000 223.000000
39682798.000000 1829.000000 235.000000
39558635.000000 2024.000000 230.000000
39739884.000000 1396.000000 243.000000
39689479.000000 1742.000000 213.000000
39702660.000000 1454.000000 234.000000
39643717.000000 1439.000000 235.000000
39671367.000000 1727.000000 232.000000
39620522.000000 1607.000000 258.000000
39693047.000000 1504.000000 238.000000
39721592.000000 1483.000000 237.000000
39718539.000000 1561.000000 228.000000
39657386.000000 1653.000000 226.000000
39557995.000000 2686.000000 248.000000
39639542.000000 1594.000000 243.000000
39637947.000000 1487.000000 217.000000
39685846.000000 1577.000000 237.000000
40701506.000000 1484.000000 2.000000
39671829.000000 2065.000000 208.000000
39665962.000000 1724.000000 247.000000
39555509.000000 1388.000000 230.000000
39650020.000000 1339.000000 245.000000
39673562.000000 1407.000000 242.000000
39593138.000000 1657.000000 251.000000
41120683.000000 1199.000000 0.000000
39774729.000000 1622.000000 234.000000
39722929.000000 1478.000000 232.000000
39694985.000000 1354.000000 213.000000
39657484.000000 1514.000000 239.000000
39742746.000000 1526.000000 222.000000
39705858.000000 1749.000000 220.000000
39675007.000000 1969.000000 246.000000
39688838.000000 1815.000000 248.000000
39720534.000000 1333.000000 221.000000
39712657.000000 1948.000000 219.000000
39687891.000000 1611.000000 229.000000
39756276.000000 1454.000000 240.000000
39679969.000000 1519.000000 228.000000
39917973.000000 1914.000000 158.000000
39675475.000000 1668.000000 230.000000
39768848.000000 1349.000000 231.000000
39647702.000000 1677.000000 239.000000
39718715.000000 1537.000000 232.000000
39686269.000000 1558.000000 230.000000
39691553.000000 1330.000000 233.000000
39895218.000000 1944.000000 147.000000
39719275.000000 1471.000000 216.000000
39709909.000000 1645.000000 228.000000
39611308.000000 1568.000000 232.000000
39670305.000000 1626.000000 217.000000
39643130.000000 1637.000000 239.000000
39695138.000000 1500.000000 238.000000
39735509.000000 1614.000000 235.000000
39719071.000000 1587.000000 244.000000
39658244.000000 1457.000000 233.000000
39647112.000000 1346.000000 212.000000
39641322.000000 1597.000000 249.000000
39783955.000000 1570.000000 227.000000
39727152.000000 1451.000000 240.000000
39667240.000000 1287.000000 236.000000
39663051.000000 1517.000000 258.000000
39669167.000000 1382.000000 228.000000
39693456.000000 1696.000000 214.000000
39728874.000000 1474.000000 213.000000
39712892.000000 1842.000000 250.000000
39673612.000000 2510.000000 209.000000
39698115.000000 1590.000000 249.000000
40220404.000000 1826.000000 139.000000
39708119.000000 1880.000000 235.000000
39811022.000000 1811.000000 177.000000
39741884.000000 1391.000000 228.000000
39668666.000000 2803.000000 236.000000
39737008.000000 1344.000000 236.000000
39688201.000000 1494.000000 220.000000
39736376.000000 1667.000000 220.000000
39576183.000000 1598.000000 219.000000
39683393.000000 1378.000000 233.000000
39670282.000000 2283.000000 227.000000
39743092.000000 1389.000000 222.000000
39687272.000000 1487.000000 245.000000
39620400.000000 1386.000000 250.000000
39748754.000000 1287.000000 241.000000
39692286.000000 1660.000000 243.000000
39703559.000000 1477.000000 229.000000
39651921.000000 1503.000000 238.000000
39722529.000000 1887.000000 234.000000
39713015.000000 1531.000000 235.000000
39681467.000000 1616.000000 209.000000
39690921.000000 1288.000000 253.000000
39669325.000000 1394.000000 224.000000
39732717.000000 1457.000000 235.000000
39586303.000000 1885.000000 246.000000
39852426.000000 2392.000000 164.000000
39589678.000000 1461.000000 228.000000
39651911.000000 1527.000000 229.000000
39696477.000000 1407.000000 219.000000
39652343.000000 1464.000000 221.000000
39690211.000000 1584.000000 245.000000
39675149.000000 1798.000000 238.000000
39722094.000000 1598.000000 206.000000
