46528618.000000 1435.000000 13.000000
46375668.000000 1543.000000 12.000000
46607973.000000 1480.000000 12.000000
46125743.000000 1408.000000 11.000000
46042143.000000 1230.000000 11.000000
45993903.000000 1513.000000 12.000000
46378217.000000 1506.000000 11.000000
46412767.000000 1444.000000 14.000000
46324871.000000 1483.000000 12.000000
46304071.000000 1458.000000 13.000000
45992859.000000 1244.000000 11.000000
45942498.000000 1473.000000 12.000000
46024990.000000 1372.000000 12.000000
46602955.000000 1542.000000 12.000000
46142457.000000 1533.000000 12.000000
46592983.000000 1543.000000 13.000000
46165107.000000 1457.000000 12.000000
46222505.000000 1379.000000 11.000000
45923687.000000 1293.000000 12.000000
46568595.000000 1474.000000 12.000000
46520617.000000 1422.000000 12.000000
46536225.000000 1258.000000 12.000000
46275857.000000 1508.000000 12.000000
46572228.000000 1437.000000 12.000000
45982288.000000 1500.000000 12.000000
46013858.000000 1529.000000 12.000000
46376568.000000 1398.000000 13.000000
46345565.000000 1359.000000 12.000000
46112351.000000 1505.000000 12.000000
45955345.000000 1498.000000 12.000000
46342195.000000 1438.000000 12.000000
46080146.000000 1498.000000 14.000000
46551733.000000 1260.000000 12.000000
46540531.000000 1480.000000 12.000000
45974740.000000 1096.000000 13.000000
46642646.000000 1354.000000 13.000000
45942688.000000 1271.000000 12.000000
46238989.000000 1386.000000 12.000000
46362696.000000 1458.000000 12.000000
46082238.000000 1273.000000 11.000000
46251642.000000 1519.000000 12.000000
46510172.000000 1615.000000 11.000000
46105602.000000 1067.000000 11.000000
46070707.000000 1375.000000 13.000000
46322045.000000 1470.000000 12.000000
45816732.000000 1139.000000 13.000000
46577838.000000 1327.000000 12.000000
46504429.000000 1678.000000 12.000000
46649741.000000 1384.000000 12.000000
45979218.000000 1385.000000 12.000000
46519213.000000 1398.000000 12.000000
46370991.000000 1539.000000 12.000000
46176837.000000 1337.000000 12.000000
46357113.000000 1398.000000 12.000000
46021264.000000 1178.000000 11.000000
46542789.000000 1538.000000 12.000000
46364442.000000 1277.000000 12.000000
46503944.000000 1479.000000 13.000000
46067934.000000 1421.000000 13.000000
46521051.000000 1342.000000 12.000000
46141723.000000 1376.000000 12.000000
46286181.000000 1400.000000 12.000000
46135006.000000 1441.000000 12.000000
46470210.000000 1327.000000 12.000000
46150843.000000 1413.000000 12.000000
46616360.000000 1561.000000 14.000000
46411015.000000 1146.000000 12.000000
46134026.000000 1466.000000 12.000000
45935793.000000 1224.000000 12.000000
46566976.000000 1578.000000 12.000000
46015025.000000 1267.000000 11.000000
46058320.000000 1415.000000 12.000000
46636110.000000 1325.000000 12.000000
46314970.000000 1397.000000 12.000000
46560176.000000 1533.000000 13.000000
46541677.000000 1405.000000 12.000000
46564128.000000 1572.000000 12.000000
46536571.000000 1385.000000 12.000000
46662932.000000 1499.000000 12.000000
46654960.000000 1379.000000 13.000000
46454070.000000 1347.000000 12.000000
46417893.000000 1605.000000 12.000000
45006109.000000 1016.000000 13.000000
46465463.000000 1447.000000 12.000000
46097746.000000 1618.000000 12.000000
46309479.000000 1433.000000 12.000000
46505409.000000 1452.000000 13.000000
46450922.000000 1617.000000 13.000000
46221966.000000 1343.000000 12.000000
46253582.000000 1497.000000 12.000000
46245711.000000 1541.000000 12.000000
45965408.000000 1253.000000 12.000000
46254424.000000 1568.000000 12.000000
46571997.000000 1447.000000 12.000000
46304216.000000 1487.000000 8.000000
45971614.000000 1466.000000 12.000000
46299672.000000 1391.000000 11.000000
45947866.000000 1308.000000 13.000000
45977282.000000 1327.000000 9.000000
45936836.000000 1509.000000 13.000000
