46299460.000000 1481.000000 12.000000
46588534.000000 1466.000000 12.000000
44867915.000000 1105.000000 12.000000
46087925.000000 1344.000000 11.000000
46484728.000000 1441.000000 12.000000
46453527.000000 1628.000000 12.000000
46314910.000000 1387.000000 12.000000
45983564.000000 1164.000000 12.000000
46381372.000000 1578.000000 12.000000
46049156.000000 1474.000000 12.000000
46002530.000000 1495.000000 12.000000
46668192.000000 1304.000000 12.000000
45941552.000000 1243.000000 12.000000
46557889.000000 1338.000000 12.000000
46609404.000000 1699.000000 12.000000
46535632.000000 1353.000000 11.000000
46632536.000000 1491.000000 12.000000
46605883.000000 2053.000000 4.000000
46589993.000000 1387.000000 11.000000
46549201.000000 1260.000000 12.000000
45981521.000000 1182.000000 12.000000
45979187.000000 1186.000000 12.000000
45909356.000000 1364.000000 12.000000
46570556.000000 1317.000000 12.000000
45932743.000000 1439.000000 12.000000
46521367.000000 1503.000000 12.000000
45961285.000000 1374.000000 12.000000
45935967.000000 1572.000000 12.000000
46580274.000000 1325.000000 12.000000
46560439.000000 1417.000000 12.000000
46139078.000000 1369.000000 11.000000
46284594.000000 1555.000000 12.000000
46101008.000000 1369.000000 11.000000
46397102.000000 1417.000000 12.000000
46413451.000000 1328.000000 12.000000
46507736.000000 1702.000000 12.000000
46216631.000000 1418.000000 12.000000
46583874.000000 1347.000000 12.000000
45945743.000000 1536.000000 12.000000
46316181.000000 1574.000000 12.000000
46581536.000000 1258.000000 13.000000
46019458.000000 1451.000000 12.000000
46189107.000000 1701.000000 12.000000
46016305.000000 1493.000000 13.000000
46419166.000000 1422.000000 12.000000
46583560.000000 1458.000000 12.000000
46581743.000000 1921.000000 3.000000
46010656.000000 1437.000000 12.000000
45966894.000000 1503.000000 12.000000
47216340.000000 1647.000000 12.000000
46560278.000000 1521.000000 12.000000
46488719.000000 1469.000000 13.000000
46406602.000000 1313.000000 13.000000
45998461.000000 1126.000000 12.000000
46307622.000000 1437.000000 13.000000
46398481.000000 1269.000000 11.000000
46486999.000000 1426.000000 13.000000
46652867.000000 1565.000000 12.000000
46523731.000000 1348.000000 12.000000
46579631.000000 1483.000000 12.000000
46481111.000000 1405.000000 12.000000
46251160.000000 1425.000000 12.000000
46656729.000000 1575.000000 13.000000
46361339.000000 1512.000000 12.000000
46177903.000000 1576.000000 12.000000
46633752.000000 1390.000000 13.000000
46346288.000000 1423.000000 12.000000
46541032.000000 1260.000000 12.000000
46054111.000000 1445.000000 12.000000
46211803.000000 1789.000000 13.000000
46127853.000000 1582.000000 12.000000
46047190.000000 1474.000000 12.000000
46515692.000000 1676.000000 13.000000
45888505.000000 1395.000000 12.000000
45980730.000000 1210.000000 12.000000
46085791.000000 1381.000000 12.000000
46226568.000000 1236.000000 12.000000
46575801.000000 1324.000000 12.000000
46317142.000000 1366.000000 11.000000
46546187.000000 1492.000000 12.000000
46381213.000000 1332.000000 12.000000
46583569.000000 1587.000000 12.000000
45868242.000000 1284.000000 11.000000
45968403.000000 1367.000000 12.000000
46272900.000000 1383.000000 12.000000
45982156.000000 1495.000000 12.000000
46479812.000000 1421.000000 10.000000
46449508.000000 1452.000000 12.000000
46573509.000000 1358.000000 12.000000
46206802.000000 1568.000000 12.000000
45952407.000000 1383.000000 12.000000
46593059.000000 1313.000000 12.000000
45881168.000000 1434.000000 12.000000
46630507.000000 1462.000000 12.000000
46246227.000000 1496.000000 10.000000
46547702.000000 1658.000000 12.000000
46663734.000000 1396.000000 13.000000
45989906.000000 1264.000000 12.000000
45950840.000000 1285.000000 12.000000
46518327.000000 1492.000000 12.000000
