45042414.000000 1116.000000 41.000000
44915224.000000 961.000000 37.000000
44822113.000000 989.000000 45.000000
44876827.000000 985.000000 37.000000
44889124.000000 943.000000 43.000000
44856887.000000 1034.000000 34.000000
44825421.000000 956.000000 47.000000
42487824.000000 1765.000000 48.000000
44820654.000000 962.000000 52.000000
44715654.000000 913.000000 47.000000
44856473.000000 1021.000000 36.000000
44693710.000000 1074.000000 40.000000
44966631.000000 857.000000 37.000000
44764762.000000 1037.000000 35.000000
43320621.000000 1290.000000 31.000000
44806897.000000 893.000000 41.000000
44825451.000000 893.000000 36.000000
44956533.000000 1006.000000 36.000000
44554642.000000 916.000000 32.000000
44966946.000000 1031.000000 32.000000
44812128.000000 951.000000 37.000000
44858438.000000 982.000000 33.000000
44911913.000000 1000.000000 36.000000
44777119.000000 944.000000 39.000000
45112336.000000 951.000000 36.000000
44996817.000000 906.000000 36.000000
44927584.000000 978.000000 31.000000
42563069.000000 1937.000000 33.000000
44854930.000000 1001.000000 34.000000
44908709.000000 1050.000000 36.000000
44832543.000000 1034.000000 32.000000
44699590.000000 938.000000 33.000000
44913555.000000 959.000000 36.000000
44795160.000000 995.000000 36.000000
45032716.000000 921.000000 35.000000
44906619.000000 891.000000 35.000000
44873372.000000 886.000000 32.000000
44872263.000000 1075.000000 34.000000
42436090.000000 1882.000000 38.000000
44860868.000000 959.000000 34.000000
44778422.000000 1011.000000 37.000000
44754883.000000 992.000000 43.000000
45241118.000000 919.000000 40.000000
44841809.000000 1073.000000 44.000000
45743799.000000 663.000000 41.000000
44704941.000000 1016.000000 36.000000
44935141.000000 990.000000 32.000000
44798081.000000 1028.000000 39.000000
44833908.000000 1008.000000 34.000000
44849926.000000 915.000000 36.000000
44884218.000000 969.000000 32.000000
44264479.000000 1177.000000 34.000000
44862836.000000 972.000000 32.000000
44744466.000000 925.000000 40.000000
45031764.000000 982.000000 35.000000
44890293.000000 908.000000 34.000000
44826375.000000 948.000000 34.000000
44983730.000000 991.000000 39.000000
44762972.000000 952.000000 50.000000
44898228.000000 1028.000000 35.000000
44863280.000000 990.000000 35.000000
44985694.000000 910.000000 38.000000
42934014.000000 1294.000000 45.000000
44846167.000000 1051.000000 23.000000
44844780.000000 970.000000 32.000000
42529349.000000 1656.000000 38.000000
44824529.000000 994.000000 38.000000
44774157.000000 965.000000 40.000000
44736345.000000 992.000000 36.000000
44856484.000000 935.000000 38.000000
44874540.000000 1023.000000 38.000000
44930304.000000 980.000000 38.000000
45089377.000000 987.000000 43.000000
44863665.000000 994.000000 34.000000
44749568.000000 960.000000 42.000000
44906770.000000 1045.000000 35.000000
44947176.000000 1029.000000 40.000000
44915271.000000 968.000000 38.000000
44937798.000000 957.000000 34.000000
44881030.000000 992.000000 44.000000
44708916.000000 999.000000 47.000000
42445766.000000 1766.000000 44.000000
44915245.000000 1061.000000 37.000000
44808489.000000 936.000000 42.000000
44954983.000000 959.000000 43.000000
44787305.000000 1010.000000 46.000000
44933629.000000 975.000000 42.000000
44879890.000000 945.000000 35.000000
44983319.000000 1029.000000 40.000000
44945373.000000 1000.000000 35.000000
44930929.000000 1082.000000 38.000000
44968808.000000 1117.000000 36.000000
44863993.000000 955.000000 34.000000
44757877.000000 961.000000 42.000000
44788311.000000 1023.000000 32.000000
44868346.000000 995.000000 34.000000
44926949.000000 971.000000 33.000000
44873990.000000 1031.000000 33.000000
44971563.000000 968.000000 33.000000
44803715.000000 1065.000000 34.000000
