44660720.000000 1489.000000 11.000000
44708798.000000 1509.000000 12.000000
44466050.000000 2122.000000 12.000000
44622124.000000 1400.000000 12.000000
44429626.000000 2154.000000 13.000000
44785885.000000 1508.000000 12.000000
44580401.000000 1561.000000 12.000000
44864405.000000 1487.000000 9.000000
44544747.000000 1395.000000 12.000000
44580632.000000 1505.000000 9.000000
44709606.000000 1517.000000 11.000000
44666594.000000 1471.000000 11.000000
45112293.000000 1236.000000 38.000000
44717283.000000 1663.000000 12.000000
44683601.000000 1436.000000 12.000000
44701452.000000 1977.000000 10.000000
44788022.000000 1367.000000 12.000000
44626162.000000 1396.000000 11.000000
44598620.000000 1501.000000 13.000000
44396690.000000 1870.000000 13.000000
44704263.000000 1654.000000 10.000000
44461551.000000 1931.000000 12.000000
44648262.000000 1406.000000 12.000000
44743039.000000 1359.000000 10.000000
44791172.000000 1607.000000 11.000000
44760651.000000 1928.000000 11.000000
44442059.000000 1621.000000 11.000000
44766924.000000 1369.000000 12.000000
45020499.000000 1816.000000 15.000000
44521474.000000 1541.000000 12.000000
44791694.000000 1455.000000 13.000000
44419792.000000 1513.000000 11.000000
44454622.000000 1353.000000 12.000000
44653152.000000 1486.000000 11.000000
44687599.000000 1729.000000 12.000000
44355093.000000 1572.000000 11.000000
44682296.000000 1366.000000 13.000000
44674834.000000 1902.000000 39.000000
44805058.000000 1606.000000 12.000000
44851933.000000 1828.000000 10.000000
44834572.000000 1506.000000 13.000000
44728277.000000 1695.000000 10.000000
44795716.000000 1473.000000 10.000000
44771275.000000 1418.000000 11.000000
44618881.000000 1506.000000 13.000000
44679525.000000 1288.000000 9.000000
44663214.000000 1481.000000 12.000000
44528737.000000 1446.000000 12.000000
44447599.000000 1630.000000 12.000000
44707406.000000 1662.000000 11.000000
44790236.000000 1471.000000 12.000000
44586262.000000 1710.000000 13.000000
44790594.000000 1357.000000 13.000000
44775138.000000 1354.000000 12.000000
44759857.000000 1358.000000 12.000000
44719362.000000 1562.000000 12.000000
44967619.000000 1631.000000 14.000000
44788962.000000 1312.000000 12.000000
44756667.000000 1644.000000 14.000000
44838565.000000 1419.000000 11.000000
44860858.000000 1411.000000 13.000000
44684114.000000 1474.000000 13.000000
44662887.000000 1460.000000 12.000000
44616776.000000 1433.000000 12.000000
44707472.000000 1427.000000 11.000000
44789057.000000 1628.000000 12.000000
44505808.000000 1610.000000 13.000000
44803197.000000 1509.000000 11.000000
44749755.000000 1573.000000 12.000000
44837361.000000 1736.000000 12.000000
44765346.000000 1323.000000 12.000000
44654744.000000 1409.000000 11.000000
44356667.000000 1571.000000 11.000000
44816377.000000 1450.000000 11.000000
44813659.000000 1382.000000 13.000000
44814013.000000 1574.000000 10.000000
44593290.000000 1471.000000 12.000000
44811453.000000 1412.000000 13.000000
44753422.000000 1555.000000 13.000000
44772857.000000 1614.000000 11.000000
45161600.000000 1222.000000 18.000000
44847521.000000 1394.000000 11.000000
44479120.000000 1362.000000 13.000000
44606408.000000 1334.000000 12.000000
44811515.000000 1661.000000 12.000000
44876210.000000 1458.000000 11.000000
44550394.000000 1521.000000 13.000000
44720331.000000 1407.000000 12.000000
44649346.000000 1695.000000 12.000000
44811424.000000 1492.000000 6.000000
44413447.000000 1671.000000 11.000000
44688794.000000 1407.000000 11.000000
44377191.000000 1502.000000 13.000000
44405202.000000 1401.000000 12.000000
44505318.000000 1452.000000 11.000000
45126736.000000 1134.000000 40.000000
44729772.000000 1500.000000 12.000000
44717016.000000 1478.000000 12.000000
44724263.000000 2044.000000 11.000000
44735028.000000 1232.000000 13.000000
