45577884.000000 1182.000000 9.000000
45731078.000000 1159.000000 9.000000
45285896.000000 1139.000000 9.000000
45645573.000000 754.000000 9.000000
45609337.000000 1178.000000 9.000000
45493300.000000 1116.000000 9.000000
45235978.000000 1526.000000 9.000000
45561377.000000 997.000000 9.000000
45368928.000000 1501.000000 8.000000
45404806.000000 1080.000000 9.000000
45550362.000000 1240.000000 9.000000
45657161.000000 1080.000000 9.000000
45730903.000000 1172.000000 10.000000
45422334.000000 1186.000000 6.000000
45598154.000000 1204.000000 9.000000
45447599.000000 1190.000000 9.000000
45655617.000000 1233.000000 11.000000
45285285.000000 1203.000000 9.000000
45677000.000000 1694.000000 9.000000
45658501.000000 1172.000000 8.000000
45639712.000000 1049.000000 9.000000
45635203.000000 1092.000000 11.000000
45735233.000000 1102.000000 9.000000
45327571.000000 933.000000 9.000000
45421597.000000 1182.000000 9.000000
45672120.000000 1180.000000 9.000000
45577039.000000 1182.000000 10.000000
45658211.000000 1007.000000 9.000000
45190138.000000 1321.000000 9.000000
45376300.000000 1273.000000 9.000000
45600615.000000 1378.000000 8.000000
45787536.000000 1286.000000 12.000000
45418639.000000 1180.000000 6.000000
45455780.000000 1371.000000 9.000000
45333851.000000 1330.000000 9.000000
45164868.000000 1163.000000 9.000000
45843004.000000 864.000000 12.000000
45622901.000000 1174.000000 9.000000
45618802.000000 1172.000000 10.000000
45422953.000000 1180.000000 9.000000
45665980.000000 1103.000000 11.000000
45429830.000000 1109.000000 9.000000
45742553.000000 1010.000000 9.000000
45625307.000000 1382.000000 19.000000
45300314.000000 1302.000000 9.000000
45552115.000000 1107.000000 8.000000
45624483.000000 1147.000000 9.000000
45593489.000000 1166.000000 9.000000
45393255.000000 1190.000000 9.000000
45508753.000000 1155.000000 10.000000
45655752.000000 1123.000000 9.000000
45358945.000000 1270.000000 9.000000
45676802.000000 1116.000000 9.000000
45468728.000000 1128.000000 9.000000
45621778.000000 1141.000000 8.000000
45591098.000000 1096.000000 9.000000
45412957.000000 1321.000000 9.000000
45736545.000000 1014.000000 9.000000
45483809.000000 1125.000000 9.000000
45629183.000000 1074.000000 9.000000
45586872.000000 1117.000000 10.000000
45611320.000000 1128.000000 9.000000
45598058.000000 1050.000000 10.000000
45579280.000000 1510.000000 9.000000
45486331.000000 1067.000000 9.000000
45562737.000000 1157.000000 9.000000
45641307.000000 1187.000000 9.000000
45632442.000000 1502.000000 9.000000
45543019.000000 1065.000000 9.000000
45698549.000000 1011.000000 9.000000
45264608.000000 1101.000000 9.000000
44993406.000000 1140.000000 0.000000
45571562.000000 1181.000000 9.000000
45491857.000000 1514.000000 9.000000
45746250.000000 986.000000 9.000000
45491703.000000 1038.000000 9.000000
45077398.000000 1188.000000 8.000000
45632725.000000 1045.000000 9.000000
45355293.000000 1448.000000 9.000000
45345593.000000 1077.000000 9.000000
45339303.000000 1117.000000 9.000000
45608372.000000 1147.000000 9.000000
45685011.000000 1046.000000 9.000000
45584415.000000 1144.000000 11.000000
45362962.000000 1181.000000 10.000000
45481931.000000 1079.000000 10.000000
45131161.000000 1287.000000 9.000000
45612932.000000 1260.000000 9.000000
45750678.000000 1515.000000 9.000000
45597652.000000 1166.000000 9.000000
45561616.000000 1365.000000 8.000000
45517641.000000 1011.000000 9.000000
45346414.000000 1209.000000 9.000000
45632106.000000 1319.000000 9.000000
45603559.000000 1079.000000 9.000000
45707796.000000 1188.000000 9.000000
45487319.000000 1113.000000 8.000000
45639407.000000 1095.000000 9.000000
45248889.000000 1209.000000 9.000000
45235810.000000 798.000000 4.000000
