44675538.000000 917.000000 39.000000
44816067.000000 1145.000000 34.000000
44737442.000000 1089.000000 34.000000
44704819.000000 887.000000 33.000000
44735168.000000 1046.000000 33.000000
44859164.000000 989.000000 32.000000
44914282.000000 1048.000000 38.000000
44699695.000000 969.000000 37.000000
44790087.000000 1001.000000 34.000000
44712144.000000 975.000000 39.000000
44672097.000000 924.000000 37.000000
44875834.000000 1021.000000 32.000000
44641939.000000 970.000000 38.000000
44913531.000000 966.000000 37.000000
44775377.000000 954.000000 33.000000
44672579.000000 932.000000 34.000000
44715771.000000 983.000000 34.000000
44703734.000000 975.000000 33.000000
44845101.000000 991.000000 34.000000
44743604.000000 957.000000 32.000000
44851885.000000 1052.000000 36.000000
45485946.000000 794.000000 36.000000
44715958.000000 1029.000000 33.000000
44860737.000000 1060.000000 33.000000
44882996.000000 965.000000 33.000000
42483439.000000 1833.000000 44.000000
44701567.000000 1033.000000 35.000000
44794580.000000 1123.000000 33.000000
44817636.000000 979.000000 34.000000
44858252.000000 1059.000000 33.000000
42667269.000000 1708.000000 30.000000
42812047.000000 1812.000000 30.000000
42568970.000000 1736.000000 38.000000
44810911.000000 963.000000 33.000000
44698185.000000 946.000000 38.000000
44816588.000000 950.000000 33.000000
44634577.000000 976.000000 38.000000
42259005.000000 1646.000000 32.000000
44652047.000000 967.000000 37.000000
44666099.000000 959.000000 38.000000
44830873.000000 1080.000000 33.000000
44697059.000000 975.000000 38.000000
42508718.000000 1695.000000 43.000000
44735163.000000 1098.000000 34.000000
44754302.000000 1160.000000 35.000000
44790429.000000 919.000000 35.000000
44761795.000000 988.000000 33.000000
44692423.000000 1046.000000 32.000000
44650366.000000 1100.000000 39.000000
44846225.000000 1055.000000 33.000000
44769217.000000 1096.000000 33.000000
44759412.000000 941.000000 34.000000
44624423.000000 923.000000 38.000000
44588384.000000 923.000000 39.000000
44737432.000000 976.000000 38.000000
44832749.000000 1029.000000 34.000000
44672397.000000 1025.000000 36.000000
44868891.000000 1072.000000 33.000000
44874515.000000 1039.000000 34.000000
44855888.000000 1038.000000 35.000000
44760965.000000 953.000000 33.000000
44654645.000000 1004.000000 35.000000
44896742.000000 1006.000000 33.000000
44850604.000000 988.000000 33.000000
44730941.000000 934.000000 33.000000
44705061.000000 1080.000000 34.000000
44776042.000000 963.000000 37.000000
44772699.000000 1010.000000 31.000000
44864931.000000 992.000000 35.000000
44735920.000000 953.000000 31.000000
44775393.000000 1082.000000 31.000000
44764109.000000 963.000000 33.000000
44764712.000000 991.000000 38.000000
44651917.000000 937.000000 39.000000
44722767.000000 924.000000 34.000000
44746618.000000 1034.000000 34.000000
44898192.000000 1070.000000 32.000000
44722760.000000 1158.000000 34.000000
44791162.000000 967.000000 33.000000
44867642.000000 1035.000000 34.000000
44867490.000000 1027.000000 33.000000
44809297.000000 895.000000 34.000000
44752296.000000 1100.000000 34.000000
44924840.000000 1030.000000 33.000000
44757274.000000 1071.000000 35.000000
44748673.000000 1046.000000 33.000000
44889479.000000 1016.000000 31.000000
44819234.000000 1007.000000 33.000000
44739067.000000 1043.000000 33.000000
44879861.000000 968.000000 40.000000
44777107.000000 1075.000000 33.000000
44694289.000000 948.000000 32.000000
42746279.000000 1466.000000 43.000000
45088243.000000 958.000000 36.000000
43398103.000000 1410.000000 30.000000
44712750.000000 976.000000 38.000000
44827001.000000 1039.000000 34.000000
44626829.000000 897.000000 38.000000
44810082.000000 1093.000000 35.000000
44711875.000000 958.000000 40.000000
