45217551.000000 1754.000000 741.000000
45593483.000000 1631.000000 891.000000
45707357.000000 1044.000000 529.000000
45313892.000000 2552.000000 1996.000000
44701727.000000 2723.000000 2137.000000
43981589.000000 1981.000000 1482.000000
45527547.000000 1801.000000 1042.000000
45553080.000000 1455.000000 453.000000
45476308.000000 1051.000000 381.000000
42075163.000000 11954.000000 11731.000000
45374213.000000 1318.000000 726.000000
45706879.000000 928.000000 306.000000
44504661.000000 1889.000000 1455.000000
45395408.000000 1428.000000 626.000000
45665197.000000 1122.000000 316.000000
45653227.000000 1249.000000 499.000000
45454517.000000 1631.000000 1068.000000
44062554.000000 5045.000000 4560.000000
45696683.000000 1133.000000 442.000000
45335798.000000 1416.000000 795.000000
29093434.000000 32713.000000 32226.000000
45527687.000000 1163.000000 503.000000
45524854.000000 1661.000000 902.000000
45488627.000000 2143.000000 1544.000000
45079315.000000 3645.000000 2841.000000
45468860.000000 1315.000000 602.000000
45023845.000000 2358.000000 1672.000000
45454660.000000 1378.000000 216.000000
45642047.000000 1253.000000 441.000000
45067220.000000 2283.000000 1402.000000
45685919.000000 1059.000000 353.000000
44431947.000000 2480.000000 1778.000000
44896605.000000 1509.000000 887.000000
45198456.000000 1400.000000 665.000000
45561892.000000 1207.000000 313.000000
42656856.000000 10582.000000 10256.000000
45053553.000000 1607.000000 822.000000
45454980.000000 1054.000000 418.000000
45489535.000000 1493.000000 842.000000
45281093.000000 1721.000000 974.000000
45699516.000000 1188.000000 552.000000
42937894.000000 9242.000000 8862.000000
45504536.000000 1277.000000 425.000000
45552364.000000 1385.000000 704.000000
45218847.000000 1740.000000 895.000000
45399955.000000 1760.000000 986.000000
45462671.000000 1492.000000 692.000000
43398748.000000 4954.000000 4274.000000
30970373.000000 64593.000000 64135.000000
45543260.000000 1660.000000 803.000000
45485171.000000 1620.000000 562.000000
45400583.000000 2302.000000 1460.000000
42781192.000000 3960.000000 3618.000000
44480588.000000 2866.000000 2027.000000
45135366.000000 1319.000000 653.000000
44502321.000000 2494.000000 2031.000000
44966159.000000 1469.000000 542.000000
45430148.000000 1362.000000 458.000000
45662089.000000 1281.000000 722.000000
44061658.000000 1958.000000 1423.000000
36099584.000000 24796.000000 24796.000000
45317265.000000 1493.000000 525.000000
45437242.000000 1406.000000 869.000000
45157290.000000 1161.000000 428.000000
39497689.000000 10502.000000 10166.000000
45187333.000000 1408.000000 688.000000
44950387.000000 1603.000000 1142.000000
45580136.000000 1243.000000 498.000000
45389472.000000 1617.000000 779.000000
45182623.000000 1028.000000 409.000000
45447963.000000 1351.000000 475.000000
45374202.000000 1877.000000 1337.000000
45664431.000000 1171.000000 209.000000
45321237.000000 1462.000000 778.000000
44852523.000000 2417.000000 1134.000000
44245153.000000 1281.000000 821.000000
45601748.000000 1375.000000 745.000000
45166330.000000 1576.000000 784.000000
45232560.000000 951.000000 236.000000
44033662.000000 3384.000000 2847.000000
44834292.000000 1545.000000 939.000000
45190147.000000 1565.000000 605.000000
41764462.000000 13026.000000 12622.000000
45527012.000000 1141.000000 317.000000
45677404.000000 1644.000000 628.000000
26996103.000000 38306.000000 38157.000000
45450341.000000 1662.000000 1083.000000
44688259.000000 1569.000000 934.000000
44465202.000000 2469.000000 2001.000000
45749211.000000 1088.000000 216.000000
45546832.000000 1122.000000 387.000000
45306922.000000 1582.000000 803.000000
44969052.000000 3541.000000 2653.000000
44784403.000000 1031.000000 848.000000
45352911.000000 1309.000000 494.000000
45423560.000000 1398.000000 785.000000
44010525.000000 7345.000000 7137.000000
45672748.000000 1143.000000 251.000000
44595889.000000 1183.000000 691.000000
45610425.000000 1361.000000 305.000000
