43597087.000000 1709.000000 0.000000
43630759.000000 1998.000000 0.000000
43606288.000000 1736.000000 0.000000
43707154.000000 2330.000000 1.000000
43419885.000000 1649.000000 0.000000
43618237.000000 1703.000000 0.000000
43756034.000000 1861.000000 0.000000
43361737.000000 1901.000000 0.000000
43742811.000000 1860.000000 0.000000
43596393.000000 1639.000000 0.000000
43429742.000000 1659.000000 0.000000
43585146.000000 1761.000000 0.000000
43571684.000000 1898.000000 0.000000
43381708.000000 1782.000000 0.000000
43724263.000000 1722.000000 0.000000
43145384.000000 1910.000000 0.000000
43602672.000000 1782.000000 0.000000
43158512.000000 1673.000000 0.000000
43662358.000000 1851.000000 0.000000
43784706.000000 1955.000000 0.000000
43796092.000000 1787.000000 0.000000
43611733.000000 1668.000000 0.000000
43633395.000000 2176.000000 1.000000
43789236.000000 2027.000000 0.000000
43703600.000000 2034.000000 1.000000
43184401.000000 1865.000000 1.000000
43672746.000000 1779.000000 0.000000
43689362.000000 2052.000000 0.000000
43764616.000000 1975.000000 0.000000
43572340.000000 1812.000000 0.000000
43341912.000000 1711.000000 0.000000
43325282.000000 1801.000000 0.000000
43707917.000000 2104.000000 0.000000
43289652.000000 2014.000000 0.000000
43517855.000000 1762.000000 0.000000
43397066.000000 1784.000000 0.000000
43520994.000000 1684.000000 0.000000
43822617.000000 1870.000000 0.000000
43432722.000000 2098.000000 0.000000
43489290.000000 1664.000000 0.000000
43309680.000000 1905.000000 0.000000
43416872.000000 1886.000000 0.000000
43523180.000000 1908.000000 0.000000
43709529.000000 2037.000000 0.000000
43804419.000000 1845.000000 0.000000
43488336.000000 1739.000000 0.000000
43717555.000000 2045.000000 1.000000
43445682.000000 1851.000000 0.000000
43334111.000000 1983.000000 0.000000
43795263.000000 1686.000000 0.000000
43647484.000000 1785.000000 0.000000
43302520.000000 1703.000000 0.000000
43298054.000000 1793.000000 0.000000
43644303.000000 1801.000000 0.000000
43391148.000000 1742.000000 0.000000
43432884.000000 1669.000000 0.000000
43749808.000000 2091.000000 0.000000
43347564.000000 2021.000000 0.000000
43592367.000000 1835.000000 0.000000
43777755.000000 1740.000000 0.000000
43796342.000000 1804.000000 0.000000
43653518.000000 1799.000000 0.000000
43786698.000000 1850.000000 0.000000
43820229.000000 2148.000000 0.000000
43786653.000000 1850.000000 0.000000
43444815.000000 1735.000000 0.000000
43658023.000000 1916.000000 0.000000
43205546.000000 2069.000000 1.000000
43031499.000000 1802.000000 0.000000
43721178.000000 2232.000000 0.000000
43467286.000000 1853.000000 0.000000
43322096.000000 1718.000000 0.000000
43394468.000000 1760.000000 0.000000
43543500.000000 1724.000000 0.000000
43406317.000000 1802.000000 0.000000
43757370.000000 1984.000000 0.000000
43782979.000000 1941.000000 0.000000
43453714.000000 1909.000000 0.000000
43729979.000000 1805.000000 0.000000
43265925.000000 1783.000000 0.000000
43397700.000000 1930.000000 1.000000
43574880.000000 1767.000000 0.000000
43662474.000000 1939.000000 0.000000
43337084.000000 1922.000000 0.000000
43218711.000000 1621.000000 0.000000
43750745.000000 1948.000000 0.000000
43751279.000000 2008.000000 0.000000
43291347.000000 1752.000000 0.000000
43709231.000000 2046.000000 0.000000
43627526.000000 1878.000000 0.000000
43743478.000000 2186.000000 0.000000
43509189.000000 1899.000000 0.000000
43642884.000000 1782.000000 0.000000
43401721.000000 1705.000000 0.000000
43591733.000000 1893.000000 0.000000
43651104.000000 2016.000000 0.000000
43374384.000000 1760.000000 0.000000
43767970.000000 2303.000000 0.000000
43631691.000000 1818.000000 0.000000
43277352.000000 1827.000000 0.000000
