45482701.000000 1127.000000 9.000000
45608744.000000 1177.000000 8.000000
45626208.000000 1118.000000 7.000000
45596425.000000 1299.000000 9.000000
45580860.000000 1267.000000 9.000000
45626069.000000 1215.000000 10.000000
45526049.000000 1039.000000 9.000000
45325664.000000 1297.000000 9.000000
45406564.000000 1369.000000 9.000000
45670961.000000 1070.000000 9.000000
45583497.000000 1309.000000 8.000000
45321613.000000 965.000000 9.000000
45484975.000000 1292.000000 9.000000
45395112.000000 1050.000000 11.000000
45247725.000000 1491.000000 9.000000
45447770.000000 1107.000000 9.000000
45481870.000000 1261.000000 14.000000
45414659.000000 1246.000000 10.000000
45653947.000000 1044.000000 8.000000
45471696.000000 1193.000000 9.000000
45506180.000000 1167.000000 8.000000
45449821.000000 1088.000000 10.000000
45812033.000000 938.000000 11.000000
45291869.000000 1153.000000 8.000000
45428878.000000 1393.000000 9.000000
45602701.000000 1327.000000 9.000000
45571746.000000 1223.000000 9.000000
45640669.000000 1058.000000 9.000000
44917931.000000 1197.000000 6.000000
45597913.000000 1167.000000 9.000000
45309050.000000 1280.000000 9.000000
45291816.000000 1072.000000 9.000000
45588229.000000 1154.000000 9.000000
45182151.000000 1325.000000 9.000000
45630041.000000 1163.000000 9.000000
45589360.000000 1270.000000 9.000000
45583788.000000 1338.000000 9.000000
45520261.000000 1218.000000 9.000000
45445587.000000 1359.000000 8.000000
45614193.000000 1198.000000 9.000000
45393233.000000 1150.000000 9.000000
45517588.000000 1185.000000 9.000000
45619407.000000 1040.000000 10.000000
45602357.000000 1096.000000 13.000000
45589167.000000 1312.000000 9.000000
45365271.000000 1199.000000 10.000000
45419827.000000 1100.000000 10.000000
45271163.000000 1399.000000 9.000000
45596208.000000 1528.000000 12.000000
45593013.000000 1565.000000 9.000000
45591144.000000 1134.000000 9.000000
45445995.000000 1069.000000 6.000000
45592583.000000 1269.000000 8.000000
45273969.000000 1297.000000 9.000000
45541046.000000 1257.000000 9.000000
45510514.000000 1139.000000 8.000000
45632197.000000 1090.000000 9.000000
45355067.000000 1204.000000 8.000000
45597979.000000 1259.000000 9.000000
45353504.000000 1215.000000 9.000000
45594665.000000 1219.000000 9.000000
45608610.000000 1093.000000 9.000000
45599561.000000 1284.000000 9.000000
45357783.000000 1260.000000 9.000000
45577287.000000 1256.000000 9.000000
45646855.000000 1225.000000 10.000000
45614993.000000 1279.000000 9.000000
45618982.000000 1121.000000 10.000000
45618756.000000 1207.000000 10.000000
45428041.000000 1142.000000 0.000000
45572964.000000 1310.000000 10.000000
45667625.000000 1115.000000 9.000000
45594886.000000 1252.000000 10.000000
45604254.000000 1170.000000 9.000000
45418047.000000 1354.000000 9.000000
45679674.000000 1076.000000 9.000000
45723398.000000 1201.000000 9.000000
45597136.000000 1087.000000 9.000000
45757005.000000 1020.000000 9.000000
45369039.000000 1193.000000 12.000000
45494600.000000 1226.000000 8.000000
45328976.000000 1221.000000 9.000000
45386625.000000 1153.000000 9.000000
45427846.000000 1167.000000 9.000000
45570636.000000 1161.000000 9.000000
45640948.000000 1040.000000 9.000000
45307123.000000 1048.000000 9.000000
45352406.000000 1414.000000 9.000000
45592774.000000 1018.000000 7.000000
45565411.000000 1912.000000 9.000000
45623283.000000 1133.000000 9.000000
45252979.000000 1286.000000 4.000000
45306493.000000 1181.000000 9.000000
45510777.000000 1148.000000 9.000000
45443892.000000 1104.000000 9.000000
45387461.000000 1136.000000 9.000000
45448645.000000 1184.000000 10.000000
45486028.000000 1192.000000 9.000000
45506818.000000 1127.000000 9.000000
45405554.000000 1085.000000 9.000000
