39083101.000000 407.000000 163.000000
39183916.000000 498.000000 176.000000
39197491.000000 575.000000 172.000000
39191080.000000 353.000000 185.000000
39223908.000000 344.000000 151.000000
39198532.000000 442.000000 158.000000
39215110.000000 333.000000 179.000000
39198630.000000 442.000000 154.000000
39173445.000000 389.000000 185.000000
39249528.000000 351.000000 170.000000
39100605.000000 387.000000 175.000000
39182764.000000 592.000000 191.000000
39114344.000000 1496.000000 175.000000
39185526.000000 425.000000 172.000000
39200862.000000 375.000000 176.000000
39222390.000000 442.000000 165.000000
39197902.000000 376.000000 174.000000
39196652.000000 450.000000 165.000000
39182272.000000 440.000000 195.000000
39186652.000000 409.000000 172.000000
39136968.000000 441.000000 177.000000
39209064.000000 612.000000 187.000000
39236815.000000 485.000000 183.000000
39199500.000000 417.000000 167.000000
39223252.000000 412.000000 181.000000
39203887.000000 363.000000 161.000000
39235479.000000 360.000000 174.000000
39222721.000000 541.000000 156.000000
39209796.000000 362.000000 180.000000
39170684.000000 413.000000 181.000000
39199434.000000 373.000000 177.000000
39205752.000000 467.000000 180.000000
39199970.000000 433.000000 165.000000
39181043.000000 383.000000 165.000000
39216985.000000 334.000000 192.000000
39014871.000000 344.000000 174.000000
39043337.000000 366.000000 197.000000
39251655.000000 371.000000 174.000000
39218841.000000 418.000000 160.000000
39202113.000000 355.000000 142.000000
39185705.000000 335.000000 172.000000
39223405.000000 345.000000 178.000000
39204998.000000 419.000000 174.000000
39065211.000000 407.000000 183.000000
39195487.000000 488.000000 144.000000
39123474.000000 337.000000 177.000000
39111431.000000 332.000000 187.000000
39214288.000000 431.000000 174.000000
39203119.000000 408.000000 178.000000
39195685.000000 382.000000 163.000000
39224890.000000 457.000000 180.000000
39236223.000000 356.000000 190.000000
39133334.000000 563.000000 171.000000
39240278.000000 350.000000 168.000000
39203326.000000 472.000000 189.000000
39206863.000000 394.000000 179.000000
39210798.000000 385.000000 147.000000
39179853.000000 412.000000 163.000000
39199360.000000 385.000000 165.000000
39203979.000000 412.000000 198.000000
39237079.000000 452.000000 163.000000
39122699.000000 429.000000 176.000000
39211611.000000 366.000000 156.000000
39161625.000000 535.000000 160.000000
39201937.000000 416.000000 155.000000
39142149.000000 458.000000 191.000000
39219206.000000 405.000000 173.000000
39166344.000000 402.000000 142.000000
39273166.000000 670.000000 174.000000
39220722.000000 334.000000 159.000000
39197110.000000 476.000000 178.000000
39248510.000000 389.000000 173.000000
39147041.000000 378.000000 165.000000
39161031.000000 395.000000 164.000000
39168741.000000 394.000000 159.000000
39187353.000000 477.000000 176.000000
39186815.000000 1034.000000 178.000000
39193912.000000 372.000000 163.000000
39226135.000000 567.000000 181.000000
39211375.000000 374.000000 196.000000
39229309.000000 450.000000 187.000000
39210148.000000 481.000000 155.000000
39176413.000000 347.000000 173.000000
39243589.000000 434.000000 155.000000
39105350.000000 405.000000 177.000000
39202730.000000 401.000000 155.000000
213780318.000000 9339.000000 1718.000000
39194208.000000 429.000000 180.000000
39202657.000000 591.000000 197.000000
39169851.000000 493.000000 184.000000
39228576.000000 329.000000 174.000000
39194969.000000 368.000000 171.000000
39224962.000000 353.000000 165.000000
39228418.000000 463.000000 164.000000
39060776.000000 393.000000 173.000000
39230833.000000 388.000000 164.000000
39230558.000000 528.000000 194.000000
39204824.000000 421.000000 141.000000
39219640.000000 369.000000 194.000000
39183774.000000 471.000000 167.000000
