44762076.000000 1506.000000 3.000000
44851649.000000 1492.000000 3.000000
44970258.000000 1504.000000 3.000000
44702907.000000 1549.000000 2.000000
44547823.000000 1612.000000 3.000000
44859050.000000 1768.000000 3.000000
44906225.000000 1382.000000 3.000000
44604454.000000 1549.000000 3.000000
44527562.000000 1589.000000 3.000000
44645420.000000 1484.000000 3.000000
44493664.000000 1599.000000 3.000000
44850019.000000 1483.000000 3.000000
44416064.000000 1764.000000 3.000000
44605101.000000 1973.000000 3.000000
44911037.000000 1567.000000 3.000000
44643986.000000 1568.000000 2.000000
44703639.000000 1427.000000 3.000000
44918616.000000 2002.000000 3.000000
44502508.000000 1573.000000 3.000000
44526560.000000 1577.000000 3.000000
44585093.000000 1571.000000 2.000000
44950632.000000 1499.000000 4.000000
44890165.000000 1467.000000 3.000000
44783055.000000 1454.000000 4.000000
44572783.000000 1648.000000 3.000000
44805013.000000 1340.000000 3.000000
44767099.000000 1528.000000 3.000000
44854711.000000 1653.000000 3.000000
44742594.000000 1853.000000 4.000000
44889435.000000 1509.000000 3.000000
44797935.000000 1249.000000 3.000000
44891302.000000 1493.000000 3.000000
44492787.000000 1576.000000 3.000000
44492553.000000 1447.000000 3.000000
44378495.000000 1523.000000 3.000000
44612345.000000 1728.000000 3.000000
44828796.000000 1804.000000 3.000000
44898053.000000 1585.000000 3.000000
44937700.000000 1695.000000 3.000000
44819705.000000 1582.000000 4.000000
44832991.000000 1483.000000 3.000000
44888833.000000 1552.000000 3.000000
44680485.000000 2014.000000 3.000000
44664299.000000 1553.000000 3.000000
44764389.000000 1263.000000 3.000000
44744036.000000 1271.000000 3.000000
44485362.000000 1705.000000 4.000000
44685641.000000 1523.000000 3.000000
44664737.000000 1444.000000 3.000000
44523110.000000 1546.000000 3.000000
44852536.000000 1705.000000 3.000000
44876627.000000 1615.000000 3.000000
44858682.000000 1377.000000 3.000000
44920781.000000 1642.000000 3.000000
44899792.000000 1454.000000 3.000000
44860231.000000 1570.000000 4.000000
44900006.000000 1359.000000 3.000000
44897275.000000 1438.000000 4.000000
44657382.000000 1881.000000 3.000000
44801758.000000 1391.000000 3.000000
44729941.000000 1711.000000 3.000000
44950816.000000 1360.000000 3.000000
44866245.000000 1891.000000 3.000000
44578593.000000 1526.000000 3.000000
44453916.000000 1590.000000 3.000000
44807581.000000 1431.000000 3.000000
44887475.000000 1630.000000 3.000000
44459296.000000 1625.000000 3.000000
44867412.000000 1228.000000 3.000000
44824181.000000 1758.000000 3.000000
44632140.000000 1580.000000 3.000000
44532118.000000 2001.000000 3.000000
44486969.000000 1684.000000 3.000000
44840540.000000 1595.000000 3.000000
44678637.000000 1866.000000 3.000000
44912758.000000 1494.000000 3.000000
44860906.000000 1345.000000 3.000000
44533551.000000 1565.000000 3.000000
44858523.000000 1277.000000 2.000000
44449728.000000 1568.000000 3.000000
44644622.000000 1476.000000 3.000000
44772115.000000 1730.000000 3.000000
44589661.000000 1617.000000 3.000000
44665760.000000 1537.000000 3.000000
44933816.000000 1637.000000 2.000000
44788671.000000 1414.000000 3.000000
44905157.000000 1307.000000 3.000000
44459445.000000 1602.000000 5.000000
44617792.000000 1703.000000 2.000000
44531736.000000 1421.000000 3.000000
44770414.000000 1785.000000 3.000000
44895961.000000 1594.000000 3.000000
44905214.000000 1515.000000 3.000000
44966731.000000 1824.000000 3.000000
44661523.000000 1889.000000 3.000000
44896683.000000 1484.000000 3.000000
44912805.000000 1247.000000 3.000000
44500527.000000 1488.000000 3.000000
44865546.000000 1452.000000 3.000000
44576354.000000 1831.000000 3.000000
