48149937.000000 38.000000 31.000000
48411004.000000 42.000000 31.000000
48449384.000000 41.000000 30.000000
48416679.000000 38.000000 30.000000
48431368.000000 38.000000 29.000000
48157903.000000 42.000000 31.000000
48391010.000000 45.000000 30.000000
48507140.000000 36.000000 29.000000
48390319.000000 52.000000 31.000000
48391626.000000 38.000000 30.000000
48375749.000000 38.000000 30.000000
48365451.000000 68.000000 30.000000
48491715.000000 46.000000 28.000000
48155257.000000 40.000000 27.000000
48322697.000000 46.000000 28.000000
48397517.000000 41.000000 28.000000
48096436.000000 33.000000 26.000000
48429454.000000 43.000000 28.000000
48179046.000000 42.000000 29.000000
48430920.000000 40.000000 30.000000
48439080.000000 45.000000 31.000000
48428257.000000 38.000000 31.000000
48028331.000000 40.000000 30.000000
48409779.000000 51.000000 29.000000
48395800.000000 37.000000 31.000000
48137936.000000 38.000000 27.000000
48447352.000000 47.000000 28.000000
48412943.000000 51.000000 40.000000
48390886.000000 46.000000 29.000000
48146021.000000 42.000000 30.000000
48482925.000000 55.000000 31.000000
48243359.000000 50.000000 30.000000
48186815.000000 38.000000 26.000000
48446981.000000 50.000000 27.000000
48396290.000000 41.000000 31.000000
48078047.000000 37.000000 30.000000
48405642.000000 39.000000 31.000000
48393069.000000 42.000000 30.000000
48412672.000000 42.000000 30.000000
48472077.000000 42.000000 27.000000
48436004.000000 40.000000 29.000000
48453213.000000 56.000000 30.000000
48410035.000000 42.000000 30.000000
48162184.000000 53.000000 27.000000
48437103.000000 44.000000 30.000000
48243536.000000 39.000000 31.000000
48188888.000000 57.000000 28.000000
48393089.000000 49.000000 28.000000
48434973.000000 46.000000 31.000000
48429488.000000 60.000000 27.000000
48372180.000000 47.000000 30.000000
48095454.000000 45.000000 31.000000
48418271.000000 50.000000 31.000000
48412597.000000 46.000000 31.000000
48168808.000000 42.000000 27.000000
48478644.000000 37.000000 26.000000
48309207.000000 44.000000 31.000000
48412392.000000 40.000000 30.000000
48400420.000000 41.000000 31.000000
48460590.000000 37.000000 28.000000
48413336.000000 36.000000 27.000000
48399057.000000 52.000000 26.000000
48479509.000000 40.000000 30.000000
48431418.000000 40.000000 31.000000
48433048.000000 57.000000 31.000000
48207946.000000 38.000000 30.000000
48068566.000000 48.000000 31.000000
48136421.000000 42.000000 31.000000
48369713.000000 40.000000 31.000000
48401957.000000 52.000000 30.000000
48407731.000000 43.000000 31.000000
48234244.000000 41.000000 30.000000
48406752.000000 47.000000 29.000000
48233244.000000 44.000000 31.000000
48356017.000000 40.000000 30.000000
48445266.000000 38.000000 26.000000
48252444.000000 39.000000 30.000000
48399956.000000 34.000000 27.000000
48384942.000000 46.000000 29.000000
48338491.000000 42.000000 28.000000
48375301.000000 45.000000 31.000000
48433782.000000 54.000000 30.000000
48449360.000000 52.000000 28.000000
48317726.000000 42.000000 30.000000
48385287.000000 38.000000 30.000000
48094993.000000 48.000000 29.000000
48107152.000000 58.000000 31.000000
48385333.000000 40.000000 31.000000
48128215.000000 44.000000 29.000000
48449174.000000 50.000000 31.000000
48162900.000000 36.000000 27.000000
48408564.000000 43.000000 31.000000
48381982.000000 67.000000 45.000000
48385029.000000 40.000000 30.000000
48456328.000000 47.000000 27.000000
48410671.000000 38.000000 28.000000
48163267.000000 38.000000 30.000000
48436323.000000 47.000000 30.000000
48380223.000000 39.000000 27.000000
48163128.000000 50.000000 30.000000
