1039949.000000 3330.000000 52.000000
1039974.000000 3435.000000 47.000000
1039932.000000 3422.000000 53.000000
1039955.000000 3302.000000 50.000000
1039944.000000 3396.000000 48.000000
1039975.000000 3388.000000 47.000000
1039942.000000 3329.000000 51.000000
1039946.000000 3376.000000 55.000000
1039950.000000 3358.000000 48.000000
1039962.000000 3400.000000 47.000000
1039972.000000 3297.000000 47.000000
1039972.000000 3357.000000 52.000000
1039974.000000 3294.000000 49.000000
1039962.000000 3364.000000 48.000000
1039960.000000 3329.000000 50.000000
1039926.000000 3336.000000 50.000000
1039951.000000 3382.000000 55.000000
1039964.000000 3366.000000 48.000000
18180973.000000 5530.000000 186.000000
1039955.000000 3374.000000 50.000000
16184543.000000 5452.000000 203.000000
1039949.000000 3344.000000 51.000000
1039955.000000 3310.000000 51.000000
1039957.000000 3354.000000 47.000000
1039955.000000 3375.000000 50.000000
1039959.000000 3386.000000 44.000000
1039946.000000 3407.000000 55.000000
1041357.000000 3449.000000 50.000000
1039871.000000 3254.000000 46.000000
1039978.000000 3377.000000 47.000000
1039974.000000 3357.000000 46.000000
1039950.000000 3326.000000 44.000000
1039946.000000 3354.000000 47.000000
1039961.000000 3340.000000 45.000000
1039969.000000 3306.000000 45.000000
1039968.000000 3306.000000 49.000000
1039962.000000 3419.000000 52.000000
1039948.000000 3373.000000 47.000000
1039959.000000 3365.000000 48.000000
1039969.000000 3391.000000 45.000000
1039955.000000 3373.000000 47.000000
1039968.000000 3387.000000 48.000000
1039970.000000 3368.000000 53.000000
1039970.000000 3353.000000 47.000000
1039969.000000 3415.000000 48.000000
1039965.000000 3308.000000 47.000000
1039965.000000 3356.000000 48.000000
1039952.000000 3360.000000 49.000000
1039971.000000 3326.000000 51.000000
1039959.000000 3301.000000 46.000000
1039930.000000 3315.000000 48.000000
1039945.000000 3296.000000 50.000000
1039988.000000 3306.000000 56.000000
1039953.000000 3348.000000 50.000000
1039955.000000 3322.000000 46.000000
1039953.000000 3411.000000 47.000000
1039957.000000 3367.000000 46.000000
1039953.000000 3323.000000 48.000000
1039883.000000 3346.000000 44.000000
1039960.000000 3390.000000 48.000000
1039976.000000 3333.000000 52.000000
1041746.000000 3514.000000 55.000000
1039977.000000 3337.000000 47.000000
1039958.000000 3305.000000 48.000000
1039963.000000 3290.000000 48.000000
1039954.000000 3381.000000 50.000000
1039967.000000 3365.000000 44.000000
1039983.000000 3366.000000 47.000000
1039982.000000 3350.000000 48.000000
32752669.000000 6428.000000 377.000000
1279024.000000 3471.000000 76.000000
1039946.000000 3397.000000 48.000000
1039960.000000 3334.000000 54.000000
1039944.000000 3427.000000 45.000000
1039951.000000 3326.000000 47.000000
11832125.000000 5142.000000 139.000000
18216655.000000 5589.000000 265.000000
1039948.000000 3382.000000 49.000000
1039973.000000 3312.000000 48.000000
1039963.000000 3304.000000 47.000000
1039965.000000 3300.000000 48.000000
1039955.000000 3426.000000 49.000000
1039949.000000 3327.000000 46.000000
1039979.000000 3355.000000 48.000000
1039969.000000 3309.000000 51.000000
1039959.000000 3366.000000 51.000000
1039962.000000 3339.000000 50.000000
1039981.000000 3350.000000 50.000000
1039952.000000 3336.000000 54.000000
1039942.000000 3321.000000 46.000000
1039956.000000 3399.000000 51.000000
1039980.000000 3310.000000 52.000000
1039955.000000 3327.000000 46.000000
1039950.000000 3329.000000 55.000000
1039961.000000 3271.000000 51.000000
1039960.000000 3308.000000 51.000000
1039958.000000 3353.000000 48.000000
1039891.000000 3314.000000 49.000000
1039961.000000 3333.000000 48.000000
1039970.000000 3307.000000 50.000000
