48378751.000000 50.000000 30.000000
48329318.000000 37.000000 31.000000
48394944.000000 47.000000 30.000000
48456971.000000 37.000000 29.000000
48494574.000000 36.000000 27.000000
48122184.000000 48.000000 33.000000
48404601.000000 42.000000 31.000000
48171111.000000 38.000000 31.000000
48298447.000000 53.000000 36.000000
48422422.000000 44.000000 32.000000
48185202.000000 52.000000 30.000000
48416625.000000 51.000000 31.000000
48447546.000000 36.000000 28.000000
48392024.000000 44.000000 30.000000
48280042.000000 37.000000 28.000000
48392589.000000 39.000000 31.000000
48490384.000000 40.000000 28.000000
48376833.000000 38.000000 31.000000
48097139.000000 38.000000 31.000000
48391490.000000 43.000000 32.000000
48121192.000000 39.000000 30.000000
48442086.000000 34.000000 27.000000
48195429.000000 36.000000 27.000000
48477539.000000 50.000000 30.000000
48327325.000000 49.000000 31.000000
48095290.000000 36.000000 30.000000
48196609.000000 39.000000 30.000000
48141129.000000 47.000000 30.000000
48337751.000000 41.000000 29.000000
48493726.000000 43.000000 31.000000
48452284.000000 36.000000 27.000000
48308172.000000 37.000000 28.000000
48372787.000000 36.000000 28.000000
48369370.000000 38.000000 31.000000
48155489.000000 39.000000 32.000000
48174947.000000 43.000000 31.000000
48095899.000000 42.000000 28.000000
48409363.000000 47.000000 30.000000
48433465.000000 38.000000 28.000000
48418440.000000 42.000000 31.000000
48360926.000000 39.000000 30.000000
48293472.000000 46.000000 30.000000
48432663.000000 39.000000 30.000000
48465754.000000 42.000000 30.000000
48245829.000000 38.000000 27.000000
48385431.000000 42.000000 28.000000
48392586.000000 48.000000 31.000000
48160486.000000 36.000000 27.000000
48368924.000000 38.000000 31.000000
48176394.000000 35.000000 30.000000
48371104.000000 35.000000 31.000000
48213813.000000 35.000000 28.000000
48350635.000000 37.000000 27.000000
48402076.000000 50.000000 31.000000
48346735.000000 39.000000 29.000000
48392903.000000 41.000000 30.000000
48380506.000000 35.000000 28.000000
48280186.000000 47.000000 30.000000
48397832.000000 48.000000 27.000000
48286576.000000 40.000000 30.000000
48381765.000000 49.000000 30.000000
48466137.000000 45.000000 31.000000
48379167.000000 31.000000 24.000000
48278886.000000 53.000000 30.000000
48454143.000000 39.000000 28.000000
48174617.000000 51.000000 31.000000
48191515.000000 45.000000 31.000000
48145616.000000 38.000000 30.000000
48085958.000000 36.000000 30.000000
48381350.000000 62.000000 27.000000
48202957.000000 33.000000 28.000000
48290529.000000 47.000000 31.000000
48375812.000000 41.000000 27.000000
48402865.000000 37.000000 30.000000
48374156.000000 41.000000 30.000000
48425824.000000 43.000000 31.000000
48292311.000000 45.000000 30.000000
48373984.000000 36.000000 31.000000
48155322.000000 48.000000 7.000000
48356481.000000 39.000000 30.000000
48458703.000000 46.000000 31.000000
48158837.000000 56.000000 30.000000
48352582.000000 38.000000 31.000000
48253607.000000 41.000000 30.000000
48240996.000000 45.000000 27.000000
48446799.000000 39.000000 27.000000
48473416.000000 35.000000 27.000000
48420288.000000 39.000000 28.000000
48401422.000000 45.000000 32.000000
48372309.000000 56.000000 30.000000
48464414.000000 39.000000 27.000000
48405335.000000 43.000000 30.000000
48445235.000000 37.000000 28.000000
48382319.000000 32.000000 28.000000
48402896.000000 43.000000 30.000000
48268059.000000 38.000000 28.000000
48300383.000000 32.000000 27.000000
48388562.000000 38.000000 30.000000
48168609.000000 40.000000 30.000000
48246230.000000 41.000000 30.000000
