1039939.000000 3392.000000 53.000000
1039936.000000 3309.000000 52.000000
1039966.000000 3378.000000 52.000000
1039959.000000 3431.000000 51.000000
1039940.000000 3326.000000 52.000000
1232051.000000 5961.000000 115.000000
1039959.000000 3318.000000 54.000000
1039942.000000 3336.000000 48.000000
1039966.000000 3382.000000 51.000000
1039970.000000 3352.000000 54.000000
1232036.000000 5954.000000 111.000000
1039954.000000 3325.000000 52.000000
1039951.000000 3297.000000 53.000000
1232068.000000 5918.000000 113.000000
1039935.000000 3299.000000 48.000000
1232050.000000 5998.000000 110.000000
1232030.000000 5966.000000 111.000000
1039884.000000 3353.000000 50.000000
1039953.000000 3333.000000 51.000000
1039953.000000 3353.000000 49.000000
1039962.000000 3342.000000 50.000000
1039939.000000 3295.000000 49.000000
1039945.000000 3387.000000 45.000000
1041322.000000 3373.000000 46.000000
1039937.000000 3305.000000 49.000000
1039958.000000 3399.000000 52.000000
1039957.000000 3276.000000 47.000000
1039944.000000 3359.000000 53.000000
1232037.000000 5975.000000 110.000000
1039948.000000 3414.000000 46.000000
1039963.000000 3329.000000 47.000000
1039944.000000 3347.000000 51.000000
1039945.000000 3288.000000 49.000000
1232030.000000 5920.000000 112.000000
1039956.000000 3357.000000 49.000000
1039960.000000 3436.000000 51.000000
1039950.000000 3343.000000 53.000000
1039939.000000 3421.000000 50.000000
1039951.000000 3323.000000 49.000000
1039950.000000 3369.000000 50.000000
1039933.000000 3433.000000 49.000000
1041360.000000 3419.000000 49.000000
1039968.000000 3380.000000 57.000000
1041638.000000 3416.000000 55.000000
1039955.000000 3348.000000 51.000000
1039962.000000 3341.000000 52.000000
1039930.000000 3359.000000 48.000000
1232029.000000 6035.000000 110.000000
1039960.000000 3305.000000 48.000000
1039941.000000 3335.000000 45.000000
1039936.000000 3323.000000 47.000000
1039947.000000 3382.000000 48.000000
1039871.000000 3316.000000 49.000000
1232036.000000 5948.000000 113.000000
1039955.000000 3372.000000 46.000000
1039950.000000 3306.000000 53.000000
1039908.000000 3296.000000 49.000000
1041423.000000 3445.000000 49.000000
1041640.000000 3451.000000 54.000000
1039957.000000 3387.000000 57.000000
1232039.000000 5944.000000 115.000000
1039952.000000 3315.000000 51.000000
1041500.000000 3409.000000 52.000000
1039959.000000 3290.000000 48.000000
1232062.000000 5972.000000 119.000000
1041351.000000 3441.000000 55.000000
1039943.000000 3373.000000 48.000000
1039962.000000 3386.000000 53.000000
1039963.000000 3386.000000 56.000000
1232026.000000 5922.000000 114.000000
1039945.000000 3347.000000 46.000000
32753152.000000 6509.000000 588.000000
1039954.000000 3333.000000 53.000000
1039957.000000 3398.000000 49.000000
1039980.000000 3324.000000 52.000000
1039949.000000 3359.000000 53.000000
1041341.000000 3413.000000 49.000000
1039941.000000 3432.000000 48.000000
1039957.000000 3428.000000 48.000000
1039946.000000 3362.000000 51.000000
25050658.000000 5958.000000 328.000000
1039942.000000 3315.000000 45.000000
269931288.000000 10027.000000 2320.000000
1232026.000000 5929.000000 109.000000
1039938.000000 3301.000000 51.000000
1039930.000000 3377.000000 50.000000
1039951.000000 3281.000000 51.000000
1039957.000000 3334.000000 48.000000
94205740.000000 8052.000000 1361.000000
1039931.000000 3275.000000 49.000000
1039954.000000 3317.000000 47.000000
1232027.000000 5910.000000 110.000000
1041340.000000 3418.000000 50.000000
1039954.000000 3391.000000 50.000000
1039949.000000 3401.000000 50.000000
1039945.000000 3379.000000 48.000000
1039934.000000 3373.000000 59.000000
1039872.000000 3359.000000 47.000000
1039946.000000 3358.000000 50.000000
1039945.000000 3388.000000 51.000000
