39108901.000000 485.000000 240.000000
39194447.000000 374.000000 232.000000
39273832.000000 425.000000 221.000000
39113136.000000 471.000000 227.000000
39219412.000000 369.000000 227.000000
39211952.000000 393.000000 242.000000
39233800.000000 352.000000 212.000000
39220505.000000 492.000000 239.000000
39191644.000000 415.000000 238.000000
39161500.000000 396.000000 208.000000
39190871.000000 475.000000 233.000000
39181069.000000 365.000000 245.000000
39191251.000000 453.000000 221.000000
39210188.000000 348.000000 220.000000
39212647.000000 397.000000 226.000000
39180163.000000 422.000000 236.000000
39232076.000000 384.000000 243.000000
39196495.000000 454.000000 220.000000
39196980.000000 490.000000 225.000000
39189696.000000 382.000000 232.000000
39208250.000000 398.000000 224.000000
39215332.000000 429.000000 238.000000
39213129.000000 401.000000 210.000000
39189916.000000 352.000000 236.000000
39201491.000000 389.000000 240.000000
39177413.000000 444.000000 239.000000
39221627.000000 362.000000 244.000000
39256472.000000 429.000000 218.000000
39113850.000000 447.000000 240.000000
39197528.000000 616.000000 231.000000
39183619.000000 392.000000 223.000000
39207515.000000 384.000000 231.000000
39203689.000000 385.000000 223.000000
39189502.000000 383.000000 238.000000
39233262.000000 322.000000 229.000000
39220079.000000 381.000000 240.000000
39209106.000000 377.000000 228.000000
39116283.000000 360.000000 228.000000
39228538.000000 385.000000 231.000000
39196236.000000 383.000000 186.000000
39131662.000000 594.000000 206.000000
39216921.000000 478.000000 224.000000
39231136.000000 378.000000 233.000000
39236360.000000 1186.000000 239.000000
39193337.000000 693.000000 217.000000
39207908.000000 424.000000 239.000000
39197878.000000 394.000000 247.000000
39178833.000000 388.000000 225.000000
39152024.000000 809.000000 243.000000
39192616.000000 347.000000 231.000000
39183432.000000 446.000000 232.000000
39212151.000000 417.000000 231.000000
39157558.000000 496.000000 210.000000
39195808.000000 404.000000 238.000000
39081799.000000 464.000000 226.000000
39186067.000000 602.000000 237.000000
39153061.000000 403.000000 225.000000
39213905.000000 386.000000 223.000000
39186780.000000 446.000000 220.000000
39224126.000000 509.000000 224.000000
39126836.000000 421.000000 230.000000
39224276.000000 401.000000 227.000000
39182251.000000 467.000000 225.000000
39213162.000000 425.000000 228.000000
39116311.000000 499.000000 237.000000
39168502.000000 436.000000 221.000000
39210902.000000 394.000000 240.000000
39274193.000000 356.000000 262.000000
39221184.000000 358.000000 231.000000
39183966.000000 432.000000 240.000000
39197728.000000 399.000000 242.000000
39210569.000000 429.000000 212.000000
39189574.000000 420.000000 211.000000
39224085.000000 314.000000 232.000000
39184423.000000 346.000000 216.000000
39218794.000000 450.000000 210.000000
39208981.000000 403.000000 229.000000
39186575.000000 366.000000 236.000000
39183695.000000 325.000000 205.000000
39174934.000000 491.000000 240.000000
39228686.000000 402.000000 234.000000
39126775.000000 1310.000000 228.000000
39228675.000000 381.000000 242.000000
39180146.000000 435.000000 216.000000
39205853.000000 519.000000 222.000000
39206599.000000 425.000000 225.000000
39232830.000000 333.000000 240.000000
39215312.000000 489.000000 217.000000
39172720.000000 411.000000 220.000000
39093999.000000 471.000000 219.000000
39189893.000000 565.000000 231.000000
39114040.000000 495.000000 209.000000
39217001.000000 459.000000 235.000000
39232674.000000 384.000000 210.000000
39206395.000000 405.000000 216.000000
39172042.000000 334.000000 219.000000
39201127.000000 480.000000 232.000000
39238020.000000 416.000000 232.000000
39204181.000000 400.000000 244.000000
39191983.000000 451.000000 230.000000
