43434680.000000 1652.000000 190.000000
43415824.000000 1682.000000 184.000000
43612214.000000 1616.000000 203.000000
43518717.000000 1782.000000 94.000000
43598462.000000 1678.000000 177.000000
43651553.000000 1753.000000 164.000000
43620950.000000 1595.000000 231.000000
43505102.000000 1801.000000 177.000000
43356802.000000 1722.000000 281.000000
43605348.000000 2371.000000 674.000000
43515110.000000 1943.000000 622.000000
43612917.000000 1734.000000 137.000000
43625609.000000 1713.000000 242.000000
43555589.000000 1735.000000 281.000000
42539558.000000 6201.000000 4354.000000
43723480.000000 1762.000000 136.000000
43423314.000000 1840.000000 140.000000
43624203.000000 1742.000000 224.000000
43604035.000000 1690.000000 142.000000
36464140.000000 2110.000000 477.000000
43345328.000000 1854.000000 176.000000
43611450.000000 1841.000000 116.000000
43414459.000000 1764.000000 307.000000
43533780.000000 1675.000000 249.000000
43637540.000000 1604.000000 111.000000
43646186.000000 1683.000000 210.000000
43926484.000000 2133.000000 391.000000
43577755.000000 1904.000000 210.000000
43368065.000000 1817.000000 179.000000
43566352.000000 1830.000000 262.000000
43610565.000000 1550.000000 130.000000
43353640.000000 1907.000000 183.000000
43408877.000000 1835.000000 109.000000
43384531.000000 1910.000000 140.000000
43626662.000000 1998.000000 157.000000
43520065.000000 2027.000000 200.000000
43564031.000000 1703.000000 149.000000
43676962.000000 1804.000000 148.000000
43577311.000000 1721.000000 255.000000
43626643.000000 2008.000000 207.000000
43486802.000000 2452.000000 458.000000
43383303.000000 1859.000000 193.000000
43346665.000000 1706.000000 154.000000
43566410.000000 1676.000000 104.000000
43604481.000000 1842.000000 98.000000
43535300.000000 1667.000000 221.000000
43316700.000000 1838.000000 112.000000
43368526.000000 1708.000000 179.000000
43410151.000000 1764.000000 236.000000
43285093.000000 2143.000000 379.000000
43617816.000000 1722.000000 278.000000
43519556.000000 1877.000000 189.000000
43523320.000000 1706.000000 88.000000
43448292.000000 1633.000000 210.000000
43486630.000000 1687.000000 175.000000
43471400.000000 1681.000000 301.000000
43548865.000000 1590.000000 132.000000
43597064.000000 1760.000000 149.000000
43402369.000000 2179.000000 335.000000
43541940.000000 1872.000000 153.000000
43415830.000000 1723.000000 156.000000
43660931.000000 1632.000000 119.000000
43641925.000000 1743.000000 189.000000
43440105.000000 1613.000000 261.000000
43394100.000000 1562.000000 153.000000
43658334.000000 1910.000000 276.000000
43670010.000000 1785.000000 107.000000
43431780.000000 1874.000000 175.000000
43593287.000000 1611.000000 152.000000
43557489.000000 1778.000000 227.000000
43550154.000000 1867.000000 245.000000
43345396.000000 1822.000000 198.000000
43586948.000000 1657.000000 206.000000
43412128.000000 1965.000000 232.000000
43506887.000000 1841.000000 218.000000
43602329.000000 1720.000000 122.000000
43615537.000000 1767.000000 162.000000
43575490.000000 1664.000000 291.000000
43529267.000000 2121.000000 294.000000
43495019.000000 1593.000000 96.000000
43547424.000000 1789.000000 40.000000
43636880.000000 1721.000000 171.000000
43270553.000000 2019.000000 288.000000
43547181.000000 1676.000000 168.000000
43550556.000000 1631.000000 157.000000
43507871.000000 1875.000000 221.000000
43403745.000000 1772.000000 231.000000
43518932.000000 1618.000000 139.000000
43513020.000000 1710.000000 243.000000
43548177.000000 1779.000000 181.000000
43640027.000000 2006.000000 145.000000
43451299.000000 1986.000000 287.000000
43584583.000000 1775.000000 161.000000
43625434.000000 1931.000000 188.000000
43471279.000000 1892.000000 217.000000
43604997.000000 1799.000000 119.000000
43285096.000000 1930.000000 112.000000
43572188.000000 1582.000000 115.000000
43493220.000000 1676.000000 115.000000
43389916.000000 1860.000000 177.000000
