43630419.000000 1082.000000 0.000000
44198803.000000 1022.000000 6.000000
43918426.000000 1316.000000 4.000000
43921864.000000 1250.000000 6.000000
43852769.000000 1031.000000 3.000000
44083510.000000 1070.000000 6.000000
44188227.000000 948.000000 6.000000
44242967.000000 888.000000 5.000000
44295485.000000 1138.000000 5.000000
44082593.000000 988.000000 6.000000
44066034.000000 876.000000 6.000000
44110493.000000 1295.000000 6.000000
43928457.000000 1315.000000 3.000000
43658463.000000 1090.000000 0.000000
43899602.000000 1133.000000 3.000000
44308491.000000 1014.000000 6.000000
43855759.000000 1313.000000 3.000000
43886924.000000 1089.000000 3.000000
44259788.000000 991.000000 5.000000
43926829.000000 1266.000000 3.000000
44197235.000000 860.000000 5.000000
43596744.000000 1178.000000 5.000000
43558376.000000 1184.000000 0.000000
43936474.000000 1389.000000 4.000000
44113699.000000 1133.000000 6.000000
44307061.000000 916.000000 6.000000
44175850.000000 962.000000 6.000000
44101370.000000 1388.000000 6.000000
43965579.000000 1458.000000 6.000000
43696926.000000 1227.000000 3.000000
43935832.000000 1115.000000 6.000000
44227501.000000 1091.000000 6.000000
44286773.000000 968.000000 6.000000
43410137.000000 1061.000000 0.000000
44280600.000000 1018.000000 6.000000
43942643.000000 1191.000000 6.000000
44016058.000000 1035.000000 6.000000
43382455.000000 1255.000000 0.000000
44088714.000000 1136.000000 6.000000
43896758.000000 1092.000000 3.000000
43851766.000000 1336.000000 3.000000
44325373.000000 1094.000000 6.000000
44029592.000000 934.000000 6.000000
43866912.000000 1106.000000 6.000000
44352102.000000 924.000000 5.000000
44057682.000000 1369.000000 5.000000
44031667.000000 1430.000000 7.000000
44102289.000000 1028.000000 6.000000
43649454.000000 1050.000000 3.000000
44238656.000000 1691.000000 5.000000
44064362.000000 1135.000000 6.000000
43940499.000000 1043.000000 5.000000
43678380.000000 1256.000000 0.000000
44107171.000000 1185.000000 6.000000
44048982.000000 1345.000000 6.000000
43917901.000000 1155.000000 3.000000
44245688.000000 1060.000000 6.000000
44092654.000000 985.000000 6.000000
43680799.000000 1192.000000 0.000000
44178091.000000 1177.000000 6.000000
44030572.000000 1132.000000 6.000000
43717633.000000 1208.000000 3.000000
44204959.000000 1060.000000 6.000000
43924838.000000 1884.000000 3.000000
43863716.000000 1200.000000 3.000000
43958781.000000 963.000000 6.000000
44073936.000000 1008.000000 6.000000
44249213.000000 955.000000 6.000000
44267900.000000 929.000000 5.000000
44033031.000000 1726.000000 6.000000
43954122.000000 1100.000000 6.000000
43876050.000000 1125.000000 6.000000
43760018.000000 1341.000000 3.000000
44074644.000000 1116.000000 6.000000
43742757.000000 991.000000 0.000000
43593473.000000 894.000000 0.000000
44073195.000000 1046.000000 6.000000
43669590.000000 1060.000000 4.000000
44190654.000000 1218.000000 6.000000
44235583.000000 935.000000 6.000000
43876210.000000 1115.000000 2.000000
44191643.000000 1356.000000 6.000000
43964797.000000 1144.000000 5.000000
43948740.000000 1096.000000 6.000000
43940068.000000 1335.000000 5.000000
44080409.000000 989.000000 6.000000
43652346.000000 1037.000000 3.000000
43830803.000000 1134.000000 6.000000
43684468.000000 1015.000000 0.000000
43959969.000000 1264.000000 6.000000
43906509.000000 1030.000000 3.000000
43846158.000000 1244.000000 3.000000
43770001.000000 1133.000000 3.000000
44276677.000000 1044.000000 6.000000
44235132.000000 1095.000000 6.000000
44191932.000000 911.000000 6.000000
44184239.000000 1146.000000 6.000000
44075436.000000 1208.000000 6.000000
44295706.000000 949.000000 6.000000
44153827.000000 986.000000 6.000000
