0,15908206.5961963,7664.41013264094,383.734842290141,0,7792.8,0
0.01,20286087.7246691,8848.48356863522,182.24925560889,18934466.3267311,7465.69412272498,0
0.02,23971735.6015514,10231.5353878187,236.681988351312,15458789.0497445,7164.94280092513,0
0.03,26550335.3955393,9309.65460626151,322.109531005495,26122449.3595719,6887.48433766923,0
0.04,33683406.8822219,12701.1436255814,857.160456188603,33922500.1281621,13261.4272114494,0
0.05,32122970.6389296,12417.9917675493,2743.40270203495,29906912.7,12784.8,0
0.06,33962508.3866363,12463.7736758658,1380.20149556216,33922500.1281621,13261.4272114494,0
0.07,35321608.4195414,13407.9122860682,1541.49844733549,39183674.0393579,13774.9686753385,0
0.08,31540068.6650368,9202.96697272933,1403.94426306274,30917578.0994889,7164.94280092513,0
0.09,34903195.3414546,10377.2827018551,1381.10955279022,37868932.6534623,7465.69412272498,0
0.1,28196909.6045613,8209.05720786739,1771.80806554936,24426369.9,7792.8,0
0.11,29615552.4852751,7439.90899603138,1362.93919887714,29360293.2679439,6027.65593081047,0
0.12,29412871.4596353,9895.81538326811,1139.89065723862,30596334.2272453,9828.95836125204,0
0.13,26874611.9370612,8638.38969818542,1466.78533215601,26707294.5612676,8296.73258100138,0
0.14,27978862.6567022,8520.9548456813,1452.27027996605,27982088.0727788,7177.79397441573,0
0.15,27361699.9498431,8593.26377402924,2466.34027491529,28807101,9487.2,0
0.16,29060594.4263674,9840.58118534746,1674.24084185763,29872206.6693774,9887.36300548861,0
0.17,30251435.1201861,10909.7544089085,1618.86516385013,31019098.0988214,10322.7697171618,0
0.18,31259717.7851375,12386.4975469336,1916.31114904327,32257571.4614798,10798.2906652274,0
0.19,32350693.1296836,13953.2655709231,2171.79462548968,33599052.4865766,15092.9828882348,0
0.2,32511415.4975179,15284.7709078931,3195.48225448565,35056950,15858.8,0
0.21,33860475.0336288,15378.5363671194,2176.92703622602,35137887.5758477,15777.2358383229,0
0.22,34275377.6874929,15452.733076774,1922.59611180909,35219199.7450656,15696.5063768324,0
0.23,34456536.9862016,15241.6474903003,1857.28239147019,35300889.1142117,15616.5988676957,0
0.24,34615858.9615488,14926.4263252452,1940.25631001934,35382958.3140834,15537.5008213511,0
0.25,33788170.6635347,14651.40619062,2608.48106597499,35465410,15459.2,0
0.26,34583432.467981,14467.0680778598,1791.6124964778,35392612.56209,14580.1489913105,0
0.27,34480662.7356048,14174.7880082298,1658.09845907392,35320113.3647131,13795.6895855371,0
0.28,34149320.6259978,13912.0777850982,1757.44274245641,35247910.5788438,13091.3333029155,0
0.29,33815215.38671,13934.0646266801,1914.67921151823,35176002.3903817,12455.4068414655,0
0.3,32940798.8635348,13650.5101583095,2379.70352649322,35104387,11878.4,0
0.31,33465832.6798353,13739.1938348861,1881.99028204463,34701702.7541286,12266.2834391175,0
0.32,33358788.9608014,13545.0701664094,1720.21502241915,34308152.159453,12680.3543105483,0
0.33,33164202.2885304,13527.7960810448,1589.12202955481,33923427.9475951,13123.3572797775,0
0.34,32865904.5227417,13562.6859249204,1765.77022139878,33547236.4799009,13598.4344495868,0
0.35,31508895.5131415,13523.7874129062,2538.13815910755,33179297,14109.2,0
0.36,32783075.7067146,13811.4765478984,1632.39085251741,33457213.6534243,13723.0101219796,0
0.37,33309166.3895224,13963.0978470419,1548.47312664767,33739825.408722,13357.3981826198,0
0.38,33526175.1008112,14295.1017933291,1734.0631008788,34027252.2574745,13010.7621359513,0
0.39,33645975.9690749,14751.9246826438,2171.33793713543,34319618.3151889,15852.0775343867,0
0.4,33123235.1332804,14766.2477099653,2775.08445065764,34617052,15461,0
0.41,33841368.8019542,14871.2396997009,2295.38769266714,34752982.6953812,15542.0634870379,0
0.42,33877692.1204025,14759.1551133224,2041.04323602725,34889985.1165791,15623.9815015214,0
0.43,33810128.8452427,14541.7510790545,1948.6940053653,35028071.9885576,12565.414101596,0
0.44,33858655.4657301,14203.7646725421,1899.79764855819,35167256.2385313,12632.3485891481,0
0.45,33617595.5895792,13808.7747280974,2284.29195480384,35307551,12700,0
0.46,33652596.9557203,13844.6634570119,1824.51021509234,35035861.152416,12421.6431204352,0
0.47,33466252.4623072,13879.2571048012,1847.33251483282,34768320.6554939,12155.2265123732,0
0.48,33421344.3418949,13677.4606513415,1841.27964101885,34504835.1739046,11899.9980308759,0
0.49,33286018.6452506,13427.5722768687,2049.03570244236,34245313.2104243,14569.0842553246,0
0.5,32441495.0434688,13099.1753966051,2621.75690838647,33989666,11420.4,0
0.51,33363094.2257225,13223.6085227048,1889.96451614495,34024949.0862505,14263.157461884,0
0.52,33642606.4054689,13044.7567041301,1600.68733540359,34060305.5000698,11400.6689983566,0
0.53,33727624.8490481,12876.1889209304,1666.1758669923,34095735.4702869,11390.8290423763,0
0.54,33785876.9620428,12820.2690789095,1991.10194929386,34131239.2266836,11381.0060575467,0
0.55,33416100.2396671,12604.8317676908,2599.18910016044,34166817,11371.2,0
0.56,33979891.4850168,12945.7591702764,1935.60681629442,34451877.117441,11622.4428424833,0
0.57,33995813.2831032,13227.0869532029,1721.72427557028,34741733.8734292,11885.0387801279,0
0.58,34107751.2616823,13530.3789974528,1776.91861749018,35036509.3630346,12159.7751325237,0
0.59,34125130.3541967,13770.5712235016,1932.59440993179,35336329.8605797,12447.5137411134,0
0.6,33794172.9697759,14002.2863730189,2547.14478965184,35641326,12749.2,0
0.61,34020683.9230828,13836.6616071256,2034.84793185731,35285980.2186181,12974.8133757033,0
0.62,33777333.7312704,13699.3998101774,1914.99175067285,34937650.1205256,13208.5556360183,0
0.63,33332656.9696748,13326.4062969835,1894.88483858887,34596129.9680254,13450.8741681023,0
0.64,32957534.8018835,12852.3840400178,2101.49016619518,34261221.9899988,13702.2498029557,0
0.65,32027975.235547,12515.8809223363,3247.27499599076,33932736,10472.4,0
0.66,27291398.9503461,11875.2089951574,2730.51574232556,27169953.2913214,12026.8945898388,0
0.67,21003981.7836842,10823.2738100652,2456.55881029411,20395319.5704206,9415.54809190351,0
0.68,13956726.122566,9307.37298157921,2420.06522936986,13608803.6586401,5701.63537777072,0
0.69,10233035.4548825,6377.3822148908,1677.43174177434,6810374.26785669,7227.42108310884,0
0.7,11238469.7689683,6069.4998767819,3326.7806962938,0,0,0
0.71,9248250.30789062,4172.81543202465,1281.18622015928,0,0,0
0.72,7829954.43119165,3626.36300541747,1157.70151708159,0,0,0
0.73,7029737.38803797,3837.56880815906,1540.55228018717,3409179.32407037,0,0
0.74,7006990.18649375,4321.79772708302,2049.26447291758,3409513.02936746,0,0
0.75,8884443.74950686,6775.22157067558,4805.71337568464,0,0,0
0.76,6825166.45308549,4538.27182627896,2286.77268830569,0,0,0
0.77,5391806.40226553,3872.1294880435,2038.11921405704,0,0,0
0.78,4635339.13301102,3930.91843581264,2323.41760615335,0,0,0
0.79,3869367.92156195,4072.20911121768,2852.76577814923,0,0,0
0.8,5748656.79667465,7782.10329288098,6834.73530365609,0,0,0
0.81,3486170.78956655,4089.94331960376,3143.30841946467,0,0,0
0.82,2454179.29039585,2661.19430413598,1877.04174532102,0,0,0
0.83,1974527.31670348,1789.7820037137,1258.03428606112,0,0,0
0.84,1868319.08689167,1414.29145879921,896.163221801024,0,0,0
0.85,3323564.20405366,5912.07569223962,5165.05505050859,0,0,0
0.86,1155629.32742828,424.625419437201,230.742611925568,0,0,0
0.87,844244.989245208,72.6775363056636,32.3455410884852,0,0,0
0.88,1054580.22470224,21.5968239274339,8.78940519560319,0,0,0
0.89,1625788.10864635,53.6718327124418,36.1860696372827,0,0,0
0.9,3902674.72631304,4643.34761346287,3966.34025217893,0,0,0
0.91,1517375.63143406,27.7075314585908,23.351193953151,0,0,0
0.92,795625.069502266,0.69684196582389,0.675981027563106,0,0,0
0.93,562680.258607393,0.0109854613604451,0.0108767207587195,0,0,0
0.94,872477.40665428,0.00231310081411655,0.000284531432180268,0,0,0
0.95,3520570.53221661,4446.73081636418,3869.52167891063,0,0,0
0.96,1068261.04405171,2.49676049495296,2.4765374738857,0,0,0
0.97,592214.519898012,0.215303032641012,0.212851881644142,0,0,0
0.98,838857.074272966,1.8591760991603,1.81925820395755,0,0,0
0.99,1400611.82384775,39.3631613611297,36.6229537681738,0,0,0
