0.000000 42622609.340000 4765.260000 0.270000
0.010000 0.000000 0.000000 0.000000
0.020000 0.000000 0.000000 0.000000
0.030000 42622609.340000 4765.260000 0.270000
0.040000 53909333.480000 211.490000 0.790000
0.050000 53381003.200000 212.010000 9.220000
0.060000 42009088.490000 453.070000 141.510000
0.070000 37753464.010000 141.720000 4.210000
0.080000 35201357.650000 124.610000 5.440000
0.090000 33607761.140000 124.880000 2.240000
0.100000 32409360.790000 123.990000 3.430000
0.110000 31731709.210000 111.690000 3.050000
0.120000 31068719.540000 114.410000 3.190000
0.130000 28997574.870000 45870.640000 12146.070000
0.140000 19957621.390000 165344.480000 141163.930000
0.150000 19974585.600000 165542.910000 145413.420000
0.160000 19379879.220000 159392.950000 145368.940000
0.170000 11559351.190000 140108.870000 55582.920000
0.180000 15178078.570000 158234.310000 77834.930000
0.190000 17361681.600000 168128.250000 91472.210000
0.200000 33007919.900000 62890.790000 78618.870000
0.210000 44951809.830000 30518.260000 21614.210000
0.220000 44715645.430000 30406.140000 22813.080000
0.230000 44387313.520000 30100.730000 23536.170000
0.240000 44332927.630000 30376.450000 23588.010000
0.250000 44481874.710000 30696.890000 23285.220000
0.260000 44274490.280000 30452.070000 24063.320000
0.270000 43866057.140000 30142.600000 25541.920000
0.280000 43625086.840000 29874.510000 25856.230000
0.290000 44053374.510000 30189.350000 24620.670000
0.300000 43793441.220000 30143.060000 25969.260000
0.310000 43659527.800000 29797.130000 26318.020000
0.320000 43290150.640000 29559.750000 27531.900000
0.330000 43422076.160000 29790.570000 26316.600000
0.340000 43534837.890000 29712.270000 26665.930000
0.350000 43318781.720000 29602.520000 27774.860000
0.360000 43162865.320000 29477.300000 28331.550000
0.370000 39179436.510000 73678.510000 29820.700000
0.380000 19368655.290000 205358.400000 91349.440000
0.390000 19219532.640000 202369.250000 91531.280000
0.400000 38012345.300000 106983.500000 45150.940000
0.410000 49433360.460000 18652.140000 7027.310000
0.420000 49508125.770000 18645.480000 6984.880000
0.430000 49321029.760000 18610.240000 7338.370000
0.440000 49172741.720000 18558.160000 7923.120000
0.450000 49022333.320000 18485.840000 8672.150000
0.460000 48813020.650000 18401.730000 9351.290000
0.470000 48733551.550000 18394.020000 9525.250000
0.480000 48809107.480000 18414.900000 9395.490000
0.490000 48791250.570000 18405.280000 9609.000000
0.500000 48626011.000000 18299.230000 9814.840000
0.510000 48269617.110000 18231.570000 11038.580000
0.520000 48143490.690000 18169.290000 11965.410000
0.530000 47949080.720000 18070.270000 12380.310000
0.540000 37625524.050000 60404.510000 31162.640000
0.550000 21184010.710000 216520.170000 70571.730000
0.560000 9616016.270000 100036.060000 45262.370000
0.570000 0.000000 0.000000 0.000000
0.580000 0.000000 0.000000 0.000000
0.590000 0.000000 0.000000 0.000000
0.600000 0.000000 0.000000 0.000000
0.610000 0.000000 0.000000 0.000000
0.620000 0.000000 0.000000 0.000000
0.630000 0.000000 0.000000 0.000000
0.640000 0.000000 0.000000 0.000000
0.650000 0.000000 0.000000 0.000000
0.660000 0.000000 0.000000 0.000000
0.670000 0.000000 0.000000 0.000000
0.680000 0.000000 0.000000 0.000000
0.690000 0.000000 0.000000 0.000000
0.700000 0.000000 0.000000 0.000000
0.710000 0.000000 0.000000 0.000000
0.720000 0.000000 0.000000 0.000000
0.730000 0.000000 0.000000 0.000000
0.740000 0.000000 0.000000 0.000000
0.750000 0.000000 0.000000 0.000000
0.760000 0.000000 0.000000 0.000000
0.770000 0.000000 0.000000 0.000000
0.780000 0.000000 0.000000 0.000000
0.790000 0.000000 0.000000 0.000000
0.800000 0.000000 0.000000 0.000000
0.810000 0.000000 0.000000 0.000000
0.820000 0.000000 0.000000 0.000000
0.830000 0.000000 0.000000 0.000000
0.840000 0.000000 0.000000 0.000000
0.850000 0.000000 0.000000 0.000000
0.860000 0.000000 0.000000 0.000000
0.870000 0.000000 0.000000 0.000000
0.880000 0.000000 0.000000 0.000000
0.890000 0.000000 0.000000 0.000000
0.900000 0.000000 0.000000 0.000000
0.910000 0.000000 0.000000 0.000000
0.920000 0.000000 0.000000 0.000000
0.930000 0.000000 0.000000 0.000000
0.940000 0.000000 0.000000 0.000000
0.950000 0.000000 0.000000 0.000000
0.960000 0.000000 0.000000 0.000000
0.970000 0.000000 0.000000 0.000000
0.980000 0.000000 0.000000 0.000000
0.990000 0.000000 0.000000 0.000000
1.000000 0.000000 0.000000 0.000000
1.010000 0.000000 0.000000 0.000000
1.020000 0.000000 0.000000 0.000000
1.030000 0.000000 0.000000 0.000000
1.040000 0.000000 0.000000 0.000000
1.050000 0.000000 0.000000 0.000000
1.060000 0.000000 0.000000 0.000000
1.070000 0.000000 0.000000 0.000000
1.080000 0.000000 0.000000 0.000000
1.090000 0.000000 0.000000 0.000000
1.100000 0.000000 0.000000 0.000000
1.110000 0.000000 0.000000 0.000000
1.120000 0.000000 0.000000 0.000000
1.130000 0.000000 0.000000 0.000000
1.140000 0.000000 0.000000 0.000000
1.150000 0.000000 0.000000 0.000000
1.160000 0.000000 0.000000 0.000000
1.170000 0.000000 0.000000 0.000000
1.180000 0.000000 0.000000 0.000000
1.190000 0.000000 0.000000 0.000000
1.200000 0.000000 0.000000 0.000000
1.210000 0.000000 0.000000 0.000000
1.220000 0.000000 0.000000 0.000000
1.230000 0.000000 0.000000 0.000000
1.240000 0.000000 0.000000 0.000000
1.250000 0.000000 0.000000 0.000000
1.260000 0.000000 0.000000 0.000000
1.270000 0.000000 0.000000 0.000000
1.280000 0.000000 0.000000 0.000000
1.290000 0.000000 0.000000 0.000000
1.300000 0.000000 0.000000 0.000000
1.310000 0.000000 0.000000 0.000000
1.320000 0.000000 0.000000 0.000000
1.330000 0.000000 0.000000 0.000000
1.340000 0.000000 0.000000 0.000000
1.350000 0.000000 0.000000 0.000000
1.360000 0.000000 0.000000 0.000000
1.370000 0.000000 0.000000 0.000000
1.380000 0.000000 0.000000 0.000000
1.390000 0.000000 0.000000 0.000000
1.400000 0.000000 0.000000 0.000000
1.410000 0.000000 0.000000 0.000000
1.420000 0.000000 0.000000 0.000000
1.430000 0.000000 0.000000 0.000000
1.440000 0.000000 0.000000 0.000000
1.450000 0.000000 0.000000 0.000000
1.460000 0.000000 0.000000 0.000000
1.470000 0.000000 0.000000 0.000000
1.480000 0.000000 0.000000 0.000000
1.490000 0.000000 0.000000 0.000000
1.500000 0.000000 0.000000 0.000000
1.510000 0.000000 0.000000 0.000000
1.520000 0.000000 0.000000 0.000000
1.530000 0.000000 0.000000 0.000000
1.540000 0.000000 0.000000 0.000000
1.550000 0.000000 0.000000 0.000000
1.560000 0.000000 0.000000 0.000000
1.570000 0.000000 0.000000 0.000000
1.580000 0.000000 0.000000 0.000000
1.590000 0.000000 0.000000 0.000000
1.600000 0.000000 0.000000 0.000000
1.610000 0.000000 0.000000 0.000000
1.620000 0.000000 0.000000 0.000000
1.630000 0.000000 0.000000 0.000000
1.640000 0.000000 0.000000 0.000000
1.650000 0.000000 0.000000 0.000000
1.660000 0.000000 0.000000 0.000000
1.670000 0.000000 0.000000 0.000000
1.680000 0.000000 0.000000 0.000000
1.690000 0.000000 0.000000 0.000000
1.700000 0.000000 0.000000 0.000000
1.710000 0.000000 0.000000 0.000000
1.720000 0.000000 0.000000 0.000000
1.730000 0.000000 0.000000 0.000000
1.740000 0.000000 0.000000 0.000000
1.750000 0.000000 0.000000 0.000000
1.760000 0.000000 0.000000 0.000000
1.770000 0.000000 0.000000 0.000000
1.780000 0.000000 0.000000 0.000000
1.790000 0.000000 0.000000 0.000000
1.800000 0.000000 0.000000 0.000000
1.810000 0.000000 0.000000 0.000000
1.820000 0.000000 0.000000 0.000000
1.830000 0.000000 0.000000 0.000000
1.840000 0.000000 0.000000 0.000000
1.850000 0.000000 0.000000 0.000000
1.860000 0.000000 0.000000 0.000000
1.870000 0.000000 0.000000 0.000000
1.880000 0.000000 0.000000 0.000000
1.890000 0.000000 0.000000 0.000000
1.900000 0.000000 0.000000 0.000000
1.910000 0.000000 0.000000 0.000000
1.920000 0.000000 0.000000 0.000000
1.930000 0.000000 0.000000 0.000000
1.940000 0.000000 0.000000 0.000000
1.950000 0.000000 0.000000 0.000000
1.960000 0.000000 0.000000 0.000000
1.970000 0.000000 0.000000 0.000000
1.980000 0.000000 0.000000 0.000000
1.990000 0.000000 0.000000 0.000000
2.000000 0.000000 0.000000 0.000000
