0.000000 41076036.750000 4674.550000 0.020000
0.010000 0.000000 0.000000 0.000000
0.020000 0.000000 0.000000 0.000000
0.030000 41076036.750000 4674.550000 0.020000
0.040000 54171771.080000 210.440000 0.000000
0.050000 53952725.880000 214.070000 2.390000
0.060000 41944513.040000 427.070000 134.460000
0.070000 37495710.630000 132.520000 2.120000
0.080000 35267563.890000 124.770000 1.980000
0.090000 33643028.000000 116.420000 1.070000
0.100000 32452963.500000 117.970000 1.470000
0.110000 31784386.850000 104.590000 1.100000
0.120000 31399214.130000 115.190000 1.320000
0.130000 29343529.040000 67316.540000 11098.910000
0.140000 23791021.210000 197561.020000 77239.940000
0.150000 23365589.380000 193253.770000 82948.310000
0.160000 13742157.840000 143770.070000 54895.030000
0.170000 15487335.380000 163992.870000 65795.120000
0.180000 15488127.600000 163948.010000 70837.760000
0.190000 32059218.870000 168687.850000 42812.900000
0.200000 46369392.940000 31542.890000 16578.100000
0.210000 46252388.840000 31398.790000 16819.230000
0.220000 46179851.560000 31352.940000 17198.850000
0.230000 46051092.690000 31272.140000 17573.540000
0.240000 46034299.770000 31492.390000 17715.620000
0.250000 45981138.400000 31357.650000 18143.100000
0.260000 45827170.640000 31149.370000 18555.560000
0.270000 45128762.150000 30666.520000 19078.400000
0.280000 45550426.150000 30976.250000 19659.310000
0.290000 45346886.530000 30840.400000 20214.240000
0.300000 45117500.840000 30707.110000 21147.450000
0.310000 45001260.050000 30465.890000 21469.610000
0.320000 44946603.350000 30689.660000 21565.830000
0.330000 44880517.990000 30749.390000 22088.690000
0.340000 44694063.380000 30452.180000 22730.640000
0.350000 44413449.850000 30200.850000 23661.570000
0.360000 39638600.500000 120974.560000 29345.060000
0.370000 23941224.180000 250678.740000 42413.510000
0.380000 31409945.290000 198201.890000 32018.870000
0.390000 50404717.860000 21112.790000 3155.050000
0.400000 50883143.190000 19212.390000 1992.830000
0.410000 50879775.780000 19169.780000 1982.930000
0.420000 50845005.170000 19182.740000 1963.160000
0.430000 50769555.050000 19148.860000 2310.330000
0.440000 50718576.880000 19128.330000 2463.590000
0.450000 50683252.650000 19097.320000 2659.110000
0.460000 50704640.870000 19167.700000 2524.850000
0.470000 50725747.400000 19125.980000 2389.910000
0.480000 50678057.280000 19110.460000 2553.360000
0.490000 50582194.680000 19100.170000 2989.870000
0.500000 50480923.810000 19050.080000 3318.380000
0.510000 50311258.880000 19359.370000 3658.890000
0.520000 39067525.330000 137900.530000 3394.720000
0.530000 18172289.810000 188754.220000 3979.870000
0.540000 240413.270000 2599.700000 178.400000
0.550000 0.000000 0.000000 0.000000
0.560000 0.000000 0.000000 0.000000
0.570000 0.000000 0.000000 0.000000
0.580000 0.000000 0.000000 0.000000
0.590000 0.000000 0.000000 0.000000
0.600000 0.000000 0.000000 0.000000
0.610000 0.000000 0.000000 0.000000
0.620000 0.000000 0.000000 0.000000
0.630000 0.000000 0.000000 0.000000
0.640000 0.000000 0.000000 0.000000
0.650000 0.000000 0.000000 0.000000
0.660000 0.000000 0.000000 0.000000
0.670000 0.000000 0.000000 0.000000
0.680000 0.000000 0.000000 0.000000
0.690000 0.000000 0.000000 0.000000
0.700000 0.000000 0.000000 0.000000
0.710000 0.000000 0.000000 0.000000
0.720000 0.000000 0.000000 0.000000
0.730000 0.000000 0.000000 0.000000
0.740000 0.000000 0.000000 0.000000
0.750000 0.000000 0.000000 0.000000
0.760000 0.000000 0.000000 0.000000
0.770000 0.000000 0.000000 0.000000
0.780000 0.000000 0.000000 0.000000
0.790000 0.000000 0.000000 0.000000
0.800000 0.000000 0.000000 0.000000
0.810000 0.000000 0.000000 0.000000
0.820000 0.000000 0.000000 0.000000
0.830000 0.000000 0.000000 0.000000
0.840000 0.000000 0.000000 0.000000
0.850000 0.000000 0.000000 0.000000
0.860000 0.000000 0.000000 0.000000
0.870000 0.000000 0.000000 0.000000
0.880000 0.000000 0.000000 0.000000
0.890000 0.000000 0.000000 0.000000
0.900000 0.000000 0.000000 0.000000
0.910000 0.000000 0.000000 0.000000
0.920000 0.000000 0.000000 0.000000
0.930000 0.000000 0.000000 0.000000
0.940000 0.000000 0.000000 0.000000
0.950000 0.000000 0.000000 0.000000
0.960000 0.000000 0.000000 0.000000
0.970000 0.000000 0.000000 0.000000
0.980000 0.000000 0.000000 0.000000
0.990000 0.000000 0.000000 0.000000
1.000000 0.000000 0.000000 0.000000
1.010000 0.000000 0.000000 0.000000
1.020000 0.000000 0.000000 0.000000
1.030000 0.000000 0.000000 0.000000
1.040000 0.000000 0.000000 0.000000
1.050000 0.000000 0.000000 0.000000
1.060000 0.000000 0.000000 0.000000
1.070000 0.000000 0.000000 0.000000
1.080000 0.000000 0.000000 0.000000
1.090000 0.000000 0.000000 0.000000
1.100000 0.000000 0.000000 0.000000
1.110000 0.000000 0.000000 0.000000
1.120000 0.000000 0.000000 0.000000
1.130000 0.000000 0.000000 0.000000
1.140000 0.000000 0.000000 0.000000
1.150000 0.000000 0.000000 0.000000
1.160000 0.000000 0.000000 0.000000
1.170000 0.000000 0.000000 0.000000
1.180000 0.000000 0.000000 0.000000
1.190000 0.000000 0.000000 0.000000
1.200000 0.000000 0.000000 0.000000
1.210000 0.000000 0.000000 0.000000
1.220000 0.000000 0.000000 0.000000
1.230000 0.000000 0.000000 0.000000
1.240000 0.000000 0.000000 0.000000
1.250000 0.000000 0.000000 0.000000
1.260000 0.000000 0.000000 0.000000
1.270000 0.000000 0.000000 0.000000
1.280000 0.000000 0.000000 0.000000
1.290000 0.000000 0.000000 0.000000
1.300000 0.000000 0.000000 0.000000
1.310000 0.000000 0.000000 0.000000
1.320000 0.000000 0.000000 0.000000
1.330000 0.000000 0.000000 0.000000
1.340000 0.000000 0.000000 0.000000
1.350000 0.000000 0.000000 0.000000
1.360000 0.000000 0.000000 0.000000
1.370000 0.000000 0.000000 0.000000
1.380000 0.000000 0.000000 0.000000
1.390000 0.000000 0.000000 0.000000
1.400000 0.000000 0.000000 0.000000
1.410000 0.000000 0.000000 0.000000
1.420000 0.000000 0.000000 0.000000
1.430000 0.000000 0.000000 0.000000
1.440000 0.000000 0.000000 0.000000
1.450000 0.000000 0.000000 0.000000
1.460000 0.000000 0.000000 0.000000
1.470000 0.000000 0.000000 0.000000
1.480000 0.000000 0.000000 0.000000
1.490000 0.000000 0.000000 0.000000
1.500000 0.000000 0.000000 0.000000
1.510000 0.000000 0.000000 0.000000
1.520000 0.000000 0.000000 0.000000
1.530000 0.000000 0.000000 0.000000
1.540000 0.000000 0.000000 0.000000
1.550000 0.000000 0.000000 0.000000
1.560000 0.000000 0.000000 0.000000
1.570000 0.000000 0.000000 0.000000
1.580000 0.000000 0.000000 0.000000
1.590000 0.000000 0.000000 0.000000
1.600000 0.000000 0.000000 0.000000
1.610000 0.000000 0.000000 0.000000
1.620000 0.000000 0.000000 0.000000
1.630000 0.000000 0.000000 0.000000
1.640000 0.000000 0.000000 0.000000
1.650000 0.000000 0.000000 0.000000
1.660000 0.000000 0.000000 0.000000
1.670000 0.000000 0.000000 0.000000
1.680000 0.000000 0.000000 0.000000
1.690000 0.000000 0.000000 0.000000
1.700000 0.000000 0.000000 0.000000
1.710000 0.000000 0.000000 0.000000
1.720000 0.000000 0.000000 0.000000
1.730000 0.000000 0.000000 0.000000
1.740000 0.000000 0.000000 0.000000
1.750000 0.000000 0.000000 0.000000
1.760000 0.000000 0.000000 0.000000
1.770000 0.000000 0.000000 0.000000
1.780000 0.000000 0.000000 0.000000
1.790000 0.000000 0.000000 0.000000
1.800000 0.000000 0.000000 0.000000
1.810000 0.000000 0.000000 0.000000
1.820000 0.000000 0.000000 0.000000
1.830000 0.000000 0.000000 0.000000
1.840000 0.000000 0.000000 0.000000
1.850000 0.000000 0.000000 0.000000
1.860000 0.000000 0.000000 0.000000
1.870000 0.000000 0.000000 0.000000
1.880000 0.000000 0.000000 0.000000
1.890000 0.000000 0.000000 0.000000
1.900000 0.000000 0.000000 0.000000
1.910000 0.000000 0.000000 0.000000
1.920000 0.000000 0.000000 0.000000
1.930000 0.000000 0.000000 0.000000
1.940000 0.000000 0.000000 0.000000
1.950000 0.000000 0.000000 0.000000
1.960000 0.000000 0.000000 0.000000
1.970000 0.000000 0.000000 0.000000
1.980000 0.000000 0.000000 0.000000
1.990000 0.000000 0.000000 0.000000
2.000000 0.000000 0.000000 0.000000
