0.000000 41605471.770000 4745.320000 0.180000
0.010000 0.000000 0.000000 0.000000
0.020000 0.000000 0.000000 0.000000
0.030000 41605471.770000 4745.320000 0.180000
0.040000 53904287.600000 206.580000 0.170000
0.050000 53445938.820000 211.820000 9.980000
0.060000 41941640.350000 439.700000 134.910000
0.070000 37462557.810000 132.240000 2.780000
0.080000 35220245.720000 122.320000 3.540000
0.090000 33641846.710000 117.480000 1.770000
0.100000 32427946.750000 119.470000 2.550000
0.110000 31739734.010000 113.230000 2.030000
0.120000 31379754.090000 113.010000 2.840000
0.130000 25425992.470000 8152.560000 1997.960000
0.140000 2418787.440000 17671.750000 12372.550000
0.150000 2094799.430000 18144.570000 11167.950000
0.160000 2133355.880000 17364.870000 12066.770000
0.170000 2029330.650000 16572.940000 11968.860000
0.180000 1992571.190000 17177.390000 11318.580000
0.190000 2008849.480000 16470.870000 12492.260000
0.200000 1906254.120000 16214.740000 11049.300000
0.210000 1982531.050000 16375.700000 11618.850000
0.220000 1899190.380000 15436.720000 12769.410000
0.230000 1799261.720000 15949.750000 10705.570000
0.240000 1925829.910000 15411.870000 12028.750000
0.250000 1849572.810000 14998.070000 12077.870000
0.260000 1815465.060000 15838.320000 11220.430000
0.270000 1853928.120000 15194.200000 12194.490000
0.280000 1779894.450000 14942.260000 11255.250000
0.290000 1836218.370000 15295.380000 11566.070000
0.300000 1820238.720000 14831.270000 12586.670000
0.310000 1727556.140000 15158.630000 10858.160000
0.320000 1842028.440000 14800.410000 11969.090000
0.330000 1782156.310000 14216.920000 12540.520000
0.340000 1724658.280000 15320.770000 11081.630000
0.350000 1824595.000000 14714.190000 12336.970000
0.360000 1736893.480000 14255.040000 11537.660000
0.370000 1764388.980000 15133.480000 11309.750000
0.380000 1760129.990000 14281.290000 12544.530000
0.390000 1683472.130000 14508.740000 10849.850000
0.400000 1773803.960000 14528.580000 11757.790000
0.410000 1700575.420000 13845.860000 12222.350000
0.420000 1697592.110000 14703.020000 11176.100000
0.430000 1769809.690000 14304.820000 12090.590000
0.440000 1718032.500000 14034.400000 11912.120000
0.450000 1710335.540000 14717.170000 11366.730000
0.460000 1725093.650000 14129.050000 12302.660000
0.470000 1810397.630000 21690.070000 10217.410000
0.480000 2192760.130000 22326.530000 11651.550000
0.490000 2140617.120000 21834.200000 12609.050000
0.500000 2124263.700000 25287.550000 10518.380000
0.510000 2405753.590000 24742.690000 12018.670000
0.520000 2295392.690000 24794.960000 12048.190000
0.530000 2267155.450000 25232.230000 11138.830000
0.540000 2312752.310000 24140.810000 12052.320000
0.550000 2265067.970000 24985.960000 11159.770000
0.560000 2325727.350000 24855.250000 11536.790000
0.570000 2296651.210000 24336.570000 12299.090000
0.580000 2241803.700000 25060.730000 11101.530000
0.590000 2367436.270000 24589.100000 11886.940000
0.600000 2296925.620000 24337.730000 12357.260000
0.610000 2252815.260000 25057.180000 11150.450000
0.620000 2350086.410000 24156.940000 12248.140000
0.630000 2266538.780000 24718.650000 11533.950000
0.640000 2306624.750000 24749.640000 11311.250000
0.650000 2307723.950000 23806.790000 12578.670000
0.660000 2210627.920000 24690.700000 10796.140000
0.670000 2348816.230000 24129.350000 11713.730000
0.680000 2977987.930000 23715.340000 12187.340000
0.690000 16689734.790000 20579.530000 11093.170000
0.700000 21881293.620000 19972.660000 11845.190000
0.710000 21420317.280000 19890.230000 11606.710000
0.720000 24079054.750000 18639.620000 11601.470000
0.730000 25391052.580000 17465.340000 11784.050000
0.740000 24978429.250000 17051.260000 11637.220000
0.750000 24033697.500000 16363.250000 11740.210000
0.760000 24036325.890000 16227.340000 11904.720000
0.770000 24499945.250000 17167.890000 11585.970000
0.780000 24201856.350000 16780.520000 11850.510000
0.790000 23671086.660000 16145.810000 11845.890000
0.800000 23042534.920000 16215.730000 11553.840000
0.810000 22938875.640000 15856.960000 11981.070000
0.820000 22325797.320000 15415.930000 11452.390000
0.830000 21780737.860000 15104.450000 11656.940000
0.840000 21780738.510000 14838.920000 11966.860000
0.850000 22309360.350000 15724.500000 11456.200000
0.860000 22185516.110000 15400.740000 11802.350000
0.870000 21778938.120000 15016.480000 11817.310000
0.880000 21208393.530000 14858.430000 11643.310000
0.890000 20852630.140000 14482.990000 11897.540000
0.900000 20802842.230000 14407.920000 11630.790000
0.910000 20467072.240000 14240.350000 11667.120000
0.920000 19864965.240000 13775.890000 12156.390000
0.930000 19629737.400000 14048.320000 11291.110000
0.940000 21239530.480000 14487.160000 11818.590000
0.950000 20602893.840000 14089.470000 12119.550000
0.960000 19984565.060000 14185.850000 11372.640000
0.970000 19880104.500000 13694.720000 11915.120000
0.980000 19263473.620000 13299.550000 11633.300000
0.990000 19139042.100000 13409.130000 11622.920000
1.000000 19114993.080000 13245.980000 11935.960000
1.010000 18659025.430000 13028.650000 11506.800000
1.020000 18734743.300000 12975.730000 11767.180000
1.030000 12726716.010000 20807.840000 12547.740000
1.040000 7194568.700000 29639.600000 11077.820000
1.050000 6969171.350000 28292.060000 12030.560000
1.060000 6645750.000000 29125.700000 12008.400000
1.070000 6519691.070000 30018.740000 11218.900000
1.080000 6548587.690000 28187.150000 12262.960000
1.090000 6292553.570000 28208.220000 11087.680000
1.100000 3994640.270000 30494.950000 11511.420000
1.110000 2931304.410000 31030.520000 12307.930000
1.120000 2809689.820000 31089.330000 11004.900000
1.130000 2855250.440000 29519.150000 11899.220000
1.140000 2776366.870000 29350.120000 12161.560000
1.150000 2718829.650000 30112.120000 11247.100000
1.160000 2796243.270000 28786.300000 12238.240000
1.170000 2624299.850000 28732.210000 11314.450000
1.180000 2650231.640000 28438.640000 11403.420000
1.190000 2982555.210000 27404.020000 12526.550000
1.200000 15846554.740000 23258.720000 9595.410000
1.210000 37530785.940000 21069.010000 6995.310000
1.220000 38052870.770000 20759.100000 7097.490000
1.230000 38653921.560000 20669.180000 6784.910000
1.240000 38870446.320000 20509.060000 7291.480000
1.250000 38824468.370000 20619.680000 7370.760000
1.260000 38742787.080000 20583.070000 7663.510000
1.270000 38652791.570000 20454.170000 8077.730000
1.280000 38884545.500000 20392.120000 7777.480000
1.290000 39187779.160000 20389.430000 7964.900000
1.300000 44573601.450000 19103.270000 7406.530000
1.310000 49227717.870000 18589.250000 7462.600000
1.320000 49109708.960000 18521.880000 8104.150000
1.330000 48892479.840000 18479.240000 8462.220000
1.340000 37532495.700000 55266.210000 9561.660000
1.350000 18556162.350000 67103.600000 11240.300000
1.360000 16468609.900000 48002.090000 10528.480000
1.370000 15115649.820000 40657.130000 10672.810000
1.380000 13673738.330000 34404.420000 10935.720000
1.390000 13862511.140000 31659.240000 10111.890000
1.400000 13364229.470000 26532.020000 9871.790000
1.410000 3285818.810000 9636.280000 3653.880000
1.420000 11238654.580000 24638.090000 9972.380000
1.430000 13062075.810000 28119.370000 11062.240000
1.440000 12575226.720000 26668.310000 11896.720000
1.450000 11028221.800000 32026.420000 11428.120000
1.460000 4195047.000000 39957.820000 11460.090000
1.470000 1943686.290000 20413.050000 6390.160000
1.480000 1070292.940000 11398.490000 2703.140000
1.490000 979613.600000 10084.270000 2958.880000
1.500000 816278.690000 8540.880000 2856.230000
1.510000 721148.070000 7761.390000 2529.100000
1.520000 704286.640000 7124.040000 2768.500000
1.530000 660891.100000 6914.520000 2691.910000
1.540000 626862.880000 6667.140000 2616.520000
1.550000 596450.740000 6138.060000 2697.260000
1.560000 552126.880000 6080.200000 2413.830000
1.570000 499025.160000 5131.600000 2217.020000
1.580000 0.000000 0.000000 0.000000
1.590000 0.000000 0.000000 0.000000
1.600000 0.000000 0.000000 0.000000
1.610000 0.000000 0.000000 0.000000
1.620000 0.000000 0.000000 0.000000
1.630000 0.000000 0.000000 0.000000
1.640000 0.000000 0.000000 0.000000
1.650000 0.000000 0.000000 0.000000
1.660000 0.000000 0.000000 0.000000
1.670000 0.000000 0.000000 0.000000
1.680000 0.000000 0.000000 0.000000
1.690000 0.000000 0.000000 0.000000
1.700000 0.000000 0.000000 0.000000
1.710000 0.000000 0.000000 0.000000
1.720000 0.000000 0.000000 0.000000
1.730000 0.000000 0.000000 0.000000
1.740000 0.000000 0.000000 0.000000
1.750000 0.000000 0.000000 0.000000
1.760000 0.000000 0.000000 0.000000
1.770000 0.000000 0.000000 0.000000
1.780000 0.000000 0.000000 0.000000
1.790000 0.000000 0.000000 0.000000
1.800000 0.000000 0.000000 0.000000
1.810000 0.000000 0.000000 0.000000
1.820000 0.000000 0.000000 0.000000
1.830000 0.000000 0.000000 0.000000
1.840000 0.000000 0.000000 0.000000
1.850000 0.000000 0.000000 0.000000
1.860000 0.000000 0.000000 0.000000
1.870000 0.000000 0.000000 0.000000
1.880000 0.000000 0.000000 0.000000
1.890000 0.000000 0.000000 0.000000
1.900000 0.000000 0.000000 0.000000
1.910000 0.000000 0.000000 0.000000
1.920000 0.000000 0.000000 0.000000
1.930000 0.000000 0.000000 0.000000
1.940000 0.000000 0.000000 0.000000
1.950000 0.000000 0.000000 0.000000
1.960000 0.000000 0.000000 0.000000
1.970000 0.000000 0.000000 0.000000
1.980000 0.000000 0.000000 0.000000
1.990000 0.000000 0.000000 0.000000
2.000000 0.000000 0.000000 0.000000
