27740374.000000 79585.000000 4470.000000
27811606.000000 79751.000000 4550.000000
27843580.000000 79629.000000 4464.000000
27802194.000000 79545.000000 4601.000000
27744992.000000 78774.000000 4612.000000
27774009.000000 80045.000000 4823.000000
27713315.000000 79386.000000 4688.000000
27787424.000000 79514.000000 4693.000000
27647319.000000 78757.000000 4533.000000
27816260.000000 79966.000000 4772.000000
27890423.000000 79763.000000 4598.000000
27805942.000000 79081.000000 4586.000000
27806611.000000 81186.000000 4628.000000
27811475.000000 79596.000000 4629.000000
27709585.000000 78615.000000 4642.000000
27807816.000000 79529.000000 4615.000000
27826815.000000 80050.000000 4607.000000
27275948.000000 77442.000000 4455.000000
27883585.000000 79448.000000 4673.000000
27827529.000000 79262.000000 4680.000000
27709426.000000 79198.000000 4608.000000
27834037.000000 79815.000000 4719.000000
27826523.000000 79407.000000 4662.000000
27778160.000000 80002.000000 4798.000000
27822362.000000 79024.000000 4665.000000
27123504.000000 77720.000000 4452.000000
27750607.000000 79574.000000 4543.000000
27857020.000000 79851.000000 4594.000000
27729491.000000 80062.000000 4548.000000
27826094.000000 79694.000000 4730.000000
27752449.000000 78572.000000 4749.000000
27902093.000000 79448.000000 4829.000000
27749685.000000 78375.000000 4788.000000
27638998.000000 80983.000000 4758.000000
27829293.000000 79335.000000 4720.000000
27819162.000000 79311.000000 4599.000000
27795779.000000 80955.000000 4789.000000
27760324.000000 80166.000000 4748.000000
27837539.000000 79361.000000 4518.000000
27776664.000000 79374.000000 4586.000000
27799155.000000 78641.000000 4509.000000
27825813.000000 79618.000000 4701.000000
27798816.000000 79295.000000 4677.000000
27778643.000000 79186.000000 4836.000000
27782933.000000 79882.000000 4684.000000
27800068.000000 79733.000000 4689.000000
27840779.000000 79077.000000 4792.000000
27721257.000000 79380.000000 4660.000000
27822037.000000 79724.000000 4550.000000
27515931.000000 77991.000000 4626.000000
27808671.000000 79203.000000 4576.000000
27860856.000000 79788.000000 4638.000000
27822563.000000 79068.000000 4783.000000
27825437.000000 78915.000000 4817.000000
27826911.000000 79532.000000 4728.000000
27774949.000000 80711.000000 4735.000000
27780174.000000 79760.000000 4780.000000
27840585.000000 79059.000000 4622.000000
27848225.000000 79390.000000 4679.000000
27749211.000000 80160.000000 4705.000000
27796015.000000 79872.000000 4736.000000
27828537.000000 79732.000000 4755.000000
27863944.000000 79770.000000 4738.000000
27863841.000000 79811.000000 4484.000000
27765637.000000 79655.000000 4690.000000
27813833.000000 80714.000000 4585.000000
27787465.000000 79678.000000 4751.000000
27838504.000000 79158.000000 4804.000000
27836756.000000 79624.000000 4618.000000
27783045.000000 79237.000000 4651.000000
27856169.000000 79810.000000 4661.000000
27283470.000000 77820.000000 4453.000000
27806886.000000 79937.000000 4680.000000
27817126.000000 79444.000000 4535.000000
27809652.000000 79490.000000 4677.000000
27834374.000000 79951.000000 4740.000000
27776936.000000 79811.000000 4701.000000
27818415.000000 79873.000000 4623.000000
27783957.000000 79687.000000 4768.000000
27791113.000000 79973.000000 4726.000000
27844026.000000 80353.000000 4617.000000
27839393.000000 79445.000000 4591.000000
27779662.000000 79901.000000 4658.000000
27818927.000000 79918.000000 4502.000000
27826561.000000 79543.000000 4767.000000
27909753.000000 79961.000000 4528.000000
27894724.000000 79521.000000 4530.000000
27694489.000000 78751.000000 4742.000000
27676453.000000 79051.000000 4692.000000
27839483.000000 79381.000000 4655.000000
27764374.000000 79073.000000 4729.000000
27829152.000000 79713.000000 4673.000000
27852580.000000 80116.000000 4603.000000
27855514.000000 80113.000000 4712.000000
27641307.000000 78770.000000 4564.000000
27827953.000000 79476.000000 4499.000000
27914513.000000 79825.000000 4285.000000
27852733.000000 79936.000000 4539.000000
27814727.000000 79195.000000 4581.000000
27848217.000000 79298.000000 4566.000000
