29809672.000000 54786.000000 149.000000
29836781.000000 54403.000000 85.000000
29795926.000000 55118.000000 105.000000
29736420.000000 54727.000000 73.000000
29761705.000000 55156.000000 167.000000
29772667.000000 54977.000000 199.000000
29778685.000000 55054.000000 30.000000
29786705.000000 54986.000000 90.000000
29753258.000000 55250.000000 186.000000
28773862.000000 52259.000000 103.000000
29701905.000000 54503.000000 77.000000
29781939.000000 54525.000000 166.000000
29779664.000000 54629.000000 94.000000
29651146.000000 54292.000000 153.000000
29811484.000000 55049.000000 153.000000
29810498.000000 54757.000000 60.000000
29816423.000000 54925.000000 98.000000
29549379.000000 54291.000000 147.000000
29781144.000000 54330.000000 31.000000
29711036.000000 54549.000000 80.000000
29780855.000000 54422.000000 106.000000
28929074.000000 52481.000000 125.000000
29741979.000000 54220.000000 311.000000
29809522.000000 54808.000000 97.000000
28130286.000000 50649.000000 71.000000
29839839.000000 54642.000000 80.000000
29638661.000000 55501.000000 100.000000
29723832.000000 55028.000000 304.000000
29773999.000000 54657.000000 117.000000
29657323.000000 54304.000000 82.000000
29735903.000000 55079.000000 233.000000
29726791.000000 55149.000000 191.000000
29853635.000000 54566.000000 129.000000
29738445.000000 54733.000000 150.000000
29824321.000000 54976.000000 164.000000
29746281.000000 54908.000000 114.000000
29813773.000000 54690.000000 133.000000
29739864.000000 54544.000000 90.000000
29814224.000000 54581.000000 75.000000
29793096.000000 55074.000000 64.000000
29157021.000000 52911.000000 116.000000
29645651.000000 54746.000000 121.000000
29787602.000000 54778.000000 109.000000
29788682.000000 54983.000000 57.000000
29732554.000000 54643.000000 26.000000
29837422.000000 54567.000000 129.000000
29749739.000000 54811.000000 69.000000
29654697.000000 54913.000000 180.000000
29663217.000000 54550.000000 125.000000
29868326.000000 55009.000000 144.000000
29705810.000000 54490.000000 48.000000
29737937.000000 54434.000000 106.000000
29775234.000000 54881.000000 80.000000
29774818.000000 54813.000000 82.000000
29695929.000000 54877.000000 186.000000
29740581.000000 54799.000000 104.000000
29743817.000000 54358.000000 148.000000
29727387.000000 54367.000000 72.000000
29727248.000000 54593.000000 67.000000
29710955.000000 54268.000000 104.000000
29678114.000000 54534.000000 69.000000
29766397.000000 54506.000000 174.000000
29840709.000000 55010.000000 110.000000
29625472.000000 54442.000000 42.000000
29714483.000000 54815.000000 130.000000
29857023.000000 54835.000000 37.000000
29670329.000000 54419.000000 203.000000
29773248.000000 54556.000000 268.000000
29770150.000000 55124.000000 138.000000
29737876.000000 55317.000000 196.000000
29747081.000000 54785.000000 221.000000
29714621.000000 54536.000000 257.000000
29751225.000000 54859.000000 207.000000
29639507.000000 54461.000000 116.000000
29776020.000000 54716.000000 88.000000
29738067.000000 54989.000000 95.000000
29785250.000000 54502.000000 98.000000
29851151.000000 55032.000000 71.000000
29665059.000000 54289.000000 52.000000
29711801.000000 55514.000000 255.000000
29752950.000000 55073.000000 197.000000
29618837.000000 54567.000000 96.000000
29751955.000000 55036.000000 109.000000
29745119.000000 55087.000000 137.000000
29812589.000000 54829.000000 33.000000
29811348.000000 54935.000000 121.000000
29808898.000000 55111.000000 84.000000
29823843.000000 54887.000000 145.000000
29801222.000000 55230.000000 87.000000
29768069.000000 54656.000000 105.000000
29673861.000000 54165.000000 255.000000
29690002.000000 54670.000000 155.000000
29814074.000000 55071.000000 60.000000
29808932.000000 54941.000000 21.000000
29800016.000000 55554.000000 146.000000
29369498.000000 53938.000000 173.000000
29746514.000000 55392.000000 148.000000
29793274.000000 54640.000000 74.000000
29745638.000000 54999.000000 210.000000
29808937.000000 55118.000000 105.000000
