27142822.000000 80662.000000 7415.000000
26994505.000000 79603.000000 7206.000000
26643771.000000 79440.000000 7355.000000
27120661.000000 80194.000000 7499.000000
27004320.000000 82868.000000 7808.000000
27004413.000000 81809.000000 7307.000000
27128685.000000 80941.000000 7591.000000
27122082.000000 82403.000000 7835.000000
27067371.000000 82970.000000 7721.000000
27090399.000000 80883.000000 7366.000000
27108442.000000 81119.000000 7456.000000
27197321.000000 80198.000000 7416.000000
27039635.000000 82396.000000 7757.000000
26972693.000000 82696.000000 7892.000000
27159794.000000 80498.000000 7445.000000
27189930.000000 80314.000000 7537.000000
27166950.000000 80059.000000 7655.000000
27183843.000000 80077.000000 7192.000000
27082868.000000 79584.000000 7405.000000
27021472.000000 80951.000000 7451.000000
27047109.000000 79944.000000 7459.000000
27066838.000000 82664.000000 7844.000000
26987117.000000 79575.000000 7363.000000
27089731.000000 79558.000000 7415.000000
27168529.000000 80466.000000 7676.000000
27096949.000000 80801.000000 7414.000000
27067555.000000 80223.000000 7532.000000
27126696.000000 79697.000000 7283.000000
27056267.000000 79996.000000 7266.000000
26826373.000000 79447.000000 7301.000000
27116301.000000 80917.000000 7389.000000
27079216.000000 81233.000000 7480.000000
27077505.000000 82601.000000 7978.000000
27030470.000000 80067.000000 7319.000000
27072116.000000 80166.000000 7475.000000
27026305.000000 79287.000000 7366.000000
27174160.000000 79781.000000 7389.000000
27176682.000000 79959.000000 7313.000000
27070580.000000 83834.000000 7647.000000
27125404.000000 79847.000000 7286.000000
27094145.000000 80318.000000 7329.000000
27058649.000000 82102.000000 7898.000000
27095872.000000 80283.000000 7192.000000
27168945.000000 80395.000000 7517.000000
27047805.000000 79803.000000 7514.000000
27106995.000000 82158.000000 7593.000000
27111252.000000 80434.000000 7346.000000
27116652.000000 82706.000000 7703.000000
27107258.000000 80050.000000 7568.000000
26015436.000000 77769.000000 6886.000000
27185148.000000 80593.000000 7073.000000
27134991.000000 80440.000000 7405.000000
26869582.000000 79897.000000 7254.000000
27008193.000000 81301.000000 7341.000000
26897661.000000 80566.000000 7303.000000
27124415.000000 82856.000000 7699.000000
27146523.000000 82231.000000 7757.000000
27062588.000000 80230.000000 7292.000000
27178466.000000 80227.000000 7183.000000
27097945.000000 79670.000000 7269.000000
27149323.000000 79681.000000 7421.000000
27012104.000000 82828.000000 7633.000000
27076646.000000 82948.000000 7940.000000
27062420.000000 80150.000000 7381.000000
27157417.000000 80661.000000 7595.000000
27083665.000000 79694.000000 7322.000000
27140647.000000 80062.000000 7499.000000
27122416.000000 80071.000000 7432.000000
27073046.000000 80547.000000 7416.000000
27053022.000000 80306.000000 7243.000000
27097519.000000 83411.000000 7765.000000
27110125.000000 82266.000000 7713.000000
27193921.000000 79675.000000 7378.000000
27137556.000000 80592.000000 7428.000000
27165106.000000 79859.000000 7406.000000
27120194.000000 80174.000000 7444.000000
27151892.000000 80086.000000 7321.000000
27173469.000000 80096.000000 7398.000000
27101137.000000 81040.000000 7424.000000
26329841.000000 79524.000000 7242.000000
26843238.000000 79837.000000 7296.000000
26218695.000000 78046.000000 7267.000000
27196764.000000 80160.000000 7454.000000
27094743.000000 80855.000000 7553.000000
27059643.000000 80261.000000 7395.000000
27072649.000000 79726.000000 7618.000000
26953548.000000 81897.000000 7867.000000
27154595.000000 80735.000000 7502.000000
26717056.000000 80476.000000 7333.000000
27155198.000000 79747.000000 7560.000000
26831429.000000 80144.000000 7338.000000
27013615.000000 82324.000000 7766.000000
27121070.000000 80037.000000 7474.000000
27086917.000000 79894.000000 7241.000000
27133381.000000 79619.000000 7439.000000
27097226.000000 80628.000000 7452.000000
27115393.000000 81432.000000 7505.000000
27075944.000000 79676.000000 7439.000000
27176108.000000 80672.000000 7377.000000
26977249.000000 79706.000000 7522.000000
