30249420.000000 41009.000000 499.000000
30313866.000000 40841.000000 217.000000
30266324.000000 40781.000000 573.000000
30346906.000000 40996.000000 385.000000
30236377.000000 40576.000000 324.000000
30233748.000000 40540.000000 594.000000
30307206.000000 41079.000000 765.000000
30392288.000000 41078.000000 148.000000
30306063.000000 40574.000000 477.000000
30328194.000000 41059.000000 206.000000
30429232.000000 41139.000000 179.000000
30264538.000000 40742.000000 198.000000
30416695.000000 41100.000000 263.000000
30394365.000000 41103.000000 239.000000
30340905.000000 40739.000000 374.000000
30239107.000000 40445.000000 398.000000
30278124.000000 40690.000000 814.000000
30270883.000000 40933.000000 272.000000
30354385.000000 40896.000000 327.000000
30351242.000000 41265.000000 473.000000
30332614.000000 40953.000000 531.000000
30392863.000000 40933.000000 375.000000
30466922.000000 41414.000000 223.000000
30373097.000000 41005.000000 219.000000
30413787.000000 41120.000000 242.000000
30365923.000000 40913.000000 264.000000
30243587.000000 40781.000000 458.000000
29910770.000000 40403.000000 301.000000
30181860.000000 40908.000000 273.000000
30180362.000000 40783.000000 445.000000
30385924.000000 41069.000000 407.000000
30291615.000000 40880.000000 609.000000
30222188.000000 40527.000000 389.000000
30313169.000000 41091.000000 282.000000
30365224.000000 40972.000000 330.000000
30249941.000000 40751.000000 495.000000
30135185.000000 40810.000000 308.000000
30379894.000000 41073.000000 279.000000
30438339.000000 41040.000000 177.000000
30341428.000000 40810.000000 245.000000
30227564.000000 40749.000000 433.000000
30404083.000000 40921.000000 426.000000
30343630.000000 40990.000000 375.000000
30303640.000000 40837.000000 545.000000
30379133.000000 41498.000000 163.000000
29195858.000000 39306.000000 581.000000
30365253.000000 40949.000000 304.000000
30346439.000000 41269.000000 244.000000
30405415.000000 40711.000000 372.000000
30294071.000000 41041.000000 338.000000
30095163.000000 40561.000000 272.000000
30383127.000000 40686.000000 404.000000
30303672.000000 40850.000000 184.000000
30243552.000000 41159.000000 353.000000
30257351.000000 40941.000000 361.000000
30432939.000000 41174.000000 486.000000
30284451.000000 40726.000000 313.000000
30349633.000000 41084.000000 359.000000
30357064.000000 40860.000000 578.000000
30016930.000000 40609.000000 341.000000
30408949.000000 40972.000000 350.000000
30029048.000000 40693.000000 370.000000
29324569.000000 39380.000000 373.000000
30285378.000000 40938.000000 277.000000
30318115.000000 41101.000000 325.000000
30373527.000000 41072.000000 133.000000
30414600.000000 41032.000000 332.000000
30231225.000000 41010.000000 416.000000
30376041.000000 41013.000000 443.000000
30392713.000000 41274.000000 284.000000
30398106.000000 40969.000000 405.000000
30336042.000000 40809.000000 378.000000
30366122.000000 41036.000000 456.000000
30356421.000000 40663.000000 257.000000
30364827.000000 41121.000000 464.000000
30244878.000000 40891.000000 619.000000
30292164.000000 40921.000000 345.000000
30395496.000000 40848.000000 463.000000
30480741.000000 41046.000000 257.000000
30412219.000000 41213.000000 424.000000
30391866.000000 41026.000000 365.000000
30406727.000000 40884.000000 337.000000
30409291.000000 41025.000000 284.000000
30358009.000000 40737.000000 455.000000
30399288.000000 41015.000000 407.000000
30354661.000000 41202.000000 397.000000
30265897.000000 40598.000000 312.000000
30233494.000000 40764.000000 574.000000
30181998.000000 40834.000000 362.000000
30350108.000000 40818.000000 313.000000
30237915.000000 40734.000000 257.000000
30362330.000000 41079.000000 272.000000
30321098.000000 40826.000000 386.000000
30375638.000000 40937.000000 488.000000
30333614.000000 40842.000000 555.000000
30351337.000000 40803.000000 545.000000
30323421.000000 40691.000000 489.000000
30426877.000000 41077.000000 546.000000
30342325.000000 41012.000000 375.000000
30354876.000000 40845.000000 296.000000
