28769023.000000 47284.000000 6662.000000
28741416.000000 47615.000000 6839.000000
28959047.000000 48269.000000 7051.000000
28900370.000000 47922.000000 6767.000000
28219871.000000 46093.000000 6524.000000
28817302.000000 47263.000000 7093.000000
28832788.000000 47664.000000 7289.000000
28940445.000000 48262.000000 6975.000000
28929022.000000 47996.000000 6732.000000
28783827.000000 47537.000000 7094.000000
28779029.000000 47556.000000 6870.000000
28852061.000000 47576.000000 6993.000000
28864406.000000 47483.000000 7108.000000
28857357.000000 47517.000000 7096.000000
28877165.000000 47916.000000 6907.000000
28717154.000000 47312.000000 6971.000000
28888489.000000 47809.000000 6730.000000
28405440.000000 46676.000000 7013.000000
28820084.000000 47374.000000 7252.000000
28849254.000000 48195.000000 7537.000000
28805131.000000 47881.000000 7187.000000
28890277.000000 47526.000000 7014.000000
28758963.000000 47294.000000 7262.000000
28858968.000000 47468.000000 7003.000000
28796638.000000 47704.000000 7111.000000
28906657.000000 48236.000000 6756.000000
28942473.000000 47910.000000 6978.000000
28977288.000000 47972.000000 6743.000000
28062060.000000 45771.000000 6442.000000
28891635.000000 47856.000000 7021.000000
28753888.000000 47533.000000 7174.000000
28196021.000000 46039.000000 6645.000000
28969588.000000 47676.000000 7015.000000
28903782.000000 47450.000000 6834.000000
28949406.000000 47672.000000 6847.000000
28124294.000000 45604.000000 6399.000000
28873199.000000 47654.000000 7057.000000
28919721.000000 47605.000000 6957.000000
28879538.000000 48399.000000 6966.000000
28874702.000000 47849.000000 6997.000000
28772544.000000 47550.000000 6789.000000
28815658.000000 47460.000000 7023.000000
28855847.000000 47562.000000 6888.000000
28881763.000000 47887.000000 7251.000000
28851418.000000 47724.000000 7218.000000
28857155.000000 47748.000000 7014.000000
28719673.000000 47621.000000 7105.000000
27749493.000000 45395.000000 6625.000000
28816377.000000 47845.000000 7100.000000
28852863.000000 47822.000000 7078.000000
28774718.000000 47442.000000 6814.000000
28920042.000000 48187.000000 6867.000000
28753801.000000 47254.000000 6810.000000
28886272.000000 47450.000000 6852.000000
28940809.000000 47568.000000 6717.000000
28863715.000000 47913.000000 6857.000000
28869753.000000 47660.000000 6736.000000
28644000.000000 46923.000000 6660.000000
28702843.000000 47170.000000 6831.000000
28897407.000000 47962.000000 7230.000000
28850381.000000 47248.000000 7057.000000
28878220.000000 47354.000000 7430.000000
28845688.000000 47766.000000 7256.000000
28658242.000000 47406.000000 6916.000000
28817987.000000 48107.000000 6996.000000
27642311.000000 44659.000000 6339.000000
28810036.000000 47608.000000 7063.000000
28836849.000000 47372.000000 6987.000000
28761918.000000 47246.000000 6884.000000
28883165.000000 47749.000000 6854.000000
28754179.000000 47737.000000 7142.000000
28683532.000000 46952.000000 7043.000000
28897839.000000 48065.000000 6796.000000
28860109.000000 47712.000000 6720.000000
28865927.000000 47591.000000 6918.000000
28885740.000000 47868.000000 7019.000000
28841773.000000 47666.000000 7330.000000
28871825.000000 48130.000000 7117.000000
28830342.000000 47436.000000 6825.000000
28824477.000000 47275.000000 6995.000000
28867538.000000 47489.000000 7316.000000
28883297.000000 47926.000000 6986.000000
28716571.000000 46977.000000 6944.000000
28834039.000000 47863.000000 7252.000000
28765187.000000 47301.000000 7222.000000
28792180.000000 47489.000000 7142.000000
28924563.000000 47724.000000 6856.000000
28646566.000000 47213.000000 6889.000000
28852688.000000 47652.000000 7240.000000
28807363.000000 47816.000000 6934.000000
28943064.000000 47833.000000 6768.000000
28846726.000000 47753.000000 7042.000000
28502566.000000 47316.000000 6950.000000
28852941.000000 47701.000000 6796.000000
28795842.000000 47391.000000 7018.000000
28858892.000000 47960.000000 6706.000000
28699368.000000 47356.000000 6968.000000
28911807.000000 48033.000000 7001.000000
28911308.000000 47754.000000 6918.000000
28826034.000000 47228.000000 7152.000000
