29906794.000000 59659.000000 157.000000
29909614.000000 59086.000000 148.000000
29875861.000000 58427.000000 56.000000
29978370.000000 59349.000000 72.000000
29794804.000000 58431.000000 74.000000
29816072.000000 59380.000000 107.000000
29900443.000000 58620.000000 323.000000
29882915.000000 59698.000000 99.000000
29982997.000000 58895.000000 46.000000
30027812.000000 59590.000000 46.000000
29746330.000000 58308.000000 111.000000
29955285.000000 59173.000000 41.000000
30030029.000000 59600.000000 122.000000
29932381.000000 59287.000000 157.000000
30022624.000000 59389.000000 147.000000
29995340.000000 59507.000000 197.000000
30077988.000000 58887.000000 70.000000
29871990.000000 59360.000000 100.000000
29947236.000000 59946.000000 200.000000
29967647.000000 58884.000000 262.000000
29621289.000000 58429.000000 201.000000
29941909.000000 58941.000000 134.000000
29642525.000000 57595.000000 184.000000
29999629.000000 59127.000000 124.000000
29795203.000000 58631.000000 125.000000
29085147.000000 56718.000000 349.000000
29993339.000000 58995.000000 300.000000
30033713.000000 59233.000000 160.000000
30040618.000000 59614.000000 116.000000
29993737.000000 58810.000000 244.000000
30019930.000000 59288.000000 33.000000
30007725.000000 59056.000000 74.000000
30042639.000000 59061.000000 223.000000
29951039.000000 58891.000000 82.000000
30001069.000000 59030.000000 155.000000
29959514.000000 59499.000000 54.000000
30043399.000000 59306.000000 162.000000
30007711.000000 59978.000000 84.000000
30010341.000000 59089.000000 157.000000
29989503.000000 59408.000000 61.000000
29980330.000000 59068.000000 221.000000
29957645.000000 59883.000000 280.000000
29728859.000000 58812.000000 335.000000
29948266.000000 58798.000000 198.000000
29999272.000000 59572.000000 137.000000
30004075.000000 59541.000000 212.000000
30011046.000000 59095.000000 46.000000
29616000.000000 58018.000000 54.000000
29913170.000000 59491.000000 190.000000
30015278.000000 59072.000000 178.000000
29962962.000000 58811.000000 121.000000
29891654.000000 58979.000000 93.000000
29976231.000000 59135.000000 114.000000
29937614.000000 58491.000000 63.000000
30038748.000000 59402.000000 73.000000
30030106.000000 59204.000000 154.000000
29938556.000000 59125.000000 72.000000
30010044.000000 59293.000000 38.000000
30029467.000000 58978.000000 140.000000
30009352.000000 59091.000000 262.000000
30069543.000000 59244.000000 58.000000
29933110.000000 59500.000000 131.000000
29969970.000000 59130.000000 122.000000
30026185.000000 59148.000000 173.000000
29999420.000000 59319.000000 77.000000
29956065.000000 59471.000000 164.000000
29924232.000000 58715.000000 213.000000
29932519.000000 58742.000000 151.000000
29692873.000000 58066.000000 66.000000
29885336.000000 59486.000000 107.000000
30007324.000000 59290.000000 173.000000
30012921.000000 59354.000000 151.000000
29926556.000000 59535.000000 164.000000
29912792.000000 59331.000000 255.000000
29314723.000000 56827.000000 184.000000
29900572.000000 59060.000000 42.000000
30014318.000000 59283.000000 80.000000
29985665.000000 59442.000000 284.000000
30008742.000000 59570.000000 278.000000
30015208.000000 59077.000000 45.000000
29945135.000000 59286.000000 143.000000
29920617.000000 59022.000000 141.000000
29933245.000000 58465.000000 374.000000
30024497.000000 59570.000000 118.000000
29987665.000000 59845.000000 101.000000
29898429.000000 59037.000000 111.000000
29935993.000000 59192.000000 129.000000
30026806.000000 59459.000000 173.000000
30057466.000000 59106.000000 73.000000
30030924.000000 59504.000000 233.000000
30014087.000000 59353.000000 174.000000
29933111.000000 58737.000000 252.000000
30017219.000000 59433.000000 151.000000
29615893.000000 57863.000000 118.000000
29746637.000000 58301.000000 169.000000
30095233.000000 59263.000000 106.000000
29826250.000000 58849.000000 273.000000
29959728.000000 59487.000000 147.000000
29667362.000000 57888.000000 83.000000
29943167.000000 59385.000000 286.000000
