28552595.000000 65596.000000 6028.000000
28637462.000000 65147.000000 5944.000000
28668999.000000 65096.000000 6164.000000
28669727.000000 64841.000000 6013.000000
28680213.000000 64942.000000 5926.000000
28623362.000000 65493.000000 6085.000000
28663208.000000 65727.000000 6049.000000
26639083.000000 59503.000000 5014.000000
28687188.000000 65055.000000 5863.000000
28249013.000000 63885.000000 5599.000000
28497188.000000 64699.000000 6116.000000
28668296.000000 64570.000000 5948.000000
28693702.000000 65005.000000 5823.000000
28653083.000000 65135.000000 5975.000000
28209068.000000 63789.000000 5798.000000
28629592.000000 65777.000000 6016.000000
28642405.000000 64849.000000 5972.000000
28639668.000000 64892.000000 5756.000000
28671395.000000 64494.000000 5832.000000
28700040.000000 65230.000000 5765.000000
28670796.000000 64724.000000 5864.000000
28601052.000000 66054.000000 5972.000000
28648408.000000 64928.000000 5886.000000
28676052.000000 65922.000000 5893.000000
28671444.000000 64943.000000 5831.000000
28637163.000000 65334.000000 5914.000000
28654223.000000 65091.000000 5876.000000
28718199.000000 65318.000000 5968.000000
28673900.000000 64803.000000 5976.000000
28668270.000000 65273.000000 5964.000000
28633145.000000 64726.000000 6108.000000
28499161.000000 66124.000000 6000.000000
28667086.000000 64825.000000 5881.000000
28604992.000000 65049.000000 6182.000000
28608775.000000 65778.000000 5983.000000
28679947.000000 64464.000000 5942.000000
28261115.000000 64052.000000 5842.000000
28703034.000000 65433.000000 5954.000000
28262896.000000 64264.000000 5991.000000
28565421.000000 65475.000000 5906.000000
28550493.000000 65303.000000 5972.000000
28578962.000000 65375.000000 5939.000000
28591340.000000 65135.000000 6041.000000
28580419.000000 64816.000000 5796.000000
28674478.000000 65613.000000 5746.000000
28365602.000000 65551.000000 6091.000000
28630151.000000 66011.000000 6168.000000
28664274.000000 65253.000000 6024.000000
28652973.000000 64841.000000 6165.000000
28631313.000000 65079.000000 6210.000000
28665413.000000 65054.000000 6138.000000
28602110.000000 64833.000000 6109.000000
28490118.000000 64417.000000 6044.000000
27939934.000000 62958.000000 5642.000000
28688952.000000 64750.000000 5888.000000
28628759.000000 65052.000000 5996.000000
28614948.000000 65257.000000 5881.000000
28514945.000000 64941.000000 5972.000000
28729899.000000 65097.000000 5901.000000
28560667.000000 64608.000000 5797.000000
28629228.000000 65269.000000 5909.000000
28615755.000000 65584.000000 5926.000000
28525267.000000 64868.000000 6022.000000
28541498.000000 64698.000000 6100.000000
28691003.000000 64967.000000 6270.000000
28726818.000000 64840.000000 6033.000000
28715394.000000 64418.000000 6065.000000
28616677.000000 65058.000000 5875.000000
28651933.000000 64879.000000 6018.000000
28720469.000000 64818.000000 6006.000000
28589324.000000 64970.000000 6118.000000
28679229.000000 64756.000000 6201.000000
28712700.000000 65215.000000 6045.000000
28466747.000000 65495.000000 5833.000000
28610731.000000 65462.000000 6079.000000
28582918.000000 65161.000000 5820.000000
28566129.000000 64996.000000 5993.000000
28608454.000000 65045.000000 6070.000000
28458999.000000 66039.000000 6008.000000
28629482.000000 66614.000000 5951.000000
28582797.000000 64887.000000 5947.000000
28678216.000000 65072.000000 6073.000000
28638720.000000 65275.000000 6051.000000
28639086.000000 65209.000000 5930.000000
28694572.000000 64862.000000 6018.000000
28587710.000000 65345.000000 5933.000000
28650260.000000 65483.000000 5850.000000
27008754.000000 60228.000000 5283.000000
28707522.000000 65067.000000 5915.000000
28510959.000000 65238.000000 6183.000000
28693953.000000 65967.000000 6161.000000
28635973.000000 65183.000000 6048.000000
28640829.000000 66228.000000 6025.000000
28545008.000000 65148.000000 6058.000000
28698690.000000 64823.000000 6121.000000
28628652.000000 65260.000000 6350.000000
28627226.000000 65077.000000 6217.000000
28662558.000000 65741.000000 6248.000000
28689217.000000 64659.000000 6314.000000
28664384.000000 64966.000000 6113.000000
