25573226.000000 76239.000000 19461.000000
24875552.000000 73602.000000 19083.000000
25642447.000000 75265.000000 19760.000000
24997442.000000 74107.000000 19191.000000
25623196.000000 75981.000000 19750.000000
25546674.000000 75585.000000 19650.000000
25673908.000000 76173.000000 19554.000000
25686759.000000 74146.000000 19022.000000
25458695.000000 74912.000000 19456.000000
25335707.000000 74914.000000 19624.000000
25638712.000000 76037.000000 19845.000000
25553577.000000 76519.000000 19537.000000
25646866.000000 75922.000000 19320.000000
25581456.000000 76285.000000 19474.000000
25690625.000000 76001.000000 19383.000000
25537441.000000 75534.000000 19839.000000
25617366.000000 76375.000000 19692.000000
25246619.000000 74442.000000 19399.000000
25632022.000000 75887.000000 19680.000000
25642648.000000 76492.000000 19664.000000
25655080.000000 75892.000000 19499.000000
25512158.000000 75467.000000 19680.000000
25531612.000000 76172.000000 19614.000000
25659559.000000 77524.000000 19552.000000
25494879.000000 75796.000000 19317.000000
25668420.000000 76351.000000 19546.000000
25674149.000000 75608.000000 19580.000000
25612349.000000 75678.000000 19695.000000
25675900.000000 76163.000000 19565.000000
25649033.000000 76258.000000 19301.000000
25678706.000000 75712.000000 19362.000000
25654343.000000 76234.000000 19340.000000
25662345.000000 75521.000000 19285.000000
25693588.000000 75573.000000 19352.000000
25666976.000000 76609.000000 19480.000000
25554951.000000 75867.000000 19560.000000
25513907.000000 74955.000000 19324.000000
25707290.000000 75277.000000 18930.000000
25647324.000000 76245.000000 19282.000000
25577634.000000 76104.000000 19405.000000
25735129.000000 76104.000000 19230.000000
25694260.000000 76137.000000 19375.000000
25714038.000000 75658.000000 19327.000000
25603493.000000 75801.000000 19558.000000
25685900.000000 76920.000000 19296.000000
25594178.000000 76991.000000 19302.000000
25690263.000000 75951.000000 19529.000000
25658213.000000 75944.000000 19366.000000
24625746.000000 72707.000000 18432.000000
25683349.000000 75507.000000 19483.000000
25615511.000000 76457.000000 19599.000000
25660579.000000 75803.000000 19547.000000
25631747.000000 76242.000000 19194.000000
25678576.000000 76206.000000 19523.000000
25546808.000000 74749.000000 19585.000000
25664845.000000 75544.000000 19548.000000
25599551.000000 76318.000000 19566.000000
25439405.000000 75589.000000 19191.000000
25647155.000000 76000.000000 19169.000000
25673733.000000 76248.000000 19397.000000
25711005.000000 75842.000000 19360.000000
25590040.000000 75893.000000 19497.000000
25679914.000000 75853.000000 19349.000000
25183367.000000 74481.000000 19124.000000
25553186.000000 76016.000000 19539.000000
25596834.000000 76323.000000 19703.000000
25690463.000000 75977.000000 19390.000000
24476005.000000 72090.000000 18509.000000
25632493.000000 75875.000000 19589.000000
25623860.000000 76440.000000 19668.000000
25659252.000000 75376.000000 19209.000000
25628060.000000 77431.000000 19590.000000
25594518.000000 76014.000000 19204.000000
25626916.000000 75427.000000 19166.000000
25709107.000000 75805.000000 19368.000000
25600569.000000 75966.000000 19268.000000
25672194.000000 75659.000000 19369.000000
25710356.000000 77046.000000 19335.000000
25655455.000000 76552.000000 19562.000000
25651122.000000 75852.000000 19418.000000
25727578.000000 76075.000000 19289.000000
25681261.000000 75359.000000 19405.000000
25592171.000000 76356.000000 19393.000000
25509178.000000 76470.000000 19303.000000
25780027.000000 76314.000000 19311.000000
25589065.000000 76429.000000 19323.000000
25680322.000000 75616.000000 19370.000000
25476133.000000 75613.000000 19140.000000
25616732.000000 77097.000000 19457.000000
25660817.000000 76146.000000 19476.000000
25358570.000000 75093.000000 19162.000000
25653499.000000 75320.000000 19272.000000
25677056.000000 76011.000000 19395.000000
25643143.000000 75311.000000 19380.000000
25452281.000000 74958.000000 18926.000000
25622871.000000 76680.000000 19445.000000
25515985.000000 75154.000000 19176.000000
25641927.000000 75764.000000 19573.000000
25585205.000000 76223.000000 19243.000000
25608457.000000 75420.000000 19195.000000
