26829711.000000 77848.000000 10386.000000
26790649.000000 77551.000000 10186.000000
26869502.000000 77636.000000 10223.000000
26841879.000000 77941.000000 10402.000000
26826672.000000 77553.000000 10286.000000
26795308.000000 78301.000000 10491.000000
26895135.000000 78222.000000 10502.000000
26812584.000000 77917.000000 10208.000000
26893149.000000 77988.000000 10375.000000
26705784.000000 78480.000000 10182.000000
26783935.000000 77787.000000 10346.000000
26808468.000000 78112.000000 10449.000000
26835819.000000 78514.000000 10318.000000
26867593.000000 78020.000000 10245.000000
26787147.000000 78569.000000 10392.000000
26450616.000000 76731.000000 10321.000000
26755837.000000 78899.000000 10357.000000
26847184.000000 77794.000000 10395.000000
26630634.000000 76652.000000 10172.000000
26915863.000000 77739.000000 10431.000000
26834689.000000 77518.000000 10251.000000
26803040.000000 77594.000000 10297.000000
26795395.000000 79259.000000 10478.000000
26825913.000000 77671.000000 10598.000000
26893592.000000 77966.000000 10316.000000
26634341.000000 77635.000000 9971.000000
26855346.000000 77740.000000 10159.000000
26812113.000000 78275.000000 10321.000000
26832179.000000 77263.000000 10209.000000
26844327.000000 77671.000000 10266.000000
26864353.000000 77712.000000 10273.000000
26736772.000000 77821.000000 10213.000000
26908092.000000 78073.000000 10138.000000
26808479.000000 77972.000000 10251.000000
26802446.000000 77768.000000 10448.000000
26838210.000000 78012.000000 10321.000000
26838076.000000 77779.000000 10375.000000
26856560.000000 77551.000000 10350.000000
26820779.000000 77881.000000 10336.000000
26901827.000000 77810.000000 10277.000000
26807417.000000 77423.000000 10294.000000
26804381.000000 78628.000000 10308.000000
26868688.000000 77365.000000 10470.000000
26886036.000000 77853.000000 10403.000000
26740665.000000 77337.000000 10140.000000
26779198.000000 78266.000000 10384.000000
26667135.000000 77900.000000 10259.000000
26841248.000000 78046.000000 10414.000000
26717654.000000 77226.000000 10264.000000
26733426.000000 77660.000000 10238.000000
26730277.000000 77910.000000 10136.000000
26718479.000000 77574.000000 10466.000000
26817114.000000 77487.000000 10258.000000
26861330.000000 77638.000000 10309.000000
26848160.000000 78416.000000 10312.000000
26660293.000000 77657.000000 9952.000000
26825447.000000 78644.000000 10321.000000
26808872.000000 77561.000000 10210.000000
26808014.000000 77731.000000 10100.000000
26688176.000000 77291.000000 10068.000000
26842567.000000 77303.000000 10310.000000
26831743.000000 77769.000000 10399.000000
26817103.000000 78238.000000 10461.000000
26839024.000000 77795.000000 10394.000000
26854719.000000 78318.000000 10352.000000
26850648.000000 78358.000000 10185.000000
26870882.000000 77592.000000 10249.000000
26786964.000000 77664.000000 10398.000000
26843362.000000 77917.000000 10385.000000
26828423.000000 77510.000000 10392.000000
26876022.000000 77632.000000 10175.000000
26834692.000000 78881.000000 10408.000000
26316840.000000 76453.000000 10015.000000
26792084.000000 78159.000000 10423.000000
26821028.000000 78023.000000 10226.000000
26593783.000000 77447.000000 10043.000000
26777974.000000 77845.000000 9979.000000
26850001.000000 77815.000000 10141.000000
26833468.000000 78828.000000 10268.000000
26627431.000000 77164.000000 10045.000000
26821055.000000 78368.000000 10228.000000
26848022.000000 77497.000000 10234.000000
26773505.000000 77685.000000 10282.000000
26846170.000000 77763.000000 10268.000000
26667310.000000 77132.000000 10255.000000
26793385.000000 79226.000000 10362.000000
26850864.000000 77628.000000 10442.000000
26880532.000000 77836.000000 10120.000000
26853040.000000 78310.000000 10378.000000
26893462.000000 77966.000000 10163.000000
26800245.000000 77873.000000 10112.000000
26802722.000000 77862.000000 10259.000000
26804507.000000 77759.000000 10291.000000
26900279.000000 77799.000000 10230.000000
26734784.000000 78095.000000 9985.000000
26833209.000000 78435.000000 10330.000000
26852277.000000 78868.000000 10157.000000
26883376.000000 78054.000000 10252.000000
26827854.000000 77604.000000 10154.000000
26756177.000000 78478.000000 10118.000000
