28526726.000000 74981.000000 1326.000000
28625931.000000 74656.000000 1456.000000
28378513.000000 75365.000000 1364.000000
28553873.000000 75012.000000 1404.000000
28656295.000000 74488.000000 1367.000000
28643832.000000 74584.000000 1419.000000
28644112.000000 74783.000000 1378.000000
28681250.000000 74337.000000 1449.000000
28291042.000000 75659.000000 1474.000000
28656213.000000 74392.000000 1215.000000
28313033.000000 75851.000000 1459.000000
28614928.000000 74549.000000 1458.000000
28585520.000000 74426.000000 1337.000000
28637240.000000 74418.000000 1388.000000
28518634.000000 76037.000000 1510.000000
28539090.000000 74411.000000 1496.000000
28667975.000000 74140.000000 1273.000000
28668066.000000 74022.000000 1348.000000
28585723.000000 75097.000000 1525.000000
28597218.000000 74477.000000 1336.000000
28573644.000000 74617.000000 1460.000000
28561634.000000 74695.000000 1409.000000
28605090.000000 74631.000000 1280.000000
28586968.000000 74996.000000 1394.000000
28641740.000000 74948.000000 1237.000000
28630697.000000 74854.000000 1269.000000
28648238.000000 74771.000000 1302.000000
28674146.000000 75172.000000 1402.000000
28640605.000000 75303.000000 1315.000000
28581997.000000 74696.000000 1329.000000
28614130.000000 74559.000000 1460.000000
28668422.000000 74047.000000 1482.000000
28581176.000000 74318.000000 1466.000000
28671289.000000 74354.000000 1437.000000
28668042.000000 74658.000000 1198.000000
28630914.000000 74712.000000 1407.000000
28630028.000000 74870.000000 1412.000000
28630214.000000 74842.000000 1302.000000
28511441.000000 74671.000000 1346.000000
28566139.000000 75730.000000 1433.000000
28637002.000000 74296.000000 1444.000000
28627462.000000 74185.000000 1307.000000
28586722.000000 75137.000000 1387.000000
28628488.000000 74356.000000 1461.000000
28609241.000000 74755.000000 1558.000000
28525628.000000 74278.000000 1349.000000
28544125.000000 75403.000000 1376.000000
28649794.000000 74086.000000 1552.000000
28520690.000000 74698.000000 1583.000000
28659700.000000 74296.000000 1435.000000
28600069.000000 74297.000000 1379.000000
28595627.000000 74113.000000 1513.000000
28663189.000000 73646.000000 1479.000000
28498855.000000 74410.000000 1416.000000
28660316.000000 73994.000000 1275.000000
28612140.000000 74051.000000 1437.000000
28556348.000000 74565.000000 1534.000000
28553278.000000 74824.000000 1441.000000
28706921.000000 74372.000000 1329.000000
28604949.000000 73740.000000 1196.000000
27994867.000000 73680.000000 1414.000000
28495771.000000 74431.000000 1264.000000
28550098.000000 75089.000000 1306.000000
28604182.000000 74245.000000 1265.000000
28601825.000000 74966.000000 1300.000000
28620616.000000 74256.000000 1361.000000
28546711.000000 74750.000000 1493.000000
28622281.000000 74452.000000 1239.000000
28695520.000000 74483.000000 1511.000000
28474568.000000 74680.000000 1456.000000
28634538.000000 73924.000000 1347.000000
28609863.000000 74564.000000 1353.000000
28688626.000000 74061.000000 1429.000000
28592840.000000 73693.000000 1389.000000
28668549.000000 74873.000000 1284.000000
28654435.000000 74265.000000 1312.000000
28458539.000000 74907.000000 1402.000000
28681931.000000 75222.000000 1229.000000
28609280.000000 75222.000000 1319.000000
28630463.000000 74520.000000 1310.000000
28206073.000000 73081.000000 1443.000000
28591499.000000 73962.000000 1302.000000
28704864.000000 74126.000000 1433.000000
28618251.000000 74923.000000 1337.000000
28600172.000000 74311.000000 1312.000000
28673448.000000 74186.000000 1501.000000
28678392.000000 74377.000000 1587.000000
28655393.000000 74363.000000 1521.000000
28576448.000000 74783.000000 1341.000000
28593317.000000 74793.000000 1377.000000
28622254.000000 74503.000000 1543.000000
28545491.000000 76011.000000 1414.000000
28685428.000000 74497.000000 1508.000000
28652554.000000 74309.000000 1499.000000
28575535.000000 74870.000000 1537.000000
28524162.000000 74104.000000 1357.000000
28527401.000000 75344.000000 1594.000000
28704396.000000 74224.000000 1503.000000
28658856.000000 74121.000000 1353.000000
28646030.000000 74483.000000 1342.000000
