28523220.000000 55402.000000 10557.000000
28341292.000000 54233.000000 10232.000000
28501001.000000 55089.000000 10356.000000
28418673.000000 55607.000000 10519.000000
28467558.000000 54925.000000 10281.000000
28466462.000000 55599.000000 10424.000000
28462669.000000 55445.000000 10617.000000
28456439.000000 54990.000000 10410.000000
28440851.000000 55080.000000 10150.000000
28125108.000000 54429.000000 10116.000000
28507768.000000 55433.000000 10474.000000
28448390.000000 55268.000000 10288.000000
28504471.000000 55153.000000 10385.000000
28492539.000000 55676.000000 10502.000000
28538007.000000 55268.000000 10054.000000
28552231.000000 55245.000000 9999.000000
28551945.000000 55024.000000 10384.000000
28470473.000000 55313.000000 10636.000000
28494389.000000 55911.000000 10267.000000
28432165.000000 55498.000000 10554.000000
28529627.000000 55602.000000 10621.000000
28415252.000000 54836.000000 10307.000000
28558508.000000 55088.000000 10186.000000
28488349.000000 55417.000000 10488.000000
28507317.000000 55371.000000 10330.000000
28498391.000000 55908.000000 10194.000000
28457515.000000 55215.000000 10606.000000
28444846.000000 55347.000000 10621.000000
28034649.000000 53778.000000 9988.000000
28502276.000000 55131.000000 10576.000000
28251909.000000 54374.000000 10316.000000
28437551.000000 55368.000000 10398.000000
28423517.000000 54334.000000 10551.000000
28434572.000000 55284.000000 10511.000000
28344503.000000 55103.000000 10468.000000
28441043.000000 55391.000000 10476.000000
28483266.000000 55392.000000 10655.000000
28499189.000000 55386.000000 10662.000000
28404208.000000 54662.000000 10372.000000
28505788.000000 55149.000000 10587.000000
28428228.000000 56187.000000 10536.000000
28497419.000000 55274.000000 10366.000000
28527307.000000 55415.000000 10582.000000
28480693.000000 55044.000000 10622.000000
28518465.000000 55628.000000 10388.000000
28331592.000000 54934.000000 10564.000000
28479927.000000 55430.000000 10689.000000
28565916.000000 55174.000000 10638.000000
28428021.000000 54835.000000 10549.000000
28527544.000000 55286.000000 10394.000000
28475285.000000 55162.000000 10738.000000
28418309.000000 54553.000000 10462.000000
28386976.000000 55221.000000 10307.000000
28509880.000000 55626.000000 10443.000000
28450018.000000 54807.000000 10405.000000
28551562.000000 55193.000000 10227.000000
28432673.000000 55398.000000 10428.000000
28488696.000000 55677.000000 10412.000000
28410174.000000 55084.000000 10397.000000
28510721.000000 55516.000000 10512.000000
28505425.000000 56327.000000 10496.000000
28447737.000000 56039.000000 10611.000000
28428616.000000 55466.000000 10608.000000
28447954.000000 55431.000000 10466.000000
28474683.000000 54977.000000 10195.000000
28513338.000000 55428.000000 10575.000000
28506932.000000 54904.000000 10394.000000
28479265.000000 55988.000000 10452.000000
28519412.000000 55293.000000 10472.000000
28502951.000000 55302.000000 10386.000000
28424716.000000 55340.000000 10551.000000
28472835.000000 56072.000000 10478.000000
28435308.000000 55683.000000 10391.000000
28486208.000000 55609.000000 10232.000000
28470814.000000 54865.000000 10038.000000
28461739.000000 56021.000000 10226.000000
28502952.000000 55324.000000 10096.000000
28565720.000000 55365.000000 10172.000000
28525883.000000 55418.000000 10353.000000
28476597.000000 55764.000000 10144.000000
28503409.000000 55161.000000 10424.000000
28486718.000000 55238.000000 10499.000000
28373855.000000 54801.000000 10342.000000
28529374.000000 55243.000000 10581.000000
28493510.000000 55567.000000 10444.000000
28441787.000000 55427.000000 10658.000000
28458136.000000 55224.000000 10558.000000
28480403.000000 55322.000000 10516.000000
28410643.000000 55762.000000 10409.000000
28495216.000000 55405.000000 10583.000000
28446925.000000 55158.000000 10161.000000
28514240.000000 55178.000000 10542.000000
28445399.000000 55281.000000 10644.000000
28527269.000000 55522.000000 10574.000000
28463036.000000 55548.000000 10496.000000
28521503.000000 55475.000000 10368.000000
28497073.000000 55590.000000 10554.000000
28389719.000000 54971.000000 10640.000000
28476084.000000 55582.000000 10402.000000
28419462.000000 55246.000000 10583.000000
