30402083.000000 35584.000000 765.000000
30276468.000000 35486.000000 832.000000
30307993.000000 35244.000000 708.000000
30202202.000000 35258.000000 786.000000
30442167.000000 35462.000000 555.000000
30265479.000000 35408.000000 919.000000
30352414.000000 35410.000000 781.000000
30297319.000000 35507.000000 657.000000
29673467.000000 34871.000000 768.000000
29996389.000000 35464.000000 693.000000
30284593.000000 35370.000000 744.000000
30136284.000000 35277.000000 844.000000
30379194.000000 35373.000000 662.000000
29954022.000000 35223.000000 781.000000
30364542.000000 35195.000000 785.000000
30022301.000000 35129.000000 965.000000
30362178.000000 35894.000000 536.000000
30138845.000000 35460.000000 854.000000
30403628.000000 35715.000000 752.000000
30337967.000000 35389.000000 1120.000000
30436246.000000 35740.000000 666.000000
30406238.000000 35559.000000 701.000000
30208019.000000 35439.000000 594.000000
30301406.000000 35305.000000 595.000000
30380244.000000 35372.000000 865.000000
30285203.000000 35414.000000 699.000000
30329002.000000 35623.000000 411.000000
30429042.000000 35565.000000 642.000000
30341444.000000 35725.000000 583.000000
30347308.000000 35359.000000 572.000000
30430006.000000 35232.000000 591.000000
30394406.000000 35338.000000 800.000000
30381728.000000 35339.000000 559.000000
29540168.000000 35427.000000 651.000000
30451432.000000 35587.000000 514.000000
30360286.000000 35396.000000 700.000000
30389712.000000 35362.000000 653.000000
30400117.000000 35851.000000 757.000000
30344117.000000 35214.000000 712.000000
30366033.000000 35300.000000 723.000000
30419940.000000 35463.000000 625.000000
30334120.000000 35314.000000 665.000000
30363214.000000 35349.000000 676.000000
30441647.000000 35417.000000 457.000000
30422231.000000 35661.000000 852.000000
29772403.000000 35321.000000 467.000000
30338833.000000 35894.000000 807.000000
30400934.000000 35639.000000 693.000000
30293551.000000 35501.000000 785.000000
30369546.000000 35359.000000 660.000000
30367045.000000 35669.000000 642.000000
30476623.000000 35463.000000 581.000000
30364745.000000 35572.000000 428.000000
30218602.000000 35418.000000 832.000000
30298864.000000 35279.000000 980.000000
30329487.000000 35384.000000 844.000000
30306110.000000 35299.000000 950.000000
30361556.000000 35429.000000 752.000000
30373163.000000 35299.000000 751.000000
29973116.000000 35138.000000 603.000000
30436872.000000 35339.000000 384.000000
30458429.000000 35582.000000 456.000000
30399909.000000 35445.000000 788.000000
30138526.000000 35255.000000 459.000000
30382370.000000 35446.000000 579.000000
30220357.000000 35385.000000 708.000000
30323931.000000 35248.000000 578.000000
30290522.000000 35337.000000 603.000000
30266498.000000 35253.000000 938.000000
30451454.000000 35319.000000 392.000000
29962956.000000 35664.000000 636.000000
30366764.000000 35378.000000 847.000000
30426003.000000 35380.000000 535.000000
30319553.000000 35542.000000 488.000000
30430632.000000 35710.000000 710.000000
30466031.000000 35564.000000 467.000000
30433668.000000 35624.000000 458.000000
30384164.000000 35519.000000 653.000000
29830592.000000 35197.000000 539.000000
30434305.000000 35324.000000 783.000000
30393624.000000 35657.000000 760.000000
30459824.000000 35717.000000 509.000000
30356696.000000 35745.000000 541.000000
30410877.000000 35736.000000 584.000000
29733359.000000 35038.000000 584.000000
30137641.000000 35158.000000 881.000000
30394861.000000 35325.000000 700.000000
30301472.000000 35452.000000 922.000000
30252662.000000 35267.000000 683.000000
30401968.000000 35480.000000 890.000000
30311256.000000 35343.000000 653.000000
30315766.000000 35438.000000 908.000000
30402837.000000 35554.000000 706.000000
30446608.000000 35484.000000 493.000000
30380858.000000 35565.000000 578.000000
30349023.000000 35419.000000 555.000000
30116709.000000 35537.000000 643.000000
30326613.000000 35332.000000 664.000000
30345612.000000 35289.000000 1124.000000
30277195.000000 35404.000000 1139.000000
