30189636.000000 46693.000000 333.000000
29913247.000000 46500.000000 489.000000
30236601.000000 46810.000000 138.000000
30092129.000000 46529.000000 562.000000
30214765.000000 47680.000000 284.000000
30191154.000000 46932.000000 328.000000
29875018.000000 45939.000000 579.000000
30190452.000000 47004.000000 490.000000
30192149.000000 46848.000000 287.000000
30046064.000000 46721.000000 513.000000
30196984.000000 46995.000000 419.000000
29992144.000000 46881.000000 339.000000
30136222.000000 46938.000000 538.000000
30164057.000000 46675.000000 496.000000
30197143.000000 47004.000000 493.000000
30124032.000000 46915.000000 328.000000
30241150.000000 46924.000000 482.000000
30212776.000000 46896.000000 518.000000
30107661.000000 46753.000000 553.000000
30194491.000000 46739.000000 341.000000
30227483.000000 46664.000000 490.000000
30173310.000000 47118.000000 812.000000
30155927.000000 46836.000000 474.000000
30131363.000000 46847.000000 466.000000
29941673.000000 46127.000000 331.000000
30236265.000000 46778.000000 300.000000
30101434.000000 46615.000000 393.000000
30257273.000000 47002.000000 346.000000
30144945.000000 46947.000000 330.000000
29906747.000000 46048.000000 332.000000
30233371.000000 46870.000000 393.000000
30220877.000000 47028.000000 267.000000
30218913.000000 46911.000000 375.000000
29053604.000000 44465.000000 406.000000
30193957.000000 47291.000000 383.000000
30220009.000000 47352.000000 289.000000
30289766.000000 46971.000000 297.000000
30193361.000000 46900.000000 509.000000
30002826.000000 46589.000000 349.000000
30165548.000000 46926.000000 524.000000
30155938.000000 46949.000000 371.000000
30001832.000000 46404.000000 300.000000
30088742.000000 46557.000000 337.000000
30277616.000000 47088.000000 433.000000
30202111.000000 47101.000000 417.000000
30155767.000000 46979.000000 495.000000
30219806.000000 46904.000000 435.000000
30113127.000000 46511.000000 223.000000
30178859.000000 46802.000000 451.000000
30216229.000000 47100.000000 394.000000
30183564.000000 46975.000000 364.000000
29968351.000000 46551.000000 385.000000
30086812.000000 47014.000000 486.000000
30262019.000000 47276.000000 318.000000
30175287.000000 46879.000000 417.000000
30238967.000000 47047.000000 261.000000
30230334.000000 46914.000000 259.000000
30244969.000000 46947.000000 308.000000
30257764.000000 47017.000000 388.000000
30075998.000000 46952.000000 417.000000
30162149.000000 46698.000000 264.000000
30247776.000000 47200.000000 477.000000
30184226.000000 47195.000000 569.000000
30198138.000000 46866.000000 512.000000
30171134.000000 46990.000000 277.000000
30175270.000000 46763.000000 498.000000
30306970.000000 46920.000000 247.000000
30179213.000000 47073.000000 463.000000
30013724.000000 46627.000000 519.000000
30273743.000000 46948.000000 464.000000
30224620.000000 46939.000000 354.000000
30089227.000000 46957.000000 418.000000
30048503.000000 46565.000000 232.000000
30196880.000000 47093.000000 496.000000
29807792.000000 46522.000000 475.000000
30229316.000000 46857.000000 258.000000
30212581.000000 46980.000000 292.000000
30228334.000000 47079.000000 431.000000
30184121.000000 47449.000000 383.000000
30239230.000000 46813.000000 365.000000
30107852.000000 46244.000000 192.000000
30187576.000000 46765.000000 534.000000
30192426.000000 46734.000000 502.000000
30184454.000000 47020.000000 191.000000
30175305.000000 46665.000000 391.000000
30200540.000000 47163.000000 332.000000
30231303.000000 47045.000000 266.000000
30267093.000000 47314.000000 227.000000
30116503.000000 46785.000000 563.000000
30215272.000000 47102.000000 545.000000
30243166.000000 47272.000000 305.000000
30150726.000000 46931.000000 248.000000
30172696.000000 46959.000000 690.000000
30142106.000000 47171.000000 460.000000
30246683.000000 47316.000000 376.000000
30184007.000000 46903.000000 255.000000
30004325.000000 46405.000000 644.000000
30222332.000000 47026.000000 200.000000
30098290.000000 46983.000000 399.000000
30238256.000000 46984.000000 266.000000
