27624324.000000 74223.000000 6573.000000
27738467.000000 74800.000000 6606.000000
27721295.000000 74050.000000 6730.000000
27683906.000000 74328.000000 6586.000000
27750556.000000 74276.000000 6590.000000
27616362.000000 73886.000000 6543.000000
27683706.000000 74295.000000 6713.000000
27685365.000000 74524.000000 6554.000000
27764460.000000 74162.000000 6608.000000
27728766.000000 74370.000000 6510.000000
27676721.000000 76199.000000 6779.000000
27745488.000000 74015.000000 6768.000000
27714822.000000 74580.000000 6583.000000
27655978.000000 76268.000000 6610.000000
27637822.000000 75704.000000 6757.000000
27612973.000000 74586.000000 6732.000000
27682533.000000 74183.000000 6579.000000
27587443.000000 73951.000000 6783.000000
27591884.000000 75714.000000 6811.000000
27735210.000000 73978.000000 6884.000000
27613857.000000 74909.000000 6805.000000
27484127.000000 73740.000000 6718.000000
27671279.000000 74144.000000 6747.000000
27682781.000000 74025.000000 6818.000000
27672240.000000 74939.000000 6887.000000
27665950.000000 73860.000000 6951.000000
27686712.000000 74640.000000 6809.000000
27631602.000000 76084.000000 6861.000000
27681843.000000 74075.000000 6886.000000
27700916.000000 74211.000000 6750.000000
27730528.000000 74143.000000 6663.000000
27753274.000000 74089.000000 6696.000000
27704572.000000 74948.000000 6616.000000
27642647.000000 76185.000000 6739.000000
27688317.000000 75774.000000 6566.000000
27753878.000000 74165.000000 6577.000000
27749639.000000 74548.000000 6663.000000
27609012.000000 74399.000000 6750.000000
27697750.000000 74855.000000 6424.000000
27673641.000000 74788.000000 6714.000000
27715249.000000 74454.000000 6615.000000
27088609.000000 71888.000000 6606.000000
27599281.000000 73839.000000 6564.000000
27764688.000000 74372.000000 6626.000000
27597404.000000 75654.000000 6789.000000
27599206.000000 76562.000000 6742.000000
27685263.000000 75194.000000 6842.000000
27677736.000000 74287.000000 6754.000000
27308897.000000 76764.000000 7039.000000
27158375.000000 73266.000000 6503.000000
27735794.000000 74100.000000 6749.000000
27570901.000000 75461.000000 6599.000000
27683777.000000 75262.000000 6695.000000
27515905.000000 75995.000000 6787.000000
27574351.000000 76425.000000 6587.000000
27682354.000000 74019.000000 6832.000000
27701558.000000 74328.000000 6814.000000
27733102.000000 74037.000000 6752.000000
27674815.000000 75734.000000 6802.000000
27660651.000000 76453.000000 6691.000000
27601815.000000 76525.000000 6695.000000
27753983.000000 74191.000000 6677.000000
27589767.000000 74106.000000 6633.000000
27637030.000000 74463.000000 6683.000000
27701654.000000 74891.000000 6648.000000
27658048.000000 75270.000000 6793.000000
27639124.000000 75740.000000 6685.000000
27734373.000000 74667.000000 6446.000000
27730414.000000 74180.000000 6759.000000
27601048.000000 74575.000000 6671.000000
27681904.000000 74371.000000 6686.000000
27627036.000000 75741.000000 6813.000000
27671851.000000 74874.000000 6677.000000
27717107.000000 74377.000000 6599.000000
27656104.000000 76008.000000 6869.000000
27530253.000000 74011.000000 6757.000000
27659364.000000 75902.000000 6750.000000
27707339.000000 74265.000000 6667.000000
27643970.000000 74380.000000 6717.000000
27602212.000000 75985.000000 6947.000000
27783080.000000 74284.000000 6828.000000
27609388.000000 74520.000000 6748.000000
27631225.000000 74793.000000 6704.000000
27479794.000000 73288.000000 6758.000000
27686961.000000 75388.000000 6764.000000
27614655.000000 76408.000000 6807.000000
27125049.000000 71181.000000 6507.000000
27658618.000000 76844.000000 6572.000000
27497094.000000 73875.000000 6767.000000
27576275.000000 77182.000000 6863.000000
27661139.000000 73862.000000 6809.000000
27591609.000000 74140.000000 6776.000000
27641236.000000 76214.000000 6737.000000
27667366.000000 74229.000000 6844.000000
27613480.000000 75298.000000 7001.000000
27736199.000000 74227.000000 6805.000000
27635997.000000 75848.000000 7019.000000
27685964.000000 74242.000000 6819.000000
27632116.000000 76500.000000 6848.000000
27632522.000000 74406.000000 6744.000000
