21674090.000000 11597.000000 5918.000000
19628069.000000 11837.000000 5894.000000
21269935.000000 11747.000000 5859.000000
20684056.000000 11794.000000 5911.000000
18966820.000000 11760.000000 5880.000000
19287113.000000 11766.000000 5893.000000
20732744.000000 11746.000000 5873.000000
19512751.000000 11858.000000 5919.000000
21472602.000000 11607.000000 5929.000000
19616581.000000 11665.000000 5915.000000
19974601.000000 11709.000000 5897.000000
20626392.000000 11762.000000 5905.000000
19986435.000000 11743.000000 5877.000000
21511511.000000 11637.000000 5895.000000
21005753.000000 11846.000000 5850.000000
19170409.000000 11868.000000 5891.000000
21604590.000000 11644.000000 5881.000000
21552130.000000 11992.000000 5877.000000
21479247.000000 11608.000000 5919.000000
19300184.000000 11658.000000 5886.000000
21060359.000000 11519.000000 5887.000000
21503940.000000 11878.000000 5873.000000
20934721.000000 11758.000000 5864.000000
21026898.000000 11628.000000 5868.000000
21568081.000000 11732.000000 5867.000000
20071620.000000 11893.000000 5892.000000
19179075.000000 11891.000000 5879.000000
19631783.000000 11706.000000 5901.000000
21202753.000000 11598.000000 5913.000000
19478478.000000 11822.000000 5910.000000
21505511.000000 11736.000000 5921.000000
20112301.000000 11729.000000 5871.000000
20914723.000000 11624.000000 5874.000000
21648421.000000 11767.000000 5860.000000
19659353.000000 11649.000000 5888.000000
20117445.000000 11711.000000 5878.000000
21204174.000000 12071.000000 5888.000000
20151132.000000 11634.000000 5871.000000
19416279.000000 11603.000000 5865.000000
18955404.000000 11618.000000 5867.000000
20956856.000000 11767.000000 5938.000000
21571797.000000 11524.000000 5851.000000
19206878.000000 11707.000000 5897.000000
21018197.000000 11777.000000 5900.000000
19728222.000000 11800.000000 5859.000000
21068404.000000 11598.000000 5878.000000
20939806.000000 11694.000000 5903.000000
19195840.000000 11739.000000 5908.000000
20716456.000000 11678.000000 5852.000000
19878537.000000 11952.000000 5863.000000
19162864.000000 11837.000000 5860.000000
20186213.000000 11819.000000 5956.000000
20122267.000000 11649.000000 5852.000000
18991594.000000 11646.000000 5868.000000
20822231.000000 11964.000000 5843.000000
21220841.000000 11742.000000 5860.000000
21545027.000000 11648.000000 5842.000000
19950672.000000 11737.000000 5859.000000
20120093.000000 11755.000000 5887.000000
21170626.000000 11612.000000 5852.000000
20495183.000000 11767.000000 5879.000000
21014744.000000 11805.000000 5853.000000
20801097.000000 11744.000000 5858.000000
20404577.000000 11753.000000 5917.000000
19437983.000000 11790.000000 5882.000000
19890150.000000 11907.000000 5866.000000
20273574.000000 11763.000000 5909.000000
21581691.000000 11525.000000 5882.000000
21177950.000000 11738.000000 5872.000000
20970837.000000 11726.000000 5903.000000
21255316.000000 11754.000000 5882.000000
21599930.000000 11731.000000 5880.000000
19596261.000000 11623.000000 5920.000000
21150391.000000 11631.000000 5923.000000
20826353.000000 11784.000000 5904.000000
20798608.000000 11771.000000 5921.000000
19139218.000000 11881.000000 5919.000000
20978836.000000 11750.000000 5866.000000
20978393.000000 11868.000000 5915.000000
21227629.000000 11656.000000 5891.000000
20867352.000000 11667.000000 5960.000000
20709182.000000 11744.000000 5932.000000
21533081.000000 11666.000000 5854.000000
21018197.000000 11634.000000 5915.000000
19105871.000000 11717.000000 5902.000000
21114939.000000 11799.000000 5920.000000
21121238.000000 11730.000000 5869.000000
19508901.000000 11932.000000 5874.000000
19834824.000000 11762.000000 5882.000000
19380439.000000 11720.000000 5905.000000
20963974.000000 11613.000000 5872.000000
19546386.000000 11798.000000 5934.000000
21335337.000000 11771.000000 5896.000000
21398356.000000 11722.000000 5876.000000
20075949.000000 11909.000000 5903.000000
20715507.000000 11850.000000 5886.000000
19617991.000000 11771.000000 5870.000000
20870350.000000 11799.000000 5924.000000
21521009.000000 11451.000000 5892.000000
20416035.000000 11884.000000 5903.000000
