24300063.000000 72320.000000 11796.000000
23972137.000000 72322.000000 11780.000000
24094751.000000 72012.000000 11830.000000
23903917.000000 71220.000000 11818.000000
24333264.000000 72857.000000 11879.000000
24186092.000000 72399.000000 11820.000000
24285420.000000 72778.000000 11820.000000
23821042.000000 71012.000000 11729.000000
23983304.000000 72230.000000 11841.000000
24131908.000000 71790.000000 11783.000000
24032356.000000 71992.000000 11808.000000
23943160.000000 71831.000000 11772.000000
24217160.000000 72350.000000 11818.000000
24250406.000000 71592.000000 11869.000000
24380495.000000 73813.000000 11777.000000
24321565.000000 73123.000000 11812.000000
24253962.000000 71999.000000 11751.000000
24150955.000000 71866.000000 11810.000000
23831721.000000 71663.000000 11763.000000
24106933.000000 72491.000000 11828.000000
24161392.000000 72463.000000 11904.000000
23974601.000000 71583.000000 11802.000000
23686529.000000 71371.000000 11767.000000
23578999.000000 70445.000000 11770.000000
24014271.000000 72729.000000 11712.000000
23725363.000000 71399.000000 11862.000000
24003291.000000 72101.000000 11804.000000
23925361.000000 71637.000000 11796.000000
23817026.000000 71210.000000 11805.000000
23740346.000000 71612.000000 11764.000000
24031614.000000 71881.000000 11855.000000
23846898.000000 71685.000000 11758.000000
23829765.000000 72755.000000 11724.000000
24412328.000000 71547.000000 11803.000000
24371077.000000 70485.000000 11692.000000
24070106.000000 72342.000000 11780.000000
23921941.000000 72032.000000 11774.000000
24004690.000000 71673.000000 11774.000000
23591657.000000 70533.000000 11785.000000
23865769.000000 71446.000000 11742.000000
24158866.000000 72328.000000 11879.000000
23854906.000000 72366.000000 11809.000000
24258545.000000 72266.000000 11873.000000
23495074.000000 70513.000000 11705.000000
23826196.000000 71689.000000 11772.000000
24030840.000000 71343.000000 11759.000000
23744334.000000 71680.000000 11812.000000
23821652.000000 71552.000000 11795.000000
24025705.000000 72048.000000 11820.000000
24177785.000000 72311.000000 11771.000000
23976973.000000 72041.000000 11814.000000
23989697.000000 72645.000000 11844.000000
23956957.000000 72008.000000 11819.000000
24185435.000000 72761.000000 11824.000000
24034853.000000 72020.000000 11749.000000
23897544.000000 71560.000000 11883.000000
23952282.000000 71932.000000 11844.000000
24018757.000000 72683.000000 11828.000000
23915083.000000 71914.000000 11740.000000
24322672.000000 72972.000000 11762.000000
24051727.000000 72172.000000 11812.000000
23805476.000000 71109.000000 11854.000000
24217322.000000 72347.000000 11838.000000
23886587.000000 71626.000000 11757.000000
24694656.000000 71661.000000 11687.000000
24288503.000000 70882.000000 11650.000000
24221874.000000 73028.000000 11768.000000
24193652.000000 71708.000000 11844.000000
23902512.000000 72431.000000 11758.000000
23874674.000000 72321.000000 11765.000000
23870510.000000 71532.000000 11743.000000
23797138.000000 71269.000000 11809.000000
23966960.000000 71625.000000 11741.000000
24104767.000000 72560.000000 11756.000000
23970850.000000 72293.000000 11769.000000
24003714.000000 72834.000000 11735.000000
23910339.000000 71667.000000 11826.000000
23839871.000000 71029.000000 11765.000000
24178110.000000 72253.000000 11796.000000
24036721.000000 72061.000000 11777.000000
24582554.000000 71463.000000 11863.000000
23779475.000000 71869.000000 11819.000000
24114298.000000 71835.000000 11780.000000
24326790.000000 72993.000000 11819.000000
24286295.000000 73128.000000 11782.000000
24183786.000000 72377.000000 11812.000000
24192550.000000 72933.000000 11770.000000
23860603.000000 71931.000000 11824.000000
23842431.000000 72031.000000 11753.000000
23948876.000000 72347.000000 11747.000000
23988682.000000 72695.000000 11867.000000
23774836.000000 71116.000000 11751.000000
24175394.000000 72524.000000 11785.000000
23605150.000000 71147.000000 11778.000000
24228400.000000 72237.000000 11841.000000
23845497.000000 71457.000000 11832.000000
23987696.000000 69107.000000 11578.000000
23770404.000000 72743.000000 11793.000000
23723757.000000 71073.000000 11859.000000
23640207.000000 71450.000000 11765.000000
