29842374.000000 58025.000000 1013.000000
29889887.000000 59124.000000 962.000000
29745031.000000 58302.000000 831.000000
29846099.000000 59396.000000 1047.000000
29862716.000000 58158.000000 786.000000
29811738.000000 58750.000000 987.000000
29880505.000000 58746.000000 671.000000
29029740.000000 56073.000000 942.000000
29897390.000000 58871.000000 749.000000
29908216.000000 59556.000000 935.000000
29898491.000000 58641.000000 728.000000
29933487.000000 58430.000000 695.000000
29779772.000000 58833.000000 932.000000
29893578.000000 59298.000000 1037.000000
29830030.000000 58808.000000 1037.000000
29893558.000000 58344.000000 1060.000000
29925731.000000 58757.000000 862.000000
29949064.000000 58921.000000 665.000000
29932706.000000 58918.000000 886.000000
29963406.000000 58848.000000 803.000000
29866661.000000 58662.000000 759.000000
29915682.000000 59090.000000 740.000000
29899258.000000 58640.000000 956.000000
29829787.000000 58566.000000 1219.000000
29845725.000000 58700.000000 808.000000
29799821.000000 58159.000000 1110.000000
29734669.000000 58923.000000 1030.000000
29876521.000000 58359.000000 987.000000
29842745.000000 58638.000000 928.000000
29680931.000000 59307.000000 1063.000000
29904852.000000 59328.000000 800.000000
29842946.000000 58958.000000 1181.000000
29866093.000000 58574.000000 1101.000000
29873814.000000 59163.000000 810.000000
29854151.000000 58300.000000 731.000000
29820622.000000 58442.000000 803.000000
29796885.000000 59341.000000 936.000000
29897083.000000 58918.000000 764.000000
29911083.000000 59003.000000 808.000000
29894642.000000 59337.000000 938.000000
29909593.000000 59078.000000 818.000000
29738344.000000 58449.000000 845.000000
29859536.000000 58519.000000 933.000000
29593816.000000 57881.000000 1120.000000
29899421.000000 58889.000000 675.000000
29951306.000000 58995.000000 847.000000
29873961.000000 59238.000000 1124.000000
29905957.000000 58731.000000 736.000000
29880931.000000 58780.000000 861.000000
29904829.000000 58609.000000 1043.000000
29907275.000000 59086.000000 887.000000
29816142.000000 58992.000000 979.000000
29736151.000000 57813.000000 915.000000
29890938.000000 58828.000000 966.000000
29854399.000000 58891.000000 906.000000
29524376.000000 58370.000000 1161.000000
29817063.000000 58607.000000 1020.000000
29904936.000000 58650.000000 1070.000000
29895721.000000 59005.000000 776.000000
29949961.000000 58667.000000 705.000000
29932786.000000 59107.000000 657.000000
29796459.000000 58971.000000 955.000000
29870781.000000 58953.000000 854.000000
29925427.000000 59361.000000 700.000000
29873599.000000 59026.000000 905.000000
29872856.000000 58760.000000 1127.000000
29530228.000000 57645.000000 747.000000
29840302.000000 58813.000000 738.000000
29891642.000000 58758.000000 976.000000
29886904.000000 58940.000000 856.000000
29877550.000000 58474.000000 1069.000000
29840891.000000 58698.000000 1228.000000
29845074.000000 58354.000000 782.000000
29866683.000000 58861.000000 1140.000000
29734592.000000 58506.000000 757.000000
29964249.000000 58905.000000 823.000000
29883277.000000 58598.000000 811.000000
29720562.000000 58723.000000 926.000000
29851124.000000 59038.000000 828.000000
29909580.000000 58640.000000 1042.000000
29915483.000000 58851.000000 957.000000
29810703.000000 58843.000000 1009.000000
29931922.000000 58629.000000 1040.000000
29757331.000000 58362.000000 746.000000
29887972.000000 58580.000000 1080.000000
29853685.000000 59400.000000 882.000000
29943576.000000 59321.000000 757.000000
29809423.000000 58466.000000 1014.000000
29963131.000000 58750.000000 649.000000
29855050.000000 59056.000000 1026.000000
29933913.000000 59098.000000 777.000000
29845368.000000 59457.000000 1043.000000
29918310.000000 58877.000000 842.000000
29909605.000000 59252.000000 715.000000
29913226.000000 58791.000000 926.000000
29990487.000000 58706.000000 810.000000
29811975.000000 58962.000000 982.000000
29839234.000000 58474.000000 1146.000000
29777831.000000 58121.000000 1068.000000
29917557.000000 58555.000000 1072.000000
