28122996.000000 77004.000000 4041.000000
28107178.000000 76582.000000 3975.000000
28038698.000000 77930.000000 4165.000000
27782438.000000 77849.000000 3775.000000
28097403.000000 77039.000000 4259.000000
28084005.000000 78066.000000 3954.000000
28120964.000000 76855.000000 4087.000000
28034468.000000 76888.000000 4054.000000
27987195.000000 76035.000000 4010.000000
27885013.000000 75759.000000 3948.000000
28077478.000000 76861.000000 4112.000000
27885215.000000 78381.000000 3926.000000
28054189.000000 76642.000000 4203.000000
27911485.000000 75501.000000 3844.000000
28127508.000000 76944.000000 4063.000000
28034893.000000 76950.000000 4097.000000
28036993.000000 77558.000000 4065.000000
27845772.000000 75755.000000 3836.000000
28053748.000000 76554.000000 4056.000000
28067591.000000 76942.000000 4192.000000
28080285.000000 77597.000000 4012.000000
28030769.000000 77128.000000 4171.000000
27889772.000000 76580.000000 4000.000000
28023034.000000 77099.000000 4145.000000
28074497.000000 76886.000000 4112.000000
28054770.000000 76631.000000 4107.000000
27974763.000000 76582.000000 4245.000000
28096960.000000 76973.000000 4087.000000
28075933.000000 77888.000000 4071.000000
28041608.000000 76555.000000 3993.000000
28079965.000000 77293.000000 4061.000000
28082452.000000 77205.000000 3976.000000
28124155.000000 77206.000000 4154.000000
27259081.000000 73951.000000 3729.000000
28056827.000000 77627.000000 4099.000000
28160725.000000 77202.000000 4049.000000
28118940.000000 77374.000000 3958.000000
28025750.000000 77761.000000 4008.000000
28148707.000000 76828.000000 4082.000000
28099998.000000 77007.000000 4208.000000
28084698.000000 77297.000000 4050.000000
28025711.000000 76806.000000 4125.000000
27977030.000000 77428.000000 4099.000000
28050933.000000 77841.000000 4238.000000
28071792.000000 76771.000000 4319.000000
27556971.000000 75381.000000 3975.000000
28048406.000000 76469.000000 4280.000000
27982236.000000 77977.000000 4234.000000
27918363.000000 76696.000000 4165.000000
28053196.000000 77151.000000 4235.000000
27996948.000000 77549.000000 4265.000000
28045736.000000 76826.000000 4165.000000
27991908.000000 76904.000000 4053.000000
27970348.000000 77093.000000 4211.000000
28019521.000000 76645.000000 4180.000000
28033880.000000 76484.000000 4168.000000
28089375.000000 76935.000000 4005.000000
28038187.000000 77377.000000 4045.000000
28100980.000000 76710.000000 4155.000000
27614565.000000 74734.000000 3961.000000
28014529.000000 77601.000000 4133.000000
28174729.000000 77566.000000 4094.000000
28078764.000000 76661.000000 4117.000000
27918876.000000 76393.000000 4345.000000
28046019.000000 77094.000000 4209.000000
28132615.000000 76993.000000 4053.000000
27951380.000000 76683.000000 4060.000000
28034448.000000 77430.000000 4151.000000
27997727.000000 77671.000000 4146.000000
28074479.000000 77146.000000 3969.000000
28039112.000000 78001.000000 4049.000000
28018651.000000 76750.000000 4046.000000
27996748.000000 76664.000000 4118.000000
27887389.000000 76361.000000 4142.000000
28070182.000000 77246.000000 4207.000000
28034812.000000 77300.000000 4059.000000
27954067.000000 77357.000000 4038.000000
28035798.000000 76626.000000 4248.000000
27867072.000000 74971.000000 4123.000000
28116381.000000 76866.000000 4248.000000
28113190.000000 77202.000000 4255.000000
27980740.000000 76311.000000 4272.000000
27985997.000000 78350.000000 4196.000000
28014497.000000 76721.000000 4172.000000
27760161.000000 76184.000000 4067.000000
28074338.000000 76771.000000 4123.000000
28117709.000000 77539.000000 4169.000000
27992573.000000 77162.000000 4279.000000
28043749.000000 76442.000000 4214.000000
28046880.000000 76667.000000 4079.000000
28018548.000000 76999.000000 4206.000000
28008425.000000 77010.000000 4346.000000
28060805.000000 77210.000000 4362.000000
28067933.000000 76721.000000 4217.000000
28056169.000000 77629.000000 4277.000000
28002376.000000 76866.000000 4337.000000
27934516.000000 76906.000000 4264.000000
27932101.000000 76234.000000 4248.000000
28067069.000000 76880.000000 4274.000000
28018871.000000 77169.000000 4310.000000
