30909279.000000 21466.000000 2844.000000
28284617.000000 16666.000000 2574.000000
31072621.000000 18833.000000 2822.000000
31134235.000000 18751.000000 3098.000000
30496535.000000 24110.000000 3105.000000
31295913.000000 17572.000000 2818.000000
31301576.000000 17536.000000 2798.000000
31301202.000000 17387.000000 2842.000000
31128571.000000 18593.000000 2746.000000
30760778.000000 23713.000000 2847.000000
31134571.000000 18771.000000 2475.000000
31145007.000000 18725.000000 2889.000000
31169828.000000 19019.000000 3070.000000
31187276.000000 18855.000000 2867.000000
31275128.000000 17842.000000 2845.000000
31155805.000000 17853.000000 2810.000000
31241457.000000 18430.000000 2944.000000
30665795.000000 23896.000000 2667.000000
31133713.000000 17945.000000 2682.000000
31184229.000000 18750.000000 2794.000000
31134537.000000 17504.000000 2918.000000
31177525.000000 18381.000000 2802.000000
31024399.000000 18538.000000 2882.000000
31140837.000000 18576.000000 2893.000000
31188441.000000 17785.000000 2683.000000
30995031.000000 18486.000000 2842.000000
30943127.000000 20873.000000 2744.000000
31206775.000000 18012.000000 2683.000000
31110257.000000 18879.000000 2710.000000
31233528.000000 17342.000000 2935.000000
31119750.000000 19292.000000 2759.000000
31166582.000000 17959.000000 2726.000000
31288757.000000 18239.000000 2740.000000
31175725.000000 18941.000000 2413.000000
30148064.000000 18769.000000 2699.000000
31116620.000000 18510.000000 2738.000000
31222471.000000 17634.000000 2786.000000
31098224.000000 18020.000000 3233.000000
31187440.000000 17567.000000 2725.000000
31206528.000000 18053.000000 2902.000000
31148951.000000 18479.000000 2940.000000
31309524.000000 17684.000000 2634.000000
31130607.000000 18473.000000 2643.000000
31171418.000000 18403.000000 2943.000000
31201378.000000 18672.000000 2963.000000
31044398.000000 18884.000000 2842.000000
31136648.000000 17746.000000 2908.000000
31096035.000000 19200.000000 2993.000000
31256771.000000 17293.000000 2878.000000
31190882.000000 17829.000000 2645.000000
30864093.000000 18502.000000 2702.000000
31098651.000000 18436.000000 2869.000000
31074817.000000 19402.000000 2389.000000
31258943.000000 17696.000000 2876.000000
31181718.000000 18777.000000 2786.000000
31198276.000000 19058.000000 2841.000000
31093997.000000 18595.000000 2655.000000
31160322.000000 18374.000000 2860.000000
31187886.000000 18392.000000 2834.000000
30542696.000000 25099.000000 2722.000000
30998407.000000 17723.000000 2731.000000
31241760.000000 17980.000000 2796.000000
31257925.000000 18691.000000 2701.000000
31081476.000000 18641.000000 2755.000000
31215283.000000 18947.000000 2759.000000
29850167.000000 16654.000000 2839.000000
31222775.000000 18838.000000 2731.000000
31142426.000000 18659.000000 2715.000000
31226540.000000 18343.000000 2819.000000
30773337.000000 18755.000000 2844.000000
30898360.000000 22046.000000 2841.000000
30757128.000000 23202.000000 3091.000000
31181571.000000 18166.000000 3004.000000
31233546.000000 17597.000000 2718.000000
29751663.000000 17556.000000 2521.000000
30580424.000000 17538.000000 2926.000000
31235411.000000 17852.000000 3093.000000
31187799.000000 18287.000000 2604.000000
31115410.000000 18160.000000 3149.000000
30650340.000000 23631.000000 3122.000000
31156305.000000 17839.000000 2761.000000
31204778.000000 17709.000000 2974.000000
31235729.000000 17487.000000 2930.000000
31158925.000000 17561.000000 3056.000000
31210312.000000 18506.000000 2788.000000
30797230.000000 21706.000000 2781.000000
30928135.000000 21924.000000 2794.000000
31199947.000000 18711.000000 2856.000000
31030080.000000 18364.000000 2833.000000
31002818.000000 20366.000000 2790.000000
31212687.000000 19421.000000 2596.000000
31246126.000000 17484.000000 2785.000000
31225528.000000 17658.000000 2741.000000
31117102.000000 17603.000000 2479.000000
31202997.000000 18767.000000 2639.000000
31267420.000000 17883.000000 2435.000000
31292937.000000 17284.000000 3182.000000
30646770.000000 23089.000000 3012.000000
31146911.000000 17782.000000 3028.000000
31140309.000000 17543.000000 3074.000000
