27986712.000000 85054.000000 1002.000000
27931407.000000 84738.000000 981.000000
27956777.000000 85371.000000 888.000000
27942720.000000 84770.000000 1033.000000
27823075.000000 87596.000000 1115.000000
27322145.000000 81356.000000 920.000000
27798738.000000 86977.000000 1112.000000
27916495.000000 85102.000000 971.000000
27930218.000000 84263.000000 997.000000
27950180.000000 84631.000000 947.000000
27509012.000000 82547.000000 893.000000
27921567.000000 85406.000000 948.000000
27962292.000000 84493.000000 879.000000
27767440.000000 83178.000000 930.000000
27918094.000000 84594.000000 926.000000
27519658.000000 82918.000000 984.000000
27949690.000000 84775.000000 945.000000
27945581.000000 85017.000000 1011.000000
27769798.000000 83762.000000 970.000000
27954806.000000 84461.000000 1008.000000
27907024.000000 84651.000000 941.000000
27974331.000000 85645.000000 899.000000
27867112.000000 84755.000000 1028.000000
27999357.000000 84512.000000 1012.000000
27937189.000000 84269.000000 987.000000
27876996.000000 84804.000000 961.000000
27815837.000000 87369.000000 1106.000000
27938735.000000 84444.000000 1065.000000
27850834.000000 86812.000000 1054.000000
27932197.000000 83995.000000 1053.000000
27993797.000000 84524.000000 1026.000000
27770867.000000 86438.000000 994.000000
27924700.000000 84519.000000 1015.000000
27774612.000000 83092.000000 1048.000000
27898627.000000 85558.000000 1012.000000
27934500.000000 84294.000000 1066.000000
27844383.000000 86869.000000 1047.000000
27908752.000000 84971.000000 975.000000
27857920.000000 86694.000000 1094.000000
27835236.000000 84875.000000 933.000000
27844044.000000 83366.000000 972.000000
27797685.000000 83505.000000 1037.000000
27831250.000000 84251.000000 981.000000
27752112.000000 87613.000000 1020.000000
27931465.000000 84711.000000 973.000000
27991565.000000 84220.000000 951.000000
27951860.000000 84655.000000 1036.000000
27929812.000000 84348.000000 984.000000
27835339.000000 86807.000000 1010.000000
27962029.000000 85099.000000 989.000000
27785168.000000 86840.000000 1019.000000
28010360.000000 84017.000000 901.000000
27579322.000000 82818.000000 967.000000
27792108.000000 87798.000000 875.000000
28006272.000000 84927.000000 983.000000
27206194.000000 83974.000000 1047.000000
27950082.000000 84531.000000 970.000000
27936184.000000 84686.000000 943.000000
27917017.000000 85475.000000 949.000000
27939254.000000 84937.000000 1024.000000
27975598.000000 84716.000000 983.000000
27926741.000000 84127.000000 969.000000
27921785.000000 85061.000000 1005.000000
27842202.000000 83571.000000 940.000000
27812630.000000 88290.000000 998.000000
27913200.000000 84605.000000 994.000000
27558508.000000 83054.000000 909.000000
27874689.000000 84325.000000 918.000000
27939498.000000 84389.000000 967.000000
27946092.000000 85053.000000 873.000000
27949946.000000 84637.000000 994.000000
27804187.000000 83252.000000 1034.000000
27895442.000000 84707.000000 1023.000000
27944917.000000 84190.000000 980.000000
27922966.000000 84274.000000 1030.000000
27969699.000000 84482.000000 923.000000
27987413.000000 84647.000000 979.000000
27916735.000000 84858.000000 948.000000
27985017.000000 84841.000000 976.000000
27939923.000000 84301.000000 938.000000
27948505.000000 85041.000000 970.000000
27890087.000000 84203.000000 927.000000
27810769.000000 83651.000000 960.000000
27935536.000000 84841.000000 1001.000000
27960922.000000 84513.000000 1052.000000
27963132.000000 84403.000000 1008.000000
27880594.000000 84905.000000 961.000000
27885000.000000 86761.000000 948.000000
27948152.000000 85234.000000 1039.000000
27888403.000000 84102.000000 947.000000
27693675.000000 84296.000000 820.000000
27926877.000000 84637.000000 1000.000000
27798336.000000 82980.000000 981.000000
27953991.000000 84627.000000 961.000000
27880090.000000 85793.000000 1051.000000
27900789.000000 83861.000000 980.000000
27929987.000000 85303.000000 982.000000
27967960.000000 84993.000000 985.000000
27948837.000000 84358.000000 986.000000
27770025.000000 86257.000000 1014.000000
