18867756.000000 121103.000000 71158.000000
19949025.000000 100805.000000 57953.000000
22212800.000000 84397.000000 42576.000000
20125391.000000 96210.000000 54930.000000
23851291.000000 74241.000000 30972.000000
20410026.000000 98690.000000 55979.000000
21671443.000000 83333.000000 42783.000000
23814558.000000 74651.000000 31334.000000
23929689.000000 73645.000000 30873.000000
23626925.000000 77231.000000 32509.000000
23791999.000000 74368.000000 30367.000000
21619753.000000 87505.000000 45995.000000
21279435.000000 91794.000000 49654.000000
19811833.000000 96542.000000 55912.000000
19963522.000000 99558.000000 57709.000000
21585793.000000 83273.000000 42412.000000
18955957.000000 112350.000000 66222.000000
21241271.000000 87674.000000 46847.000000
23103197.000000 81045.000000 38434.000000
21478206.000000 85979.000000 45552.000000
23904016.000000 74326.000000 30877.000000
23940793.000000 73764.000000 30052.000000
19140823.000000 119368.000000 70097.000000
23447558.000000 72417.000000 29666.000000
20546723.000000 93668.000000 52213.000000
23782783.000000 74330.000000 30788.000000
19768454.000000 99814.000000 57757.000000
18853846.000000 113400.000000 67062.000000
19088091.000000 110096.000000 64999.000000
24004240.000000 74152.000000 30305.000000
23925529.000000 73621.000000 30824.000000
19970954.000000 101976.000000 59404.000000
22057220.000000 86219.000000 44540.000000
19610117.000000 105951.000000 62049.000000
19154031.000000 113571.000000 66122.000000
20162466.000000 96904.000000 55155.000000
18961979.000000 108877.000000 64879.000000
22092763.000000 85969.000000 44355.000000
19766881.000000 104874.000000 61192.000000
18790432.000000 110814.000000 66481.000000
23620265.000000 77570.000000 33258.000000
19332712.000000 101224.000000 59309.000000
21205030.000000 92473.000000 49731.000000
21287123.000000 89445.000000 48193.000000
18751725.000000 125247.000000 73032.000000
20025367.000000 101128.000000 58355.000000
23879749.000000 74191.000000 31127.000000
22025975.000000 82413.000000 41415.000000
20626000.000000 96032.000000 53731.000000
22568286.000000 83256.000000 41631.000000
21335071.000000 89567.000000 48462.000000
23862771.000000 74286.000000 30422.000000
20227926.000000 99446.000000 57052.000000
20529836.000000 93437.000000 51856.000000
20424459.000000 97231.000000 54766.000000
21568501.000000 84749.000000 44228.000000
20196107.000000 97969.000000 56370.000000
20139649.000000 98494.000000 56013.000000
20555204.000000 97721.000000 54693.000000
20544853.000000 93409.000000 51777.000000
21268107.000000 91725.000000 49754.000000
19651109.000000 99163.000000 57078.000000
20143783.000000 94637.000000 53442.000000
18654095.000000 120348.000000 71597.000000
23863463.000000 74262.000000 31128.000000
19657917.000000 100298.000000 57961.000000
22542180.000000 77874.000000 36237.000000
20798212.000000 89595.000000 48654.000000
19919934.000000 101864.000000 59262.000000
20515489.000000 98363.000000 55518.000000
19528583.000000 106294.000000 62275.000000
20539511.000000 96756.000000 54246.000000
22037469.000000 85888.000000 44310.000000
18960056.000000 105877.000000 63650.000000
19479734.000000 109357.000000 64490.000000
19028172.000000 116481.000000 69817.000000
19619746.000000 100906.000000 57998.000000
21232168.000000 92480.000000 50225.000000
21628261.000000 84338.000000 43002.000000
22030505.000000 85333.000000 43586.000000
23833799.000000 74926.000000 30834.000000
19726110.000000 97904.000000 57005.000000
20944310.000000 91610.000000 49976.000000
22522627.000000 81947.000000 39706.000000
18128872.000000 121657.000000 72964.000000
23976260.000000 74835.000000 30372.000000
19525332.000000 107253.000000 62956.000000
23863746.000000 74033.000000 30461.000000
20010564.000000 96850.000000 54473.000000
22421817.000000 81857.000000 40326.000000
21533258.000000 87941.000000 45809.000000
22206032.000000 82345.000000 41038.000000
20643958.000000 90137.000000 49359.000000
20778228.000000 91321.000000 50129.000000
23616730.000000 72987.000000 29771.000000
23247803.000000 81647.000000 37183.000000
18999824.000000 118258.000000 70514.000000
19406382.000000 99961.000000 59230.000000
23736720.000000 74753.000000 30296.000000
23836971.000000 73255.000000 31037.000000
