28539297.000000 80418.000000 211.000000
28575405.000000 80034.000000 223.000000
28510889.000000 80027.000000 292.000000
28624381.000000 79491.000000 362.000000
28682004.000000 79325.000000 275.000000
28605505.000000 80142.000000 341.000000
28335682.000000 78770.000000 334.000000
28416610.000000 82074.000000 373.000000
28606108.000000 79266.000000 277.000000
28410721.000000 79320.000000 390.000000
28462584.000000 79764.000000 388.000000
28632240.000000 79662.000000 272.000000
28622947.000000 78861.000000 275.000000
28616037.000000 79522.000000 392.000000
28584637.000000 80473.000000 392.000000
28452968.000000 79840.000000 324.000000
28567811.000000 79203.000000 365.000000
28589515.000000 79491.000000 318.000000
28651002.000000 79171.000000 334.000000
28397145.000000 83198.000000 344.000000
28565542.000000 79467.000000 327.000000
28523322.000000 79827.000000 325.000000
28412419.000000 79430.000000 418.000000
28565453.000000 79511.000000 331.000000
28293753.000000 82154.000000 394.000000
28531576.000000 80040.000000 360.000000
28494375.000000 80688.000000 384.000000
28256866.000000 79127.000000 356.000000
28613111.000000 79863.000000 294.000000
28535209.000000 80073.000000 373.000000
28341710.000000 81566.000000 394.000000
28638018.000000 79485.000000 393.000000
28563838.000000 79108.000000 318.000000
28575201.000000 79576.000000 332.000000
28662943.000000 79479.000000 293.000000
28477740.000000 79787.000000 303.000000
28556169.000000 80059.000000 311.000000
28568810.000000 79532.000000 329.000000
28581871.000000 79672.000000 323.000000
28441602.000000 80219.000000 356.000000
28604110.000000 79733.000000 328.000000
28505145.000000 80627.000000 360.000000
28504146.000000 81379.000000 311.000000
28399892.000000 82808.000000 372.000000
28524539.000000 80703.000000 343.000000
28601272.000000 79972.000000 355.000000
28493276.000000 80083.000000 449.000000
28397796.000000 79943.000000 297.000000
28575294.000000 79412.000000 398.000000
28494149.000000 79904.000000 435.000000
28504807.000000 79688.000000 318.000000
28507479.000000 79844.000000 429.000000
28577763.000000 79382.000000 437.000000
28571586.000000 80573.000000 303.000000
28530777.000000 80307.000000 350.000000
28522111.000000 80120.000000 378.000000
28526151.000000 79847.000000 390.000000
28507449.000000 80140.000000 371.000000
28386433.000000 82137.000000 442.000000
28574390.000000 80252.000000 334.000000
28288524.000000 79578.000000 428.000000
28547358.000000 79733.000000 352.000000
28472119.000000 79661.000000 353.000000
28544386.000000 79881.000000 380.000000
28418789.000000 79710.000000 271.000000
28528603.000000 80441.000000 421.000000
28599148.000000 79249.000000 443.000000
28575082.000000 79850.000000 378.000000
28416236.000000 79375.000000 290.000000
28431363.000000 80249.000000 399.000000
28560975.000000 80171.000000 331.000000
28582632.000000 79059.000000 318.000000
28561749.000000 79819.000000 327.000000
28236609.000000 79231.000000 462.000000
28635222.000000 79342.000000 403.000000
28557248.000000 79595.000000 440.000000
28504799.000000 79566.000000 239.000000
28230414.000000 79632.000000 370.000000
28566214.000000 79324.000000 238.000000
28406133.000000 79530.000000 358.000000
28524195.000000 79854.000000 301.000000
28476772.000000 79328.000000 271.000000
28580630.000000 80278.000000 331.000000
28527545.000000 79659.000000 427.000000
28622995.000000 79817.000000 384.000000
27928592.000000 77753.000000 338.000000
27812456.000000 76885.000000 331.000000
28499095.000000 79614.000000 377.000000
28581264.000000 79473.000000 335.000000
28472602.000000 79223.000000 274.000000
28554794.000000 79987.000000 275.000000
28427668.000000 78737.000000 320.000000
28527769.000000 79808.000000 428.000000
28511173.000000 80162.000000 292.000000
28618076.000000 79441.000000 327.000000
28416739.000000 78828.000000 377.000000
28341299.000000 79730.000000 350.000000
28508570.000000 79438.000000 454.000000
28542077.000000 80406.000000 357.000000
28518760.000000 79533.000000 393.000000
