18068041.000000 49370.000000 11813.000000
18716362.000000 51985.000000 11757.000000
18677702.000000 50447.000000 11783.000000
18009203.000000 50028.000000 11696.000000
18572203.000000 50377.000000 11830.000000
18222437.000000 50254.000000 11831.000000
18469416.000000 51053.000000 11951.000000
18103077.000000 49866.000000 11705.000000
18833171.000000 50305.000000 11780.000000
18039003.000000 49481.000000 11794.000000
17881363.000000 49211.000000 11713.000000
18209353.000000 50163.000000 11762.000000
18102529.000000 50409.000000 11826.000000
18484174.000000 49688.000000 11791.000000
18014364.000000 49966.000000 11812.000000
18053973.000000 49657.000000 11760.000000
18030292.000000 49908.000000 11823.000000
18417226.000000 49717.000000 11827.000000
18325219.000000 49467.000000 11792.000000
18188968.000000 50251.000000 11908.000000
18616753.000000 51336.000000 12009.000000
18151944.000000 49964.000000 11776.000000
18462942.000000 50224.000000 11828.000000
18191859.000000 49759.000000 11765.000000
18048821.000000 49434.000000 11707.000000
18151090.000000 49535.000000 11761.000000
18363121.000000 50656.000000 11814.000000
18361694.000000 50117.000000 11816.000000
18212512.000000 50792.000000 11803.000000
18392371.000000 49359.000000 11701.000000
18347491.000000 49315.000000 11739.000000
18401325.000000 49355.000000 11846.000000
18527688.000000 49665.000000 11688.000000
18298207.000000 50135.000000 11864.000000
18293812.000000 50486.000000 11832.000000
18409284.000000 50216.000000 11796.000000
18312026.000000 50348.000000 11839.000000
17928456.000000 49679.000000 11696.000000
18289766.000000 50349.000000 11843.000000
18270807.000000 49977.000000 11816.000000
17912463.000000 49479.000000 11828.000000
17767333.000000 48784.000000 11701.000000
18159458.000000 49796.000000 11750.000000
18045044.000000 50213.000000 11709.000000
18159587.000000 50423.000000 11793.000000
18159102.000000 49784.000000 11822.000000
18388377.000000 50076.000000 11838.000000
18176173.000000 50451.000000 11819.000000
18269343.000000 49620.000000 11832.000000
18648320.000000 50559.000000 11783.000000
18434686.000000 50763.000000 11833.000000
18337722.000000 50258.000000 11856.000000
18162890.000000 49807.000000 11796.000000
18067345.000000 49760.000000 11755.000000
18145339.000000 49647.000000 11825.000000
18203149.000000 50618.000000 11754.000000
18224520.000000 49948.000000 11835.000000
18438344.000000 51229.000000 11827.000000
18498022.000000 49736.000000 11751.000000
18618502.000000 50689.000000 11812.000000
18340429.000000 50272.000000 11799.000000
18323696.000000 49896.000000 11711.000000
18263440.000000 50060.000000 11789.000000
18380393.000000 49797.000000 11870.000000
18455190.000000 50196.000000 11829.000000
18145760.000000 50260.000000 11808.000000
17844831.000000 49535.000000 11803.000000
18220179.000000 50393.000000 11875.000000
18167988.000000 49698.000000 11734.000000
18435580.000000 51278.000000 11710.000000
17853230.000000 49281.000000 11703.000000
18193826.000000 50524.000000 11748.000000
18558934.000000 50871.000000 11801.000000
18283294.000000 50076.000000 11801.000000
18197549.000000 49719.000000 11725.000000
18069718.000000 49366.000000 11705.000000
18224748.000000 50244.000000 11808.000000
18315503.000000 50506.000000 11765.000000
18536457.000000 51402.000000 11821.000000
18343867.000000 50178.000000 11803.000000
18391956.000000 50223.000000 11952.000000
18109087.000000 49030.000000 11721.000000
18245975.000000 49316.000000 11704.000000
17977077.000000 49403.000000 11811.000000
18199594.000000 49144.000000 11693.000000
18036607.000000 49798.000000 11835.000000
17968433.000000 49558.000000 11791.000000
17904524.000000 49262.000000 11744.000000
18345997.000000 50143.000000 11788.000000
18444560.000000 50288.000000 11821.000000
18154823.000000 49812.000000 11714.000000
18059249.000000 49308.000000 11718.000000
18355306.000000 50434.000000 11710.000000
18420133.000000 50724.000000 11802.000000
18315891.000000 50992.000000 11885.000000
18139823.000000 49289.000000 11824.000000
18355996.000000 50687.000000 11714.000000
18499576.000000 51121.000000 12007.000000
17955406.000000 49395.000000 11756.000000
18123937.000000 49745.000000 11826.000000
