29225415.000000 71652.000000 121.000000
29223048.000000 70938.000000 241.000000
29166972.000000 72182.000000 191.000000
29127874.000000 71749.000000 390.000000
29135822.000000 71297.000000 189.000000
29171943.000000 71172.000000 196.000000
29189189.000000 71616.000000 149.000000
29136169.000000 70920.000000 270.000000
29173545.000000 71003.000000 198.000000
28438020.000000 68773.000000 132.000000
29142477.000000 70947.000000 259.000000
29149271.000000 70934.000000 390.000000
29245321.000000 71160.000000 201.000000
29170446.000000 70307.000000 237.000000
29122138.000000 72036.000000 280.000000
29260144.000000 71080.000000 238.000000
29181931.000000 71207.000000 315.000000
29102324.000000 71043.000000 312.000000
29170771.000000 71074.000000 225.000000
29234153.000000 71576.000000 293.000000
29200157.000000 70770.000000 219.000000
28490168.000000 69582.000000 225.000000
29178566.000000 71212.000000 247.000000
29235069.000000 70925.000000 208.000000
27931744.000000 66732.000000 181.000000
29233567.000000 70861.000000 199.000000
29153214.000000 72113.000000 277.000000
29128707.000000 71491.000000 334.000000
29217156.000000 71021.000000 249.000000
29132165.000000 71075.000000 328.000000
29252443.000000 71371.000000 160.000000
29138892.000000 70954.000000 178.000000
29193158.000000 70850.000000 271.000000
29152289.000000 71778.000000 162.000000
29213660.000000 71445.000000 206.000000
29127521.000000 71829.000000 167.000000
29204016.000000 71272.000000 219.000000
29114946.000000 70889.000000 131.000000
29240583.000000 70920.000000 234.000000
29217039.000000 71558.000000 362.000000
28696895.000000 68911.000000 240.000000
29169247.000000 72037.000000 289.000000
29141616.000000 70609.000000 346.000000
29209774.000000 71867.000000 161.000000
29139605.000000 71282.000000 324.000000
29183005.000000 70662.000000 384.000000
29207490.000000 71646.000000 271.000000
29229001.000000 71851.000000 272.000000
29170001.000000 70668.000000 357.000000
29217274.000000 71109.000000 181.000000
29187401.000000 71033.000000 344.000000
29152557.000000 71159.000000 221.000000
29129784.000000 71453.000000 231.000000
29231514.000000 71789.000000 206.000000
29230828.000000 71358.000000 202.000000
29167993.000000 71214.000000 188.000000
29240312.000000 71055.000000 224.000000
29131663.000000 70275.000000 243.000000
29224830.000000 70914.000000 170.000000
29247709.000000 71057.000000 199.000000
29164600.000000 71125.000000 183.000000
29241250.000000 71153.000000 124.000000
29084183.000000 72192.000000 443.000000
29087098.000000 70465.000000 245.000000
29219866.000000 71366.000000 363.000000
29134579.000000 71943.000000 271.000000
29185554.000000 70275.000000 318.000000
29266649.000000 71099.000000 175.000000
29153916.000000 71637.000000 284.000000
29150584.000000 72345.000000 290.000000
29216692.000000 71629.000000 293.000000
29245663.000000 71366.000000 232.000000
29166026.000000 71600.000000 421.000000
29156399.000000 70834.000000 161.000000
29203191.000000 71294.000000 124.000000
29181715.000000 71363.000000 141.000000
29212098.000000 71309.000000 231.000000
29273092.000000 71214.000000 122.000000
29095276.000000 70575.000000 236.000000
29104621.000000 71701.000000 431.000000
29136002.000000 71783.000000 347.000000
29117877.000000 71334.000000 222.000000
29199708.000000 71511.000000 166.000000
29158132.000000 71277.000000 244.000000
29192032.000000 71548.000000 288.000000
29222196.000000 71046.000000 223.000000
29148133.000000 72438.000000 223.000000
29169268.000000 72131.000000 110.000000
29162290.000000 71685.000000 317.000000
29145142.000000 70442.000000 227.000000
29134287.000000 70203.000000 260.000000
29206909.000000 71356.000000 233.000000
29178935.000000 72056.000000 238.000000
29136108.000000 72311.000000 250.000000
29215036.000000 71955.000000 336.000000
28789417.000000 69811.000000 167.000000
29132191.000000 71964.000000 246.000000
29202270.000000 70951.000000 221.000000
29171951.000000 71457.000000 182.000000
29217474.000000 71099.000000 311.000000
