29938121.000000 39835.000000 2208.000000
30066222.000000 40193.000000 2009.000000
30155246.000000 40358.000000 1906.000000
30135763.000000 40402.000000 2156.000000
30077584.000000 40057.000000 2085.000000
30032818.000000 40085.000000 1925.000000
30013363.000000 40003.000000 2069.000000
29949122.000000 40048.000000 1925.000000
30198165.000000 40148.000000 1960.000000
30108386.000000 40123.000000 2176.000000
30159781.000000 40605.000000 1956.000000
30031017.000000 39874.000000 2071.000000
30180399.000000 40458.000000 1731.000000
29884920.000000 39659.000000 2021.000000
30052383.000000 40000.000000 2208.000000
30093452.000000 39968.000000 1791.000000
30087513.000000 40290.000000 2144.000000
30140828.000000 40143.000000 2207.000000
30089609.000000 39963.000000 2328.000000
30083576.000000 40132.000000 1973.000000
30105485.000000 40226.000000 2189.000000
29996985.000000 40161.000000 2199.000000
30133121.000000 40370.000000 2240.000000
30022365.000000 39902.000000 2011.000000
30236622.000000 40381.000000 1737.000000
30062852.000000 40262.000000 1943.000000
29633689.000000 39207.000000 2070.000000
30150170.000000 40285.000000 2032.000000
30137217.000000 40557.000000 2153.000000
30149735.000000 40294.000000 1940.000000
30053252.000000 40126.000000 2408.000000
30163598.000000 40410.000000 1863.000000
30111494.000000 40438.000000 1990.000000
30173977.000000 40479.000000 1790.000000
30173643.000000 40159.000000 1872.000000
30210954.000000 40256.000000 1857.000000
29853557.000000 39824.000000 1884.000000
30130850.000000 40315.000000 1923.000000
30093720.000000 40134.000000 2017.000000
30107300.000000 40486.000000 2002.000000
30072614.000000 40075.000000 1875.000000
29457850.000000 38882.000000 1738.000000
30064291.000000 40202.000000 2157.000000
30173805.000000 40596.000000 1799.000000
30037780.000000 40247.000000 1811.000000
30107829.000000 40385.000000 1910.000000
30057205.000000 40233.000000 1771.000000
30086159.000000 40336.000000 1992.000000
30105392.000000 40060.000000 1900.000000
30160914.000000 40536.000000 2011.000000
30063157.000000 40449.000000 1868.000000
30103067.000000 40634.000000 1961.000000
29881278.000000 40182.000000 1718.000000
30140491.000000 40227.000000 1842.000000
30198554.000000 40245.000000 1850.000000
30128115.000000 40296.000000 2073.000000
30150342.000000 40203.000000 1825.000000
30222872.000000 40218.000000 1929.000000
30099129.000000 40097.000000 2014.000000
30183131.000000 40240.000000 2028.000000
30181234.000000 40436.000000 1941.000000
30112468.000000 40052.000000 2183.000000
30138063.000000 40242.000000 1758.000000
28884151.000000 38390.000000 2042.000000
30110477.000000 40247.000000 1645.000000
30131181.000000 40284.000000 1946.000000
30098460.000000 40379.000000 1609.000000
30164286.000000 40390.000000 2140.000000
30191228.000000 40303.000000 2005.000000
30202657.000000 40167.000000 1754.000000
30128262.000000 40380.000000 2111.000000
30076062.000000 40304.000000 2190.000000
30111362.000000 40489.000000 2279.000000
30036352.000000 40045.000000 2374.000000
30134151.000000 40261.000000 1880.000000
30016175.000000 40372.000000 2117.000000
30059958.000000 40470.000000 1756.000000
30128172.000000 40883.000000 1795.000000
29092900.000000 38424.000000 1716.000000
30061545.000000 40277.000000 1978.000000
29811699.000000 39431.000000 1788.000000
29954073.000000 40033.000000 2127.000000
30168929.000000 40310.000000 1844.000000
30058814.000000 40247.000000 2416.000000
30071609.000000 40399.000000 2138.000000
30020214.000000 40053.000000 2133.000000
30141466.000000 40030.000000 2203.000000
30070173.000000 40265.000000 1937.000000
30157773.000000 40207.000000 2086.000000
30101062.000000 40210.000000 2230.000000
30066698.000000 41028.000000 1906.000000
30120628.000000 40023.000000 2254.000000
30138791.000000 40040.000000 1783.000000
30125097.000000 40368.000000 1884.000000
30169386.000000 40470.000000 1969.000000
30015450.000000 39913.000000 1882.000000
30136784.000000 40492.000000 1746.000000
30143279.000000 40430.000000 1811.000000
30183590.000000 40353.000000 1860.000000
30220525.000000 40170.000000 1929.000000
