27438520.000000 78951.000000 6736.000000
27377725.000000 78557.000000 6811.000000
27464476.000000 79257.000000 6785.000000
26853842.000000 77449.000000 6421.000000
27467935.000000 78839.000000 6794.000000
27505628.000000 79006.000000 6638.000000
27418759.000000 79588.000000 6769.000000
27512822.000000 78985.000000 6726.000000
26837802.000000 76862.000000 6472.000000
27523456.000000 78838.000000 6735.000000
27482154.000000 78966.000000 6804.000000
27409949.000000 79287.000000 6747.000000
27119532.000000 77859.000000 6686.000000
27411765.000000 78607.000000 6898.000000
27121840.000000 79203.000000 6679.000000
27321712.000000 78547.000000 6815.000000
27504410.000000 79010.000000 6812.000000
27333801.000000 79125.000000 6689.000000
27476035.000000 79035.000000 6698.000000
27468883.000000 79690.000000 6690.000000
27478953.000000 78560.000000 6889.000000
27539773.000000 79109.000000 6685.000000
27386727.000000 78813.000000 6801.000000
27487654.000000 78753.000000 6751.000000
27374458.000000 78813.000000 6747.000000
27434614.000000 78459.000000 6862.000000
27431067.000000 78728.000000 6615.000000
27477969.000000 78302.000000 6617.000000
27275876.000000 79035.000000 6546.000000
27407221.000000 79286.000000 6539.000000
27485344.000000 79037.000000 6731.000000
27468275.000000 78757.000000 6702.000000
27467724.000000 78438.000000 6722.000000
27501904.000000 79071.000000 6808.000000
27471818.000000 80038.000000 6668.000000
27474826.000000 78543.000000 6870.000000
27487943.000000 79677.000000 6820.000000
27475654.000000 79212.000000 6768.000000
27242548.000000 78817.000000 6797.000000
27454159.000000 79768.000000 6680.000000
27480319.000000 79686.000000 6678.000000
27466022.000000 79223.000000 6681.000000
27443089.000000 79454.000000 6726.000000
27299739.000000 80912.000000 6900.000000
27525739.000000 78677.000000 6684.000000
27225278.000000 81424.000000 6955.000000
27339837.000000 78939.000000 6665.000000
27473576.000000 79048.000000 6639.000000
27301689.000000 78528.000000 6838.000000
27444688.000000 78781.000000 6846.000000
27459450.000000 78991.000000 6820.000000
27420595.000000 79206.000000 6955.000000
27493010.000000 78767.000000 6762.000000
27157639.000000 78140.000000 6665.000000
27420079.000000 78390.000000 6854.000000
27435526.000000 78994.000000 6780.000000
27411095.000000 78985.000000 6579.000000
27384301.000000 79696.000000 6801.000000
27366156.000000 79672.000000 6884.000000
27489671.000000 79176.000000 6649.000000
27360175.000000 78518.000000 6794.000000
27511049.000000 78567.000000 6815.000000
27415196.000000 78569.000000 6786.000000
27314940.000000 79126.000000 6773.000000
27084131.000000 78406.000000 6538.000000
27482431.000000 78578.000000 6554.000000
27477918.000000 79179.000000 6514.000000
27340502.000000 78893.000000 6487.000000
26893358.000000 78819.000000 6427.000000
27501204.000000 78944.000000 6741.000000
27456696.000000 79639.000000 6757.000000
27393315.000000 79429.000000 6793.000000
27428838.000000 78975.000000 6767.000000
27367391.000000 78208.000000 6668.000000
27241508.000000 80275.000000 6884.000000
27173555.000000 78169.000000 6706.000000
27503997.000000 79253.000000 6563.000000
27412160.000000 78443.000000 6697.000000
27465110.000000 79780.000000 6759.000000
27382095.000000 78761.000000 6828.000000
27476709.000000 79621.000000 6602.000000
27426756.000000 79595.000000 6624.000000
27356128.000000 78944.000000 6843.000000
27423273.000000 79142.000000 6880.000000
27327710.000000 81028.000000 6682.000000
27518875.000000 79015.000000 6638.000000
27343093.000000 79166.000000 6641.000000
27410632.000000 80128.000000 6801.000000
27478717.000000 78980.000000 6712.000000
27430418.000000 80356.000000 6850.000000
27417137.000000 78854.000000 6764.000000
27351610.000000 79264.000000 6936.000000
27357421.000000 79100.000000 6935.000000
27458637.000000 78975.000000 6567.000000
27069142.000000 79442.000000 6655.000000
27477643.000000 79112.000000 6719.000000
27401749.000000 79368.000000 6875.000000
27481812.000000 79140.000000 6566.000000
27486819.000000 79382.000000 6952.000000
27450529.000000 78854.000000 6710.000000
