27597708.000000 82604.000000 3836.000000
27561928.000000 82958.000000 3836.000000
27551175.000000 82526.000000 3789.000000
27595443.000000 82906.000000 3667.000000
27610904.000000 83299.000000 3640.000000
27469229.000000 83106.000000 3968.000000
27596981.000000 82026.000000 3733.000000
27465707.000000 82997.000000 3622.000000
27599390.000000 82911.000000 3766.000000
27549628.000000 82822.000000 3858.000000
27580048.000000 82675.000000 3740.000000
27581608.000000 82334.000000 3757.000000
27652335.000000 82603.000000 3665.000000
27605013.000000 82595.000000 3836.000000
27584463.000000 83498.000000 3729.000000
27593266.000000 82437.000000 3795.000000
27391999.000000 81823.000000 3714.000000
27552277.000000 82678.000000 3657.000000
27552307.000000 82761.000000 3740.000000
27229162.000000 81324.000000 3591.000000
27598865.000000 82933.000000 3663.000000
27610271.000000 83706.000000 3614.000000
27457944.000000 82893.000000 3618.000000
27529881.000000 82495.000000 3712.000000
27453204.000000 84311.000000 3877.000000
27581471.000000 82859.000000 3765.000000
27575061.000000 83764.000000 3805.000000
27439361.000000 82086.000000 3623.000000
27479553.000000 82546.000000 3909.000000
27572483.000000 83446.000000 3827.000000
27547357.000000 82853.000000 3845.000000
27443682.000000 81935.000000 3885.000000
27655809.000000 82393.000000 3716.000000
27558729.000000 82345.000000 3708.000000
27434795.000000 82249.000000 3812.000000
27582293.000000 82147.000000 3771.000000
27357692.000000 81789.000000 3633.000000
27599316.000000 82471.000000 3748.000000
27614119.000000 82326.000000 3766.000000
27180122.000000 83135.000000 3860.000000
27634888.000000 82353.000000 3737.000000
27582214.000000 82073.000000 3696.000000
27605310.000000 83317.000000 3709.000000
27586999.000000 82327.000000 3886.000000
27490863.000000 82906.000000 3722.000000
27593288.000000 83150.000000 3757.000000
27401490.000000 84666.000000 3810.000000
27578502.000000 82264.000000 3804.000000
27191547.000000 80964.000000 3496.000000
27591548.000000 82209.000000 3784.000000
27573447.000000 82266.000000 3670.000000
27582983.000000 82356.000000 3798.000000
27609201.000000 82665.000000 3744.000000
27589400.000000 82630.000000 3853.000000
27599438.000000 82970.000000 3703.000000
27568033.000000 83987.000000 3791.000000
27616128.000000 82527.000000 3678.000000
27585813.000000 82772.000000 3731.000000
27461917.000000 82522.000000 3777.000000
27634989.000000 83230.000000 3664.000000
27498932.000000 82338.000000 3792.000000
27579361.000000 83281.000000 3690.000000
27650495.000000 82410.000000 3670.000000
27520777.000000 82485.000000 3884.000000
27587144.000000 82263.000000 3723.000000
27415983.000000 82140.000000 3586.000000
27563654.000000 82192.000000 3932.000000
27491952.000000 83222.000000 3814.000000
27593060.000000 82236.000000 3848.000000
27515878.000000 84182.000000 3913.000000
27331025.000000 82333.000000 3703.000000
27222166.000000 81294.000000 3827.000000
27545174.000000 82797.000000 3778.000000
27423242.000000 82053.000000 3703.000000
27619656.000000 83444.000000 3810.000000
27582475.000000 82792.000000 3682.000000
27615663.000000 83509.000000 3744.000000
27542064.000000 82363.000000 3760.000000
27613085.000000 82686.000000 3857.000000
27506483.000000 82155.000000 3719.000000
27548583.000000 82200.000000 3796.000000
27442990.000000 82830.000000 3718.000000
27410843.000000 82187.000000 3581.000000
27399719.000000 85287.000000 3775.000000
27307656.000000 82708.000000 3688.000000
27441550.000000 82396.000000 3782.000000
27605709.000000 83298.000000 3860.000000
27479312.000000 82100.000000 3770.000000
27635107.000000 82933.000000 3625.000000
27645458.000000 83433.000000 3708.000000
27249592.000000 81832.000000 3657.000000
27539261.000000 82746.000000 3661.000000
27563081.000000 82358.000000 3738.000000
27586398.000000 82472.000000 3891.000000
27476609.000000 82257.000000 3615.000000
27353283.000000 82521.000000 3545.000000
27618719.000000 82661.000000 3687.000000
27620586.000000 82320.000000 3765.000000
27602340.000000 82169.000000 3773.000000
27541994.000000 82351.000000 3685.000000
