30056203.000000 47389.000000 241.000000
30262659.000000 47077.000000 56.000000
30214621.000000 47185.000000 52.000000
30272796.000000 47026.000000 98.000000
30268711.000000 47579.000000 138.000000
30289189.000000 47249.000000 125.000000
30103546.000000 47001.000000 120.000000
29661830.000000 46241.000000 44.000000
30279567.000000 47210.000000 104.000000
30219744.000000 47519.000000 101.000000
30036470.000000 46674.000000 191.000000
30250982.000000 46694.000000 290.000000
30163064.000000 47139.000000 158.000000
30216685.000000 46776.000000 150.000000
30048930.000000 46755.000000 142.000000
30317271.000000 46972.000000 65.000000
30249937.000000 46770.000000 95.000000
29791456.000000 46197.000000 107.000000
30282791.000000 46978.000000 159.000000
30307366.000000 46736.000000 25.000000
30075712.000000 46651.000000 154.000000
30143763.000000 47050.000000 111.000000
30018800.000000 46589.000000 160.000000
30229860.000000 46740.000000 259.000000
30115292.000000 47233.000000 147.000000
30062782.000000 46554.000000 125.000000
29833582.000000 46557.000000 32.000000
30148693.000000 47370.000000 65.000000
30239538.000000 47120.000000 208.000000
30274693.000000 47224.000000 90.000000
29912400.000000 46751.000000 131.000000
30183028.000000 47087.000000 76.000000
30209037.000000 46984.000000 51.000000
30070247.000000 46232.000000 42.000000
30095067.000000 46863.000000 64.000000
30197482.000000 46952.000000 59.000000
30251702.000000 46850.000000 79.000000
30257201.000000 47049.000000 155.000000
30169553.000000 46920.000000 59.000000
30233276.000000 47334.000000 103.000000
30239757.000000 47105.000000 85.000000
30225265.000000 46772.000000 98.000000
30323211.000000 46770.000000 161.000000
30308151.000000 47328.000000 71.000000
30136816.000000 46895.000000 51.000000
29967335.000000 46347.000000 74.000000
30091104.000000 46496.000000 111.000000
30055490.000000 46688.000000 38.000000
30084845.000000 46348.000000 162.000000
29423719.000000 45466.000000 64.000000
30255541.000000 46910.000000 121.000000
30148361.000000 47034.000000 142.000000
30135333.000000 46690.000000 119.000000
30222275.000000 47328.000000 131.000000
30184788.000000 46417.000000 154.000000
30218590.000000 47116.000000 117.000000
30185070.000000 47354.000000 109.000000
30205735.000000 47067.000000 146.000000
30058775.000000 47023.000000 130.000000
30029323.000000 46859.000000 180.000000
30196029.000000 47279.000000 152.000000
30150884.000000 46467.000000 143.000000
30315929.000000 46919.000000 56.000000
30134060.000000 46723.000000 219.000000
30143236.000000 46439.000000 162.000000
30128490.000000 47102.000000 87.000000
30333607.000000 46986.000000 32.000000
30078093.000000 46609.000000 40.000000
30272257.000000 47340.000000 23.000000
30190709.000000 46831.000000 97.000000
30234374.000000 47156.000000 228.000000
30113531.000000 47176.000000 243.000000
30106565.000000 46709.000000 75.000000
30281752.000000 47139.000000 86.000000
30217651.000000 47234.000000 41.000000
30208662.000000 47106.000000 94.000000
30236710.000000 47231.000000 38.000000
30267547.000000 46922.000000 123.000000
30342604.000000 46878.000000 104.000000
30138202.000000 46702.000000 95.000000
30076997.000000 46642.000000 119.000000
30291718.000000 47030.000000 107.000000
30126261.000000 47159.000000 292.000000
30212468.000000 46872.000000 58.000000
30224667.000000 46770.000000 72.000000
30271728.000000 47072.000000 30.000000
30090409.000000 46303.000000 44.000000
30128614.000000 46610.000000 73.000000
30278191.000000 46899.000000 39.000000
30225678.000000 47128.000000 150.000000
30138889.000000 46689.000000 304.000000
30266415.000000 47096.000000 115.000000
30275482.000000 47102.000000 37.000000
30388167.000000 47013.000000 117.000000
30286983.000000 46694.000000 91.000000
30261189.000000 46999.000000 176.000000
30101356.000000 46579.000000 80.000000
30196932.000000 47042.000000 147.000000
30281810.000000 46857.000000 170.000000
30282555.000000 47108.000000 110.000000
