27888320.000000 85263.000000 1127.000000
27853786.000000 84128.000000 1216.000000
27920749.000000 85040.000000 1224.000000
27277250.000000 83212.000000 1170.000000
27875848.000000 84548.000000 1094.000000
27208051.000000 83703.000000 1180.000000
27783443.000000 86793.000000 1259.000000
27941760.000000 85284.000000 1074.000000
27894693.000000 83825.000000 1163.000000
27916507.000000 84991.000000 1241.000000
27923522.000000 85070.000000 1196.000000
27939979.000000 84895.000000 1224.000000
27879578.000000 84760.000000 1216.000000
27870002.000000 84468.000000 1209.000000
27712245.000000 83496.000000 1198.000000
27926036.000000 84816.000000 1281.000000
27932964.000000 84509.000000 1292.000000
27868516.000000 84545.000000 1266.000000
27839064.000000 83657.000000 1197.000000
27838542.000000 85280.000000 1291.000000
27951196.000000 83493.000000 1209.000000
27855554.000000 84154.000000 1251.000000
27731001.000000 85041.000000 1187.000000
27894604.000000 84517.000000 1167.000000
27905114.000000 85203.000000 1233.000000
27795361.000000 87790.000000 1163.000000
27927980.000000 84529.000000 1181.000000
27838491.000000 84066.000000 1200.000000
27840210.000000 84754.000000 1264.000000
27833603.000000 84996.000000 1214.000000
27860682.000000 83849.000000 1220.000000
27845398.000000 84729.000000 1252.000000
27771196.000000 84504.000000 1293.000000
27832454.000000 85070.000000 1239.000000
27985119.000000 84696.000000 1199.000000
27908731.000000 84875.000000 1212.000000
27859714.000000 85377.000000 1252.000000
27549279.000000 82547.000000 1259.000000
27894818.000000 84785.000000 1262.000000
27952455.000000 85884.000000 1219.000000
27935488.000000 85101.000000 1228.000000
27687624.000000 82581.000000 1113.000000
27918443.000000 84601.000000 1344.000000
27954794.000000 84373.000000 1296.000000
27882100.000000 85738.000000 1244.000000
27757139.000000 87666.000000 1242.000000
27160866.000000 82289.000000 1135.000000
27896772.000000 84946.000000 1254.000000
27780417.000000 82848.000000 1236.000000
27838182.000000 84008.000000 1152.000000
27881139.000000 84722.000000 1102.000000
27929170.000000 84872.000000 1241.000000
27842948.000000 84900.000000 1308.000000
27831431.000000 84787.000000 1253.000000
27924187.000000 84854.000000 1257.000000
27919213.000000 84297.000000 1286.000000
27899324.000000 84973.000000 1230.000000
27976244.000000 84700.000000 1189.000000
27870749.000000 84768.000000 1288.000000
27872924.000000 83749.000000 1272.000000
27780234.000000 87048.000000 1331.000000
27862891.000000 84175.000000 1218.000000
27826963.000000 86365.000000 1230.000000
27942422.000000 84997.000000 1243.000000
27750653.000000 86871.000000 1321.000000
27952128.000000 84708.000000 1287.000000
27762466.000000 87475.000000 1397.000000
27779238.000000 84398.000000 1276.000000
27898016.000000 85141.000000 1256.000000
27768637.000000 83888.000000 1294.000000
27848705.000000 83969.000000 1355.000000
27944849.000000 84672.000000 1323.000000
27907717.000000 84456.000000 1254.000000
27933666.000000 84340.000000 1264.000000
27724105.000000 82686.000000 1238.000000
27780379.000000 86597.000000 1304.000000
27866961.000000 84402.000000 1164.000000
27758003.000000 86738.000000 1251.000000
27942008.000000 84941.000000 1328.000000
27816169.000000 84801.000000 1272.000000
27869394.000000 84749.000000 1330.000000
27907881.000000 84776.000000 1316.000000
27933662.000000 84881.000000 1351.000000
27568157.000000 85540.000000 1283.000000
27877017.000000 84470.000000 1312.000000
27813638.000000 84137.000000 1305.000000
27899959.000000 84486.000000 1268.000000
27874544.000000 84699.000000 1343.000000
27964659.000000 84951.000000 1279.000000
27964909.000000 84397.000000 1223.000000
27963326.000000 84208.000000 1256.000000
27947327.000000 85064.000000 1214.000000
27763094.000000 84628.000000 1311.000000
27838119.000000 84525.000000 1290.000000
26716558.000000 79597.000000 1065.000000
27910407.000000 84621.000000 1151.000000
27881970.000000 84497.000000 1169.000000
27915070.000000 85077.000000 1309.000000
27933273.000000 84459.000000 1212.000000
27982712.000000 84599.000000 1312.000000
