28591890.000000 76820.000000 1046.000000
28575962.000000 76643.000000 1154.000000
28503551.000000 76528.000000 1066.000000
28580519.000000 76829.000000 1044.000000
28556348.000000 76125.000000 1074.000000
28517347.000000 76136.000000 1063.000000
28358400.000000 76395.000000 1213.000000
28331558.000000 76156.000000 1020.000000
28501063.000000 77304.000000 1017.000000
28478263.000000 75936.000000 1193.000000
28494584.000000 76952.000000 1315.000000
28430875.000000 77039.000000 1014.000000
28577813.000000 76591.000000 1143.000000
28484674.000000 76647.000000 1144.000000
28498572.000000 78070.000000 997.000000
28555523.000000 76756.000000 1020.000000
28516465.000000 76550.000000 1011.000000
28169186.000000 77027.000000 980.000000
28586753.000000 76459.000000 1013.000000
28435352.000000 75842.000000 1172.000000
28503683.000000 76375.000000 989.000000
28574978.000000 77095.000000 1109.000000
28560377.000000 78815.000000 1088.000000
28512361.000000 76992.000000 1184.000000
28462894.000000 76376.000000 1042.000000
28512573.000000 76943.000000 994.000000
28537253.000000 76734.000000 1179.000000
28414261.000000 76820.000000 1148.000000
28521978.000000 77242.000000 1083.000000
28592315.000000 76790.000000 1179.000000
28567928.000000 78526.000000 1170.000000
28582873.000000 76668.000000 1089.000000
28541725.000000 76331.000000 1124.000000
28503427.000000 76336.000000 1151.000000
28528257.000000 76696.000000 1112.000000
28459280.000000 76783.000000 1304.000000
28401280.000000 76940.000000 1336.000000
28428584.000000 75769.000000 1275.000000
28512470.000000 76216.000000 1276.000000
27898212.000000 75544.000000 1173.000000
28408602.000000 76046.000000 1114.000000
28552148.000000 76398.000000 1100.000000
28510658.000000 76780.000000 1192.000000
28429744.000000 76646.000000 1192.000000
28393157.000000 75746.000000 1122.000000
28543683.000000 76828.000000 1121.000000
28127706.000000 77167.000000 1058.000000
28538980.000000 76818.000000 1107.000000
28494856.000000 76498.000000 1195.000000
28487213.000000 76936.000000 1148.000000
28532259.000000 75690.000000 1022.000000
28521140.000000 76475.000000 992.000000
28431226.000000 77274.000000 1026.000000
28262686.000000 76035.000000 1157.000000
28492620.000000 77079.000000 1027.000000
28602490.000000 78293.000000 1151.000000
28340110.000000 75541.000000 1059.000000
28395728.000000 77135.000000 1094.000000
28365053.000000 75999.000000 1186.000000
28528081.000000 76636.000000 1042.000000
28547689.000000 76485.000000 1074.000000
28589015.000000 76073.000000 1074.000000
28489364.000000 76093.000000 1038.000000
28518408.000000 76834.000000 1145.000000
28493375.000000 76653.000000 1125.000000
28389895.000000 75377.000000 1029.000000
28615280.000000 76928.000000 909.000000
28379339.000000 76001.000000 1111.000000
28539577.000000 77026.000000 1020.000000
28544495.000000 76965.000000 1043.000000
28593221.000000 78521.000000 1061.000000
28465208.000000 76111.000000 1023.000000
28526822.000000 79379.000000 1041.000000
28349358.000000 76359.000000 1147.000000
28560038.000000 76768.000000 1027.000000
28560562.000000 76588.000000 1000.000000
28653600.000000 76904.000000 1091.000000
28516637.000000 76883.000000 1107.000000
27981500.000000 76656.000000 875.000000
28525009.000000 76587.000000 1163.000000
28504031.000000 76295.000000 1149.000000
28598718.000000 77291.000000 1183.000000
28478461.000000 76557.000000 1203.000000
28454540.000000 76245.000000 1104.000000
28368696.000000 76151.000000 1046.000000
28564703.000000 76603.000000 1029.000000
28510785.000000 76618.000000 1094.000000
28398840.000000 75695.000000 963.000000
28521574.000000 77344.000000 940.000000
28497353.000000 76992.000000 983.000000
28532691.000000 76492.000000 1067.000000
28605129.000000 78637.000000 1015.000000
28507373.000000 76642.000000 967.000000
28541586.000000 77478.000000 1044.000000
28362941.000000 76253.000000 1088.000000
28577643.000000 76335.000000 1036.000000
28545471.000000 76875.000000 1097.000000
28538897.000000 76465.000000 853.000000
28597233.000000 77091.000000 1008.000000
28435659.000000 75867.000000 1221.000000
