30030850.000000 58977.000000 160.000000
29972917.000000 59417.000000 222.000000
30019485.000000 59501.000000 186.000000
29997030.000000 59272.000000 205.000000
29861770.000000 59062.000000 271.000000
30006390.000000 59194.000000 69.000000
29249404.000000 56937.000000 214.000000
29937184.000000 58809.000000 229.000000
29977809.000000 59093.000000 280.000000
29862824.000000 59735.000000 69.000000
29959032.000000 58897.000000 107.000000
30013489.000000 59264.000000 152.000000
30001390.000000 59255.000000 190.000000
29748206.000000 58883.000000 212.000000
29756240.000000 58015.000000 101.000000
29987620.000000 59089.000000 218.000000
29970760.000000 59175.000000 289.000000
29828903.000000 58520.000000 181.000000
30020785.000000 59307.000000 157.000000
29601873.000000 57885.000000 226.000000
29974983.000000 59289.000000 254.000000
30055882.000000 59408.000000 93.000000
30044879.000000 59265.000000 252.000000
29985048.000000 59343.000000 130.000000
29937528.000000 59032.000000 175.000000
30041532.000000 59211.000000 91.000000
30067085.000000 59035.000000 106.000000
29924546.000000 59621.000000 95.000000
29987093.000000 60153.000000 98.000000
30045524.000000 59191.000000 188.000000
30023044.000000 59266.000000 141.000000
29897467.000000 59219.000000 215.000000
29877321.000000 59038.000000 265.000000
29897494.000000 58880.000000 172.000000
29993823.000000 59081.000000 122.000000
29887315.000000 58690.000000 177.000000
29950026.000000 59854.000000 207.000000
29955398.000000 58916.000000 83.000000
29171718.000000 56629.000000 66.000000
29954440.000000 59016.000000 196.000000
30025742.000000 59172.000000 142.000000
29924463.000000 58798.000000 108.000000
29931338.000000 59693.000000 174.000000
29928412.000000 59344.000000 144.000000
29343102.000000 56951.000000 121.000000
29999109.000000 59652.000000 135.000000
30020002.000000 59497.000000 159.000000
30007714.000000 59300.000000 204.000000
29952296.000000 58991.000000 297.000000
30016553.000000 59130.000000 241.000000
30008228.000000 59461.000000 174.000000
30015694.000000 59566.000000 170.000000
29962222.000000 59666.000000 86.000000
30027160.000000 59243.000000 195.000000
29985525.000000 58877.000000 125.000000
30008091.000000 59517.000000 77.000000
29996872.000000 59333.000000 101.000000
29956349.000000 59110.000000 106.000000
29895638.000000 58836.000000 106.000000
29952369.000000 58766.000000 133.000000
29054976.000000 56476.000000 85.000000
29913160.000000 59105.000000 334.000000
30004472.000000 58935.000000 145.000000
30030316.000000 59734.000000 75.000000
29953756.000000 60199.000000 108.000000
30007084.000000 59227.000000 83.000000
30036076.000000 59324.000000 247.000000
29878124.000000 58520.000000 97.000000
30004802.000000 59386.000000 246.000000
29893053.000000 58742.000000 133.000000
29965222.000000 59091.000000 183.000000
30040870.000000 59647.000000 123.000000
29978478.000000 59344.000000 233.000000
29889676.000000 58556.000000 90.000000
30065729.000000 59310.000000 52.000000
30027539.000000 59371.000000 272.000000
29103901.000000 56922.000000 118.000000
29961449.000000 59207.000000 82.000000
29894453.000000 58984.000000 130.000000
30013256.000000 59419.000000 210.000000
29943990.000000 59754.000000 189.000000
30040540.000000 59095.000000 159.000000
30018079.000000 60112.000000 129.000000
30024472.000000 58857.000000 168.000000
29985295.000000 58798.000000 234.000000
29688439.000000 58371.000000 119.000000
29973093.000000 58799.000000 102.000000
29964402.000000 60627.000000 124.000000
30038663.000000 59082.000000 109.000000
30005008.000000 59535.000000 176.000000
30046040.000000 59089.000000 82.000000
29963117.000000 59193.000000 309.000000
29694095.000000 58071.000000 166.000000
29873916.000000 58410.000000 176.000000
30057370.000000 58902.000000 112.000000
29973531.000000 58948.000000 218.000000
29861679.000000 58842.000000 221.000000
29717535.000000 58212.000000 73.000000
30059099.000000 58721.000000 116.000000
29979996.000000 59656.000000 110.000000
