25392395.000000 65000.000000 26538.000000
25279988.000000 64607.000000 26721.000000
25063759.000000 63264.000000 26361.000000
25370610.000000 64821.000000 26428.000000
25294252.000000 64516.000000 26971.000000
25233544.000000 64664.000000 26561.000000
25226268.000000 64992.000000 26428.000000
25288324.000000 64857.000000 26718.000000
25398517.000000 64975.000000 26589.000000
24089374.000000 59784.000000 24246.000000
25326292.000000 64761.000000 26487.000000
25369110.000000 64789.000000 26522.000000
25219760.000000 64485.000000 26607.000000
25169275.000000 64567.000000 27042.000000
25109687.000000 64674.000000 26563.000000
25241551.000000 64368.000000 26694.000000
25222640.000000 65711.000000 26608.000000
25246724.000000 64790.000000 26292.000000
25339020.000000 64739.000000 26407.000000
25356063.000000 64592.000000 26620.000000
25151584.000000 64401.000000 26644.000000
25341877.000000 64704.000000 26426.000000
25230267.000000 64972.000000 26199.000000
25365317.000000 64784.000000 26808.000000
25272888.000000 64751.000000 26281.000000
25307256.000000 64889.000000 26353.000000
24939050.000000 63767.000000 26336.000000
25209944.000000 64664.000000 26570.000000
25323455.000000 64667.000000 26322.000000
25261772.000000 64441.000000 26504.000000
25318789.000000 65602.000000 26454.000000
25287208.000000 64400.000000 26820.000000
25236729.000000 64906.000000 26578.000000
25335112.000000 64632.000000 26757.000000
25267140.000000 64826.000000 26587.000000
25290682.000000 64462.000000 26635.000000
25197570.000000 64735.000000 26558.000000
25371601.000000 64778.000000 26515.000000
25221246.000000 65283.000000 26706.000000
25139127.000000 64978.000000 26607.000000
25358556.000000 65295.000000 26554.000000
25164945.000000 65231.000000 26562.000000
25277227.000000 65038.000000 26437.000000
25294941.000000 64706.000000 26530.000000
25365406.000000 64416.000000 26841.000000
25426048.000000 64590.000000 26518.000000
25243461.000000 64917.000000 26371.000000
25133720.000000 65607.000000 26528.000000
25152979.000000 65351.000000 26871.000000
25352200.000000 64841.000000 26553.000000
25233137.000000 64832.000000 26779.000000
25250384.000000 65049.000000 26713.000000
25271449.000000 65438.000000 26813.000000
25426375.000000 64859.000000 26703.000000
25183566.000000 64037.000000 26503.000000
25324035.000000 64561.000000 26348.000000
25319278.000000 65280.000000 26853.000000
25351525.000000 64238.000000 26680.000000
24793827.000000 64055.000000 25860.000000
25159003.000000 66241.000000 26808.000000
25262887.000000 66088.000000 26691.000000
25236854.000000 64612.000000 26450.000000
25304689.000000 64222.000000 26747.000000
25134923.000000 63848.000000 26266.000000
25242455.000000 65590.000000 27062.000000
25319673.000000 64763.000000 26414.000000
25269975.000000 64935.000000 26646.000000
25210691.000000 64873.000000 26701.000000
25267494.000000 64185.000000 26677.000000
25274867.000000 65167.000000 26476.000000
25097358.000000 64812.000000 26860.000000
25328308.000000 65455.000000 26646.000000
25308813.000000 64795.000000 26495.000000
25252708.000000 64388.000000 26569.000000
25383392.000000 65256.000000 26643.000000
25319404.000000 64609.000000 26676.000000
25243284.000000 64896.000000 26496.000000
25334219.000000 64880.000000 26475.000000
25342038.000000 65128.000000 26624.000000
25227078.000000 64972.000000 26816.000000
25288933.000000 64586.000000 26646.000000
25257517.000000 64616.000000 26421.000000
25304923.000000 65202.000000 26518.000000
25289143.000000 64609.000000 26620.000000
25373115.000000 65215.000000 26675.000000
25140074.000000 64581.000000 26804.000000
25228534.000000 65551.000000 26472.000000
25351026.000000 64901.000000 26554.000000
25278557.000000 64683.000000 26601.000000
25324748.000000 64748.000000 26915.000000
25207344.000000 65219.000000 26605.000000
25242015.000000 65202.000000 26686.000000
25220474.000000 64549.000000 26486.000000
25284493.000000 64804.000000 26901.000000
25236978.000000 64785.000000 26739.000000
25321872.000000 64976.000000 26128.000000
25276543.000000 64474.000000 26585.000000
25314969.000000 64476.000000 26856.000000
25347554.000000 64823.000000 26654.000000
25310236.000000 65417.000000 26544.000000
