29685891.000000 62789.000000 252.000000
29760221.000000 63129.000000 152.000000
29713865.000000 62560.000000 228.000000
29705527.000000 62830.000000 112.000000
29701423.000000 62585.000000 384.000000
29519231.000000 62097.000000 302.000000
29539923.000000 62437.000000 281.000000
29719435.000000 62881.000000 235.000000
28949276.000000 60830.000000 170.000000
29749703.000000 62371.000000 135.000000
29690079.000000 62716.000000 142.000000
29767879.000000 62658.000000 227.000000
29632873.000000 62488.000000 145.000000
29649919.000000 63115.000000 438.000000
29783475.000000 62816.000000 176.000000
29675446.000000 62857.000000 169.000000
29520846.000000 61795.000000 192.000000
29730691.000000 63405.000000 163.000000
29677497.000000 62585.000000 413.000000
29741553.000000 62625.000000 266.000000
29680276.000000 62254.000000 170.000000
29691200.000000 62650.000000 290.000000
29718991.000000 62593.000000 249.000000
29657557.000000 62996.000000 207.000000
29643539.000000 62992.000000 219.000000
29530419.000000 62648.000000 340.000000
29617820.000000 63475.000000 189.000000
29700466.000000 62300.000000 332.000000
29558229.000000 63451.000000 147.000000
29702398.000000 63155.000000 192.000000
29708898.000000 63327.000000 374.000000
29623909.000000 63108.000000 289.000000
29534485.000000 61947.000000 149.000000
29701713.000000 63265.000000 217.000000
29555581.000000 62210.000000 231.000000
29705335.000000 63070.000000 243.000000
29756527.000000 62451.000000 231.000000
29714473.000000 62904.000000 148.000000
29672815.000000 63495.000000 198.000000
29558530.000000 62639.000000 214.000000
29614903.000000 62496.000000 138.000000
29607116.000000 62598.000000 197.000000
29806432.000000 62576.000000 130.000000
28951979.000000 61181.000000 220.000000
29624330.000000 62365.000000 248.000000
29710561.000000 62559.000000 244.000000
29732547.000000 62750.000000 227.000000
29685491.000000 63679.000000 271.000000
29769913.000000 62663.000000 354.000000
29537320.000000 62202.000000 273.000000
29660894.000000 62693.000000 265.000000
29534393.000000 62804.000000 162.000000
29772571.000000 62513.000000 127.000000
29647791.000000 63047.000000 295.000000
29624603.000000 62584.000000 190.000000
29739596.000000 62575.000000 219.000000
29686916.000000 62872.000000 235.000000
29697644.000000 62584.000000 164.000000
29433299.000000 62113.000000 478.000000
29684364.000000 62421.000000 290.000000
29609539.000000 62950.000000 447.000000
29732725.000000 62619.000000 306.000000
29654709.000000 62908.000000 211.000000
29740756.000000 62831.000000 139.000000
29757627.000000 62801.000000 201.000000
29725110.000000 63006.000000 290.000000
29690718.000000 62436.000000 128.000000
29652959.000000 62772.000000 284.000000
29701470.000000 62740.000000 200.000000
29743349.000000 63013.000000 214.000000
29692797.000000 62313.000000 332.000000
29743310.000000 63143.000000 192.000000
29627352.000000 62523.000000 218.000000
29661298.000000 62511.000000 240.000000
29335229.000000 62437.000000 136.000000
29708473.000000 62598.000000 142.000000
29798292.000000 62583.000000 268.000000
29722814.000000 62745.000000 248.000000
29709710.000000 62827.000000 164.000000
29553122.000000 62283.000000 199.000000
29700745.000000 62658.000000 224.000000
29746874.000000 63132.000000 263.000000
29726105.000000 63057.000000 185.000000
29629707.000000 62048.000000 239.000000
29719711.000000 62503.000000 313.000000
29669300.000000 62612.000000 332.000000
29664989.000000 62789.000000 170.000000
29550802.000000 62238.000000 254.000000
29761962.000000 62675.000000 397.000000
29705264.000000 63530.000000 154.000000
29656698.000000 62781.000000 234.000000
29416196.000000 62134.000000 163.000000
29715811.000000 62554.000000 363.000000
29663526.000000 63016.000000 98.000000
29732631.000000 63348.000000 137.000000
29692262.000000 62999.000000 193.000000
29695818.000000 62825.000000 289.000000
29779278.000000 62755.000000 117.000000
29766795.000000 62989.000000 73.000000
29697102.000000 63111.000000 102.000000
