29835512.000000 38476.000000 4130.000000
28412224.000000 36376.000000 4212.000000
29844706.000000 38430.000000 4016.000000
29955697.000000 38332.000000 3964.000000
29794119.000000 38476.000000 3913.000000
29929113.000000 38347.000000 3974.000000
29726790.000000 38206.000000 4341.000000
29709675.000000 38189.000000 3979.000000
29820338.000000 38522.000000 3952.000000
29837893.000000 38185.000000 4276.000000
29953348.000000 38686.000000 4023.000000
29855909.000000 38643.000000 3887.000000
29906726.000000 39067.000000 3875.000000
29910200.000000 38307.000000 3952.000000
29962219.000000 38470.000000 4004.000000
29709197.000000 39275.000000 4470.000000
29879563.000000 38468.000000 4107.000000
29808774.000000 38502.000000 4045.000000
29852533.000000 38725.000000 4196.000000
29907921.000000 38704.000000 4134.000000
29587857.000000 38241.000000 3903.000000
29955740.000000 38432.000000 3933.000000
29947730.000000 38515.000000 3909.000000
29884389.000000 38549.000000 4040.000000
29912412.000000 38808.000000 4178.000000
29877416.000000 38467.000000 3834.000000
29683286.000000 37935.000000 4125.000000
29924979.000000 38690.000000 3882.000000
29774343.000000 39120.000000 4138.000000
29805476.000000 38377.000000 4254.000000
29896911.000000 39032.000000 4133.000000
29864758.000000 38892.000000 4191.000000
29709628.000000 37871.000000 4291.000000
29857805.000000 39140.000000 4211.000000
29846524.000000 38575.000000 3844.000000
29907809.000000 38804.000000 3875.000000
29735169.000000 38530.000000 3954.000000
29825691.000000 38838.000000 4468.000000
29880568.000000 40009.000000 4271.000000
29794532.000000 39154.000000 4238.000000
29923958.000000 38483.000000 4303.000000
29889211.000000 38519.000000 4253.000000
29874218.000000 39099.000000 4019.000000
29834821.000000 38904.000000 3829.000000
29919602.000000 39117.000000 4000.000000
29961110.000000 38686.000000 4253.000000
29884158.000000 38435.000000 3966.000000
29703845.000000 38611.000000 3804.000000
29943691.000000 38587.000000 3832.000000
29766914.000000 39155.000000 4189.000000
30002751.000000 38803.000000 3661.000000
29895036.000000 38519.000000 3987.000000
29897533.000000 38852.000000 4089.000000
29754171.000000 38522.000000 4124.000000
29857729.000000 38719.000000 3985.000000
29545591.000000 38290.000000 3789.000000
29851998.000000 38996.000000 4205.000000
29836773.000000 39135.000000 3901.000000
29931623.000000 39173.000000 3988.000000
29903415.000000 39000.000000 4203.000000
29872585.000000 38953.000000 3985.000000
29847137.000000 39202.000000 4234.000000
29780793.000000 38396.000000 4135.000000
29768205.000000 38375.000000 3948.000000
29598381.000000 38537.000000 3742.000000
29711342.000000 38511.000000 4541.000000
29914224.000000 38786.000000 4160.000000
29895890.000000 39420.000000 4109.000000
29924738.000000 38484.000000 4055.000000
29926715.000000 39104.000000 3918.000000
29816196.000000 38536.000000 4044.000000
29813039.000000 38679.000000 4062.000000
29813297.000000 38726.000000 3922.000000
29937707.000000 38396.000000 3880.000000
29983943.000000 38965.000000 3732.000000
29826515.000000 38646.000000 3985.000000
29787456.000000 39571.000000 4200.000000
29850741.000000 38467.000000 4120.000000
29910829.000000 39353.000000 3914.000000
29839643.000000 38817.000000 3967.000000
29867668.000000 39293.000000 4283.000000
29893308.000000 39193.000000 4059.000000
29774195.000000 38443.000000 3995.000000
29829111.000000 39070.000000 4014.000000
29858273.000000 38886.000000 4104.000000
29890974.000000 38731.000000 4196.000000
29909052.000000 38727.000000 4085.000000
29934813.000000 38823.000000 3906.000000
29919778.000000 38929.000000 3827.000000
29868121.000000 38702.000000 4004.000000
29880150.000000 38809.000000 4114.000000
29859800.000000 38687.000000 4163.000000
29889518.000000 38612.000000 4066.000000
29511677.000000 38016.000000 4135.000000
29886139.000000 38363.000000 4211.000000
29828539.000000 38641.000000 4199.000000
29836029.000000 38699.000000 3994.000000
29931431.000000 38329.000000 4143.000000
29851561.000000 38892.000000 4311.000000
29881312.000000 38651.000000 3999.000000
