21139582.000000 66672.000000 39859.000000
22645717.000000 67754.000000 40171.000000
21266428.000000 66303.000000 38680.000000
20936277.000000 65608.000000 40162.000000
20154165.000000 61997.000000 36185.000000
22510523.000000 70459.000000 42206.000000
21253592.000000 65734.000000 39312.000000
20789519.000000 64698.000000 38615.000000
21395979.000000 66514.000000 39103.000000
20323505.000000 68669.000000 42898.000000
22466697.000000 69993.000000 41642.000000
21041404.000000 66929.000000 40440.000000
19595248.000000 61399.000000 36837.000000
22694881.000000 70106.000000 40872.000000
21184265.000000 65934.000000 40037.000000
21081103.000000 65327.000000 38793.000000
20075442.000000 62129.000000 36727.000000
20082887.000000 61979.000000 36933.000000
20105617.000000 59175.000000 35048.000000
21017339.000000 65694.000000 40699.000000
22540578.000000 69105.000000 41698.000000
20275810.000000 64550.000000 39055.000000
19772406.000000 61311.000000 36074.000000
21997204.000000 69672.000000 40969.000000
20053528.000000 59192.000000 35995.000000
19231388.000000 60146.000000 36204.000000
20972363.000000 62872.000000 37018.000000
19641454.000000 73342.000000 48929.000000
20499297.000000 64681.000000 38505.000000
20044389.000000 61726.000000 36600.000000
21601766.000000 66271.000000 39452.000000
20204706.000000 62199.000000 36132.000000
21506818.000000 66027.000000 37790.000000
22176231.000000 70691.000000 42305.000000
19650476.000000 57601.000000 34282.000000
20784764.000000 64193.000000 37959.000000
21053731.000000 64660.000000 38868.000000
20010035.000000 59289.000000 36055.000000
20262996.000000 59674.000000 35313.000000
19669645.000000 64089.000000 42766.000000
21105259.000000 70138.000000 43113.000000
21051749.000000 65334.000000 39662.000000
21021075.000000 66591.000000 41790.000000
20593975.000000 67339.000000 42983.000000
21150469.000000 66103.000000 40290.000000
20159470.000000 62771.000000 39643.000000
21384573.000000 70815.000000 44799.000000
21475291.000000 70321.000000 44613.000000
20812211.000000 64044.000000 37634.000000
18970023.000000 61744.000000 37952.000000
20406611.000000 62919.000000 38673.000000
21278311.000000 65457.000000 39741.000000
20721187.000000 65138.000000 40648.000000
22764814.000000 69932.000000 41224.000000
21101300.000000 66080.000000 39531.000000
21348041.000000 64864.000000 38409.000000
21176110.000000 64974.000000 38112.000000
20618681.000000 71006.000000 46133.000000
20191961.000000 69393.000000 44186.000000
22524834.000000 69662.000000 41139.000000
22082261.000000 71090.000000 43927.000000
22580794.000000 69973.000000 40731.000000
22291067.000000 70003.000000 42294.000000
20064456.000000 61755.000000 36870.000000
21107000.000000 65752.000000 39213.000000
20108846.000000 61734.000000 36248.000000
21643747.000000 66532.000000 41283.000000
22218404.000000 70844.000000 42059.000000
21228435.000000 67899.000000 41454.000000
21092554.000000 65288.000000 39474.000000
21062364.000000 66417.000000 40594.000000
20915429.000000 64869.000000 38022.000000
21735305.000000 70350.000000 42490.000000
20084035.000000 61360.000000 36467.000000
22467573.000000 69685.000000 41075.000000
22355096.000000 70353.000000 42060.000000
22224807.000000 69126.000000 42054.000000
19855802.000000 62083.000000 37429.000000
21348168.000000 63452.000000 37442.000000
21794006.000000 69895.000000 43407.000000
22658637.000000 69770.000000 41451.000000
20437942.000000 65274.000000 40600.000000
21078034.000000 65387.000000 40274.000000
20970111.000000 68352.000000 41603.000000
20717110.000000 66618.000000 40328.000000
19972920.000000 62231.000000 38243.000000
21023112.000000 65971.000000 39869.000000
20836766.000000 68035.000000 42437.000000
20840964.000000 62758.000000 37238.000000
22581553.000000 69126.000000 40747.000000
21284314.000000 64104.000000 38931.000000
22742136.000000 69601.000000 40969.000000
19824774.000000 61105.000000 36364.000000
19583997.000000 62990.000000 40826.000000
19644845.000000 61669.000000 37415.000000
21022807.000000 65577.000000 39574.000000
20485100.000000 64224.000000 39288.000000
21178666.000000 65446.000000 39677.000000
20568297.000000 64710.000000 39297.000000
20780988.000000 67693.000000 40731.000000
