28495244.000000 79810.000000 350.000000
28614906.000000 78776.000000 278.000000
28696620.000000 78986.000000 280.000000
28455863.000000 78010.000000 471.000000
28656758.000000 78692.000000 292.000000
28595888.000000 79200.000000 302.000000
28566878.000000 79180.000000 379.000000
28229267.000000 77070.000000 482.000000
28579539.000000 78374.000000 346.000000
28543632.000000 78935.000000 500.000000
28604565.000000 80705.000000 493.000000
27951925.000000 76730.000000 352.000000
28372790.000000 77870.000000 458.000000
28673723.000000 78857.000000 455.000000
28617334.000000 79379.000000 513.000000
28738652.000000 78742.000000 401.000000
28519104.000000 78608.000000 459.000000
28598782.000000 78175.000000 438.000000
28544042.000000 79087.000000 443.000000
28548527.000000 78389.000000 525.000000
28552634.000000 78531.000000 480.000000
28608189.000000 79730.000000 449.000000
28546292.000000 78444.000000 537.000000
28522658.000000 79053.000000 630.000000
28506983.000000 78120.000000 486.000000
28542393.000000 79008.000000 497.000000
28472598.000000 78763.000000 418.000000
28551633.000000 78688.000000 370.000000
28368128.000000 78525.000000 381.000000
28626668.000000 78442.000000 371.000000
28620673.000000 80017.000000 464.000000
28195527.000000 77302.000000 422.000000
28633214.000000 78185.000000 507.000000
28611303.000000 78300.000000 487.000000
28597667.000000 79354.000000 384.000000
28552687.000000 78502.000000 294.000000
28663835.000000 78801.000000 336.000000
28676218.000000 78476.000000 397.000000
28647803.000000 78527.000000 424.000000
28678448.000000 78949.000000 467.000000
28574339.000000 78693.000000 465.000000
28588249.000000 79039.000000 465.000000
28626471.000000 79287.000000 456.000000
28537615.000000 78791.000000 498.000000
28540339.000000 78927.000000 481.000000
28641096.000000 79928.000000 372.000000
28556279.000000 79107.000000 455.000000
28690104.000000 78492.000000 351.000000
28598126.000000 78924.000000 512.000000
28693303.000000 78416.000000 361.000000
28654879.000000 78423.000000 391.000000
28659443.000000 79387.000000 340.000000
28641120.000000 78677.000000 315.000000
28609056.000000 78969.000000 367.000000
28688630.000000 78610.000000 390.000000
28513594.000000 78768.000000 323.000000
28672272.000000 79032.000000 280.000000
28621929.000000 78485.000000 517.000000
28707309.000000 78770.000000 409.000000
28710673.000000 79019.000000 314.000000
28609288.000000 78601.000000 350.000000
28597868.000000 79552.000000 367.000000
28576082.000000 79123.000000 361.000000
28467116.000000 78074.000000 526.000000
28641226.000000 78622.000000 629.000000
28621689.000000 78832.000000 413.000000
28554355.000000 78750.000000 437.000000
28490375.000000 78674.000000 448.000000
28456516.000000 78460.000000 466.000000
28492465.000000 79408.000000 534.000000
28349530.000000 78268.000000 301.000000
28303281.000000 78559.000000 600.000000
28457826.000000 78819.000000 345.000000
27327660.000000 73578.000000 326.000000
28574592.000000 78700.000000 421.000000
28640561.000000 79028.000000 449.000000
28676119.000000 78820.000000 588.000000
28565270.000000 78252.000000 412.000000
28570422.000000 79173.000000 368.000000
28647693.000000 78430.000000 361.000000
28553131.000000 78653.000000 507.000000
28597138.000000 78493.000000 511.000000
28585678.000000 78068.000000 434.000000
28655276.000000 78330.000000 370.000000
28635760.000000 79063.000000 432.000000
28539338.000000 78174.000000 592.000000
28556412.000000 78323.000000 459.000000
28647591.000000 79204.000000 446.000000
28557526.000000 78803.000000 425.000000
28550423.000000 78443.000000 403.000000
28320003.000000 78483.000000 397.000000
28651969.000000 78808.000000 372.000000
28646247.000000 78244.000000 516.000000
28629531.000000 79248.000000 402.000000
28509524.000000 78083.000000 343.000000
28634792.000000 78410.000000 439.000000
28660562.000000 78377.000000 501.000000
28542672.000000 78332.000000 434.000000
28604590.000000 78763.000000 448.000000
28682157.000000 78927.000000 503.000000
