30452600.000000 35218.000000 143.000000
30508958.000000 35335.000000 135.000000
30489236.000000 35531.000000 34.000000
30523043.000000 35305.000000 96.000000
30280346.000000 35056.000000 42.000000
30575246.000000 35143.000000 49.000000
30531245.000000 35243.000000 9.000000
30372754.000000 35376.000000 74.000000
29159037.000000 34498.000000 162.000000
30389191.000000 35268.000000 177.000000
30476724.000000 35626.000000 155.000000
30091665.000000 35217.000000 232.000000
30455623.000000 35298.000000 197.000000
30418465.000000 34994.000000 219.000000
30493811.000000 35047.000000 193.000000
30375948.000000 35312.000000 124.000000
30458404.000000 35047.000000 95.000000
30466043.000000 35088.000000 186.000000
30409835.000000 35163.000000 282.000000
30500896.000000 35187.000000 153.000000
30458136.000000 35258.000000 153.000000
30445640.000000 34977.000000 131.000000
30455994.000000 35485.000000 117.000000
30491372.000000 35446.000000 48.000000
30501547.000000 35183.000000 70.000000
30523687.000000 35300.000000 113.000000
30443653.000000 35133.000000 161.000000
30514383.000000 35400.000000 132.000000
29078810.000000 34505.000000 384.000000
30563601.000000 35336.000000 27.000000
28832703.000000 34572.000000 241.000000
30369089.000000 35395.000000 214.000000
30303143.000000 34834.000000 300.000000
30365169.000000 35150.000000 45.000000
30413253.000000 35233.000000 73.000000
30537993.000000 35213.000000 109.000000
30531883.000000 35169.000000 158.000000
30375167.000000 35255.000000 198.000000
30328307.000000 34918.000000 121.000000
30455601.000000 35052.000000 210.000000
30475948.000000 35117.000000 234.000000
30528131.000000 35572.000000 179.000000
30408841.000000 35531.000000 170.000000
30511133.000000 35140.000000 128.000000
30522381.000000 35263.000000 96.000000
30519443.000000 35319.000000 97.000000
29714674.000000 34673.000000 117.000000
30445384.000000 35969.000000 87.000000
30457431.000000 35372.000000 57.000000
30207382.000000 34982.000000 107.000000
30535431.000000 35224.000000 112.000000
30415219.000000 35276.000000 117.000000
30411019.000000 35078.000000 356.000000
30460414.000000 35354.000000 269.000000
30477617.000000 35356.000000 225.000000
30422060.000000 35230.000000 252.000000
30427587.000000 35878.000000 331.000000
30416938.000000 34988.000000 177.000000
30509953.000000 35651.000000 36.000000
30489969.000000 35079.000000 128.000000
30376149.000000 35344.000000 238.000000
30565473.000000 35293.000000 102.000000
30393278.000000 35279.000000 176.000000
30549199.000000 35397.000000 138.000000
30466990.000000 35075.000000 151.000000
30483612.000000 35045.000000 137.000000
30334202.000000 34827.000000 152.000000
30517763.000000 35573.000000 101.000000
30476125.000000 35538.000000 55.000000
30513167.000000 35347.000000 73.000000
30524777.000000 35307.000000 91.000000
30372582.000000 35170.000000 195.000000
30510032.000000 35195.000000 150.000000
30498255.000000 35239.000000 93.000000
30492071.000000 35104.000000 113.000000
30428214.000000 35345.000000 166.000000
30539610.000000 35699.000000 121.000000
30428849.000000 35490.000000 83.000000
29683754.000000 34660.000000 91.000000
30435161.000000 35298.000000 209.000000
30500174.000000 35662.000000 104.000000
30387367.000000 35676.000000 70.000000
30379207.000000 35347.000000 64.000000
30528189.000000 35191.000000 160.000000
30423375.000000 35268.000000 82.000000
30444682.000000 35048.000000 111.000000
28181191.000000 33682.000000 118.000000
30443673.000000 35561.000000 58.000000
29978848.000000 34832.000000 88.000000
30406325.000000 35696.000000 79.000000
30413479.000000 35069.000000 62.000000
30337176.000000 34790.000000 116.000000
30388445.000000 35297.000000 69.000000
30465597.000000 35475.000000 123.000000
30548116.000000 35260.000000 73.000000
30551609.000000 35072.000000 51.000000
28484658.000000 34387.000000 90.000000
30512885.000000 35108.000000 167.000000
30588975.000000 35416.000000 54.000000
30541997.000000 35076.000000 164.000000
