29921055.000000 58211.000000 656.000000
29082862.000000 56086.000000 610.000000
29832958.000000 58413.000000 676.000000
29874946.000000 58542.000000 672.000000
29925131.000000 58503.000000 953.000000
29852531.000000 58750.000000 791.000000
29936025.000000 58530.000000 597.000000
29997593.000000 58293.000000 551.000000
29833479.000000 59017.000000 968.000000
29920238.000000 58609.000000 375.000000
29836853.000000 58562.000000 784.000000
29934644.000000 57918.000000 704.000000
29786574.000000 58961.000000 1053.000000
29867313.000000 59437.000000 782.000000
29951082.000000 58228.000000 566.000000
29839893.000000 59586.000000 867.000000
29900564.000000 58370.000000 792.000000
29730756.000000 57606.000000 698.000000
29840584.000000 57719.000000 826.000000
29876259.000000 58212.000000 719.000000
29878056.000000 58204.000000 698.000000
29787293.000000 58247.000000 468.000000
29851611.000000 58325.000000 808.000000
29625410.000000 57746.000000 842.000000
29900731.000000 58618.000000 604.000000
29900548.000000 58583.000000 793.000000
29933148.000000 58215.000000 856.000000
29953369.000000 59074.000000 657.000000
29944508.000000 58261.000000 771.000000
29880128.000000 58895.000000 922.000000
29887479.000000 58785.000000 1099.000000
29549431.000000 57388.000000 636.000000
29947635.000000 58584.000000 748.000000
29932535.000000 58506.000000 731.000000
29826979.000000 58417.000000 810.000000
29936013.000000 58611.000000 820.000000
29879361.000000 58461.000000 919.000000
29958682.000000 58574.000000 774.000000
29684893.000000 57817.000000 629.000000
29807787.000000 58006.000000 788.000000
29979549.000000 58850.000000 673.000000
29555673.000000 57379.000000 903.000000
29901430.000000 58179.000000 862.000000
29925778.000000 59094.000000 769.000000
29872769.000000 58300.000000 728.000000
29670884.000000 57624.000000 821.000000
29846631.000000 58919.000000 848.000000
29739074.000000 57631.000000 517.000000
29940116.000000 58573.000000 838.000000
29811858.000000 58049.000000 785.000000
29941109.000000 58313.000000 596.000000
29830383.000000 58198.000000 836.000000
29953533.000000 58843.000000 783.000000
29814387.000000 58157.000000 614.000000
29718753.000000 57808.000000 1096.000000
29860323.000000 58975.000000 856.000000
29951972.000000 58228.000000 701.000000
29864883.000000 58434.000000 959.000000
29969284.000000 58398.000000 614.000000
29875292.000000 58349.000000 1008.000000
29813813.000000 58076.000000 940.000000
29869804.000000 58469.000000 904.000000
29906250.000000 58158.000000 883.000000
29929959.000000 58810.000000 837.000000
29785414.000000 57852.000000 677.000000
29828206.000000 58438.000000 953.000000
29938047.000000 58717.000000 791.000000
29884430.000000 58903.000000 590.000000
29793938.000000 58221.000000 835.000000
28953287.000000 56164.000000 633.000000
29833894.000000 58358.000000 1063.000000
29865276.000000 58344.000000 801.000000
29852626.000000 58082.000000 663.000000
29872101.000000 58399.000000 1102.000000
28687720.000000 55577.000000 599.000000
29806223.000000 58149.000000 785.000000
29843642.000000 57971.000000 729.000000
29881257.000000 58097.000000 667.000000
29934179.000000 58627.000000 715.000000
29918442.000000 58380.000000 964.000000
29903434.000000 57876.000000 991.000000
29840276.000000 58549.000000 759.000000
29924774.000000 58502.000000 663.000000
29923892.000000 58185.000000 527.000000
29929872.000000 58810.000000 610.000000
29815697.000000 57958.000000 787.000000
29877749.000000 57861.000000 800.000000
29949319.000000 58627.000000 791.000000
29888257.000000 58494.000000 897.000000
29902799.000000 58546.000000 606.000000
29917465.000000 58381.000000 652.000000
29860019.000000 58542.000000 622.000000
29932100.000000 58183.000000 808.000000
29972030.000000 58179.000000 710.000000
29959179.000000 58187.000000 611.000000
29883473.000000 58488.000000 542.000000
29963836.000000 59013.000000 433.000000
29319851.000000 57395.000000 880.000000
29949414.000000 58287.000000 768.000000
29942829.000000 58832.000000 801.000000
