19198022.000000 51846.000000 11808.000000
19319151.000000 52562.000000 11797.000000
19320630.000000 52068.000000 11954.000000
19346589.000000 51999.000000 11833.000000
19305990.000000 50732.000000 11755.000000
19044730.000000 51382.000000 11802.000000
19330240.000000 52206.000000 11816.000000
19150619.000000 51883.000000 11857.000000
19058554.000000 50864.000000 11694.000000
19079567.000000 51363.000000 11802.000000
19166851.000000 51784.000000 11777.000000
19240015.000000 51927.000000 11808.000000
19057838.000000 51713.000000 11696.000000
18924172.000000 50758.000000 11708.000000
18902309.000000 51007.000000 11696.000000
18919476.000000 50963.000000 11708.000000
19143346.000000 51554.000000 11836.000000
19050198.000000 49811.000000 11704.000000
19304043.000000 50582.000000 11707.000000
18947579.000000 51298.000000 11806.000000
19061459.000000 51304.000000 11791.000000
18827746.000000 50990.000000 11695.000000
19260361.000000 52069.000000 11808.000000
19248669.000000 52208.000000 11838.000000
19076265.000000 51720.000000 11868.000000
19403799.000000 52179.000000 11875.000000
19424827.000000 52542.000000 11760.000000
19083420.000000 51506.000000 11699.000000
19071574.000000 51928.000000 11709.000000
18922180.000000 49274.000000 11540.000000
19327769.000000 51709.000000 12023.000000
19164776.000000 49919.000000 11702.000000
19272640.000000 50055.000000 11824.000000
18893081.000000 51624.000000 11698.000000
18651355.000000 50291.000000 11689.000000
19014261.000000 51379.000000 11716.000000
19302429.000000 51627.000000 11772.000000
18999571.000000 51313.000000 11803.000000
19333791.000000 52516.000000 11855.000000
18844583.000000 51206.000000 11697.000000
19140388.000000 51701.000000 11844.000000
19204916.000000 51933.000000 11907.000000
19081410.000000 51749.000000 11822.000000
19343705.000000 52839.000000 11832.000000
19078157.000000 52184.000000 11802.000000
19087233.000000 51812.000000 11769.000000
19241565.000000 52051.000000 11699.000000
19211734.000000 52304.000000 11765.000000
18968780.000000 51084.000000 11834.000000
19337461.000000 50841.000000 11719.000000
19169834.000000 52152.000000 11792.000000
18830205.000000 50751.000000 11699.000000
18888682.000000 51443.000000 11697.000000
19012840.000000 51495.000000 11771.000000
18797418.000000 51018.000000 11719.000000
19191814.000000 52434.000000 11800.000000
19104562.000000 51863.000000 11765.000000
18920697.000000 52469.000000 11692.000000
19297010.000000 51685.000000 11855.000000
19177473.000000 51903.000000 11800.000000
18975006.000000 51365.000000 11725.000000
19394832.000000 51942.000000 11774.000000
18681884.000000 50435.000000 11703.000000
18925442.000000 49882.000000 11712.000000
18940889.000000 51458.000000 11712.000000
18988621.000000 49695.000000 11698.000000
19100912.000000 51760.000000 11858.000000
19019302.000000 51645.000000 11807.000000
19221038.000000 52280.000000 11803.000000
19185975.000000 52547.000000 11788.000000
19037389.000000 51572.000000 11805.000000
19005296.000000 52149.000000 11865.000000
19423157.000000 52500.000000 11782.000000
18949326.000000 51139.000000 11749.000000
19233587.000000 52034.000000 11789.000000
19183910.000000 52097.000000 11867.000000
19161215.000000 52407.000000 11792.000000
18873551.000000 51037.000000 11787.000000
19384465.000000 52642.000000 11837.000000
19291870.000000 51776.000000 11809.000000
18819111.000000 50508.000000 11855.000000
19181170.000000 51735.000000 11837.000000
19078289.000000 51492.000000 11961.000000
18853644.000000 50900.000000 11777.000000
18989608.000000 51135.000000 11773.000000
18756446.000000 50654.000000 11699.000000
18942307.000000 51054.000000 11784.000000
19047313.000000 51344.000000 11769.000000
18767339.000000 50912.000000 11688.000000
19244171.000000 51796.000000 11807.000000
19474071.000000 52745.000000 11857.000000
18843244.000000 50979.000000 11755.000000
19307067.000000 52085.000000 11846.000000
19155100.000000 52096.000000 11703.000000
18944103.000000 51626.000000 11758.000000
19045109.000000 51698.000000 11692.000000
19460147.000000 52911.000000 11787.000000
19099376.000000 51375.000000 11810.000000
18627083.000000 50177.000000 11696.000000
18949562.000000 51213.000000 11698.000000
