30863524.000000 28866.000000 13.000000
31152446.000000 24608.000000 16.000000
31239628.000000 24465.000000 37.000000
30967125.000000 24518.000000 42.000000
31154263.000000 25008.000000 22.000000
30915667.000000 29243.000000 16.000000
31167193.000000 24555.000000 18.000000
30947257.000000 26936.000000 4.000000
30966727.000000 25383.000000 8.000000
31165776.000000 24707.000000 6.000000
31205331.000000 24243.000000 17.000000
30925614.000000 24486.000000 7.000000
31045903.000000 24969.000000 1.000000
31037980.000000 26986.000000 9.000000
31157901.000000 24426.000000 15.000000
30566432.000000 23712.000000 32.000000
31184300.000000 24484.000000 50.000000
31170412.000000 24353.000000 3.000000
31169500.000000 24396.000000 57.000000
31109240.000000 24885.000000 64.000000
31124877.000000 25498.000000 10.000000
31226669.000000 24471.000000 42.000000
31131539.000000 24780.000000 50.000000
31147148.000000 24480.000000 20.000000
31123014.000000 24790.000000 50.000000
31143126.000000 24545.000000 35.000000
31102983.000000 24778.000000 33.000000
31102295.000000 24535.000000 35.000000
30785207.000000 28492.000000 85.000000
31115814.000000 24841.000000 35.000000
31253648.000000 24470.000000 32.000000
31214889.000000 24325.000000 71.000000
31117279.000000 25027.000000 40.000000
30863950.000000 24587.000000 52.000000
31206945.000000 24670.000000 17.000000
30982601.000000 24047.000000 39.000000
31155123.000000 24628.000000 70.000000
31234979.000000 24520.000000 56.000000
30960237.000000 24423.000000 14.000000
31169172.000000 24830.000000 44.000000
31174250.000000 24331.000000 43.000000
31124532.000000 24877.000000 74.000000
31240486.000000 23986.000000 38.000000
29744272.000000 22883.000000 31.000000
31174193.000000 24435.000000 61.000000
31079913.000000 24834.000000 35.000000
31057809.000000 25021.000000 28.000000
31151448.000000 24430.000000 41.000000
31128620.000000 25165.000000 28.000000
31224066.000000 24076.000000 31.000000
31183503.000000 24804.000000 20.000000
31103346.000000 24757.000000 10.000000
31158064.000000 24911.000000 27.000000
31158284.000000 25198.000000 32.000000
31201477.000000 24427.000000 10.000000
30842111.000000 27958.000000 9.000000
31187326.000000 24188.000000 31.000000
31083239.000000 24663.000000 12.000000
31147520.000000 24829.000000 48.000000
31132695.000000 24941.000000 29.000000
31113561.000000 24357.000000 22.000000
31116165.000000 24903.000000 13.000000
31202173.000000 25218.000000 30.000000
31100089.000000 25050.000000 18.000000
31103788.000000 24768.000000 23.000000
31100545.000000 24134.000000 3.000000
30629742.000000 23986.000000 28.000000
31063491.000000 24794.000000 29.000000
30858953.000000 28215.000000 51.000000
30909588.000000 24635.000000 9.000000
31145804.000000 24779.000000 6.000000
31145730.000000 24141.000000 47.000000
31128915.000000 24314.000000 54.000000
31162138.000000 24979.000000 27.000000
31056708.000000 25138.000000 14.000000
31180256.000000 24736.000000 44.000000
30949797.000000 26651.000000 75.000000
31078096.000000 24753.000000 33.000000
31015723.000000 24573.000000 22.000000
31185851.000000 24673.000000 8.000000
30700251.000000 24410.000000 27.000000
31050413.000000 24395.000000 5.000000
31199629.000000 24515.000000 10.000000
31151152.000000 25048.000000 20.000000
30294628.000000 24117.000000 15.000000
31062068.000000 24731.000000 9.000000
31116827.000000 24406.000000 13.000000
30941570.000000 26216.000000 6.000000
30912600.000000 27916.000000 56.000000
31168318.000000 24995.000000 10.000000
31214213.000000 24320.000000 18.000000
31165256.000000 25254.000000 11.000000
31190680.000000 24253.000000 33.000000
31082036.000000 26127.000000 40.000000
31101085.000000 24879.000000 40.000000
31163595.000000 25038.000000 3.000000
31149729.000000 25710.000000 35.000000
31055976.000000 26469.000000 46.000000
30852425.000000 28969.000000 92.000000
31129057.000000 24010.000000 55.000000
