27823106.000000 82437.000000 3375.000000
27834616.000000 81791.000000 3512.000000
27811395.000000 82620.000000 3477.000000
27829433.000000 82428.000000 3507.000000
27654832.000000 81095.000000 3425.000000
26873446.000000 79805.000000 3118.000000
27756145.000000 82958.000000 3385.000000
27885346.000000 82110.000000 3539.000000
27800264.000000 82100.000000 3506.000000
27738522.000000 82148.000000 3613.000000
27741607.000000 81810.000000 3605.000000
27768822.000000 83524.000000 3507.000000
27769428.000000 81899.000000 3440.000000
27821747.000000 81891.000000 3460.000000
27888791.000000 82257.000000 3558.000000
27778316.000000 82059.000000 3510.000000
27864841.000000 81528.000000 3513.000000
27820069.000000 81671.000000 3448.000000
27820090.000000 82549.000000 3433.000000
27843090.000000 82543.000000 3349.000000
27780838.000000 82023.000000 3487.000000
27811859.000000 81675.000000 3510.000000
27801553.000000 81697.000000 3557.000000
27796986.000000 81718.000000 3371.000000
27871696.000000 82592.000000 3285.000000
27813126.000000 81879.000000 3448.000000
27846759.000000 81691.000000 3461.000000
27787051.000000 82500.000000 3462.000000
27845845.000000 82022.000000 3462.000000
27878626.000000 82763.000000 3468.000000
27799366.000000 81984.000000 3432.000000
27777662.000000 82340.000000 3411.000000
27572682.000000 81564.000000 3360.000000
27759695.000000 83789.000000 3471.000000
27761016.000000 82516.000000 3339.000000
27766390.000000 81500.000000 3304.000000
27832141.000000 82081.000000 3325.000000
27801043.000000 82838.000000 3292.000000
27706362.000000 80990.000000 3517.000000
27864643.000000 81808.000000 3488.000000
27813700.000000 81977.000000 3443.000000
27835317.000000 82780.000000 3338.000000
27838458.000000 82754.000000 3407.000000
27857242.000000 82389.000000 3517.000000
27742291.000000 81408.000000 3587.000000
27141894.000000 80271.000000 3301.000000
27787870.000000 82880.000000 3401.000000
27905732.000000 82350.000000 3462.000000
27885815.000000 82261.000000 3382.000000
27902325.000000 81956.000000 3322.000000
27422371.000000 80631.000000 3154.000000
27856571.000000 82444.000000 3389.000000
27692955.000000 81649.000000 3258.000000
27848180.000000 81461.000000 3470.000000
27883384.000000 81939.000000 3559.000000
27843411.000000 81746.000000 3475.000000
27799217.000000 82352.000000 3514.000000
27804715.000000 82274.000000 3483.000000
27676666.000000 81232.000000 3531.000000
27739986.000000 82320.000000 3522.000000
27836044.000000 81955.000000 3495.000000
27853548.000000 82558.000000 3435.000000
27787116.000000 83159.000000 3477.000000
27487514.000000 80187.000000 3551.000000
27753220.000000 82386.000000 3588.000000
27831463.000000 81577.000000 3423.000000
27712831.000000 81780.000000 3567.000000
27740870.000000 82611.000000 3553.000000
27740410.000000 82080.000000 3482.000000
27797289.000000 82062.000000 3491.000000
27612618.000000 82796.000000 3426.000000
27855067.000000 82494.000000 3550.000000
27871001.000000 81996.000000 3484.000000
27512393.000000 82792.000000 3484.000000
27874881.000000 81781.000000 3441.000000
27864133.000000 81970.000000 3522.000000
27814861.000000 81485.000000 3437.000000
27803714.000000 81581.000000 3453.000000
27794485.000000 82701.000000 3536.000000
27881017.000000 81812.000000 3469.000000
27830564.000000 81867.000000 3441.000000
27772969.000000 82366.000000 3621.000000
27785506.000000 82582.000000 3491.000000
27723369.000000 81413.000000 3546.000000
27772157.000000 81719.000000 3625.000000
27822100.000000 82607.000000 3445.000000
27790316.000000 81329.000000 3468.000000
27670420.000000 81747.000000 3360.000000
27805860.000000 82043.000000 3449.000000
27813791.000000 81191.000000 3564.000000
27858797.000000 82157.000000 3561.000000
27779438.000000 82211.000000 3434.000000
27738074.000000 82029.000000 3600.000000
27845374.000000 82141.000000 3568.000000
27785755.000000 81057.000000 3617.000000
27805951.000000 81829.000000 3443.000000
27818197.000000 81572.000000 3551.000000
27790309.000000 81482.000000 3469.000000
27808050.000000 82104.000000 3465.000000
27554897.000000 84239.000000 3477.000000
