29244058.000000 64679.000000 1508.000000
29270658.000000 64594.000000 1655.000000
29280881.000000 64749.000000 1695.000000
29209578.000000 64233.000000 1804.000000
29217910.000000 65187.000000 1847.000000
29268206.000000 64973.000000 1851.000000
29284694.000000 64862.000000 1655.000000
29270284.000000 65215.000000 1761.000000
29273828.000000 64203.000000 1710.000000
29262154.000000 64628.000000 1568.000000
29245567.000000 65393.000000 1594.000000
29320764.000000 64560.000000 1532.000000
29180432.000000 65358.000000 1698.000000
29271455.000000 65501.000000 1734.000000
29319168.000000 64916.000000 1530.000000
29277713.000000 64637.000000 1674.000000
29305690.000000 64947.000000 1753.000000
29268048.000000 64600.000000 1709.000000
28782201.000000 63287.000000 1828.000000
29324411.000000 65038.000000 1538.000000
29207730.000000 64901.000000 1722.000000
29310369.000000 65196.000000 1534.000000
29298009.000000 65933.000000 1597.000000
29219363.000000 64624.000000 1822.000000
29176663.000000 64702.000000 1819.000000
29279728.000000 64953.000000 1515.000000
29231859.000000 64825.000000 1752.000000
29157626.000000 64292.000000 1615.000000
29210957.000000 64889.000000 1672.000000
29039847.000000 65066.000000 1778.000000
28999271.000000 64733.000000 1754.000000
29213744.000000 65112.000000 1789.000000
29234272.000000 64681.000000 1878.000000
29121185.000000 64003.000000 1519.000000
29173550.000000 64624.000000 1689.000000
29247600.000000 64437.000000 1816.000000
29115315.000000 65887.000000 1815.000000
29300003.000000 64704.000000 1574.000000
29320220.000000 65068.000000 1499.000000
29329383.000000 64754.000000 1656.000000
29208888.000000 65075.000000 1794.000000
29279340.000000 65382.000000 1689.000000
29280538.000000 64750.000000 1788.000000
29256018.000000 64458.000000 1771.000000
29257744.000000 64584.000000 1826.000000
29209627.000000 64984.000000 1743.000000
29147573.000000 64795.000000 1619.000000
29175929.000000 64702.000000 1801.000000
29248493.000000 64748.000000 1552.000000
29251884.000000 64633.000000 1721.000000
29283191.000000 65144.000000 1637.000000
29215942.000000 64888.000000 1462.000000
29256423.000000 64434.000000 1565.000000
29008976.000000 64774.000000 1333.000000
29312051.000000 65222.000000 1483.000000
29254091.000000 65246.000000 1681.000000
29299372.000000 65116.000000 1477.000000
29224863.000000 64400.000000 1582.000000
29265810.000000 64844.000000 1650.000000
29109969.000000 64178.000000 1713.000000
29194744.000000 65534.000000 1710.000000
29145369.000000 64834.000000 1833.000000
29258321.000000 64813.000000 1675.000000
29263617.000000 65853.000000 1566.000000
29178357.000000 64347.000000 1637.000000
29366873.000000 64826.000000 1565.000000
29229523.000000 65438.000000 1811.000000
29240261.000000 64826.000000 1783.000000
29300314.000000 65776.000000 1496.000000
29246561.000000 64722.000000 1733.000000
29109508.000000 65862.000000 1880.000000
29150153.000000 64523.000000 1765.000000
29292609.000000 64589.000000 1458.000000
29300191.000000 65023.000000 1624.000000
29042555.000000 63881.000000 1544.000000
29130773.000000 64848.000000 1544.000000
29223686.000000 65834.000000 1530.000000
29255882.000000 64333.000000 1719.000000
29296926.000000 65446.000000 1448.000000
29313070.000000 64708.000000 1770.000000
29209097.000000 65044.000000 1700.000000
29335087.000000 64732.000000 1635.000000
29261880.000000 64370.000000 1841.000000
29315345.000000 65128.000000 1533.000000
29246298.000000 65000.000000 1718.000000
29266356.000000 65043.000000 1659.000000
29302759.000000 64345.000000 1643.000000
29205168.000000 65371.000000 1504.000000
29185783.000000 64901.000000 1765.000000
29292238.000000 65481.000000 1560.000000
29204475.000000 65586.000000 1787.000000
29277071.000000 64883.000000 1436.000000
29320579.000000 65060.000000 1544.000000
29162611.000000 64810.000000 1754.000000
28992186.000000 64426.000000 1774.000000
29170277.000000 64746.000000 1546.000000
29282064.000000 64709.000000 1820.000000
29327133.000000 64799.000000 1538.000000
29262847.000000 65426.000000 1550.000000
29259885.000000 64710.000000 1529.000000
