26831914.000000 82539.000000 7696.000000
26854855.000000 83461.000000 7878.000000
26967821.000000 80567.000000 7671.000000
26912146.000000 80946.000000 7657.000000
26835300.000000 82307.000000 7768.000000
26533656.000000 80023.000000 7360.000000
26986084.000000 80895.000000 7623.000000
26941559.000000 81269.000000 7608.000000
26925323.000000 81569.000000 7745.000000
26977945.000000 80809.000000 7573.000000
26893837.000000 81088.000000 7632.000000
26925780.000000 81441.000000 7601.000000
26974851.000000 81445.000000 7587.000000
26940826.000000 81600.000000 7582.000000
26939802.000000 81143.000000 7511.000000
26802623.000000 81752.000000 7677.000000
26730071.000000 81997.000000 7913.000000
26934463.000000 81488.000000 7798.000000
26719955.000000 80193.000000 7586.000000
26914269.000000 80637.000000 7655.000000
26932944.000000 81439.000000 7551.000000
26905773.000000 81308.000000 7516.000000
26919845.000000 81493.000000 7444.000000
26965320.000000 81166.000000 7473.000000
26702145.000000 79907.000000 7498.000000
26863432.000000 80855.000000 7579.000000
26985645.000000 81400.000000 7483.000000
26923008.000000 82127.000000 7521.000000
26985585.000000 81060.000000 7617.000000
26919504.000000 82032.000000 7629.000000
26876653.000000 82070.000000 7581.000000
26970798.000000 81299.000000 7507.000000
26912017.000000 82460.000000 7707.000000
26529531.000000 82325.000000 7651.000000
26896441.000000 81511.000000 7665.000000
26898181.000000 80740.000000 7638.000000
26918371.000000 82074.000000 7706.000000
26923585.000000 80931.000000 7697.000000
26915430.000000 81166.000000 7821.000000
26870281.000000 81120.000000 7852.000000
26908729.000000 81188.000000 7743.000000
26935522.000000 81892.000000 7670.000000
26843161.000000 81611.000000 7735.000000
26944715.000000 81165.000000 7709.000000
26928846.000000 80918.000000 7747.000000
26944058.000000 82572.000000 7984.000000
26916434.000000 81514.000000 7410.000000
26774821.000000 81079.000000 7496.000000
26936368.000000 81688.000000 7416.000000
26976100.000000 80860.000000 7635.000000
26863407.000000 80825.000000 7859.000000
26984132.000000 81297.000000 7796.000000
26832715.000000 82682.000000 7698.000000
26879479.000000 80930.000000 7796.000000
26994704.000000 81091.000000 7912.000000
26893970.000000 81033.000000 7807.000000
26931447.000000 80947.000000 7747.000000
26891880.000000 81335.000000 7675.000000
26968418.000000 81160.000000 7674.000000
26932215.000000 81141.000000 7738.000000
26839904.000000 80305.000000 7905.000000
26937428.000000 81661.000000 7624.000000
26904815.000000 80963.000000 7625.000000
26925400.000000 81100.000000 7795.000000
26950468.000000 80901.000000 7657.000000
26936213.000000 81643.000000 7707.000000
26917714.000000 81535.000000 7799.000000
26968415.000000 81436.000000 7732.000000
27004603.000000 80986.000000 7889.000000
26875876.000000 81140.000000 7806.000000
26914246.000000 81686.000000 7630.000000
26959803.000000 81284.000000 7720.000000
26858249.000000 80539.000000 7840.000000
26712677.000000 79362.000000 7819.000000
26845447.000000 81102.000000 7830.000000
26873643.000000 80704.000000 7906.000000
26921775.000000 81149.000000 7806.000000
26914283.000000 80999.000000 7891.000000
26922482.000000 80426.000000 7823.000000
26963394.000000 80839.000000 7661.000000
26870920.000000 82078.000000 7792.000000
26949738.000000 80901.000000 7768.000000
26678103.000000 80470.000000 7733.000000
26936034.000000 81219.000000 7882.000000
26407670.000000 80927.000000 7829.000000
26916735.000000 81209.000000 7848.000000
26863314.000000 82053.000000 7871.000000
26923819.000000 80999.000000 7983.000000
26963173.000000 81538.000000 7771.000000
26832967.000000 84215.000000 8144.000000
26928468.000000 81167.000000 7744.000000
26846049.000000 81260.000000 7770.000000
26880927.000000 81551.000000 7828.000000
26855712.000000 80984.000000 7775.000000
26886186.000000 81113.000000 7789.000000
26913505.000000 82421.000000 7901.000000
26943363.000000 81689.000000 7778.000000
26918230.000000 81074.000000 7676.000000
26926888.000000 81209.000000 7761.000000
26868666.000000 83332.000000 8121.000000
