32601485.000000 85.000000 2.000000
31695524.000000 133.000000 2.000000
31834437.000000 79.000000 0.000000
31795669.000000 91.000000 2.000000
32502640.000000 85.000000 2.000000
31797734.000000 90.000000 3.000000
31687623.000000 83.000000 0.000000
32019473.000000 81.000000 1.000000
31840596.000000 93.000000 11.000000
32489591.000000 98.000000 2.000000
31960879.000000 85.000000 1.000000
32511603.000000 78.000000 1.000000
32533846.000000 81.000000 1.000000
32470959.000000 96.000000 0.000000
32011396.000000 85.000000 1.000000
31708744.000000 93.000000 0.000000
31810000.000000 104.000000 6.000000
31931313.000000 79.000000 0.000000
31802152.000000 95.000000 4.000000
31954762.000000 81.000000 1.000000
32403637.000000 86.000000 1.000000
31837308.000000 84.000000 0.000000
32496393.000000 84.000000 0.000000
32563227.000000 81.000000 0.000000
32559990.000000 80.000000 0.000000
31886340.000000 103.000000 7.000000
31799859.000000 91.000000 0.000000
32540289.000000 105.000000 2.000000
31747983.000000 119.000000 2.000000
32422045.000000 88.000000 2.000000
32363985.000000 85.000000 1.000000
32335779.000000 108.000000 3.000000
32411933.000000 88.000000 0.000000
31756498.000000 79.000000 1.000000
32394748.000000 85.000000 1.000000
31910555.000000 79.000000 0.000000
31730861.000000 83.000000 2.000000
32556972.000000 94.000000 0.000000
31919001.000000 97.000000 2.000000
32458684.000000 90.000000 3.000000
32484232.000000 83.000000 0.000000
31964206.000000 82.000000 1.000000
31968177.000000 88.000000 1.000000
31964798.000000 92.000000 1.000000
32366355.000000 99.000000 5.000000
32460217.000000 86.000000 0.000000
32454783.000000 85.000000 5.000000
32564872.000000 82.000000 3.000000
32693437.000000 83.000000 4.000000
31795774.000000 91.000000 1.000000
32419202.000000 89.000000 2.000000
31782030.000000 106.000000 2.000000
32403701.000000 96.000000 0.000000
32314124.000000 94.000000 6.000000
31775390.000000 82.000000 0.000000
32583295.000000 88.000000 1.000000
32260066.000000 89.000000 0.000000
32577618.000000 84.000000 1.000000
31985315.000000 94.000000 1.000000
32456958.000000 84.000000 0.000000
32443063.000000 93.000000 6.000000
32404155.000000 89.000000 0.000000
31779216.000000 95.000000 0.000000
32575202.000000 127.000000 3.000000
32279970.000000 103.000000 0.000000
32547124.000000 87.000000 1.000000
31745621.000000 83.000000 0.000000
32328588.000000 84.000000 0.000000
31551108.000000 85.000000 2.000000
31811094.000000 85.000000 1.000000
31865273.000000 84.000000 1.000000
31715884.000000 96.000000 2.000000
32000981.000000 85.000000 2.000000
32428478.000000 97.000000 8.000000
32475278.000000 101.000000 3.000000
31882105.000000 93.000000 3.000000
32616198.000000 89.000000 2.000000
31962331.000000 79.000000 1.000000
31815597.000000 95.000000 1.000000
31737046.000000 91.000000 1.000000
32522805.000000 86.000000 0.000000
31906028.000000 79.000000 0.000000
32532284.000000 83.000000 0.000000
31794852.000000 93.000000 3.000000
32491254.000000 136.000000 1.000000
31923371.000000 86.000000 3.000000
32038800.000000 123.000000 0.000000
31838337.000000 90.000000 1.000000
31911835.000000 87.000000 1.000000
32465721.000000 97.000000 9.000000
32288438.000000 100.000000 1.000000
32460053.000000 87.000000 0.000000
32415643.000000 94.000000 2.000000
31795557.000000 83.000000 0.000000
31677888.000000 93.000000 4.000000
32507654.000000 93.000000 1.000000
32269468.000000 82.000000 0.000000
32469930.000000 102.000000 3.000000
32338068.000000 114.000000 1.000000
32027542.000000 97.000000 2.000000
