27840464.000000 79619.000000 4336.000000
27831157.000000 79224.000000 4350.000000
27917903.000000 79755.000000 4537.000000
27797274.000000 79627.000000 4457.000000
27779025.000000 79824.000000 4646.000000
27816859.000000 80088.000000 4446.000000
27519466.000000 78519.000000 4606.000000
27865271.000000 79172.000000 4544.000000
27552116.000000 78394.000000 4514.000000
27616642.000000 79579.000000 4546.000000
27632108.000000 79270.000000 4480.000000
27756752.000000 77969.000000 4515.000000
27802556.000000 79487.000000 4600.000000
27882719.000000 79663.000000 4800.000000
27793517.000000 79813.000000 4754.000000
27918973.000000 79844.000000 4535.000000
27788327.000000 79360.000000 4709.000000
27800970.000000 78840.000000 4808.000000
27716054.000000 80561.000000 4699.000000
27767300.000000 79140.000000 4717.000000
27823382.000000 79541.000000 4804.000000
27769233.000000 81218.000000 4657.000000
27278518.000000 77932.000000 4392.000000
27636934.000000 79007.000000 4781.000000
27786297.000000 79922.000000 4636.000000
27636371.000000 81359.000000 4666.000000
27807419.000000 79150.000000 4702.000000
27789398.000000 79902.000000 4452.000000
27818812.000000 79702.000000 4660.000000
27859666.000000 79938.000000 4615.000000
27855171.000000 79030.000000 4738.000000
27795444.000000 81277.000000 4651.000000
27827234.000000 79261.000000 4589.000000
27852672.000000 79846.000000 4627.000000
27805892.000000 79969.000000 4838.000000
27839256.000000 78786.000000 4774.000000
27853104.000000 79723.000000 4735.000000
27904722.000000 79683.000000 4628.000000
27804768.000000 79316.000000 4742.000000
27754453.000000 79520.000000 4709.000000
27850763.000000 79688.000000 4708.000000
27786879.000000 79615.000000 4615.000000
27864337.000000 79396.000000 4495.000000
27785323.000000 79561.000000 4604.000000
27799622.000000 79826.000000 4724.000000
27803799.000000 79441.000000 4635.000000
27630845.000000 78893.000000 4592.000000
27780473.000000 79744.000000 4711.000000
27814585.000000 79716.000000 4687.000000
27845907.000000 80024.000000 4456.000000
27756489.000000 79897.000000 4535.000000
27870132.000000 79662.000000 4532.000000
27805763.000000 79650.000000 4569.000000
27858558.000000 79668.000000 4631.000000
27822299.000000 79333.000000 4648.000000
27857315.000000 79859.000000 4756.000000
27815689.000000 79934.000000 4597.000000
27793639.000000 79438.000000 4569.000000
27813533.000000 79618.000000 4584.000000
27853536.000000 79786.000000 4607.000000
27873665.000000 79750.000000 4518.000000
27856047.000000 79621.000000 4643.000000
27861665.000000 79692.000000 4710.000000
27764995.000000 78913.000000 4616.000000
27747612.000000 78873.000000 4619.000000
27859539.000000 79987.000000 4645.000000
27813675.000000 79339.000000 4678.000000
27796499.000000 79441.000000 4590.000000
27856084.000000 78858.000000 4541.000000
27793876.000000 80297.000000 4492.000000
27760640.000000 78985.000000 4698.000000
27806740.000000 79449.000000 4620.000000
27826360.000000 79876.000000 4692.000000
27848147.000000 80112.000000 4608.000000
27790978.000000 78558.000000 4680.000000
27864747.000000 79813.000000 4749.000000
27792145.000000 79588.000000 4702.000000
27706594.000000 78192.000000 4778.000000
27820193.000000 79687.000000 4652.000000
27772596.000000 80311.000000 4755.000000
27836347.000000 79751.000000 4904.000000
27658452.000000 79637.000000 4638.000000
27653001.000000 78747.000000 4602.000000
27849252.000000 78564.000000 4542.000000
27829380.000000 79294.000000 4707.000000
27823924.000000 79013.000000 4560.000000
27870007.000000 79914.000000 4689.000000
27883313.000000 79741.000000 4551.000000
27821043.000000 80229.000000 4689.000000
27194523.000000 76764.000000 4374.000000
27834719.000000 79604.000000 4905.000000
27783490.000000 78890.000000 4745.000000
27601064.000000 78966.000000 4764.000000
27800548.000000 79937.000000 4709.000000
27889153.000000 79879.000000 4713.000000
27818036.000000 78573.000000 4641.000000
27805566.000000 80462.000000 4664.000000
27827578.000000 79378.000000 4643.000000
27827462.000000 79795.000000 4595.000000
27860167.000000 79556.000000 4691.000000
