29576055.000000 57682.000000 2815.000000
29492536.000000 57281.000000 2893.000000
29568008.000000 57293.000000 2707.000000
29612129.000000 57705.000000 2836.000000
27458511.000000 52395.000000 2307.000000
29582880.000000 57238.000000 2757.000000
29607914.000000 57420.000000 2716.000000
29374039.000000 57315.000000 2619.000000
29341261.000000 56874.000000 2871.000000
29261644.000000 56869.000000 2975.000000
29355142.000000 56395.000000 2907.000000
29480768.000000 57253.000000 2950.000000
29621435.000000 57269.000000 3010.000000
29603576.000000 57959.000000 2968.000000
29268754.000000 56695.000000 3075.000000
29623964.000000 57683.000000 2987.000000
29168180.000000 56827.000000 2836.000000
29415041.000000 58394.000000 3188.000000
29640020.000000 57438.000000 3012.000000
29642671.000000 57251.000000 2890.000000
29530681.000000 57158.000000 2758.000000
29569957.000000 57740.000000 2765.000000
29641563.000000 57272.000000 2738.000000
29656119.000000 58136.000000 2615.000000
29545840.000000 57224.000000 3019.000000
29557320.000000 57346.000000 2751.000000
29599363.000000 57864.000000 2526.000000
29583720.000000 57379.000000 2775.000000
29513986.000000 58453.000000 2828.000000
29443270.000000 57106.000000 2847.000000
29568945.000000 57037.000000 2704.000000
29495463.000000 57268.000000 2948.000000
29493755.000000 57961.000000 2971.000000
29524853.000000 57459.000000 2818.000000
29430097.000000 57553.000000 3087.000000
29583324.000000 57256.000000 2932.000000
29429155.000000 57062.000000 2970.000000
29537402.000000 57450.000000 3219.000000
29537693.000000 57968.000000 3003.000000
29555913.000000 57304.000000 3049.000000
29474895.000000 56437.000000 2937.000000
29545903.000000 57470.000000 3008.000000
27260862.000000 52793.000000 2375.000000
29599622.000000 57742.000000 2912.000000
29629725.000000 57252.000000 2783.000000
29551970.000000 57824.000000 3000.000000
29535833.000000 57440.000000 3190.000000
29585312.000000 57959.000000 2945.000000
29612210.000000 57827.000000 2927.000000
29589512.000000 57395.000000 2754.000000
29698751.000000 57924.000000 3013.000000
29622748.000000 57571.000000 3003.000000
29629208.000000 57607.000000 2573.000000
29525385.000000 57548.000000 2916.000000
29632740.000000 57412.000000 2798.000000
29292035.000000 57774.000000 2680.000000
29610722.000000 57529.000000 2923.000000
29151694.000000 56778.000000 2626.000000
29517778.000000 57448.000000 2672.000000
29620296.000000 57319.000000 2699.000000
29642898.000000 57426.000000 2679.000000
29585446.000000 57222.000000 2789.000000
29496719.000000 57592.000000 2902.000000
29568635.000000 57353.000000 2880.000000
29538363.000000 57287.000000 2994.000000
29507512.000000 57911.000000 2848.000000
29560395.000000 57613.000000 2799.000000
29605406.000000 57860.000000 2949.000000
29535582.000000 57556.000000 3008.000000
29437653.000000 57270.000000 2939.000000
29561497.000000 57824.000000 2816.000000
29503910.000000 57461.000000 2723.000000
29582207.000000 57193.000000 2847.000000
27086799.000000 51698.000000 2620.000000
29537531.000000 57259.000000 3050.000000
29582629.000000 58527.000000 3018.000000
29598615.000000 57570.000000 3039.000000
29507582.000000 57136.000000 3198.000000
29605836.000000 57414.000000 3089.000000
29599224.000000 57621.000000 3066.000000
29560827.000000 57723.000000 2985.000000
29463253.000000 57626.000000 3229.000000
29492310.000000 57475.000000 3149.000000
29530981.000000 57271.000000 3103.000000
29585135.000000 57682.000000 3057.000000
29601389.000000 57844.000000 3129.000000
29517270.000000 57449.000000 3122.000000
29465053.000000 57773.000000 3050.000000
29476606.000000 57792.000000 2764.000000
29581916.000000 57251.000000 3122.000000
29553312.000000 57371.000000 3031.000000
29571724.000000 57801.000000 3045.000000
29545218.000000 57344.000000 3118.000000
29554368.000000 57595.000000 3033.000000
29419946.000000 57208.000000 2810.000000
29548574.000000 57312.000000 3159.000000
29423394.000000 57301.000000 3064.000000
29569042.000000 57551.000000 3016.000000
29529329.000000 57532.000000 2913.000000
29596020.000000 57637.000000 2974.000000
