28147817.000000 83162.000000 787.000000
28147003.000000 83466.000000 779.000000
28050795.000000 83026.000000 758.000000
28170111.000000 84268.000000 717.000000
28123203.000000 82523.000000 785.000000
28012596.000000 84605.000000 890.000000
28178346.000000 83048.000000 799.000000
28079687.000000 82234.000000 816.000000
28174692.000000 83153.000000 800.000000
28072717.000000 82694.000000 874.000000
28197831.000000 82739.000000 804.000000
28124039.000000 84324.000000 853.000000
28148024.000000 83431.000000 708.000000
28135898.000000 83286.000000 764.000000
28118108.000000 82950.000000 846.000000
28180346.000000 82907.000000 838.000000
28135208.000000 83888.000000 813.000000
28231485.000000 82472.000000 774.000000
28043793.000000 83162.000000 803.000000
28057292.000000 82703.000000 801.000000
28136302.000000 82484.000000 854.000000
28170558.000000 82963.000000 886.000000
28102613.000000 82607.000000 777.000000
28189460.000000 83267.000000 841.000000
28182725.000000 82899.000000 874.000000
28102173.000000 82973.000000 911.000000
28115142.000000 82869.000000 905.000000
28166696.000000 83568.000000 847.000000
28163036.000000 82617.000000 847.000000
28178154.000000 82729.000000 893.000000
27289581.000000 79819.000000 843.000000
28241863.000000 82379.000000 868.000000
28071728.000000 82382.000000 844.000000
28168699.000000 83629.000000 862.000000
27842852.000000 81712.000000 950.000000
28102134.000000 82437.000000 870.000000
28145224.000000 82527.000000 874.000000
28036199.000000 83132.000000 857.000000
28135868.000000 83102.000000 854.000000
28169836.000000 82797.000000 885.000000
27975018.000000 82578.000000 895.000000
28151657.000000 83374.000000 875.000000
27890411.000000 82583.000000 892.000000
27840797.000000 84041.000000 903.000000
28068719.000000 83116.000000 871.000000
28183479.000000 83320.000000 870.000000
28189300.000000 82687.000000 822.000000
28173200.000000 83074.000000 799.000000
28157690.000000 82759.000000 786.000000
28035194.000000 82930.000000 875.000000
28146010.000000 82507.000000 896.000000
27860438.000000 84570.000000 856.000000
27934193.000000 82245.000000 829.000000
28192510.000000 83715.000000 818.000000
28157721.000000 82965.000000 903.000000
28127719.000000 83377.000000 987.000000
26465878.000000 78133.000000 752.000000
28038036.000000 82537.000000 909.000000
28157063.000000 82404.000000 1002.000000
28072784.000000 82170.000000 890.000000
28158453.000000 83796.000000 843.000000
27893033.000000 81817.000000 789.000000
28089445.000000 82879.000000 805.000000
28128625.000000 82708.000000 907.000000
28155603.000000 82870.000000 847.000000
28110958.000000 82882.000000 823.000000
28169834.000000 82733.000000 815.000000
28114392.000000 82778.000000 776.000000
28203581.000000 83098.000000 769.000000
28135671.000000 83714.000000 843.000000
28057821.000000 82128.000000 783.000000
28215138.000000 82860.000000 769.000000
28198187.000000 83010.000000 730.000000
28165727.000000 82834.000000 765.000000
28149781.000000 83167.000000 885.000000
28152717.000000 83342.000000 901.000000
28209937.000000 82239.000000 791.000000
28177929.000000 82455.000000 876.000000
28079631.000000 83478.000000 839.000000
28201289.000000 82905.000000 897.000000
28117251.000000 83141.000000 796.000000
28146019.000000 82571.000000 886.000000
28072171.000000 82455.000000 848.000000
28121693.000000 82209.000000 980.000000
27648696.000000 81086.000000 801.000000
28142042.000000 82835.000000 814.000000
28148684.000000 84267.000000 794.000000
28032383.000000 83652.000000 818.000000
28159311.000000 82538.000000 825.000000
28173295.000000 82814.000000 857.000000
28149648.000000 83219.000000 919.000000
28114429.000000 82866.000000 897.000000
28079726.000000 83284.000000 804.000000
28152638.000000 82542.000000 860.000000
28125535.000000 83942.000000 911.000000
28190227.000000 83328.000000 973.000000
28153496.000000 83534.000000 944.000000
28226244.000000 82932.000000 867.000000
28159346.000000 82738.000000 922.000000
28119565.000000 84401.000000 827.000000
