29431027.000000 49064.000000 3727.000000
29470668.000000 48946.000000 3455.000000
29260798.000000 48750.000000 3417.000000
29448583.000000 48774.000000 3798.000000
29446261.000000 48883.000000 3741.000000
29230338.000000 48342.000000 3696.000000
29106248.000000 48398.000000 3487.000000
29479940.000000 49103.000000 3388.000000
28098595.000000 46032.000000 3296.000000
29404994.000000 48883.000000 3566.000000
28226110.000000 46473.000000 3423.000000
29473269.000000 49251.000000 3438.000000
29243500.000000 48859.000000 3635.000000
29444163.000000 49164.000000 3870.000000
29346998.000000 48914.000000 3587.000000
29497303.000000 49033.000000 3364.000000
29515033.000000 49321.000000 3463.000000
29344218.000000 48788.000000 3465.000000
29431694.000000 48953.000000 3466.000000
29478147.000000 48860.000000 3553.000000
29289807.000000 48391.000000 3416.000000
29326758.000000 48771.000000 3658.000000
29505418.000000 48929.000000 3356.000000
29316150.000000 48684.000000 3497.000000
29467942.000000 48975.000000 3540.000000
29495843.000000 49057.000000 3627.000000
29456826.000000 48910.000000 3763.000000
29332753.000000 48766.000000 3460.000000
29452998.000000 48958.000000 3505.000000
29446946.000000 48805.000000 3641.000000
29446696.000000 48901.000000 3408.000000
29377207.000000 48830.000000 3568.000000
29374508.000000 48941.000000 3733.000000
29281318.000000 48657.000000 3596.000000
29450948.000000 49009.000000 3488.000000
29271500.000000 48822.000000 3777.000000
29360086.000000 48955.000000 3588.000000
29268554.000000 48749.000000 3811.000000
29417228.000000 49162.000000 3488.000000
29186721.000000 48761.000000 3311.000000
29305575.000000 48683.000000 3457.000000
29248114.000000 48487.000000 3537.000000
29375478.000000 48678.000000 3584.000000
29474405.000000 48995.000000 3448.000000
29506265.000000 49337.000000 3560.000000
29479335.000000 49118.000000 3328.000000
29313137.000000 48992.000000 3249.000000
29329760.000000 48819.000000 3383.000000
27791859.000000 44852.000000 3107.000000
29360398.000000 48912.000000 3405.000000
29534912.000000 48838.000000 3669.000000
29495540.000000 48961.000000 3474.000000
29441016.000000 49143.000000 3404.000000
29480834.000000 49164.000000 3357.000000
28961899.000000 48677.000000 3312.000000
29473258.000000 48894.000000 3436.000000
29480620.000000 48841.000000 3457.000000
29368613.000000 49216.000000 3601.000000
29316579.000000 48810.000000 3224.000000
29430373.000000 48908.000000 3257.000000
29462727.000000 48861.000000 3427.000000
29294512.000000 48750.000000 3263.000000
29252185.000000 48880.000000 3683.000000
29428984.000000 48984.000000 3579.000000
29413326.000000 48746.000000 3320.000000
29431547.000000 49038.000000 3698.000000
29198730.000000 48574.000000 3508.000000
29424160.000000 48861.000000 3560.000000
29341089.000000 48707.000000 3430.000000
29267420.000000 48494.000000 3331.000000
29402761.000000 49224.000000 3495.000000
29482684.000000 48914.000000 3237.000000
29491717.000000 49374.000000 3651.000000
29484702.000000 49365.000000 3094.000000
29402624.000000 48757.000000 3521.000000
29337389.000000 48709.000000 3657.000000
27475151.000000 44644.000000 3002.000000
29445412.000000 49009.000000 3156.000000
29296443.000000 48718.000000 3349.000000
29425044.000000 48639.000000 3429.000000
29334864.000000 48655.000000 3362.000000
29281596.000000 48273.000000 3628.000000
29247126.000000 48602.000000 3577.000000
29159628.000000 48427.000000 3313.000000
29506081.000000 48880.000000 3390.000000
29439880.000000 49217.000000 3398.000000
28685876.000000 47045.000000 3245.000000
29349024.000000 48980.000000 3489.000000
29380921.000000 48966.000000 3335.000000
29277747.000000 48788.000000 3396.000000
29364470.000000 48763.000000 3081.000000
29439299.000000 48877.000000 3372.000000
29485436.000000 49345.000000 3357.000000
29332141.000000 48980.000000 3111.000000
29548282.000000 49145.000000 3057.000000
29339299.000000 49061.000000 3279.000000
29512662.000000 48976.000000 3051.000000
29409870.000000 48766.000000 3295.000000
29393046.000000 48840.000000 3307.000000
29553499.000000 48836.000000 3232.000000
