27122621.000000 65944.000000 11469.000000
26974391.000000 65216.000000 11517.000000
27631859.000000 65909.000000 11733.000000
27636521.000000 65567.000000 11840.000000
27654287.000000 65449.000000 11775.000000
27549357.000000 65743.000000 11684.000000
27705137.000000 65357.000000 11727.000000
27616140.000000 66261.000000 11947.000000
27592074.000000 67018.000000 11806.000000
27197820.000000 65914.000000 11697.000000
27536867.000000 65276.000000 11895.000000
27451913.000000 65562.000000 11719.000000
27614258.000000 66344.000000 11853.000000
27630461.000000 65656.000000 11782.000000
27598034.000000 65312.000000 11877.000000
27595520.000000 65776.000000 11694.000000
27609583.000000 65764.000000 11931.000000
25853180.000000 59310.000000 10483.000000
27447898.000000 66884.000000 11947.000000
27412828.000000 64879.000000 11549.000000
27583484.000000 65233.000000 11692.000000
27635201.000000 65812.000000 11611.000000
27627757.000000 66459.000000 11616.000000
27623840.000000 66199.000000 11646.000000
27301003.000000 65808.000000 11284.000000
27524385.000000 66649.000000 11724.000000
27641132.000000 65965.000000 11661.000000
27673599.000000 65652.000000 11721.000000
27615724.000000 65724.000000 11697.000000
27512056.000000 66255.000000 11671.000000
27624158.000000 66507.000000 11849.000000
27595162.000000 65708.000000 11858.000000
27637335.000000 65320.000000 11791.000000
27610725.000000 66658.000000 12068.000000
27336337.000000 66681.000000 11637.000000
27582977.000000 65524.000000 11983.000000
27543535.000000 66600.000000 12131.000000
27584683.000000 65751.000000 11859.000000
27636814.000000 65728.000000 11866.000000
27630336.000000 65113.000000 11918.000000
27627694.000000 65703.000000 12017.000000
27662706.000000 65477.000000 11860.000000
27589743.000000 65433.000000 11873.000000
27589653.000000 65213.000000 11927.000000
27653883.000000 66410.000000 11904.000000
27595657.000000 65640.000000 11792.000000
27667362.000000 65593.000000 11845.000000
27609498.000000 66283.000000 11704.000000
27652157.000000 66113.000000 11773.000000
27657044.000000 65470.000000 11698.000000
27682139.000000 65838.000000 11609.000000
27292584.000000 65088.000000 11393.000000
27709791.000000 65463.000000 11826.000000
27541021.000000 65553.000000 11788.000000
27599140.000000 65549.000000 11843.000000
27563326.000000 65866.000000 11679.000000
27326185.000000 64990.000000 11758.000000
27639248.000000 66310.000000 11858.000000
27641615.000000 65762.000000 11571.000000
27590021.000000 65221.000000 11809.000000
27602283.000000 65444.000000 11815.000000
27574860.000000 67151.000000 11966.000000
27626881.000000 65417.000000 11823.000000
27584930.000000 65940.000000 11817.000000
27601271.000000 65706.000000 11862.000000
27570092.000000 65886.000000 11834.000000
27596848.000000 65198.000000 11939.000000
27617822.000000 66404.000000 11914.000000
27367267.000000 65838.000000 11763.000000
27606825.000000 65588.000000 11890.000000
27587684.000000 65613.000000 11915.000000
27679203.000000 65494.000000 11785.000000
27486369.000000 66169.000000 11785.000000
27533397.000000 65528.000000 11863.000000
27596020.000000 65343.000000 11892.000000
27577534.000000 65996.000000 11732.000000
27618207.000000 65593.000000 11645.000000
27675821.000000 65478.000000 11926.000000
27656699.000000 65882.000000 11922.000000
27543946.000000 66309.000000 11840.000000
27617995.000000 65156.000000 12013.000000
27569252.000000 66496.000000 11977.000000
27635993.000000 65586.000000 11725.000000
27668792.000000 65761.000000 11773.000000
27648639.000000 65674.000000 11988.000000
27666301.000000 65495.000000 11834.000000
27594114.000000 65563.000000 11929.000000
27575426.000000 65602.000000 11856.000000
27510566.000000 65742.000000 11877.000000
27578837.000000 65647.000000 11988.000000
27637238.000000 65506.000000 11738.000000
27623427.000000 65951.000000 11995.000000
27605376.000000 65485.000000 11927.000000
27632350.000000 65975.000000 11868.000000
27635110.000000 65954.000000 12047.000000
27590988.000000 65920.000000 11804.000000
27447333.000000 65859.000000 12030.000000
27606864.000000 66475.000000 11903.000000
27642991.000000 65680.000000 11831.000000
27311635.000000 65846.000000 11431.000000
