28286767.000000 81728.000000 1192.000000
28387628.000000 80215.000000 1084.000000
28266798.000000 78747.000000 992.000000
28438896.000000 80156.000000 1208.000000
28232772.000000 78814.000000 1082.000000
28306490.000000 80275.000000 1066.000000
28417027.000000 79362.000000 1164.000000
28478509.000000 79641.000000 982.000000
28462637.000000 79623.000000 1006.000000
28449642.000000 79625.000000 1132.000000
28299428.000000 81625.000000 1032.000000
28268582.000000 81631.000000 1052.000000
28352776.000000 80029.000000 1077.000000
28393284.000000 81749.000000 1004.000000
28478985.000000 79545.000000 1030.000000
28485554.000000 79602.000000 1059.000000
28409984.000000 79675.000000 1111.000000
28370008.000000 80691.000000 974.000000
28469418.000000 80073.000000 1210.000000
28470464.000000 79382.000000 1113.000000
28359887.000000 80441.000000 1055.000000
28336309.000000 78600.000000 970.000000
28427442.000000 79332.000000 965.000000
28489351.000000 79212.000000 1082.000000
28307027.000000 79890.000000 1127.000000
28457603.000000 79415.000000 1069.000000
28343330.000000 80314.000000 1061.000000
28429444.000000 79036.000000 1092.000000
28321977.000000 82009.000000 901.000000
28383468.000000 79535.000000 967.000000
28323751.000000 81911.000000 1021.000000
28434195.000000 79416.000000 1017.000000
28450601.000000 79164.000000 1040.000000
28257645.000000 79906.000000 1074.000000
28376047.000000 79558.000000 1091.000000
28248886.000000 79289.000000 1052.000000
28240659.000000 79768.000000 988.000000
28462570.000000 80012.000000 1137.000000
28399224.000000 79585.000000 1140.000000
28335961.000000 81595.000000 1091.000000
28313410.000000 81793.000000 987.000000
28401253.000000 79189.000000 1057.000000
28491313.000000 79262.000000 949.000000
28330821.000000 79080.000000 938.000000
28446145.000000 79704.000000 1038.000000
28354816.000000 82686.000000 1143.000000
28470255.000000 80260.000000 1096.000000
28370841.000000 82934.000000 1067.000000
28405714.000000 80633.000000 950.000000
28450183.000000 79483.000000 1022.000000
28444514.000000 79469.000000 1017.000000
28303187.000000 81789.000000 1013.000000
28335790.000000 82211.000000 913.000000
28426036.000000 79964.000000 1002.000000
28462846.000000 79706.000000 1020.000000
28301284.000000 79223.000000 1048.000000
28391953.000000 80503.000000 943.000000
28372497.000000 79924.000000 1024.000000
28398164.000000 79495.000000 854.000000
28481375.000000 79634.000000 1048.000000
28371628.000000 81504.000000 925.000000
28348827.000000 79595.000000 989.000000
28355886.000000 81647.000000 985.000000
28304028.000000 79371.000000 1032.000000
28396689.000000 80118.000000 1026.000000
28446822.000000 79431.000000 1144.000000
28336616.000000 81302.000000 1020.000000
28453913.000000 79845.000000 1048.000000
28398122.000000 80962.000000 1043.000000
27715257.000000 77459.000000 884.000000
28302067.000000 79139.000000 914.000000
28314899.000000 80131.000000 1082.000000
28523863.000000 79785.000000 967.000000
28382951.000000 81489.000000 1106.000000
28300174.000000 78988.000000 1091.000000
28503791.000000 79515.000000 921.000000
28270718.000000 79978.000000 1028.000000
28316261.000000 81765.000000 1117.000000
28136878.000000 78425.000000 1097.000000
28301284.000000 79997.000000 996.000000
28409046.000000 80289.000000 1090.000000
28316594.000000 79605.000000 1095.000000
28452768.000000 79291.000000 1210.000000
28362621.000000 81219.000000 1226.000000
28350240.000000 79573.000000 1094.000000
28338418.000000 78773.000000 1056.000000
28364900.000000 82293.000000 1070.000000
28316959.000000 82091.000000 1065.000000
28483609.000000 79676.000000 1086.000000
28332444.000000 82602.000000 1000.000000
28439131.000000 80087.000000 1026.000000
28268806.000000 79597.000000 983.000000
28428611.000000 79773.000000 1101.000000
28193904.000000 79464.000000 1100.000000
28395115.000000 80302.000000 1053.000000
28469085.000000 78947.000000 981.000000
28496659.000000 79930.000000 1105.000000
28363744.000000 81384.000000 1048.000000
28451936.000000 79309.000000 1142.000000
28145843.000000 80964.000000 940.000000
