24323507.000000 71434.000000 29851.000000
24463389.000000 72747.000000 29499.000000
24494473.000000 71803.000000 29348.000000
24461483.000000 71754.000000 29478.000000
24494679.000000 72015.000000 29426.000000
24222289.000000 71269.000000 30010.000000
24502511.000000 71500.000000 29760.000000
24473167.000000 71453.000000 29882.000000
24495098.000000 71636.000000 29539.000000
24408630.000000 71254.000000 29757.000000
24598503.000000 69960.000000 29045.000000
24537203.000000 72473.000000 29602.000000
24363826.000000 72256.000000 29856.000000
24484215.000000 72246.000000 29519.000000
24379401.000000 71615.000000 29706.000000
24351478.000000 71168.000000 29731.000000
24433853.000000 71596.000000 29559.000000
23942727.000000 70735.000000 29448.000000
24464129.000000 71990.000000 29492.000000
23716589.000000 70654.000000 28757.000000
24455556.000000 71564.000000 29831.000000
24494371.000000 71475.000000 29630.000000
24437856.000000 71928.000000 29802.000000
24471505.000000 71763.000000 29744.000000
24358640.000000 71260.000000 29746.000000
24336150.000000 71509.000000 30170.000000
24492685.000000 71865.000000 29504.000000
24125640.000000 71977.000000 29489.000000
24385582.000000 71587.000000 29801.000000
24430653.000000 71629.000000 29817.000000
24435978.000000 71833.000000 29952.000000
24501983.000000 71674.000000 29937.000000
24503515.000000 71709.000000 29929.000000
24274538.000000 71296.000000 29909.000000
23974987.000000 71966.000000 30016.000000
24382065.000000 72145.000000 30078.000000
24450502.000000 71601.000000 29772.000000
24469455.000000 72337.000000 29373.000000
24413504.000000 71344.000000 30053.000000
24440252.000000 71511.000000 29614.000000
24414576.000000 71246.000000 29914.000000
23849678.000000 70526.000000 29106.000000
24332082.000000 71045.000000 30032.000000
24498602.000000 71486.000000 29642.000000
24438868.000000 71346.000000 29682.000000
24507638.000000 71971.000000 29919.000000
24246519.000000 70598.000000 30029.000000
24518134.000000 71019.000000 29268.000000
24496691.000000 72105.000000 29431.000000
24526025.000000 71715.000000 29185.000000
24521774.000000 71653.000000 29429.000000
24485900.000000 71445.000000 29701.000000
24504458.000000 71423.000000 29908.000000
24518339.000000 71661.000000 29512.000000
24529598.000000 71898.000000 29625.000000
24196033.000000 70989.000000 29829.000000
24386030.000000 71260.000000 29660.000000
23866731.000000 70103.000000 28771.000000
24143989.000000 71226.000000 29695.000000
24437222.000000 71708.000000 29813.000000
24371267.000000 71642.000000 30392.000000
24426488.000000 71762.000000 29759.000000
24583217.000000 70378.000000 28432.000000
24519609.000000 71411.000000 29543.000000
24462734.000000 71502.000000 29777.000000
24363896.000000 72520.000000 29723.000000
24460580.000000 71398.000000 29520.000000
24484590.000000 71745.000000 29624.000000
24424151.000000 71722.000000 29742.000000
24499563.000000 71782.000000 29819.000000
24420318.000000 71373.000000 29891.000000
24442398.000000 72804.000000 29570.000000
24485728.000000 71719.000000 29863.000000
24414925.000000 71414.000000 29570.000000
24412202.000000 71986.000000 29750.000000
24463296.000000 71951.000000 29719.000000
24415693.000000 71353.000000 29845.000000
24275969.000000 71726.000000 30078.000000
24448459.000000 71355.000000 30022.000000
23917463.000000 70904.000000 29493.000000
24354216.000000 71799.000000 29906.000000
24427428.000000 71942.000000 29821.000000
24467627.000000 71650.000000 29659.000000
24498488.000000 72485.000000 29614.000000
24485119.000000 71200.000000 29919.000000
24401453.000000 71399.000000 29737.000000
24415047.000000 72184.000000 29895.000000
24454428.000000 71674.000000 29729.000000
24377425.000000 71756.000000 29958.000000
24409928.000000 72222.000000 30131.000000
24466504.000000 71299.000000 29804.000000
24452948.000000 71391.000000 29420.000000
24474434.000000 71971.000000 29839.000000
24509523.000000 71698.000000 29945.000000
24393778.000000 71864.000000 29651.000000
24430764.000000 72059.000000 29661.000000
24486667.000000 72189.000000 29634.000000
24533475.000000 71574.000000 29955.000000
24463444.000000 71587.000000 29898.000000
24419871.000000 72289.000000 29829.000000
