29194633.000000 71746.000000 314.000000
29218809.000000 71238.000000 272.000000
29126671.000000 70265.000000 250.000000
29209087.000000 71026.000000 295.000000
29213501.000000 71178.000000 173.000000
29229110.000000 70675.000000 270.000000
29072810.000000 71649.000000 326.000000
29202262.000000 70208.000000 139.000000
29251337.000000 71206.000000 172.000000
29211607.000000 71251.000000 164.000000
29158200.000000 70683.000000 298.000000
29227835.000000 70722.000000 349.000000
29274568.000000 71349.000000 271.000000
29269727.000000 71142.000000 157.000000
29044725.000000 70716.000000 125.000000
29284393.000000 71120.000000 180.000000
29200727.000000 71418.000000 162.000000
29225059.000000 70611.000000 154.000000
29161360.000000 70506.000000 169.000000
28907826.000000 70606.000000 137.000000
29270715.000000 70997.000000 124.000000
29155771.000000 70737.000000 175.000000
29199036.000000 70732.000000 140.000000
29293627.000000 71360.000000 192.000000
29306340.000000 70994.000000 162.000000
29047872.000000 70946.000000 121.000000
29236188.000000 71823.000000 190.000000
29275786.000000 71350.000000 148.000000
29265422.000000 71629.000000 175.000000
28886376.000000 69490.000000 109.000000
29231099.000000 71350.000000 153.000000
29261036.000000 70492.000000 151.000000
29225522.000000 70640.000000 222.000000
29298100.000000 70747.000000 184.000000
29189102.000000 70941.000000 155.000000
29230696.000000 71081.000000 138.000000
28885814.000000 70133.000000 403.000000
29254087.000000 70769.000000 126.000000
29275159.000000 71110.000000 242.000000
29274435.000000 71274.000000 149.000000
29006778.000000 71412.000000 249.000000
29229616.000000 70363.000000 140.000000
29080347.000000 71471.000000 153.000000
29233535.000000 71197.000000 221.000000
29243483.000000 70683.000000 219.000000
29250266.000000 71227.000000 111.000000
29258518.000000 71469.000000 252.000000
29308657.000000 70801.000000 204.000000
29271460.000000 71310.000000 209.000000
29322518.000000 70487.000000 113.000000
29155723.000000 70725.000000 129.000000
29326906.000000 71292.000000 142.000000
29151300.000000 71526.000000 153.000000
29262613.000000 70979.000000 160.000000
29144036.000000 70494.000000 113.000000
29203855.000000 70985.000000 154.000000
29267556.000000 71537.000000 133.000000
29029872.000000 70864.000000 253.000000
29220460.000000 71738.000000 190.000000
29154496.000000 70200.000000 294.000000
29086871.000000 71933.000000 320.000000
29194686.000000 71086.000000 288.000000
29195155.000000 71570.000000 295.000000
29191223.000000 70670.000000 202.000000
29262291.000000 71017.000000 239.000000
29267311.000000 71365.000000 147.000000
29211989.000000 71886.000000 326.000000
29212220.000000 70444.000000 221.000000
27789521.000000 65625.000000 212.000000
29233369.000000 70288.000000 168.000000
29219491.000000 72415.000000 132.000000
29211979.000000 70915.000000 323.000000
29266529.000000 71041.000000 337.000000
29215988.000000 70970.000000 126.000000
29214708.000000 70799.000000 278.000000
29087059.000000 70123.000000 372.000000
29280390.000000 70893.000000 271.000000
27897197.000000 66356.000000 175.000000
29304952.000000 71055.000000 312.000000
29221132.000000 71938.000000 215.000000
29297650.000000 71009.000000 206.000000
29272194.000000 71177.000000 147.000000
29275572.000000 71211.000000 190.000000
28921910.000000 69687.000000 183.000000
29273513.000000 70907.000000 114.000000
29212408.000000 70566.000000 212.000000
29269633.000000 71678.000000 144.000000
29137623.000000 72203.000000 145.000000
29184224.000000 71259.000000 143.000000
28457676.000000 70111.000000 92.000000
29289199.000000 71032.000000 118.000000
29246525.000000 71074.000000 187.000000
29164464.000000 71976.000000 305.000000
29134288.000000 70735.000000 120.000000
29136105.000000 70933.000000 360.000000
29210527.000000 71096.000000 192.000000
29230353.000000 71256.000000 279.000000
29329436.000000 71196.000000 218.000000
29290592.000000 70921.000000 192.000000
29226897.000000 71624.000000 153.000000
