31079420.000000 24479.000000 256.000000
30805985.000000 24596.000000 293.000000
31181851.000000 23799.000000 288.000000
31060145.000000 24148.000000 325.000000
31094222.000000 23914.000000 274.000000
31187699.000000 23681.000000 312.000000
31082126.000000 24130.000000 284.000000
31171400.000000 23995.000000 251.000000
31126548.000000 23825.000000 315.000000
30997792.000000 23980.000000 293.000000
31098998.000000 24681.000000 379.000000
31030908.000000 25469.000000 214.000000
31128397.000000 24332.000000 338.000000
31152702.000000 24122.000000 218.000000
31194418.000000 23865.000000 238.000000
31043861.000000 24131.000000 170.000000
31122545.000000 23616.000000 274.000000
30758842.000000 24187.000000 318.000000
31145747.000000 24029.000000 376.000000
31093364.000000 24116.000000 181.000000
31090274.000000 23536.000000 131.000000
30995149.000000 24290.000000 338.000000
30381797.000000 23897.000000 333.000000
31115706.000000 24568.000000 316.000000
31148035.000000 24466.000000 188.000000
31094047.000000 23630.000000 400.000000
31169209.000000 23831.000000 264.000000
31128531.000000 24218.000000 363.000000
31014659.000000 24361.000000 306.000000
30992052.000000 24180.000000 313.000000
31193857.000000 24155.000000 210.000000
31163012.000000 24582.000000 171.000000
31136212.000000 23969.000000 245.000000
31230552.000000 23855.000000 231.000000
31088896.000000 24443.000000 286.000000
31122847.000000 24261.000000 251.000000
31129372.000000 24299.000000 370.000000
31096101.000000 24057.000000 499.000000
31093188.000000 24193.000000 245.000000
31182050.000000 24383.000000 328.000000
31094355.000000 23629.000000 273.000000
31140986.000000 23782.000000 350.000000
31179808.000000 23849.000000 176.000000
31189416.000000 23494.000000 261.000000
31106871.000000 24762.000000 368.000000
31126231.000000 24356.000000 282.000000
31078863.000000 24570.000000 389.000000
29549548.000000 23133.000000 348.000000
31151609.000000 24263.000000 295.000000
31066243.000000 24199.000000 484.000000
31158676.000000 24217.000000 267.000000
31121263.000000 23878.000000 342.000000
31144277.000000 24537.000000 291.000000
31100473.000000 24259.000000 416.000000
31175234.000000 23371.000000 303.000000
31165482.000000 24190.000000 212.000000
31214371.000000 24040.000000 159.000000
31211978.000000 24001.000000 239.000000
31116128.000000 24129.000000 320.000000
30789620.000000 23212.000000 204.000000
30879854.000000 23242.000000 318.000000
31077176.000000 23614.000000 254.000000
31191209.000000 24510.000000 247.000000
31134746.000000 23650.000000 201.000000
31052213.000000 23685.000000 202.000000
31131343.000000 23735.000000 370.000000
31119398.000000 23075.000000 270.000000
31141191.000000 24299.000000 174.000000
31174003.000000 23811.000000 314.000000
31162283.000000 23896.000000 437.000000
31020848.000000 24643.000000 151.000000
31172277.000000 24024.000000 256.000000
31107306.000000 24489.000000 295.000000
30949377.000000 24091.000000 397.000000
31013930.000000 24986.000000 276.000000
29720966.000000 23941.000000 104.000000
31178515.000000 24222.000000 176.000000
30772798.000000 23708.000000 208.000000
31117552.000000 24273.000000 296.000000
31044722.000000 23471.000000 432.000000
31080255.000000 24501.000000 374.000000
31043702.000000 24517.000000 241.000000
31090847.000000 24341.000000 235.000000
31011028.000000 23671.000000 115.000000
29937047.000000 22913.000000 188.000000
31006114.000000 23824.000000 201.000000
31136160.000000 24263.000000 315.000000
31182948.000000 24415.000000 220.000000
31154351.000000 24366.000000 226.000000
30997100.000000 23685.000000 284.000000
30215816.000000 23129.000000 239.000000
31047973.000000 24158.000000 218.000000
28949664.000000 22069.000000 192.000000
31094706.000000 25080.000000 204.000000
31131843.000000 23921.000000 191.000000
31154304.000000 24087.000000 201.000000
31149641.000000 24229.000000 303.000000
31020742.000000 24447.000000 312.000000
31135491.000000 24496.000000 287.000000
31104132.000000 24361.000000 222.000000
