30365310.000000 41428.000000 63.000000
30377969.000000 41015.000000 29.000000
30417876.000000 41646.000000 23.000000
30300056.000000 41318.000000 31.000000
30410914.000000 41290.000000 14.000000
30402815.000000 41407.000000 8.000000
30102708.000000 40692.000000 156.000000
30353128.000000 41248.000000 3.000000
30240204.000000 41144.000000 191.000000
30435156.000000 41568.000000 81.000000
29137314.000000 39207.000000 35.000000
30447284.000000 41344.000000 17.000000
30285650.000000 41441.000000 33.000000
30439010.000000 41107.000000 6.000000
30417390.000000 41300.000000 19.000000
30379879.000000 41257.000000 24.000000
30502297.000000 41181.000000 10.000000
30396249.000000 41367.000000 18.000000
30448440.000000 41064.000000 79.000000
30335333.000000 41008.000000 59.000000
30447874.000000 40949.000000 42.000000
30406116.000000 41260.000000 64.000000
30410037.000000 41514.000000 1.000000
30403797.000000 41649.000000 12.000000
30244053.000000 41061.000000 6.000000
30412308.000000 41461.000000 38.000000
30042723.000000 40593.000000 3.000000
30169216.000000 41002.000000 36.000000
30365994.000000 41532.000000 5.000000
30426319.000000 41310.000000 44.000000
30097134.000000 40704.000000 13.000000
30370314.000000 41195.000000 10.000000
30249286.000000 40884.000000 43.000000
28964134.000000 38799.000000 20.000000
30351182.000000 41543.000000 90.000000
30436207.000000 41521.000000 9.000000
30418453.000000 41134.000000 2.000000
30316811.000000 41251.000000 43.000000
30477007.000000 41144.000000 26.000000
30201227.000000 41249.000000 4.000000
30342969.000000 41137.000000 4.000000
30417374.000000 41449.000000 14.000000
30381534.000000 40915.000000 3.000000
30359260.000000 41213.000000 11.000000
30448780.000000 41145.000000 48.000000
30425126.000000 40755.000000 4.000000
30440906.000000 41476.000000 4.000000
30344077.000000 40805.000000 3.000000
30382204.000000 40963.000000 14.000000
30356414.000000 41384.000000 8.000000
30449141.000000 41161.000000 7.000000
30087861.000000 40568.000000 2.000000
30415665.000000 41284.000000 8.000000
30335971.000000 40992.000000 4.000000
30474853.000000 41159.000000 14.000000
30342049.000000 41208.000000 11.000000
30421383.000000 41170.000000 1.000000
30262072.000000 41017.000000 10.000000
30405589.000000 40916.000000 2.000000
30426565.000000 41156.000000 11.000000
30388787.000000 41010.000000 17.000000
30301657.000000 40824.000000 12.000000
30447988.000000 41702.000000 0.000000
30382730.000000 41230.000000 8.000000
30419993.000000 41159.000000 0.000000
30143971.000000 40701.000000 0.000000
30286508.000000 41174.000000 18.000000
30455128.000000 41062.000000 10.000000
30418471.000000 40959.000000 1.000000
30459176.000000 41157.000000 4.000000
30236566.000000 41044.000000 21.000000
30458630.000000 40951.000000 22.000000
30408280.000000 41155.000000 19.000000
30259836.000000 41323.000000 54.000000
30346444.000000 41186.000000 62.000000
30329790.000000 41401.000000 37.000000
30261213.000000 40883.000000 23.000000
30348908.000000 41016.000000 9.000000
30263938.000000 40825.000000 0.000000
30313839.000000 41136.000000 14.000000
30288097.000000 41462.000000 5.000000
30354893.000000 41053.000000 10.000000
30336742.000000 41491.000000 11.000000
29141599.000000 39034.000000 2.000000
30398577.000000 41028.000000 32.000000
30245460.000000 41519.000000 1.000000
30364542.000000 40989.000000 2.000000
30420993.000000 41304.000000 1.000000
30449020.000000 41169.000000 7.000000
30471393.000000 41149.000000 44.000000
30456946.000000 41310.000000 11.000000
30430405.000000 41014.000000 8.000000
30445582.000000 41227.000000 2.000000
30276291.000000 41167.000000 47.000000
30465828.000000 41474.000000 47.000000
30321951.000000 41477.000000 8.000000
30352079.000000 40739.000000 42.000000
30354763.000000 41315.000000 3.000000
30241562.000000 40998.000000 23.000000
30470688.000000 41064.000000 4.000000
