18808886.000000 57818.000000 23354.000000
18698752.000000 58685.000000 23561.000000
19594244.000000 58190.000000 23284.000000
19200419.000000 59896.000000 23621.000000
20198418.000000 59625.000000 23553.000000
19628512.000000 58088.000000 23632.000000
19214373.000000 59111.000000 23532.000000
19235746.000000 59165.000000 23582.000000
19179446.000000 58945.000000 23355.000000
19228070.000000 59395.000000 23605.000000
19339189.000000 59225.000000 23601.000000
18683046.000000 57773.000000 23552.000000
19403923.000000 60006.000000 23584.000000
20082230.000000 58714.000000 23507.000000
18886271.000000 58759.000000 23530.000000
19268024.000000 59629.000000 23529.000000
19241606.000000 59374.000000 23578.000000
19162606.000000 59125.000000 23405.000000
19152136.000000 59012.000000 23530.000000
19126167.000000 58739.000000 23591.000000
19160115.000000 59234.000000 23383.000000
19779138.000000 59073.000000 23387.000000
19643084.000000 60212.000000 23887.000000
18940246.000000 58366.000000 23390.000000
20199361.000000 58919.000000 23570.000000
19111451.000000 59233.000000 23649.000000
19010574.000000 58687.000000 23540.000000
19535284.000000 59981.000000 24370.000000
18593408.000000 57912.000000 23388.000000
19454834.000000 57214.000000 23603.000000
19298755.000000 59817.000000 23658.000000
19762953.000000 60796.000000 24194.000000
19496170.000000 57350.000000 23207.000000
20103123.000000 59130.000000 23507.000000
19147097.000000 58945.000000 23567.000000
19259751.000000 59667.000000 23630.000000
18568838.000000 57785.000000 23297.000000
19096645.000000 59858.000000 23590.000000
19305808.000000 59789.000000 23618.000000
19531961.000000 61409.000000 23532.000000
19280979.000000 59669.000000 23522.000000
18806846.000000 58343.000000 23363.000000
19019217.000000 59139.000000 23452.000000
19068200.000000 59120.000000 23461.000000
19474917.000000 59793.000000 23633.000000
19045540.000000 58878.000000 23374.000000
19049363.000000 58587.000000 23524.000000
19090165.000000 59484.000000 23498.000000
18925592.000000 58514.000000 23422.000000
18620227.000000 57190.000000 23409.000000
19212023.000000 59329.000000 23542.000000
19581146.000000 57624.000000 23566.000000
19173236.000000 59808.000000 23635.000000
20067356.000000 59297.000000 23470.000000
18719542.000000 57954.000000 23629.000000
18927295.000000 58232.000000 23503.000000
19115351.000000 59484.000000 23478.000000
19070766.000000 58923.000000 23539.000000
18733159.000000 57648.000000 23594.000000
19652050.000000 58165.000000 23503.000000
18949993.000000 58553.000000 23619.000000
19045820.000000 59339.000000 23476.000000
19718677.000000 58217.000000 23337.000000
19047340.000000 58650.000000 23474.000000
18948954.000000 58169.000000 23519.000000
19068962.000000 59347.000000 23554.000000
19042458.000000 58642.000000 23427.000000
19549098.000000 58142.000000 23417.000000
18985107.000000 59223.000000 23499.000000
19439603.000000 58149.000000 23363.000000
18965358.000000 58547.000000 23457.000000
19204195.000000 59148.000000 23465.000000
20116103.000000 59657.000000 23537.000000
19502715.000000 57413.000000 23404.000000
18705189.000000 58189.000000 23529.000000
18737194.000000 58164.000000 23670.000000
18711674.000000 57682.000000 23261.000000
19023182.000000 58698.000000 23477.000000
18565715.000000 58055.000000 23317.000000
18836322.000000 58355.000000 23406.000000
18944362.000000 58463.000000 23498.000000
19207743.000000 59117.000000 23551.000000
19726645.000000 57734.000000 23393.000000
20179838.000000 59679.000000 23544.000000
18961760.000000 58319.000000 23431.000000
20096838.000000 58981.000000 23516.000000
19425702.000000 59736.000000 23574.000000
19216890.000000 59155.000000 23559.000000
19491748.000000 60356.000000 24215.000000
19088047.000000 58835.000000 23552.000000
19120502.000000 58902.000000 23517.000000
19477400.000000 57497.000000 23481.000000
19213298.000000 56985.000000 23387.000000
18872662.000000 58560.000000 23588.000000
19093727.000000 59120.000000 23583.000000
19568862.000000 60443.000000 23603.000000
20128851.000000 59531.000000 23504.000000
19628156.000000 58359.000000 23577.000000
19034802.000000 58737.000000 23461.000000
19295837.000000 59400.000000 24068.000000
