9933024.000000 110704.000000 70173.000000
9222640.000000 132598.000000 70192.000000
7769100.000000 173013.000000 68934.000000
7254983.000000 198130.000000 70254.000000
10351253.000000 107056.000000 71316.000000
17065894.000000 118083.000000 69560.000000
10139154.000000 109114.000000 69381.000000
9987412.000000 102966.000000 70182.000000
10141013.000000 104968.000000 70879.000000
10056093.000000 104019.000000 70826.000000
10024455.000000 103627.000000 70840.000000
8072424.000000 170575.000000 69410.000000
9033030.000000 155589.000000 70557.000000
8416613.000000 163214.000000 70680.000000
8716700.000000 163066.000000 69768.000000
8101462.000000 182088.000000 69232.000000
10222582.000000 106383.000000 70955.000000
9565993.000000 121263.000000 70161.000000
10104795.000000 105124.000000 70953.000000
10038419.000000 104195.000000 70500.000000
10112293.000000 104135.000000 70115.000000
2053095.000000 288166.000000 71429.000000
10033857.000000 104250.000000 70169.000000
10049914.000000 103530.000000 70742.000000
9717224.000000 109796.000000 68611.000000
7419004.000000 191158.000000 70711.000000
10067245.000000 103846.000000 70900.000000
5517719.000000 221728.000000 70272.000000
8571541.000000 156577.000000 70206.000000
10223344.000000 105510.000000 70186.000000
4513378.000000 242190.000000 70803.000000
9955085.000000 103439.000000 69082.000000
8874722.000000 140828.000000 70163.000000
1994573.000000 284976.000000 70289.000000
4872783.000000 229968.000000 70221.000000
24838860.000000 75970.000000 13431.000000
7911082.000000 174441.000000 70227.000000
8310270.000000 161529.000000 70220.000000
7213305.000000 190954.000000 70245.000000
8119524.000000 180954.000000 70575.000000
7632901.000000 176350.000000 68579.000000
16739455.000000 115589.000000 69588.000000
5520466.000000 221527.000000 70241.000000
2029633.000000 292209.000000 71508.000000
7708821.000000 189007.000000 70203.000000
8692246.000000 152528.000000 70210.000000
5306606.000000 228949.000000 70277.000000
10119542.000000 115348.000000 69701.000000
7012442.000000 195009.000000 70621.000000
8407044.000000 160286.000000 70201.000000
8951462.000000 152973.000000 70500.000000
8280524.000000 178451.000000 70203.000000
6545165.000000 198490.000000 68607.000000
8562122.000000 162260.000000 70212.000000
9682274.000000 128317.000000 70187.000000
8776448.000000 153134.000000 68964.000000
10355830.000000 107081.000000 71210.000000
10142065.000000 104460.000000 70646.000000
5977115.000000 212075.000000 68677.000000
8770983.000000 159543.000000 70192.000000
8578901.000000 155108.000000 68646.000000
7109515.000000 191729.000000 70127.000000
9554816.000000 115272.000000 68116.000000
10079236.000000 107193.000000 70137.000000
8976830.000000 126234.000000 67947.000000
10275883.000000 106174.000000 70895.000000
9342820.000000 120249.000000 69192.000000
10027099.000000 104040.000000 70187.000000
8585280.000000 134870.000000 68022.000000
10032793.000000 103660.000000 70194.000000
9775560.000000 108342.000000 68063.000000
7839210.000000 169601.000000 68376.000000
8567752.000000 156834.000000 70190.000000
7075332.000000 195959.000000 70230.000000
6117097.000000 212497.000000 70239.000000
10074758.000000 104527.000000 71060.000000
8110614.000000 157739.000000 68012.000000
6921056.000000 200175.000000 70406.000000
8773463.000000 144584.000000 70170.000000
7522349.000000 186407.000000 70532.000000
9355817.000000 119445.000000 69497.000000
10176525.000000 105474.000000 70171.000000
4828763.000000 323649.000000 72533.000000
1994660.000000 287354.000000 70334.000000
10093166.000000 104593.000000 70095.000000
8400549.000000 170525.000000 70020.000000
9436372.000000 117238.000000 68120.000000
10162866.000000 104692.000000 71418.000000
2079221.000000 289943.000000 70270.000000
9858299.000000 111716.000000 70606.000000
8032169.000000 163002.000000 69402.000000
9028615.000000 138792.000000 70090.000000
5500078.000000 219500.000000 70281.000000
8952294.000000 139304.000000 70477.000000
8599045.000000 158737.000000 70194.000000
3088589.000000 268191.000000 70302.000000
9612916.000000 112464.000000 68570.000000
9538875.000000 123623.000000 70545.000000
6961898.000000 197816.000000 69152.000000
8824615.000000 144838.000000 69380.000000
