25984970.000000 33854.000000 16712.000000
27504888.000000 36331.000000 17928.000000
27675451.000000 36002.000000 17134.000000
25029033.000000 33325.000000 16566.000000
27694361.000000 35564.000000 17613.000000
27687597.000000 35397.000000 17845.000000
26241236.000000 33149.000000 15598.000000
26833792.000000 35841.000000 18699.000000
25777143.000000 32967.000000 16515.000000
26372309.000000 33361.000000 16054.000000
25428685.000000 34495.000000 17909.000000
27398972.000000 35528.000000 17588.000000
27021289.000000 35710.000000 18487.000000
27405017.000000 35747.000000 18232.000000
25838973.000000 33564.000000 16251.000000
25875411.000000 34656.000000 18001.000000
25518808.000000 36640.000000 19952.000000
27429516.000000 35503.000000 17419.000000
25326565.000000 33710.000000 17535.000000
26141839.000000 34338.000000 16717.000000
25918477.000000 33099.000000 17463.000000
25331270.000000 34172.000000 18050.000000
19401547.000000 34478.000000 21170.000000
25712842.000000 33708.000000 17858.000000
25497864.000000 35599.000000 20026.000000
27602915.000000 35807.000000 17998.000000
25946657.000000 33305.000000 16987.000000
27240568.000000 35698.000000 18548.000000
27259669.000000 36769.000000 19499.000000
25190417.000000 35848.000000 20061.000000
441353.000000 24075.000000 23555.000000
27682094.000000 35530.000000 17780.000000
25872479.000000 33251.000000 17249.000000
8572356.000000 23836.000000 23792.000000
27569922.000000 35507.000000 17464.000000
25774533.000000 33422.000000 16886.000000
24154613.000000 34899.000000 20144.000000
25531783.000000 34372.000000 17652.000000
25751698.000000 33209.000000 17499.000000
25888102.000000 34491.000000 17896.000000
25690689.000000 33868.000000 17288.000000
26203802.000000 33064.000000 15866.000000
27022308.000000 36111.000000 19157.000000
27346858.000000 36175.000000 18793.000000
26189396.000000 33036.000000 15784.000000
25352662.000000 32698.000000 16851.000000
25902229.000000 33913.000000 17441.000000
27417806.000000 35140.000000 17680.000000
25853648.000000 33284.000000 16604.000000
27540926.000000 35724.000000 17665.000000
27245887.000000 37216.000000 19350.000000
27503223.000000 35453.000000 17334.000000
25770975.000000 33422.000000 16887.000000
26029854.000000 33371.000000 16972.000000
27513498.000000 35275.000000 17890.000000
26141461.000000 33260.000000 16121.000000
24410097.000000 35335.000000 19600.000000
26052321.000000 33354.000000 16599.000000
26430913.000000 35819.000000 18363.000000
26014654.000000 32836.000000 16425.000000
26331806.000000 36123.000000 19210.000000
8532398.000000 23830.000000 23791.000000
25537301.000000 33983.000000 18080.000000
23805006.000000 33082.000000 16957.000000
27745847.000000 35593.000000 17337.000000
27637539.000000 35515.000000 18621.000000
23748278.000000 37495.000000 21829.000000
27698037.000000 35566.000000 16726.000000
27430190.000000 36149.000000 18883.000000
24951313.000000 36011.000000 20131.000000
25175330.000000 36099.000000 20151.000000
24250507.000000 36369.000000 20748.000000
25770666.000000 33552.000000 17053.000000
27694857.000000 35554.000000 17270.000000
27360259.000000 35906.000000 18128.000000
26837514.000000 33508.000000 15997.000000
26562047.000000 34178.000000 17133.000000
27608259.000000 35653.000000 18490.000000
27527335.000000 35939.000000 17564.000000
27539183.000000 35548.000000 17666.000000
26932382.000000 37542.000000 20803.000000
27701304.000000 35461.000000 17581.000000
27619654.000000 35961.000000 18550.000000
27388008.000000 35801.000000 18864.000000
27617104.000000 35361.000000 16817.000000
27671255.000000 35457.000000 16845.000000
27376211.000000 35447.000000 17622.000000
27534491.000000 35266.000000 17328.000000
27518111.000000 35443.000000 17342.000000
26963795.000000 36703.000000 19069.000000
27185280.000000 35623.000000 18513.000000
27714371.000000 35098.000000 17812.000000
27473922.000000 36342.000000 18508.000000
27649510.000000 35722.000000 17662.000000
26593872.000000 35945.000000 18144.000000
27638935.000000 35404.000000 16661.000000
27713032.000000 35762.000000 17853.000000
26706488.000000 36455.000000 18655.000000
27467044.000000 36189.000000 18242.000000
27539301.000000 35618.000000 17776.000000
