32754465.000000 84.000000 0.000000
32619740.000000 97.000000 0.000000
31881040.000000 85.000000 0.000000
31802989.000000 88.000000 0.000000
31887593.000000 83.000000 0.000000
31949648.000000 101.000000 0.000000
32696449.000000 96.000000 0.000000
31946459.000000 83.000000 0.000000
31933447.000000 84.000000 0.000000
31854952.000000 84.000000 0.000000
32611362.000000 87.000000 0.000000
32547505.000000 93.000000 1.000000
32039718.000000 87.000000 0.000000
31926788.000000 105.000000 0.000000
32324850.000000 118.000000 0.000000
32043974.000000 88.000000 0.000000
32552729.000000 104.000000 0.000000
32565713.000000 86.000000 0.000000
32063358.000000 89.000000 0.000000
31959237.000000 78.000000 0.000000
32570216.000000 85.000000 0.000000
32508572.000000 85.000000 1.000000
32578301.000000 114.000000 1.000000
32456510.000000 99.000000 0.000000
31974700.000000 84.000000 0.000000
32051923.000000 102.000000 0.000000
32403773.000000 91.000000 1.000000
32597713.000000 80.000000 0.000000
32642569.000000 83.000000 0.000000
32023913.000000 81.000000 0.000000
32625304.000000 86.000000 0.000000
31965401.000000 87.000000 0.000000
31887605.000000 85.000000 0.000000
32600142.000000 96.000000 0.000000
32796653.000000 93.000000 0.000000
32737369.000000 89.000000 0.000000
32103469.000000 81.000000 0.000000
32696216.000000 85.000000 0.000000
31971996.000000 93.000000 0.000000
32019979.000000 80.000000 0.000000
31807768.000000 80.000000 0.000000
32025939.000000 84.000000 0.000000
31643438.000000 116.000000 0.000000
32533192.000000 93.000000 0.000000
32741187.000000 85.000000 0.000000
32599382.000000 82.000000 0.000000
32509102.000000 91.000000 0.000000
32669401.000000 80.000000 0.000000
32539841.000000 87.000000 0.000000
32480617.000000 88.000000 0.000000
31968715.000000 86.000000 0.000000
32539729.000000 81.000000 0.000000
32602312.000000 98.000000 0.000000
31859145.000000 89.000000 0.000000
31939582.000000 92.000000 0.000000
32012326.000000 83.000000 0.000000
32126946.000000 94.000000 0.000000
32505547.000000 104.000000 0.000000
31947947.000000 93.000000 0.000000
31920369.000000 101.000000 0.000000
32007249.000000 99.000000 0.000000
32439286.000000 85.000000 0.000000
31941898.000000 87.000000 2.000000
31993876.000000 91.000000 0.000000
31978704.000000 95.000000 0.000000
31653340.000000 86.000000 0.000000
32681022.000000 85.000000 0.000000
32007264.000000 85.000000 0.000000
31915057.000000 96.000000 1.000000
32769140.000000 107.000000 0.000000
32057599.000000 82.000000 0.000000
32552685.000000 90.000000 0.000000
32595142.000000 96.000000 0.000000
32524819.000000 84.000000 0.000000
32667816.000000 91.000000 0.000000
31856647.000000 100.000000 0.000000
32709827.000000 98.000000 0.000000
32397748.000000 95.000000 3.000000
31956629.000000 90.000000 0.000000
32623171.000000 84.000000 0.000000
32592109.000000 87.000000 0.000000
32476303.000000 98.000000 0.000000
32124288.000000 114.000000 0.000000
31845004.000000 79.000000 0.000000
32021922.000000 93.000000 0.000000
32545664.000000 89.000000 0.000000
32609448.000000 84.000000 0.000000
31859906.000000 90.000000 2.000000
31873889.000000 79.000000 0.000000
31852443.000000 85.000000 0.000000
32525702.000000 98.000000 0.000000
32036154.000000 89.000000 0.000000
32714350.000000 83.000000 0.000000
32070759.000000 82.000000 0.000000
31935544.000000 83.000000 0.000000
32415993.000000 92.000000 0.000000
32449631.000000 89.000000 0.000000
32535691.000000 78.000000 0.000000
32625749.000000 90.000000 0.000000
