31939788.000000 84.000000 0.000000
32007619.000000 85.000000 1.000000
32439053.000000 83.000000 0.000000
31682946.000000 91.000000 0.000000
32577023.000000 91.000000 0.000000
31929112.000000 107.000000 2.000000
32493330.000000 118.000000 1.000000
32112888.000000 90.000000 3.000000
31841366.000000 83.000000 4.000000
31915567.000000 78.000000 0.000000
31864085.000000 87.000000 1.000000
32537701.000000 111.000000 0.000000
32474673.000000 87.000000 0.000000
31975151.000000 96.000000 0.000000
31949806.000000 104.000000 1.000000
32418162.000000 100.000000 0.000000
31910953.000000 159.000000 1.000000
32053899.000000 89.000000 0.000000
32304066.000000 86.000000 2.000000
32480208.000000 97.000000 1.000000
31947524.000000 98.000000 0.000000
31786108.000000 91.000000 0.000000
32538054.000000 90.000000 0.000000
31940362.000000 103.000000 1.000000
31865900.000000 84.000000 2.000000
31656215.000000 95.000000 0.000000
31800559.000000 86.000000 2.000000
31924728.000000 94.000000 1.000000
32690190.000000 85.000000 0.000000
32632498.000000 99.000000 0.000000
32732888.000000 90.000000 0.000000
32674522.000000 101.000000 5.000000
31795766.000000 97.000000 0.000000
32331279.000000 90.000000 1.000000
32619952.000000 81.000000 0.000000
32606842.000000 90.000000 3.000000
32484434.000000 91.000000 0.000000
32510628.000000 87.000000 0.000000
32021008.000000 106.000000 1.000000
32104193.000000 96.000000 0.000000
31917345.000000 100.000000 0.000000
32536374.000000 84.000000 0.000000
31939675.000000 105.000000 5.000000
31858404.000000 141.000000 0.000000
31872913.000000 89.000000 0.000000
32491872.000000 93.000000 1.000000
32576656.000000 101.000000 0.000000
31883981.000000 89.000000 0.000000
32555715.000000 94.000000 2.000000
32114227.000000 76.000000 1.000000
32001168.000000 89.000000 1.000000
31972347.000000 87.000000 0.000000
32522203.000000 88.000000 1.000000
32491736.000000 81.000000 0.000000
32146097.000000 84.000000 1.000000
32421755.000000 83.000000 1.000000
31856419.000000 89.000000 1.000000
32484519.000000 83.000000 0.000000
32474584.000000 96.000000 1.000000
31745613.000000 94.000000 8.000000
32068686.000000 99.000000 0.000000
32675553.000000 85.000000 0.000000
31884244.000000 92.000000 0.000000
32448632.000000 92.000000 0.000000
32529443.000000 94.000000 1.000000
32364873.000000 95.000000 1.000000
32514592.000000 96.000000 2.000000
31907343.000000 82.000000 1.000000
32575368.000000 90.000000 0.000000
32483982.000000 90.000000 2.000000
31951234.000000 100.000000 0.000000
32020187.000000 96.000000 1.000000
31927181.000000 90.000000 3.000000
31847960.000000 90.000000 2.000000
31972276.000000 85.000000 0.000000
31977545.000000 87.000000 2.000000
32519007.000000 94.000000 0.000000
31858599.000000 83.000000 0.000000
31892183.000000 86.000000 0.000000
32478050.000000 85.000000 2.000000
32418733.000000 86.000000 0.000000
32564711.000000 94.000000 8.000000
31917268.000000 88.000000 2.000000
31924496.000000 84.000000 0.000000
31816956.000000 85.000000 0.000000
32394910.000000 85.000000 0.000000
31912481.000000 96.000000 1.000000
32019968.000000 94.000000 1.000000
32511671.000000 86.000000 0.000000
32044053.000000 110.000000 0.000000
31940380.000000 107.000000 2.000000
31860800.000000 93.000000 2.000000
31870562.000000 87.000000 0.000000
31967919.000000 121.000000 1.000000
31884166.000000 99.000000 0.000000
31913549.000000 85.000000 1.000000
31951802.000000 94.000000 4.000000
32436846.000000 82.000000 1.000000
31907017.000000 89.000000 5.000000
31971040.000000 96.000000 0.000000
