26981249.000000 80729.000000 7493.000000
26907711.000000 81010.000000 7756.000000
26874828.000000 81843.000000 7578.000000
26962270.000000 80776.000000 7810.000000
26860922.000000 81060.000000 7648.000000
26932811.000000 80984.000000 7606.000000
26896837.000000 81665.000000 7768.000000
26895125.000000 83676.000000 7856.000000
26915620.000000 82379.000000 7614.000000
26963339.000000 81169.000000 7685.000000
26860808.000000 83337.000000 7999.000000
26928681.000000 80584.000000 7691.000000
26975090.000000 81474.000000 7763.000000
26898505.000000 80838.000000 7672.000000
26955031.000000 80605.000000 7671.000000
26912058.000000 81807.000000 7767.000000
26941399.000000 81033.000000 7703.000000
26880869.000000 82506.000000 7876.000000
26969261.000000 80855.000000 7644.000000
26927015.000000 81761.000000 7945.000000
26918266.000000 81030.000000 7750.000000
26701667.000000 81411.000000 7711.000000
26932601.000000 81676.000000 7733.000000
26836983.000000 80936.000000 7869.000000
26953959.000000 81797.000000 7664.000000
26441368.000000 79885.000000 7627.000000
26885083.000000 80666.000000 7745.000000
26896714.000000 81690.000000 7796.000000
26852516.000000 81564.000000 7707.000000
26976184.000000 81272.000000 7711.000000
26882995.000000 81679.000000 7759.000000
26921490.000000 80995.000000 7636.000000
26918520.000000 81624.000000 7784.000000
26943646.000000 81462.000000 7667.000000
26859904.000000 81378.000000 7634.000000
26934773.000000 80629.000000 7595.000000
26786324.000000 83570.000000 7975.000000
26916080.000000 81064.000000 7738.000000
26916390.000000 80942.000000 7644.000000
26769319.000000 80862.000000 7819.000000
26950212.000000 80672.000000 7702.000000
26945769.000000 81183.000000 7547.000000
26890272.000000 80629.000000 7881.000000
27002567.000000 81517.000000 7757.000000
26955426.000000 81332.000000 7764.000000
26928445.000000 80812.000000 7721.000000
26933253.000000 81682.000000 7749.000000
26971803.000000 80975.000000 7841.000000
26900038.000000 81019.000000 8023.000000
26890221.000000 81616.000000 7818.000000
26874206.000000 80594.000000 7726.000000
26844282.000000 81000.000000 7802.000000
26875953.000000 81402.000000 7790.000000
26898326.000000 81368.000000 7830.000000
26883869.000000 80986.000000 7955.000000
26944796.000000 80794.000000 7641.000000
26832503.000000 81338.000000 7703.000000
26972088.000000 80802.000000 7765.000000
26949154.000000 80754.000000 7719.000000
26844150.000000 81173.000000 7647.000000
26962784.000000 80839.000000 7692.000000
26950774.000000 80675.000000 7441.000000
26957286.000000 80944.000000 7422.000000
26878813.000000 81254.000000 7651.000000
26298620.000000 79723.000000 7564.000000
26915598.000000 81929.000000 7749.000000
26920678.000000 80810.000000 7705.000000
26935151.000000 80973.000000 7772.000000
26854271.000000 80386.000000 7679.000000
25925551.000000 76695.000000 7269.000000
26918842.000000 80810.000000 7709.000000
26860893.000000 81687.000000 7830.000000
26819185.000000 80738.000000 7602.000000
26943726.000000 81755.000000 7666.000000
26836567.000000 83168.000000 8044.000000
26920165.000000 81416.000000 7704.000000
26849795.000000 80966.000000 7619.000000
26869956.000000 80938.000000 7718.000000
26981372.000000 80991.000000 7625.000000
26743889.000000 82902.000000 8016.000000
26959016.000000 80820.000000 7750.000000
26844989.000000 80492.000000 7763.000000
26922214.000000 81729.000000 7574.000000
26925176.000000 80696.000000 7675.000000
26911892.000000 81061.000000 7543.000000
26968942.000000 81756.000000 7610.000000
26527309.000000 80920.000000 7540.000000
26951575.000000 81353.000000 7752.000000
26927392.000000 80565.000000 7676.000000
26734418.000000 80618.000000 7662.000000
26792574.000000 81096.000000 7748.000000
26915796.000000 81334.000000 7842.000000
26964192.000000 81336.000000 7705.000000
26901034.000000 81727.000000 7567.000000
26937477.000000 80770.000000 7775.000000
27028349.000000 81638.000000 7559.000000
26927972.000000 81004.000000 7727.000000
26932444.000000 81257.000000 7869.000000
26944265.000000 80824.000000 7785.000000
26954507.000000 81393.000000 7720.000000
