29934453.000000 59057.000000 264.000000
29917393.000000 58508.000000 219.000000
29995717.000000 59632.000000 363.000000
29989695.000000 59934.000000 196.000000
30021865.000000 58966.000000 291.000000
29527684.000000 58436.000000 357.000000
29227565.000000 57680.000000 311.000000
29929468.000000 59196.000000 191.000000
29920443.000000 58840.000000 278.000000
29937814.000000 59156.000000 289.000000
29939797.000000 59439.000000 246.000000
29880805.000000 58637.000000 387.000000
29954597.000000 60047.000000 368.000000
29980670.000000 58902.000000 306.000000
29951054.000000 58792.000000 259.000000
29051839.000000 56383.000000 305.000000
29953975.000000 59200.000000 368.000000
29957462.000000 60029.000000 430.000000
29944284.000000 58974.000000 249.000000
29943830.000000 59039.000000 270.000000
30028504.000000 59568.000000 354.000000
29923090.000000 58610.000000 476.000000
29953926.000000 58993.000000 450.000000
29988511.000000 59214.000000 215.000000
29990939.000000 59143.000000 435.000000
30019554.000000 59102.000000 464.000000
29962780.000000 59956.000000 326.000000
29957762.000000 59151.000000 324.000000
29621700.000000 58670.000000 197.000000
29909928.000000 58817.000000 353.000000
29996664.000000 58914.000000 421.000000
29921066.000000 59156.000000 287.000000
29958250.000000 59293.000000 453.000000
30040738.000000 59609.000000 200.000000
29918267.000000 59014.000000 331.000000
29923942.000000 59424.000000 222.000000
29980498.000000 59583.000000 327.000000
29995868.000000 59331.000000 344.000000
29634745.000000 58170.000000 290.000000
29895489.000000 58809.000000 184.000000
29762802.000000 58835.000000 407.000000
29904041.000000 59606.000000 411.000000
29923853.000000 59262.000000 254.000000
29994758.000000 58693.000000 312.000000
29977367.000000 59811.000000 341.000000
29934247.000000 58968.000000 458.000000
29843904.000000 58791.000000 144.000000
29919042.000000 58954.000000 253.000000
29956650.000000 59312.000000 333.000000
30018861.000000 59219.000000 247.000000
29992581.000000 59534.000000 313.000000
29991201.000000 59216.000000 243.000000
29847532.000000 58861.000000 159.000000
29949125.000000 59577.000000 493.000000
29982192.000000 59470.000000 546.000000
29642304.000000 58211.000000 369.000000
29972376.000000 59285.000000 359.000000
29941462.000000 59371.000000 452.000000
29983838.000000 58982.000000 322.000000
29981177.000000 59303.000000 334.000000
29842484.000000 58544.000000 523.000000
29945090.000000 59802.000000 463.000000
29965446.000000 59229.000000 603.000000
29953901.000000 59346.000000 351.000000
29965267.000000 59025.000000 250.000000
29412224.000000 57706.000000 249.000000
29696157.000000 57964.000000 389.000000
29953013.000000 59420.000000 310.000000
29996353.000000 59773.000000 285.000000
29945209.000000 59319.000000 336.000000
29865453.000000 58877.000000 459.000000
29902973.000000 59071.000000 374.000000
29873623.000000 58773.000000 505.000000
30018328.000000 58671.000000 365.000000
30003979.000000 58994.000000 277.000000
29633555.000000 58341.000000 312.000000
29742147.000000 58750.000000 278.000000
30001809.000000 59199.000000 229.000000
29967153.000000 59137.000000 189.000000
29842815.000000 58940.000000 385.000000
30000113.000000 59155.000000 312.000000
29901900.000000 59486.000000 275.000000
29991697.000000 59348.000000 326.000000
29986910.000000 59349.000000 423.000000
29810240.000000 58947.000000 219.000000
29771422.000000 58854.000000 439.000000
28812051.000000 55795.000000 247.000000
29892997.000000 59135.000000 408.000000
29450270.000000 57417.000000 324.000000
29989792.000000 59170.000000 363.000000
29956316.000000 59627.000000 322.000000
29998970.000000 59013.000000 270.000000
29876441.000000 59737.000000 269.000000
29924936.000000 59060.000000 358.000000
29971209.000000 59505.000000 331.000000
29929592.000000 59261.000000 314.000000
29990137.000000 59348.000000 366.000000
29962469.000000 59730.000000 452.000000
29978103.000000 59171.000000 349.000000
29975985.000000 59263.000000 201.000000
