25292934.000000 76576.000000 20210.000000
25301613.000000 78290.000000 20199.000000
25213165.000000 76479.000000 20098.000000
25143392.000000 77531.000000 20016.000000
25327394.000000 77118.000000 20072.000000
25374440.000000 77312.000000 19963.000000
25380992.000000 77016.000000 20183.000000
25103175.000000 76014.000000 19962.000000
25195773.000000 76328.000000 20152.000000
25340308.000000 77125.000000 20105.000000
25351180.000000 77204.000000 20037.000000
25337637.000000 76622.000000 20097.000000
25371915.000000 77131.000000 20224.000000
25286193.000000 77038.000000 19988.000000
25348322.000000 77480.000000 19992.000000
25327833.000000 77506.000000 20087.000000
25164998.000000 76170.000000 19979.000000
25379364.000000 77216.000000 19980.000000
25389884.000000 76626.000000 20222.000000
25365574.000000 77246.000000 20128.000000
25399904.000000 77099.000000 20204.000000
25362056.000000 77072.000000 20307.000000
25424243.000000 77219.000000 20071.000000
25384261.000000 77753.000000 20058.000000
25367904.000000 76926.000000 19845.000000
25324253.000000 77602.000000 20260.000000
25408006.000000 77265.000000 20046.000000
25262755.000000 76061.000000 20078.000000
25364789.000000 76963.000000 20191.000000
25338412.000000 77114.000000 20133.000000
25341283.000000 76621.000000 20111.000000
25374882.000000 77964.000000 19934.000000
25309052.000000 77367.000000 20279.000000
25368930.000000 76802.000000 20262.000000
25326853.000000 76856.000000 20218.000000
25324291.000000 77411.000000 20238.000000
25349620.000000 77231.000000 20259.000000
25326485.000000 77503.000000 20255.000000
25389583.000000 77120.000000 20150.000000
25337757.000000 77149.000000 19961.000000
25312717.000000 76755.000000 19683.000000
25357904.000000 78143.000000 20212.000000
25398627.000000 77783.000000 19955.000000
25362315.000000 77258.000000 20120.000000
25080666.000000 76575.000000 19789.000000
25354796.000000 76765.000000 19905.000000
25375630.000000 77276.000000 19876.000000
25330260.000000 76989.000000 19994.000000
25302658.000000 77794.000000 20108.000000
25322659.000000 77137.000000 20080.000000
25345479.000000 77172.000000 20050.000000
25319531.000000 77686.000000 20044.000000
25388669.000000 77437.000000 19956.000000
25413726.000000 77538.000000 20003.000000
25192608.000000 76266.000000 19970.000000
25324956.000000 77394.000000 20054.000000
25321009.000000 77577.000000 19965.000000
25353123.000000 76982.000000 19962.000000
25350568.000000 77388.000000 19962.000000
25361034.000000 77904.000000 20061.000000
25370214.000000 77748.000000 19905.000000
25387292.000000 77132.000000 20032.000000
25407682.000000 77303.000000 19762.000000
25345009.000000 77014.000000 19956.000000
25337428.000000 76936.000000 20146.000000
25355364.000000 77279.000000 20230.000000
25304801.000000 76602.000000 20127.000000
25359304.000000 77458.000000 20010.000000
25405519.000000 76889.000000 20156.000000
25367285.000000 76570.000000 20001.000000
25399611.000000 77676.000000 20038.000000
25247983.000000 76882.000000 20286.000000
25303250.000000 77325.000000 20099.000000
25371465.000000 77001.000000 20170.000000
25381471.000000 76999.000000 20021.000000
25283507.000000 76609.000000 20105.000000
25389972.000000 77867.000000 19956.000000
25405862.000000 77482.000000 20098.000000
25403251.000000 76898.000000 19902.000000
25377163.000000 77113.000000 20033.000000
25341638.000000 77364.000000 20035.000000
25360315.000000 77789.000000 20053.000000
25275845.000000 77178.000000 20087.000000
25234710.000000 77474.000000 20155.000000
25397346.000000 76847.000000 20321.000000
25318200.000000 77415.000000 20048.000000
25407829.000000 76999.000000 20197.000000
25366740.000000 77091.000000 20192.000000
25334797.000000 77738.000000 20251.000000
25223528.000000 75924.000000 20158.000000
25103593.000000 75950.000000 20056.000000
25198709.000000 76311.000000 20088.000000
25311561.000000 77075.000000 20214.000000
25263119.000000 76540.000000 20364.000000
25280078.000000 78537.000000 20823.000000
25387604.000000 77425.000000 20069.000000
25224638.000000 76560.000000 20060.000000
25367455.000000 77005.000000 20335.000000
25250368.000000 76394.000000 20181.000000
25380594.000000 77184.000000 20167.000000
