28945428.000000 48663.000000 305.000000
29890802.000000 49748.000000 165.000000
29868601.000000 50136.000000 99.000000
29807740.000000 49680.000000 116.000000
29902885.000000 50143.000000 178.000000
27976922.000000 46918.000000 218.000000
29799348.000000 50049.000000 106.000000
29805639.000000 50040.000000 183.000000
29763537.000000 49842.000000 274.000000
29827601.000000 49921.000000 163.000000
29867685.000000 49757.000000 144.000000
29817329.000000 49884.000000 239.000000
29841972.000000 50462.000000 94.000000
29935123.000000 50647.000000 144.000000
29374417.000000 49235.000000 66.000000
29811843.000000 49822.000000 99.000000
29958822.000000 50140.000000 123.000000
29892286.000000 50495.000000 287.000000
29786694.000000 50123.000000 165.000000
29948843.000000 50155.000000 143.000000
29844081.000000 49870.000000 83.000000
29809994.000000 50049.000000 494.000000
29818053.000000 50721.000000 213.000000
29897474.000000 50579.000000 258.000000
29935147.000000 50455.000000 220.000000
29870122.000000 50991.000000 160.000000
29986327.000000 50887.000000 126.000000
29961249.000000 51179.000000 232.000000
29856746.000000 50206.000000 88.000000
29773853.000000 51346.000000 175.000000
29954687.000000 50147.000000 244.000000
29841753.000000 50708.000000 48.000000
29966355.000000 49999.000000 104.000000
29897898.000000 50140.000000 172.000000
29744164.000000 49387.000000 318.000000
29919205.000000 51336.000000 120.000000
29202194.000000 48729.000000 145.000000
29893003.000000 50270.000000 123.000000
29720543.000000 50535.000000 160.000000
29713725.000000 49865.000000 150.000000
29844892.000000 49826.000000 92.000000
29808808.000000 50261.000000 129.000000
29779032.000000 49830.000000 215.000000
29657280.000000 50468.000000 97.000000
29995490.000000 50796.000000 154.000000
29766956.000000 49633.000000 229.000000
29944571.000000 50573.000000 257.000000
29724642.000000 49760.000000 110.000000
29813371.000000 49915.000000 136.000000
29857003.000000 49915.000000 184.000000
29935607.000000 49959.000000 149.000000
29801323.000000 50151.000000 174.000000
29804595.000000 49917.000000 149.000000
29933112.000000 50459.000000 206.000000
29796594.000000 50398.000000 128.000000
29875692.000000 49980.000000 90.000000
29919085.000000 50288.000000 165.000000
29778952.000000 50094.000000 86.000000
29951456.000000 50249.000000 93.000000
29828138.000000 49867.000000 210.000000
29845366.000000 49780.000000 204.000000
29946347.000000 50568.000000 98.000000
29816027.000000 50397.000000 85.000000
29963947.000000 50153.000000 128.000000
29455059.000000 49526.000000 280.000000
29928589.000000 49959.000000 267.000000
29939548.000000 50253.000000 125.000000
29767731.000000 49854.000000 87.000000
29547518.000000 49081.000000 97.000000
29844925.000000 50344.000000 126.000000
29846471.000000 50086.000000 214.000000
29802550.000000 49946.000000 111.000000
29924791.000000 50378.000000 115.000000
29930371.000000 49917.000000 98.000000
29936207.000000 50741.000000 164.000000
29751075.000000 49557.000000 229.000000
29803101.000000 49881.000000 147.000000
29886695.000000 50123.000000 156.000000
29834338.000000 49657.000000 227.000000
29901344.000000 50187.000000 215.000000
29824857.000000 50082.000000 195.000000
29886578.000000 50226.000000 109.000000
29933120.000000 50227.000000 153.000000
29874900.000000 49914.000000 282.000000
29815596.000000 49677.000000 104.000000
29856683.000000 50570.000000 177.000000
29924141.000000 50027.000000 185.000000
29898490.000000 50420.000000 122.000000
29983795.000000 50324.000000 114.000000
29952389.000000 50172.000000 213.000000
29973318.000000 52345.000000 131.000000
29808798.000000 49791.000000 183.000000
29976804.000000 50221.000000 143.000000
29885544.000000 50053.000000 179.000000
29958406.000000 50427.000000 185.000000
29907674.000000 50139.000000 171.000000
29852141.000000 51323.000000 93.000000
29852155.000000 49981.000000 156.000000
29866595.000000 50185.000000 140.000000
29981550.000000 51468.000000 138.000000
