25428513.000000 73003.000000 22658.000000
25451594.000000 73364.000000 22955.000000
25495148.000000 71261.000000 22225.000000
25388135.000000 72777.000000 22839.000000
25382780.000000 73048.000000 22676.000000
25440800.000000 73603.000000 22643.000000
25117884.000000 73063.000000 23015.000000
25480944.000000 72768.000000 22873.000000
25271292.000000 73866.000000 22909.000000
25336537.000000 72817.000000 22845.000000
25425046.000000 73257.000000 23017.000000
25368141.000000 73606.000000 22632.000000
25054718.000000 71263.000000 22648.000000
25411512.000000 73544.000000 22987.000000
25418114.000000 73289.000000 22736.000000
25437360.000000 72662.000000 22912.000000
25316784.000000 73017.000000 22614.000000
25417402.000000 71957.000000 22214.000000
25342819.000000 74307.000000 22745.000000
25309833.000000 73753.000000 22681.000000
25437875.000000 73260.000000 22863.000000
25336386.000000 72627.000000 22694.000000
25388624.000000 73337.000000 22776.000000
25434286.000000 72890.000000 22641.000000
25348476.000000 73140.000000 22663.000000
25471891.000000 71314.000000 22194.000000
25441153.000000 73094.000000 22694.000000
25034753.000000 71137.000000 22165.000000
25405171.000000 73078.000000 22793.000000
25342689.000000 73194.000000 23024.000000
25407493.000000 73191.000000 22789.000000
25367734.000000 72835.000000 22620.000000
25351580.000000 73091.000000 22864.000000
25369829.000000 74004.000000 22629.000000
25263291.000000 72934.000000 22677.000000
25385747.000000 72881.000000 22983.000000
25310661.000000 72695.000000 22693.000000
25453961.000000 73103.000000 22614.000000
25292894.000000 73137.000000 22994.000000
25479177.000000 70796.000000 22032.000000
25383157.000000 73933.000000 22719.000000
25364994.000000 72914.000000 22816.000000
25407303.000000 73301.000000 22859.000000
25341480.000000 73319.000000 22516.000000
25473726.000000 72894.000000 22625.000000
25390877.000000 73168.000000 22661.000000
25522995.000000 71076.000000 22384.000000
25409251.000000 72835.000000 22893.000000
25423840.000000 73384.000000 22733.000000
25434702.000000 73260.000000 22995.000000
25271162.000000 73523.000000 22442.000000
25493737.000000 73209.000000 22575.000000
25371046.000000 72220.000000 22505.000000
25500164.000000 73118.000000 22755.000000
25397204.000000 72993.000000 22507.000000
25347025.000000 73065.000000 22506.000000
25407703.000000 72975.000000 22976.000000
25497062.000000 71036.000000 22255.000000
25476847.000000 73390.000000 22622.000000
25368754.000000 70411.000000 22128.000000
25353348.000000 73798.000000 22748.000000
25257642.000000 73261.000000 22834.000000
25412642.000000 73193.000000 22668.000000
25446738.000000 72919.000000 22936.000000
25233723.000000 73370.000000 22715.000000
25424622.000000 74261.000000 22760.000000
25341787.000000 73393.000000 22793.000000
25438410.000000 73317.000000 22637.000000
25368711.000000 73566.000000 22675.000000
25370640.000000 73402.000000 22753.000000
25433124.000000 72859.000000 22779.000000
25582071.000000 70628.000000 22176.000000
25282521.000000 73297.000000 22845.000000
25385380.000000 73587.000000 22796.000000
25458168.000000 73194.000000 22908.000000
25277093.000000 72871.000000 22781.000000
25422786.000000 72695.000000 22846.000000
25318879.000000 73614.000000 23020.000000
25424472.000000 73016.000000 22592.000000
25250502.000000 74340.000000 22963.000000
24669793.000000 69992.000000 21780.000000
25471824.000000 71409.000000 22418.000000
25442098.000000 73204.000000 23078.000000
25304491.000000 73138.000000 22722.000000
25385079.000000 73844.000000 22866.000000
25350189.000000 72994.000000 22889.000000
25401011.000000 72943.000000 22998.000000
25473403.000000 72709.000000 22787.000000
25388465.000000 73103.000000 23255.000000
25436778.000000 73179.000000 22983.000000
25214397.000000 73321.000000 22672.000000
25372277.000000 72789.000000 22860.000000
25459928.000000 72618.000000 22947.000000
25201594.000000 73326.000000 22604.000000
25501918.000000 72794.000000 22816.000000
25312928.000000 73672.000000 23051.000000
25496461.000000 73355.000000 22734.000000
25319937.000000 73193.000000 22712.000000
25422407.000000 73329.000000 22885.000000
25416466.000000 71301.000000 22491.000000
