21739284.000000 57957.000000 36334.000000
23676450.000000 59646.000000 35574.000000
22830337.000000 54070.000000 32239.000000
22566833.000000 54705.000000 33084.000000
24233037.000000 60132.000000 36164.000000
24154205.000000 60099.000000 35786.000000
24019983.000000 59707.000000 35325.000000
23974812.000000 58930.000000 35412.000000
23096470.000000 59276.000000 37678.000000
24441987.000000 59543.000000 34373.000000
24377979.000000 59747.000000 34961.000000
24177993.000000 59854.000000 35198.000000
24280141.000000 59388.000000 35139.000000
22727832.000000 55201.000000 33838.000000
24267297.000000 59331.000000 34918.000000
21711330.000000 51711.000000 30474.000000
24344063.000000 60119.000000 35425.000000
24101686.000000 59868.000000 36098.000000
23277551.000000 56092.000000 32464.000000
21547559.000000 52558.000000 30882.000000
23050928.000000 55279.000000 32302.000000
23010827.000000 54691.000000 32077.000000
22668782.000000 55663.000000 32997.000000
22013496.000000 55415.000000 34171.000000
24028082.000000 59560.000000 35828.000000
24405343.000000 59677.000000 34404.000000
23850179.000000 59375.000000 36837.000000
24328917.000000 59995.000000 35389.000000
24128930.000000 59653.000000 35285.000000
24173179.000000 60360.000000 35239.000000
23447211.000000 56887.000000 33722.000000
23992327.000000 59179.000000 35115.000000
23509766.000000 60558.000000 36253.000000
24155119.000000 59875.000000 35580.000000
22566849.000000 54169.000000 31564.000000
23886753.000000 59497.000000 35625.000000
22991046.000000 54828.000000 32084.000000
23941272.000000 59404.000000 36343.000000
21738280.000000 58899.000000 38912.000000
24184370.000000 59139.000000 34856.000000
24080344.000000 59506.000000 35590.000000
24208787.000000 60221.000000 35966.000000
24058833.000000 59370.000000 35068.000000
22793070.000000 55849.000000 32869.000000
24307481.000000 60032.000000 35241.000000
22484118.000000 57735.000000 36272.000000
22451828.000000 54380.000000 33060.000000
22529443.000000 55998.000000 33277.000000
24436670.000000 59906.000000 34810.000000
23373420.000000 62990.000000 39170.000000
21551084.000000 52595.000000 31470.000000
22882962.000000 56139.000000 33800.000000
22983956.000000 55495.000000 32765.000000
23821830.000000 58358.000000 35505.000000
21147900.000000 52048.000000 31469.000000
23139246.000000 54699.000000 31820.000000
22374698.000000 54610.000000 32908.000000
21084055.000000 56863.000000 36218.000000
22769018.000000 54954.000000 33462.000000
22711268.000000 54638.000000 32520.000000
22225084.000000 55255.000000 33214.000000
22083953.000000 54226.000000 33065.000000
21419795.000000 51578.000000 30056.000000
22583159.000000 55766.000000 34007.000000
21925962.000000 53234.000000 32465.000000
22140495.000000 54760.000000 33183.000000
23333336.000000 59463.000000 36697.000000
23415913.000000 60099.000000 36506.000000
22208023.000000 57350.000000 35569.000000
24222536.000000 59919.000000 35053.000000
23089077.000000 55729.000000 32059.000000
24029311.000000 60202.000000 35596.000000
22561996.000000 54412.000000 32099.000000
21581756.000000 52235.000000 30299.000000
21815778.000000 51422.000000 29720.000000
24183071.000000 59904.000000 35536.000000
21389584.000000 54483.000000 33782.000000
22993999.000000 54871.000000 32708.000000
21554101.000000 51583.000000 30351.000000
23184334.000000 55106.000000 32489.000000
21587276.000000 51533.000000 30794.000000
21780793.000000 55617.000000 34620.000000
21730534.000000 52823.000000 30480.000000
23627352.000000 59560.000000 37061.000000
22314096.000000 54205.000000 33147.000000
23766633.000000 58934.000000 34240.000000
24245727.000000 59731.000000 35336.000000
23763077.000000 59178.000000 35585.000000
24169298.000000 59631.000000 35624.000000
21753742.000000 51497.000000 29900.000000
21701837.000000 52049.000000 30663.000000
24329457.000000 59894.000000 35928.000000
22821634.000000 54336.000000 32010.000000
22561569.000000 53898.000000 32285.000000
23870465.000000 59402.000000 36315.000000
22865644.000000 55120.000000 31069.000000
24283979.000000 60133.000000 35606.000000
21397663.000000 51762.000000 31170.000000
22947971.000000 54800.000000 32111.000000
22884782.000000 55118.000000 32485.000000
