29802406.000000 63418.000000 72.000000
29601109.000000 63227.000000 116.000000
29672179.000000 62656.000000 183.000000
29738275.000000 62733.000000 140.000000
29710942.000000 62836.000000 100.000000
29726266.000000 62797.000000 240.000000
29447958.000000 61946.000000 169.000000
29687779.000000 62357.000000 197.000000
29738250.000000 62678.000000 99.000000
29793409.000000 62210.000000 320.000000
29723832.000000 63328.000000 211.000000
29702003.000000 62754.000000 187.000000
29753499.000000 63156.000000 101.000000
29651361.000000 62778.000000 226.000000
29712310.000000 62384.000000 223.000000
29751147.000000 62632.000000 175.000000
29712668.000000 63480.000000 143.000000
29715818.000000 63205.000000 163.000000
29722178.000000 62666.000000 285.000000
29670637.000000 62934.000000 156.000000
29688423.000000 62861.000000 194.000000
29719758.000000 62401.000000 175.000000
29701754.000000 62894.000000 109.000000
29789218.000000 63437.000000 125.000000
29689574.000000 62396.000000 148.000000
29739694.000000 63190.000000 152.000000
29574344.000000 62484.000000 79.000000
29668290.000000 62530.000000 132.000000
29481775.000000 61976.000000 202.000000
29639887.000000 62574.000000 187.000000
29689097.000000 62895.000000 189.000000
29797372.000000 62862.000000 177.000000
29595071.000000 62011.000000 118.000000
29744851.000000 62662.000000 167.000000
29731757.000000 62664.000000 110.000000
29045456.000000 61279.000000 266.000000
29741617.000000 64068.000000 133.000000
29763715.000000 62754.000000 308.000000
29760875.000000 62451.000000 91.000000
29763051.000000 62745.000000 93.000000
28972294.000000 61584.000000 170.000000
29837977.000000 63084.000000 166.000000
29762324.000000 63293.000000 211.000000
29660153.000000 62970.000000 123.000000
29739024.000000 63229.000000 182.000000
29737262.000000 62699.000000 120.000000
29792380.000000 63139.000000 79.000000
29649265.000000 63455.000000 306.000000
29626324.000000 62148.000000 160.000000
29649954.000000 62239.000000 197.000000
29750952.000000 62764.000000 158.000000
29815331.000000 62642.000000 212.000000
29777815.000000 62826.000000 210.000000
29782912.000000 62781.000000 80.000000
29771805.000000 62503.000000 145.000000
29767202.000000 62991.000000 93.000000
29083642.000000 61621.000000 194.000000
29745891.000000 62431.000000 131.000000
29527143.000000 62178.000000 224.000000
29576410.000000 62844.000000 219.000000
29745854.000000 62851.000000 268.000000
29568339.000000 62423.000000 235.000000
29728897.000000 63018.000000 155.000000
29710870.000000 63018.000000 215.000000
29737463.000000 62676.000000 196.000000
29718975.000000 62718.000000 170.000000
29671332.000000 63555.000000 237.000000
29784874.000000 63018.000000 191.000000
29649460.000000 62907.000000 129.000000
29777770.000000 63859.000000 117.000000
29697847.000000 62448.000000 280.000000
29765285.000000 62568.000000 365.000000
28935608.000000 60998.000000 154.000000
29672086.000000 62629.000000 151.000000
29640772.000000 62988.000000 152.000000
29737728.000000 62357.000000 157.000000
29670779.000000 62184.000000 152.000000
29740942.000000 62886.000000 112.000000
29044024.000000 60423.000000 111.000000
29392808.000000 62412.000000 331.000000
29613948.000000 62912.000000 210.000000
29693100.000000 62904.000000 271.000000
29628715.000000 62477.000000 249.000000
29682261.000000 62746.000000 211.000000
28941089.000000 60959.000000 336.000000
29661149.000000 62944.000000 296.000000
29806464.000000 62592.000000 173.000000
29684881.000000 62890.000000 126.000000
29826603.000000 62882.000000 244.000000
29777033.000000 62953.000000 79.000000
29510644.000000 62098.000000 202.000000
29708235.000000 62655.000000 126.000000
29697845.000000 62951.000000 244.000000
29793863.000000 62706.000000 73.000000
29675467.000000 63463.000000 190.000000
29792271.000000 62796.000000 172.000000
29718512.000000 63420.000000 196.000000
29768142.000000 63042.000000 127.000000
29722072.000000 62689.000000 105.000000
29701030.000000 62266.000000 244.000000
