26342385.000000 78999.000000 11243.000000
26586907.000000 79138.000000 11020.000000
26304499.000000 78651.000000 11013.000000
26571935.000000 79646.000000 11182.000000
26528255.000000 79171.000000 10964.000000
26602610.000000 79336.000000 10911.000000
26533088.000000 79131.000000 11040.000000
26567573.000000 79024.000000 11156.000000
26563705.000000 79195.000000 10913.000000
26522131.000000 79792.000000 11354.000000
26350795.000000 78869.000000 11329.000000
26488261.000000 79977.000000 11276.000000
25842338.000000 77457.000000 11102.000000
26456858.000000 80123.000000 11256.000000
26450270.000000 79142.000000 11337.000000
26311440.000000 78617.000000 11275.000000
26480780.000000 78947.000000 11120.000000
26625917.000000 79575.000000 11013.000000
26459311.000000 79742.000000 11111.000000
26524326.000000 79013.000000 11088.000000
26455579.000000 79886.000000 11246.000000
26410485.000000 79289.000000 11119.000000
26375275.000000 78759.000000 11249.000000
26419066.000000 81384.000000 11663.000000
26226642.000000 77833.000000 11055.000000
26430025.000000 80170.000000 11380.000000
26469463.000000 78878.000000 11299.000000
26522087.000000 78700.000000 11135.000000
26401279.000000 81052.000000 11664.000000
26390056.000000 79062.000000 11209.000000
26425631.000000 78898.000000 11261.000000
26550251.000000 78870.000000 11027.000000
26427863.000000 79155.000000 11352.000000
26483005.000000 79785.000000 11283.000000
26389489.000000 80888.000000 11456.000000
26257652.000000 78681.000000 11103.000000
26579688.000000 78977.000000 11074.000000
26398216.000000 78984.000000 10919.000000
26610667.000000 79110.000000 11002.000000
26432673.000000 80016.000000 11029.000000
26425453.000000 79338.000000 11180.000000
26383665.000000 78361.000000 10981.000000
26395374.000000 79128.000000 11112.000000
26488522.000000 79430.000000 11172.000000
26549861.000000 79120.000000 11213.000000
26482818.000000 78901.000000 11327.000000
26544851.000000 79235.000000 11216.000000
26391514.000000 78604.000000 11120.000000
26428956.000000 80140.000000 11159.000000
26349275.000000 79194.000000 11067.000000
26509302.000000 78998.000000 11171.000000
26503813.000000 78985.000000 11045.000000
26461202.000000 79729.000000 11180.000000
26430181.000000 80468.000000 11433.000000
26550817.000000 79031.000000 11187.000000
26363943.000000 81893.000000 11618.000000
26268646.000000 79169.000000 10888.000000
26264725.000000 77755.000000 11075.000000
26410092.000000 78899.000000 11186.000000
26550659.000000 79771.000000 11175.000000
26461626.000000 78619.000000 11191.000000
26551219.000000 79237.000000 11118.000000
26469734.000000 78824.000000 11124.000000
26395760.000000 82727.000000 11493.000000
26415860.000000 79251.000000 11213.000000
26431248.000000 78854.000000 11267.000000
26395592.000000 79312.000000 11154.000000
26474783.000000 80091.000000 11011.000000
26445339.000000 79418.000000 11337.000000
26550978.000000 79135.000000 11164.000000
26388390.000000 79183.000000 10990.000000
26434142.000000 81117.000000 11427.000000
26304323.000000 78639.000000 11192.000000
26516495.000000 79920.000000 11271.000000
26514772.000000 79038.000000 11194.000000
26218645.000000 78340.000000 11044.000000
26407625.000000 80364.000000 11336.000000
26549585.000000 79445.000000 11184.000000
26193945.000000 78645.000000 10882.000000
26528466.000000 79078.000000 11366.000000
26494577.000000 79133.000000 11198.000000
26418797.000000 81119.000000 11732.000000
26550659.000000 79669.000000 11030.000000
26495901.000000 79071.000000 11119.000000
26241960.000000 78246.000000 10832.000000
26418394.000000 82293.000000 11491.000000
26454606.000000 79328.000000 11258.000000
26382167.000000 82094.000000 11324.000000
26473130.000000 79004.000000 11204.000000
26522603.000000 79744.000000 11216.000000
26473609.000000 79518.000000 11170.000000
26513882.000000 79266.000000 11190.000000
26459138.000000 79590.000000 10993.000000
26559833.000000 78787.000000 11265.000000
26369265.000000 81434.000000 11674.000000
26373766.000000 79128.000000 11158.000000
26465560.000000 78505.000000 11122.000000
26557560.000000 79200.000000 11353.000000
26520846.000000 79440.000000 11215.000000
26287116.000000 77748.000000 10977.000000
