29196307.000000 48121.000000 4584.000000
29265171.000000 48453.000000 4765.000000
29288226.000000 48647.000000 4797.000000
29110896.000000 48251.000000 4642.000000
29193323.000000 48622.000000 4919.000000
29198297.000000 48485.000000 4636.000000
29237363.000000 48430.000000 4749.000000
29035823.000000 48210.000000 4827.000000
29181942.000000 48736.000000 4807.000000
28969920.000000 48280.000000 4739.000000
29018711.000000 48292.000000 5022.000000
29052077.000000 48143.000000 4839.000000
28930308.000000 48226.000000 4643.000000
29041558.000000 48003.000000 4906.000000
29224819.000000 48616.000000 5072.000000
29022853.000000 48506.000000 4990.000000
29228806.000000 48451.000000 4971.000000
29110644.000000 48267.000000 4737.000000
28965394.000000 47729.000000 4789.000000
29138960.000000 48550.000000 4888.000000
29076441.000000 48500.000000 4748.000000
29138345.000000 48763.000000 4661.000000
29285477.000000 48773.000000 4791.000000
28906021.000000 47968.000000 5032.000000
29157633.000000 48408.000000 4702.000000
29174487.000000 48230.000000 4747.000000
29245820.000000 48664.000000 4813.000000
29168178.000000 48331.000000 4757.000000
29241412.000000 48486.000000 4683.000000
29210627.000000 48638.000000 5077.000000
29221449.000000 48608.000000 4790.000000
29253727.000000 48790.000000 4799.000000
29214135.000000 48599.000000 4994.000000
29096452.000000 48454.000000 4759.000000
28973164.000000 48385.000000 5141.000000
29233339.000000 48702.000000 5031.000000
29041254.000000 47936.000000 4902.000000
29239855.000000 48400.000000 4909.000000
29212461.000000 48943.000000 4994.000000
29146756.000000 48428.000000 4707.000000
29160902.000000 48440.000000 4614.000000
29058896.000000 48583.000000 4610.000000
29217208.000000 48343.000000 4671.000000
29182390.000000 48355.000000 4675.000000
29020925.000000 47718.000000 4824.000000
29201514.000000 48463.000000 4830.000000
29091026.000000 48483.000000 4852.000000
29251302.000000 48803.000000 4971.000000
29193220.000000 48586.000000 5122.000000
29271811.000000 48243.000000 4588.000000
29157225.000000 48525.000000 4879.000000
29228578.000000 49053.000000 4956.000000
29235901.000000 48639.000000 4935.000000
29272217.000000 48002.000000 4696.000000
29176124.000000 48616.000000 5042.000000
29207938.000000 48381.000000 4759.000000
29102807.000000 48289.000000 4963.000000
29042490.000000 47993.000000 4858.000000
27900418.000000 45538.000000 4487.000000
29182128.000000 48846.000000 4971.000000
29222784.000000 48505.000000 4849.000000
29257874.000000 48143.000000 5022.000000
29251429.000000 48721.000000 4878.000000
29066026.000000 48148.000000 4985.000000
29266622.000000 48335.000000 4911.000000
29019961.000000 48120.000000 4948.000000
29057450.000000 48780.000000 4897.000000
29265156.000000 48405.000000 4756.000000
29213157.000000 48196.000000 4849.000000
27914641.000000 45576.000000 4438.000000
29207622.000000 48378.000000 5041.000000
28973079.000000 48341.000000 4675.000000
29073117.000000 48439.000000 5073.000000
29230854.000000 48710.000000 4669.000000
29053424.000000 48325.000000 4744.000000
29205038.000000 48440.000000 5042.000000
29125530.000000 48405.000000 4888.000000
28912804.000000 48065.000000 5151.000000
29050590.000000 48480.000000 4924.000000
29050875.000000 48177.000000 4953.000000
29139256.000000 48680.000000 5017.000000
28712540.000000 47366.000000 4705.000000
29015153.000000 48003.000000 5078.000000
29102979.000000 48488.000000 5197.000000
29115777.000000 48832.000000 5209.000000
29001715.000000 48237.000000 4972.000000
29264642.000000 48536.000000 4934.000000
27553982.000000 45048.000000 4485.000000
29026687.000000 48135.000000 4796.000000
29079691.000000 48212.000000 4885.000000
28940095.000000 47266.000000 4913.000000
29182508.000000 48428.000000 4716.000000
28867944.000000 47779.000000 4968.000000
29084768.000000 48227.000000 5018.000000
29134686.000000 48047.000000 4999.000000
29274734.000000 48544.000000 4903.000000
29204678.000000 48528.000000 5188.000000
29034588.000000 48093.000000 5049.000000
28973370.000000 48018.000000 5143.000000
29229757.000000 48437.000000 4989.000000
