25314578.000000 72881.000000 22989.000000
25405300.000000 73386.000000 23012.000000
25353605.000000 72679.000000 22704.000000
25198162.000000 73364.000000 22795.000000
25392837.000000 73010.000000 22662.000000
25379040.000000 74159.000000 22904.000000
25397267.000000 73012.000000 22863.000000
25130583.000000 73031.000000 22978.000000
25292955.000000 73935.000000 22899.000000
25246584.000000 73253.000000 22900.000000
25457987.000000 72841.000000 22808.000000
25416008.000000 73096.000000 22741.000000
25460980.000000 72312.000000 23078.000000
25357170.000000 72729.000000 22797.000000
25427981.000000 72965.000000 22600.000000
25487528.000000 71106.000000 22362.000000
25298521.000000 73142.000000 22720.000000
25411299.000000 73382.000000 22968.000000
25176059.000000 72843.000000 22880.000000
25334515.000000 73258.000000 22835.000000
25375122.000000 74160.000000 22618.000000
25317180.000000 70522.000000 22130.000000
25493181.000000 73062.000000 22756.000000
25362599.000000 72881.000000 22972.000000
25280756.000000 73337.000000 23041.000000
25401421.000000 73581.000000 22896.000000
25290751.000000 74114.000000 22763.000000
25273993.000000 72793.000000 22927.000000
25391048.000000 72528.000000 23124.000000
25375766.000000 73439.000000 22786.000000
25437689.000000 72846.000000 22874.000000
25424028.000000 74631.000000 22793.000000
25460115.000000 72906.000000 22710.000000
25425784.000000 73459.000000 22719.000000
25510335.000000 72636.000000 22773.000000
25316356.000000 73749.000000 22659.000000
25264015.000000 73714.000000 22621.000000
25356267.000000 73360.000000 22943.000000
25404768.000000 72990.000000 22622.000000
25363086.000000 72858.000000 22769.000000
25458869.000000 71095.000000 22314.000000
25168920.000000 72702.000000 22752.000000
25448983.000000 71272.000000 22286.000000
25350794.000000 73230.000000 22855.000000
24908681.000000 70436.000000 22089.000000
25469626.000000 72947.000000 22914.000000
25422672.000000 72836.000000 22853.000000
25403241.000000 73036.000000 22685.000000
24984662.000000 70510.000000 21960.000000
25428714.000000 73014.000000 22866.000000
25287318.000000 74695.000000 22601.000000
25438321.000000 72344.000000 22866.000000
25419630.000000 73070.000000 23012.000000
25270395.000000 73350.000000 22873.000000
25328290.000000 73179.000000 22823.000000
25206461.000000 73086.000000 23127.000000
25373374.000000 73929.000000 22905.000000
25471670.000000 70716.000000 22445.000000
25397668.000000 73271.000000 23050.000000
25182136.000000 73089.000000 22926.000000
25390857.000000 73113.000000 22856.000000
25318069.000000 73251.000000 22586.000000
25416099.000000 73265.000000 22774.000000
25417882.000000 73204.000000 22682.000000
25430802.000000 73926.000000 22733.000000
25326690.000000 73435.000000 22681.000000
25387135.000000 71188.000000 22322.000000
25342207.000000 72995.000000 22744.000000
25184822.000000 73078.000000 22772.000000
25439057.000000 73875.000000 22727.000000
25417115.000000 73002.000000 22829.000000
25403826.000000 72954.000000 22964.000000
25355296.000000 73007.000000 22606.000000
25406563.000000 72870.000000 22625.000000
25230018.000000 72824.000000 22465.000000
25086040.000000 72805.000000 22829.000000
25354916.000000 72677.000000 22713.000000
25400532.000000 73268.000000 22686.000000
25460107.000000 72633.000000 22973.000000
25338020.000000 72806.000000 22896.000000
25138422.000000 72524.000000 22825.000000
25321760.000000 74588.000000 22848.000000
25531996.000000 72959.000000 22843.000000
25429732.000000 71510.000000 22313.000000
25413762.000000 72864.000000 23089.000000
25414210.000000 73333.000000 22858.000000
25446137.000000 73070.000000 23039.000000
25321610.000000 72763.000000 22747.000000
25042162.000000 72294.000000 22521.000000
25354378.000000 73928.000000 22690.000000
25171401.000000 72698.000000 22905.000000
25416939.000000 72991.000000 22845.000000
25427674.000000 70793.000000 22338.000000
25273632.000000 72941.000000 22822.000000
25272488.000000 72820.000000 22856.000000
25449211.000000 73156.000000 22863.000000
25375453.000000 73167.000000 22969.000000
25407341.000000 73077.000000 22819.000000
25434336.000000 73809.000000 22817.000000
25326411.000000 73924.000000 22874.000000
