27508437.000000 74993.000000 9196.000000
27523030.000000 74576.000000 8919.000000
27277168.000000 74721.000000 8851.000000
27490526.000000 74362.000000 9089.000000
27375932.000000 76349.000000 8947.000000
27378487.000000 74544.000000 9128.000000
27499606.000000 76543.000000 8967.000000
27430269.000000 77173.000000 9232.000000
27447371.000000 74661.000000 9102.000000
27473383.000000 74684.000000 9023.000000
27380954.000000 74845.000000 9195.000000
27369889.000000 73861.000000 8866.000000
27511685.000000 76575.000000 8959.000000
27451528.000000 75871.000000 9011.000000
27536305.000000 74897.000000 8832.000000
27409111.000000 76278.000000 9183.000000
27384741.000000 76310.000000 9122.000000
27442064.000000 76252.000000 9009.000000
27411470.000000 76956.000000 9259.000000
27428112.000000 75380.000000 8977.000000
27480004.000000 74480.000000 8917.000000
27294014.000000 74831.000000 9272.000000
27489475.000000 74734.000000 8998.000000
27409022.000000 76514.000000 9144.000000
27479229.000000 76439.000000 9119.000000
26120995.000000 72000.000000 8420.000000
27321423.000000 74557.000000 9067.000000
27466516.000000 74921.000000 8843.000000
27494753.000000 75201.000000 8941.000000
27393488.000000 75390.000000 9121.000000
27385841.000000 76857.000000 9350.000000
27390105.000000 77303.000000 9259.000000
27411220.000000 75096.000000 9093.000000
27494089.000000 74628.000000 9096.000000
27411232.000000 75045.000000 9187.000000
26743744.000000 72442.000000 8685.000000
27520364.000000 74969.000000 9155.000000
27467062.000000 75191.000000 9155.000000
27460082.000000 74890.000000 8945.000000
27368022.000000 74371.000000 9217.000000
27471201.000000 74486.000000 9269.000000
27517138.000000 74856.000000 8947.000000
27426902.000000 76540.000000 9258.000000
27410992.000000 74322.000000 9114.000000
27314476.000000 75049.000000 8791.000000
27230712.000000 73652.000000 8897.000000
27469614.000000 74537.000000 9027.000000
27435231.000000 74728.000000 9036.000000
27495907.000000 74605.000000 9081.000000
27456559.000000 74189.000000 8736.000000
27468094.000000 75235.000000 9004.000000
27506399.000000 75088.000000 8906.000000
27503749.000000 75038.000000 9037.000000
27392507.000000 75405.000000 9073.000000
27135342.000000 74569.000000 8903.000000
27294697.000000 77486.000000 9343.000000
27351944.000000 74711.000000 9072.000000
27490664.000000 75358.000000 9083.000000
27479038.000000 74163.000000 9138.000000
27377333.000000 74111.000000 9184.000000
27370986.000000 76718.000000 9097.000000
27464709.000000 75039.000000 9174.000000
27394656.000000 74784.000000 9153.000000
27238085.000000 74266.000000 9231.000000
27472590.000000 74561.000000 9089.000000
27500479.000000 74965.000000 9199.000000
27461240.000000 74933.000000 9176.000000
27243445.000000 74326.000000 9267.000000
27315086.000000 76687.000000 9330.000000
27438316.000000 74555.000000 9088.000000
27344751.000000 76814.000000 9204.000000
27425086.000000 76472.000000 9290.000000
27588353.000000 74675.000000 9041.000000
27348352.000000 76669.000000 8991.000000
27291284.000000 74589.000000 9007.000000
27483076.000000 74130.000000 9228.000000
27310823.000000 74129.000000 9186.000000
27441790.000000 74941.000000 9209.000000
27507022.000000 74787.000000 9184.000000
27524275.000000 74568.000000 9251.000000
27436167.000000 74936.000000 9121.000000
27430206.000000 73976.000000 9307.000000
27479155.000000 74580.000000 9089.000000
27017659.000000 73324.000000 8752.000000
26787278.000000 72376.000000 8527.000000
27488583.000000 75327.000000 9088.000000
27396000.000000 74571.000000 8957.000000
27422583.000000 74730.000000 8872.000000
27578024.000000 75018.000000 9018.000000
27407312.000000 75049.000000 9071.000000
27510640.000000 74909.000000 9039.000000
27434994.000000 74179.000000 9044.000000
27259780.000000 73963.000000 9053.000000
27484582.000000 74373.000000 9062.000000
27512928.000000 74559.000000 9015.000000
26589921.000000 71736.000000 8322.000000
27512621.000000 74335.000000 8999.000000
27303139.000000 76399.000000 9217.000000
27468331.000000 75502.000000 9016.000000
27256705.000000 74405.000000 9037.000000
