20861367.000000 60416.000000 38676.000000
21656203.000000 62096.000000 35981.000000
22801403.000000 66902.000000 40672.000000
21152617.000000 61489.000000 37347.000000
22920763.000000 67763.000000 39909.000000
22908513.000000 66769.000000 39922.000000
23217324.000000 67522.000000 38939.000000
22823026.000000 68070.000000 40601.000000
19578127.000000 67147.000000 44626.000000
20474747.000000 63340.000000 39726.000000
22877408.000000 67516.000000 39686.000000
21682370.000000 62001.000000 36404.000000
22079095.000000 64439.000000 40630.000000
22880597.000000 67559.000000 40095.000000
20986556.000000 65452.000000 41643.000000
22787668.000000 69620.000000 42106.000000
22853218.000000 67231.000000 39809.000000
22763947.000000 67908.000000 40973.000000
19880799.000000 57878.000000 35759.000000
21626914.000000 58296.000000 34937.000000
23066020.000000 67831.000000 40344.000000
21630780.000000 66740.000000 41180.000000
23129426.000000 68157.000000 39856.000000
23079766.000000 67374.000000 40699.000000
23059002.000000 67296.000000 39789.000000
22971545.000000 67085.000000 40500.000000
20497477.000000 68029.000000 44255.000000
20878092.000000 66883.000000 43487.000000
20796072.000000 64652.000000 41594.000000
22966928.000000 67109.000000 40487.000000
22949709.000000 68205.000000 40148.000000
23011537.000000 68280.000000 40714.000000
21812071.000000 64184.000000 40164.000000
22111184.000000 61630.000000 37470.000000
22958195.000000 67110.000000 40295.000000
22675007.000000 65369.000000 41721.000000
22050571.000000 63281.000000 38151.000000
23125733.000000 67196.000000 39939.000000
22870983.000000 68799.000000 41324.000000
19744209.000000 67571.000000 44707.000000
22965445.000000 67090.000000 41229.000000
22809033.000000 67589.000000 40975.000000
23166996.000000 67270.000000 40552.000000
22841778.000000 66966.000000 41463.000000
23094306.000000 67105.000000 40272.000000
22691233.000000 63609.000000 38146.000000
22876501.000000 66519.000000 40169.000000
22766050.000000 66592.000000 39657.000000
22861001.000000 67587.000000 41481.000000
21850345.000000 63293.000000 38942.000000
20761911.000000 66649.000000 44021.000000
21900134.000000 64406.000000 38830.000000
21913309.000000 62943.000000 36155.000000
21787771.000000 63684.000000 38870.000000
22988135.000000 66561.000000 41046.000000
21990301.000000 63546.000000 38334.000000
23073807.000000 67818.000000 40140.000000
23203447.000000 67445.000000 39752.000000
21790358.000000 63917.000000 38817.000000
22216107.000000 63838.000000 40419.000000
22937508.000000 67052.000000 40207.000000
20967600.000000 63168.000000 40329.000000
22765271.000000 67923.000000 42023.000000
21832844.000000 63216.000000 38857.000000
21982233.000000 63639.000000 37485.000000
22855467.000000 68175.000000 40481.000000
21489430.000000 72799.000000 49249.000000
22873184.000000 67196.000000 39889.000000
21864414.000000 64244.000000 39618.000000
20701139.000000 59527.000000 36489.000000
22875942.000000 67194.000000 40554.000000
22478983.000000 66623.000000 41364.000000
22635787.000000 66751.000000 40934.000000
22065426.000000 63942.000000 37360.000000
22198553.000000 66722.000000 41164.000000
21998850.000000 66416.000000 41460.000000
22730931.000000 67523.000000 41291.000000
23054931.000000 67711.000000 40066.000000
23052459.000000 65160.000000 39831.000000
23150863.000000 67039.000000 40117.000000
22922795.000000 67170.000000 40569.000000
22548361.000000 68701.000000 41976.000000
22594116.000000 66864.000000 38887.000000
21779809.000000 63899.000000 37918.000000
22185514.000000 66264.000000 40870.000000
23180759.000000 68030.000000 39485.000000
23108337.000000 65187.000000 38547.000000
21656721.000000 62365.000000 36580.000000
21924117.000000 64363.000000 38635.000000
23091388.000000 67251.000000 40504.000000
21286910.000000 61685.000000 37380.000000
20371883.000000 57956.000000 34635.000000
20522882.000000 58446.000000 34537.000000
22137862.000000 63796.000000 37038.000000
20823497.000000 58932.000000 34393.000000
20578884.000000 58885.000000 35627.000000
20493225.000000 58178.000000 35351.000000
20140896.000000 57732.000000 35293.000000
22965784.000000 65448.000000 40502.000000
21212625.000000 60668.000000 38263.000000
