27892144.000000 86405.000000 638.000000
27995673.000000 83178.000000 641.000000
27854174.000000 83305.000000 602.000000
27892902.000000 85463.000000 625.000000
28000596.000000 83283.000000 697.000000
27953118.000000 84443.000000 714.000000
27910525.000000 83465.000000 671.000000
28080168.000000 83577.000000 711.000000
28122835.000000 83700.000000 637.000000
28161575.000000 83295.000000 768.000000
28106447.000000 83001.000000 636.000000
28139869.000000 83233.000000 633.000000
27797430.000000 85468.000000 683.000000
27873319.000000 85737.000000 663.000000
28113622.000000 83568.000000 646.000000
28090788.000000 83401.000000 601.000000
27934034.000000 86767.000000 600.000000
28146357.000000 83617.000000 551.000000
27909560.000000 83309.000000 536.000000
28128326.000000 83384.000000 497.000000
27959116.000000 85904.000000 562.000000
27922248.000000 85122.000000 601.000000
28121295.000000 83321.000000 591.000000
27928038.000000 83151.000000 534.000000
28129027.000000 83166.000000 551.000000
27879385.000000 82922.000000 514.000000
27541203.000000 81482.000000 505.000000
27950150.000000 86102.000000 519.000000
27821011.000000 85268.000000 629.000000
27922720.000000 85986.000000 580.000000
27965199.000000 85940.000000 533.000000
28074449.000000 84103.000000 500.000000
27986020.000000 83623.000000 473.000000
28016946.000000 84183.000000 551.000000
27782280.000000 82352.000000 553.000000
28105978.000000 83806.000000 506.000000
27974267.000000 85812.000000 525.000000
28021304.000000 82950.000000 537.000000
28062772.000000 84050.000000 500.000000
27935974.000000 85193.000000 532.000000
27922722.000000 86789.000000 495.000000
27906441.000000 82365.000000 498.000000
28014746.000000 83516.000000 527.000000
28134694.000000 84536.000000 535.000000
27916055.000000 83183.000000 531.000000
27940305.000000 86588.000000 536.000000
28137086.000000 83426.000000 464.000000
27977053.000000 85659.000000 468.000000
27908283.000000 83055.000000 560.000000
28037497.000000 83006.000000 494.000000
27983779.000000 86319.000000 562.000000
28091291.000000 83214.000000 531.000000
28089721.000000 83704.000000 534.000000
28002625.000000 82706.000000 506.000000
27959330.000000 82691.000000 622.000000
27896298.000000 85639.000000 561.000000
27917522.000000 85615.000000 588.000000
27937487.000000 83888.000000 588.000000
27974026.000000 83550.000000 565.000000
27943121.000000 86375.000000 584.000000
27962949.000000 85168.000000 505.000000
27957242.000000 84236.000000 490.000000
27900724.000000 83121.000000 588.000000
28074460.000000 83249.000000 596.000000
27941344.000000 86171.000000 603.000000
28053215.000000 83069.000000 515.000000
27948683.000000 83355.000000 492.000000
28117505.000000 84059.000000 546.000000
27178808.000000 80718.000000 527.000000
28127342.000000 84452.000000 477.000000
27969914.000000 83478.000000 555.000000
27996647.000000 83935.000000 531.000000
28161593.000000 84080.000000 511.000000
28093926.000000 83848.000000 550.000000
28101278.000000 83479.000000 613.000000
28060964.000000 83124.000000 521.000000
27966569.000000 86259.000000 527.000000
28116896.000000 83575.000000 492.000000
27979276.000000 84883.000000 551.000000
28009029.000000 85955.000000 476.000000
27961052.000000 85567.000000 498.000000
28090530.000000 82972.000000 438.000000
28127403.000000 83149.000000 465.000000
28108288.000000 83459.000000 542.000000
27423511.000000 80756.000000 532.000000
27980476.000000 83982.000000 459.000000
27999930.000000 83832.000000 522.000000
27962147.000000 86354.000000 489.000000
27969674.000000 84210.000000 593.000000
28095525.000000 83172.000000 533.000000
28048254.000000 84051.000000 507.000000
27861515.000000 85277.000000 574.000000
27913510.000000 83330.000000 495.000000
28096312.000000 83619.000000 578.000000
28122865.000000 83771.000000 558.000000
28031468.000000 82815.000000 581.000000
27983985.000000 85728.000000 578.000000
28096989.000000 83210.000000 610.000000
27825499.000000 83318.000000 613.000000
28178290.000000 83338.000000 591.000000
