27452796.000000 62791.000000 14125.000000
27418069.000000 62180.000000 14203.000000
27486808.000000 62636.000000 14000.000000
27572528.000000 63449.000000 13741.000000
27577345.000000 62950.000000 13794.000000
27243023.000000 61895.000000 13732.000000
27306981.000000 61968.000000 13772.000000
27492163.000000 63210.000000 13813.000000
27370672.000000 62663.000000 14253.000000
27150463.000000 62875.000000 13844.000000
27538398.000000 62619.000000 14032.000000
27588607.000000 62317.000000 14225.000000
27511421.000000 62973.000000 13995.000000
27460937.000000 63129.000000 13899.000000
27445953.000000 62902.000000 14143.000000
27397984.000000 62611.000000 14186.000000
26744823.000000 61348.000000 13550.000000
27532449.000000 62569.000000 14030.000000
27457782.000000 62566.000000 14006.000000
27476481.000000 62598.000000 14125.000000
27544348.000000 62985.000000 13973.000000
27513959.000000 62486.000000 13969.000000
27465180.000000 62080.000000 14132.000000
27494124.000000 62772.000000 13921.000000
27485034.000000 62334.000000 14193.000000
27326649.000000 62986.000000 13785.000000
27498077.000000 62563.000000 13924.000000
27472047.000000 62316.000000 13918.000000
27457718.000000 62354.000000 13978.000000
27567154.000000 62789.000000 14014.000000
27522776.000000 62724.000000 14142.000000
27502816.000000 62174.000000 14069.000000
26550978.000000 60754.000000 13517.000000
27570906.000000 62438.000000 13976.000000
27505131.000000 62528.000000 14001.000000
27437501.000000 62914.000000 14137.000000
27484032.000000 62646.000000 13761.000000
27490324.000000 62268.000000 13789.000000
27474387.000000 62122.000000 13847.000000
27431406.000000 62408.000000 13814.000000
27416665.000000 63121.000000 14034.000000
27172354.000000 61689.000000 13910.000000
27418897.000000 63141.000000 14023.000000
27481484.000000 63129.000000 14069.000000
27485674.000000 62246.000000 14183.000000
27516820.000000 62984.000000 14019.000000
27396393.000000 62828.000000 13909.000000
27392536.000000 62692.000000 13902.000000
27304401.000000 62259.000000 14052.000000
27467260.000000 62593.000000 13956.000000
27485539.000000 62564.000000 14120.000000
27463141.000000 62345.000000 14243.000000
27477815.000000 62324.000000 14003.000000
27352483.000000 62678.000000 13822.000000
26139099.000000 58867.000000 12672.000000
27472400.000000 62892.000000 14220.000000
27594905.000000 63044.000000 13721.000000
27544490.000000 62897.000000 13947.000000
27583681.000000 62410.000000 13830.000000
27526672.000000 62705.000000 14011.000000
27498974.000000 62402.000000 13823.000000
27503775.000000 62976.000000 13808.000000
27529943.000000 62226.000000 13848.000000
27580142.000000 62332.000000 13772.000000
27539560.000000 63079.000000 13895.000000
27293477.000000 62486.000000 13499.000000
27544948.000000 62503.000000 13866.000000
27337819.000000 63020.000000 13561.000000
27551257.000000 62731.000000 13937.000000
27425726.000000 62559.000000 14079.000000
27404633.000000 62464.000000 14411.000000
27471739.000000 62032.000000 14042.000000
27396537.000000 63421.000000 13822.000000
27542567.000000 62263.000000 14079.000000
27213802.000000 62152.000000 13739.000000
27270432.000000 62980.000000 13383.000000
27480175.000000 62870.000000 14105.000000
27468209.000000 62872.000000 14028.000000
27563877.000000 62371.000000 13903.000000
27473891.000000 63005.000000 13846.000000
27546367.000000 63422.000000 14006.000000
27585089.000000 62395.000000 13873.000000
27465159.000000 62500.000000 13849.000000
27538781.000000 62716.000000 13978.000000
27544754.000000 62399.000000 13935.000000
27360802.000000 62896.000000 13756.000000
27407676.000000 62621.000000 13767.000000
27481598.000000 62900.000000 14028.000000
27584887.000000 62848.000000 14012.000000
27561082.000000 62475.000000 13920.000000
27414576.000000 62569.000000 14011.000000
27388173.000000 62302.000000 13858.000000
26664685.000000 60986.000000 13237.000000
27427912.000000 62836.000000 14078.000000
27389943.000000 62159.000000 13929.000000
27533072.000000 62462.000000 13766.000000
27430383.000000 62744.000000 14149.000000
27548207.000000 62544.000000 13893.000000
27498590.000000 62866.000000 13921.000000
27487171.000000 62270.000000 13998.000000
