28215455.000000 79706.000000 2518.000000
28232477.000000 78852.000000 2562.000000
28178482.000000 79488.000000 2656.000000
28168404.000000 79503.000000 2746.000000
28098692.000000 78586.000000 2619.000000
27158703.000000 76729.000000 2483.000000
28206510.000000 79706.000000 2633.000000
28244178.000000 79020.000000 2660.000000
28187386.000000 79204.000000 2702.000000
28182082.000000 78667.000000 2742.000000
28097047.000000 78780.000000 2671.000000
28229899.000000 80345.000000 2598.000000
28089417.000000 79286.000000 2708.000000
28094979.000000 78748.000000 2661.000000
28208982.000000 79327.000000 2695.000000
28207589.000000 79033.000000 2731.000000
28253036.000000 78628.000000 2588.000000
28008917.000000 78430.000000 2561.000000
28214172.000000 79500.000000 2478.000000
28263479.000000 79503.000000 2535.000000
28247390.000000 79092.000000 2578.000000
28174617.000000 78476.000000 2617.000000
28213537.000000 79175.000000 2527.000000
28267790.000000 79079.000000 2477.000000
28304987.000000 79588.000000 2377.000000
28211397.000000 79027.000000 2546.000000
28228863.000000 78830.000000 2499.000000
28160465.000000 79363.000000 2633.000000
28245175.000000 79082.000000 2644.000000
28269151.000000 80091.000000 2458.000000
28251948.000000 78762.000000 2718.000000
28246770.000000 79472.000000 2442.000000
27802560.000000 77771.000000 2526.000000
28066067.000000 83124.000000 2669.000000
28082936.000000 79616.000000 2578.000000
28176787.000000 78701.000000 2527.000000
28238767.000000 79212.000000 2556.000000
28030794.000000 79137.000000 2536.000000
28168716.000000 78336.000000 2527.000000
28246220.000000 79031.000000 2574.000000
28229553.000000 78867.000000 2615.000000
28244840.000000 79614.000000 2597.000000
28266029.000000 79594.000000 2588.000000
28250652.000000 79417.000000 2657.000000
28148851.000000 78596.000000 2676.000000
27564295.000000 76955.000000 2421.000000
28197093.000000 79454.000000 2468.000000
28303219.000000 79442.000000 2520.000000
28208243.000000 79375.000000 2565.000000
28231117.000000 78980.000000 2450.000000
27715313.000000 77291.000000 2379.000000
28305786.000000 79404.000000 2469.000000
28075537.000000 77882.000000 2416.000000
28219279.000000 78930.000000 2577.000000
28262287.000000 79187.000000 2595.000000
28222736.000000 78865.000000 2568.000000
28259014.000000 79123.000000 2578.000000
28246468.000000 79233.000000 2676.000000
28056750.000000 78225.000000 2634.000000
28109993.000000 79476.000000 2730.000000
28217807.000000 79119.000000 2721.000000
28220791.000000 79360.000000 2688.000000
28188061.000000 80141.000000 2580.000000
27922012.000000 79547.000000 2619.000000
28188624.000000 79141.000000 2736.000000
28204554.000000 78413.000000 2600.000000
28122384.000000 79279.000000 2737.000000
28215689.000000 79628.000000 2570.000000
28147672.000000 79575.000000 2553.000000
28199138.000000 79172.000000 2638.000000
28226294.000000 80380.000000 2489.000000
28213836.000000 79757.000000 2668.000000
28229112.000000 78881.000000 2628.000000
28015524.000000 78444.000000 2574.000000
28287688.000000 78665.000000 2525.000000
28247876.000000 79204.000000 2643.000000
28224579.000000 78616.000000 2689.000000
28198651.000000 78621.000000 2629.000000
28189057.000000 79737.000000 2570.000000
28270505.000000 78811.000000 2654.000000
28109837.000000 78805.000000 2494.000000
28164530.000000 78955.000000 2762.000000
28170968.000000 79492.000000 2799.000000
28182628.000000 78894.000000 2720.000000
28061240.000000 78701.000000 2679.000000
28171044.000000 79521.000000 2541.000000
28083902.000000 78248.000000 2729.000000
28001280.000000 80918.000000 2736.000000
28264794.000000 79059.000000 2641.000000
28232281.000000 78142.000000 2579.000000
28329947.000000 79217.000000 2565.000000
28153960.000000 79345.000000 2528.000000
28211860.000000 79135.000000 2776.000000
28162070.000000 79097.000000 2747.000000
28127433.000000 78269.000000 2813.000000
28277413.000000 78772.000000 2634.000000
28229671.000000 78568.000000 2623.000000
28021730.000000 80540.000000 2618.000000
28197290.000000 79350.000000 2552.000000
28065499.000000 79527.000000 2575.000000
