27926211.000000 74689.000000 5018.000000
27911217.000000 73830.000000 5133.000000
27941540.000000 73818.000000 5018.000000
27794838.000000 74066.000000 4960.000000
27789728.000000 74345.000000 5057.000000
27893852.000000 74715.000000 5150.000000
27745440.000000 74812.000000 5104.000000
27904085.000000 74685.000000 5154.000000
27789768.000000 75528.000000 5031.000000
27938113.000000 74243.000000 5085.000000
27774904.000000 74276.000000 5151.000000
27049044.000000 72217.000000 4805.000000
27913023.000000 74330.000000 4993.000000
27847521.000000 74777.000000 4944.000000
27890611.000000 74961.000000 5057.000000
27863381.000000 74414.000000 4970.000000
27895945.000000 74467.000000 4805.000000
27913002.000000 74532.000000 5014.000000
27911084.000000 74652.000000 5025.000000
27773915.000000 75446.000000 5007.000000
27889946.000000 74676.000000 4973.000000
27764408.000000 74346.000000 5064.000000
27929983.000000 75100.000000 5091.000000
27923739.000000 74285.000000 5203.000000
27789180.000000 74658.000000 5057.000000
27856510.000000 75383.000000 5003.000000
27861074.000000 74976.000000 4962.000000
27883847.000000 74477.000000 5120.000000
27735523.000000 74310.000000 5081.000000
27919453.000000 74320.000000 5107.000000
27764092.000000 74959.000000 5108.000000
27771530.000000 74568.000000 5158.000000
27951456.000000 73995.000000 4943.000000
27904893.000000 74503.000000 4959.000000
27875739.000000 74193.000000 5135.000000
27852021.000000 74560.000000 5047.000000
27853287.000000 74862.000000 5056.000000
27722422.000000 74986.000000 5228.000000
27881098.000000 74228.000000 5002.000000
27414980.000000 72802.000000 5039.000000
27823220.000000 74241.000000 5384.000000
27883515.000000 74738.000000 5095.000000
27808510.000000 74026.000000 5117.000000
27893313.000000 74000.000000 5156.000000
28017609.000000 74694.000000 4805.000000
27763931.000000 74443.000000 4913.000000
27886774.000000 74950.000000 4896.000000
27899540.000000 74642.000000 4960.000000
27917148.000000 74423.000000 4942.000000
27899967.000000 74577.000000 5042.000000
27917027.000000 74220.000000 5118.000000
27819353.000000 73765.000000 5086.000000
27750738.000000 74100.000000 5073.000000
27878633.000000 74754.000000 5106.000000
27849145.000000 74343.000000 5097.000000
27892376.000000 74156.000000 5087.000000
27984309.000000 74272.000000 4971.000000
27746357.000000 74369.000000 5174.000000
27851516.000000 75523.000000 5114.000000
27909447.000000 74326.000000 5055.000000
27779674.000000 74708.000000 5025.000000
27856632.000000 74634.000000 5196.000000
27823950.000000 75756.000000 5011.000000
27882545.000000 76086.000000 5015.000000
27921352.000000 74506.000000 5157.000000
27796722.000000 74469.000000 5094.000000
27915528.000000 74789.000000 4941.000000
27860077.000000 74040.000000 4950.000000
27868656.000000 73855.000000 5139.000000
27710625.000000 74180.000000 4997.000000
27933749.000000 74219.000000 5157.000000
27888668.000000 74051.000000 5252.000000
27830353.000000 74573.000000 5071.000000
27941291.000000 74112.000000 5253.000000
27948144.000000 74543.000000 5123.000000
27847236.000000 74736.000000 5161.000000
27906999.000000 74735.000000 5212.000000
27841361.000000 74631.000000 4923.000000
27835919.000000 74057.000000 4998.000000
27716453.000000 74412.000000 4965.000000
27812691.000000 74640.000000 5031.000000
27974648.000000 74426.000000 5186.000000
27930609.000000 74366.000000 5128.000000
27836784.000000 74576.000000 5327.000000
27843012.000000 74650.000000 5220.000000
27867504.000000 74646.000000 5220.000000
27893386.000000 74304.000000 5099.000000
27885338.000000 74906.000000 5267.000000
27905416.000000 74461.000000 5235.000000
27877044.000000 74684.000000 5218.000000
27907494.000000 74733.000000 4963.000000
27858437.000000 74253.000000 5254.000000
27858583.000000 74415.000000 5214.000000
27902276.000000 74500.000000 5219.000000
27899954.000000 74374.000000 5105.000000
27872611.000000 74601.000000 5009.000000
27839944.000000 74681.000000 5006.000000
27828057.000000 74912.000000 5076.000000
27839732.000000 74386.000000 5059.000000
27853273.000000 74298.000000 5038.000000
