28697944.000000 78543.000000 549.000000
28575053.000000 78992.000000 604.000000
28556876.000000 78574.000000 656.000000
28499412.000000 78705.000000 544.000000
28661070.000000 79069.000000 512.000000
28292758.000000 77307.000000 599.000000
28562901.000000 78835.000000 559.000000
28262157.000000 78700.000000 426.000000
28423556.000000 78260.000000 509.000000
28564309.000000 78437.000000 487.000000
28570599.000000 78196.000000 454.000000
28576960.000000 79323.000000 520.000000
28599411.000000 78776.000000 504.000000
28579109.000000 78643.000000 687.000000
28631517.000000 78489.000000 461.000000
28574080.000000 79499.000000 640.000000
28571817.000000 78737.000000 617.000000
28565761.000000 78946.000000 558.000000
28618150.000000 78963.000000 477.000000
28549080.000000 79519.000000 542.000000
28551393.000000 78695.000000 619.000000
28664093.000000 78450.000000 522.000000
28320368.000000 77280.000000 521.000000
28569279.000000 79294.000000 458.000000
28433989.000000 77993.000000 515.000000
28473869.000000 81414.000000 496.000000
28480324.000000 78514.000000 578.000000
28574770.000000 78810.000000 467.000000
28612274.000000 78694.000000 425.000000
28597445.000000 78320.000000 575.000000
28601515.000000 78255.000000 548.000000
28616621.000000 78855.000000 516.000000
28550435.000000 79849.000000 461.000000
28639945.000000 78806.000000 420.000000
28495354.000000 79451.000000 577.000000
28569703.000000 80179.000000 551.000000
28548959.000000 78476.000000 630.000000
28531825.000000 78945.000000 557.000000
28536113.000000 78261.000000 607.000000
28624218.000000 78904.000000 540.000000
28665313.000000 79103.000000 615.000000
28605064.000000 78998.000000 669.000000
28560440.000000 78756.000000 473.000000
28495645.000000 78500.000000 528.000000
28623053.000000 78646.000000 677.000000
28591207.000000 78161.000000 497.000000
28575786.000000 79290.000000 717.000000
28582474.000000 78770.000000 674.000000
28568213.000000 78877.000000 594.000000
28584801.000000 79134.000000 546.000000
28602921.000000 78809.000000 668.000000
28586415.000000 78914.000000 506.000000
28610358.000000 78767.000000 480.000000
28683705.000000 78444.000000 514.000000
28503585.000000 78406.000000 491.000000
28712734.000000 78738.000000 577.000000
28594983.000000 78960.000000 528.000000
28483643.000000 79641.000000 486.000000
28584770.000000 78603.000000 716.000000
28508821.000000 79013.000000 629.000000
28533966.000000 78766.000000 624.000000
28279177.000000 79834.000000 649.000000
28585841.000000 79073.000000 439.000000
28531471.000000 78491.000000 552.000000
28567554.000000 78139.000000 598.000000
28602920.000000 78677.000000 524.000000
28593217.000000 78688.000000 609.000000
28519057.000000 77963.000000 562.000000
28592425.000000 79940.000000 503.000000
28632213.000000 79231.000000 604.000000
28560278.000000 78538.000000 625.000000
28647942.000000 79221.000000 467.000000
28164441.000000 77015.000000 515.000000
28624953.000000 79151.000000 623.000000
28633586.000000 79158.000000 523.000000
28575419.000000 78729.000000 512.000000
28660427.000000 78729.000000 566.000000
28627148.000000 78255.000000 576.000000
28627831.000000 78477.000000 473.000000
28533406.000000 78864.000000 643.000000
28621885.000000 78906.000000 576.000000
28312826.000000 77522.000000 604.000000
28483122.000000 78557.000000 609.000000
28555354.000000 78068.000000 524.000000
28590337.000000 78734.000000 607.000000
28573038.000000 78579.000000 541.000000
28565271.000000 79020.000000 456.000000
28640046.000000 78966.000000 548.000000
28586373.000000 78453.000000 518.000000
28586038.000000 79053.000000 488.000000
28572624.000000 78371.000000 548.000000
28597124.000000 78654.000000 518.000000
28596987.000000 79294.000000 506.000000
28600804.000000 78312.000000 482.000000
28537994.000000 78392.000000 504.000000
28553842.000000 78271.000000 657.000000
28606498.000000 78714.000000 505.000000
28546626.000000 79046.000000 594.000000
28540531.000000 78493.000000 471.000000
28627082.000000 79403.000000 543.000000
