25654445.000000 75357.000000 19973.000000
25649031.000000 75573.000000 19735.000000
25619913.000000 75439.000000 19712.000000
25641720.000000 75092.000000 19573.000000
25589572.000000 75761.000000 19588.000000
25548730.000000 75583.000000 19745.000000
25677342.000000 76270.000000 19766.000000
25604965.000000 75933.000000 19751.000000
25587971.000000 76107.000000 19576.000000
25589549.000000 76132.000000 19589.000000
25564852.000000 75626.000000 19636.000000
25591303.000000 75693.000000 19588.000000
24900173.000000 74117.000000 18934.000000
25602647.000000 75327.000000 19883.000000
25479525.000000 75807.000000 19697.000000
25534167.000000 75474.000000 19748.000000
25619433.000000 76201.000000 19678.000000
25517997.000000 75726.000000 19991.000000
25577653.000000 76341.000000 19633.000000
25611904.000000 76046.000000 19728.000000
25499900.000000 75796.000000 19704.000000
25619877.000000 76734.000000 19431.000000
25672269.000000 75836.000000 19475.000000
25700309.000000 75408.000000 19619.000000
25631561.000000 76152.000000 19753.000000
25669222.000000 75545.000000 19486.000000
25527245.000000 76529.000000 19819.000000
25586930.000000 76631.000000 19845.000000
25440666.000000 75386.000000 19331.000000
25545580.000000 76008.000000 19786.000000
25616772.000000 75283.000000 19839.000000
25655826.000000 76173.000000 19638.000000
25493272.000000 77159.000000 19548.000000
25554916.000000 74965.000000 19675.000000
25522948.000000 76642.000000 19913.000000
25574920.000000 76229.000000 19516.000000
25576454.000000 77427.000000 19616.000000
25581512.000000 76656.000000 19664.000000
25679267.000000 75851.000000 19547.000000
25677421.000000 75736.000000 19573.000000
25531585.000000 76040.000000 19253.000000
25658950.000000 75752.000000 20023.000000
25560958.000000 75392.000000 19881.000000
25625207.000000 76044.000000 19686.000000
25615166.000000 75791.000000 19874.000000
25611476.000000 75037.000000 19488.000000
25679259.000000 76079.000000 19478.000000
25673769.000000 76165.000000 19284.000000
25600585.000000 75987.000000 19594.000000
25457792.000000 75930.000000 19544.000000
25537990.000000 74951.000000 19622.000000
25683620.000000 75485.000000 19906.000000
25577928.000000 76303.000000 19979.000000
25635920.000000 75889.000000 19768.000000
25597015.000000 75961.000000 19718.000000
25466434.000000 77249.000000 19699.000000
25676143.000000 75340.000000 19922.000000
25649292.000000 76074.000000 19977.000000
25625303.000000 75283.000000 20010.000000
25633452.000000 75486.000000 19744.000000
25644177.000000 75696.000000 20072.000000
25714402.000000 75660.000000 19804.000000
25709593.000000 75479.000000 19868.000000
25658457.000000 75856.000000 19609.000000
25641896.000000 73621.000000 19206.000000
25690652.000000 76613.000000 19656.000000
25623705.000000 75601.000000 19642.000000
25627308.000000 75803.000000 19831.000000
25537406.000000 75989.000000 19637.000000
25494338.000000 75088.000000 19411.000000
25652710.000000 76388.000000 19695.000000
25563513.000000 76432.000000 19500.000000
25572625.000000 75799.000000 19847.000000
25593092.000000 75585.000000 19512.000000
25682000.000000 75792.000000 19493.000000
25655701.000000 75078.000000 19656.000000
25563247.000000 75118.000000 19791.000000
25648369.000000 75827.000000 19537.000000
25700033.000000 76161.000000 19582.000000
25603443.000000 75982.000000 19465.000000
25670116.000000 75606.000000 19645.000000
25589284.000000 75315.000000 19832.000000
25502910.000000 75275.000000 19431.000000
25600745.000000 76089.000000 19666.000000
25686456.000000 75594.000000 19605.000000
25577869.000000 76092.000000 19512.000000
25646126.000000 75384.000000 19462.000000
25366770.000000 75242.000000 19565.000000
25685162.000000 75581.000000 19635.000000
25670257.000000 75697.000000 19513.000000
25666196.000000 76619.000000 19513.000000
25677875.000000 76377.000000 19599.000000
25617284.000000 75129.000000 19404.000000
25555747.000000 75740.000000 19471.000000
25703963.000000 75905.000000 19339.000000
25685155.000000 75822.000000 19401.000000
25119591.000000 73867.000000 19212.000000
25595399.000000 75682.000000 19662.000000
25370164.000000 76668.000000 19437.000000
25609830.000000 77025.000000 19688.000000
