27975327.000000 82057.000000 318.000000
28292861.000000 84076.000000 436.000000
28254838.000000 82357.000000 412.000000
28358047.000000 83081.000000 318.000000
28388538.000000 82610.000000 404.000000
28255987.000000 83215.000000 356.000000
27817517.000000 81104.000000 406.000000
28363696.000000 83346.000000 382.000000
28323719.000000 83292.000000 391.000000
28368699.000000 82622.000000 366.000000
28281434.000000 83995.000000 449.000000
28133135.000000 82119.000000 412.000000
28212936.000000 81893.000000 381.000000
28380599.000000 82721.000000 331.000000
28232996.000000 82864.000000 351.000000
28180761.000000 83132.000000 426.000000
28254186.000000 84472.000000 411.000000
28103675.000000 82034.000000 460.000000
28271104.000000 82719.000000 408.000000
28272916.000000 82648.000000 420.000000
28265761.000000 84511.000000 400.000000
28266964.000000 82910.000000 445.000000
28298850.000000 83213.000000 355.000000
28163579.000000 82953.000000 394.000000
28427547.000000 82898.000000 396.000000
28238852.000000 84451.000000 433.000000
28401219.000000 83068.000000 397.000000
28414744.000000 82344.000000 361.000000
28237192.000000 84367.000000 433.000000
28346894.000000 83530.000000 348.000000
28001284.000000 81704.000000 394.000000
28339961.000000 82540.000000 407.000000
28417056.000000 82610.000000 427.000000
27363891.000000 79998.000000 435.000000
28129459.000000 82170.000000 412.000000
28262627.000000 82033.000000 400.000000
28220854.000000 84627.000000 402.000000
28365676.000000 82801.000000 395.000000
28336027.000000 82172.000000 408.000000
28287634.000000 84751.000000 386.000000
28273471.000000 82134.000000 417.000000
28334798.000000 82888.000000 406.000000
28326302.000000 83782.000000 438.000000
28375717.000000 83113.000000 405.000000
28333422.000000 83403.000000 397.000000
28272357.000000 82664.000000 422.000000
28371035.000000 82612.000000 364.000000
28319106.000000 82467.000000 347.000000
28248837.000000 84360.000000 395.000000
28269407.000000 84676.000000 357.000000
28285455.000000 82115.000000 426.000000
28342204.000000 82760.000000 363.000000
28381740.000000 82392.000000 407.000000
28341248.000000 82573.000000 367.000000
28328843.000000 82295.000000 353.000000
28411307.000000 82698.000000 402.000000
28304157.000000 84561.000000 418.000000
28329608.000000 82387.000000 411.000000
28222795.000000 83571.000000 333.000000
28284731.000000 82510.000000 421.000000
28006197.000000 81606.000000 358.000000
28271108.000000 84791.000000 330.000000
28220401.000000 82447.000000 368.000000
28239925.000000 84893.000000 378.000000
28365952.000000 83867.000000 368.000000
28255827.000000 81821.000000 348.000000
28352152.000000 82236.000000 319.000000
28388166.000000 82200.000000 324.000000
28295490.000000 84173.000000 372.000000
28275889.000000 84555.000000 376.000000
27616204.000000 80346.000000 372.000000
28279932.000000 84824.000000 356.000000
28160747.000000 81758.000000 314.000000
28303725.000000 84848.000000 337.000000
28353742.000000 82284.000000 321.000000
28301267.000000 82912.000000 405.000000
28318585.000000 82347.000000 354.000000
28397721.000000 81999.000000 322.000000
28263752.000000 82631.000000 331.000000
28231707.000000 82875.000000 335.000000
28156616.000000 82129.000000 400.000000
28341895.000000 82951.000000 383.000000
28359704.000000 82865.000000 383.000000
28307693.000000 82724.000000 351.000000
28204651.000000 82314.000000 302.000000
28308023.000000 82052.000000 402.000000
28304087.000000 82848.000000 387.000000
27654792.000000 80989.000000 305.000000
28248366.000000 84357.000000 391.000000
28387527.000000 82291.000000 384.000000
28230042.000000 85153.000000 359.000000
28293691.000000 84960.000000 282.000000
28273124.000000 83342.000000 402.000000
28206658.000000 82180.000000 366.000000
28035904.000000 81982.000000 317.000000
28192810.000000 83276.000000 395.000000
28352201.000000 82712.000000 363.000000
28288342.000000 82448.000000 331.000000
28263834.000000 82949.000000 361.000000
27669323.000000 80614.000000 343.000000
