28013384.000000 83878.000000 431.000000
27957729.000000 83454.000000 485.000000
27926464.000000 86340.000000 516.000000
27954661.000000 86576.000000 491.000000
27944341.000000 84057.000000 489.000000
27963832.000000 85049.000000 478.000000
28032027.000000 84312.000000 465.000000
27574617.000000 82756.000000 418.000000
27939928.000000 86846.000000 518.000000
27989607.000000 84360.000000 501.000000
27909534.000000 84067.000000 492.000000
27937332.000000 87651.000000 504.000000
28054650.000000 84692.000000 527.000000
28000360.000000 84189.000000 515.000000
27911556.000000 83608.000000 408.000000
27707578.000000 84146.000000 467.000000
27992367.000000 83700.000000 434.000000
27949145.000000 83801.000000 409.000000
28054748.000000 84923.000000 377.000000
28027806.000000 84813.000000 437.000000
28024818.000000 84367.000000 416.000000
28052063.000000 84422.000000 431.000000
27947624.000000 84692.000000 419.000000
28043845.000000 84662.000000 359.000000
27870650.000000 84592.000000 401.000000
27929304.000000 87518.000000 428.000000
27338384.000000 83271.000000 397.000000
27985550.000000 83863.000000 431.000000
27898359.000000 84604.000000 428.000000
27990567.000000 85665.000000 468.000000
27987100.000000 84254.000000 430.000000
27875409.000000 86635.000000 451.000000
28076416.000000 84429.000000 457.000000
28034531.000000 83683.000000 452.000000
28003093.000000 84423.000000 441.000000
27976767.000000 83802.000000 432.000000
27957571.000000 86981.000000 451.000000
27959030.000000 83648.000000 447.000000
27941477.000000 87009.000000 462.000000
28024040.000000 85035.000000 434.000000
27999841.000000 86841.000000 498.000000
27985978.000000 86854.000000 453.000000
27965463.000000 86754.000000 431.000000
28090855.000000 84373.000000 382.000000
28028684.000000 84394.000000 388.000000
27926828.000000 83777.000000 431.000000
27995335.000000 85003.000000 505.000000
28043561.000000 83860.000000 483.000000
28024069.000000 85069.000000 467.000000
27965773.000000 86075.000000 479.000000
27946826.000000 87509.000000 516.000000
28031670.000000 84766.000000 564.000000
27920817.000000 86169.000000 557.000000
27924849.000000 86815.000000 481.000000
27893661.000000 83204.000000 428.000000
27947526.000000 82878.000000 453.000000
28030784.000000 83848.000000 423.000000
27911713.000000 86137.000000 454.000000
27899885.000000 86017.000000 448.000000
28011161.000000 84294.000000 446.000000
28034584.000000 84111.000000 408.000000
27983195.000000 84510.000000 439.000000
28063853.000000 84225.000000 405.000000
27930902.000000 83560.000000 426.000000
28026072.000000 83965.000000 440.000000
27902601.000000 86496.000000 424.000000
27906261.000000 83172.000000 460.000000
28008047.000000 83852.000000 492.000000
28099263.000000 84192.000000 484.000000
28013856.000000 84018.000000 525.000000
27998354.000000 84381.000000 548.000000
27959069.000000 86465.000000 530.000000
27964998.000000 83417.000000 541.000000
28052678.000000 84082.000000 489.000000
28019256.000000 84300.000000 441.000000
27807491.000000 84667.000000 455.000000
27966253.000000 83740.000000 507.000000
27918056.000000 85035.000000 469.000000
28031166.000000 84161.000000 499.000000
27978756.000000 86523.000000 531.000000
26776579.000000 81163.000000 470.000000
28018169.000000 84162.000000 524.000000
28001448.000000 84396.000000 489.000000
27952235.000000 84103.000000 499.000000
27926538.000000 86350.000000 493.000000
27932410.000000 86916.000000 601.000000
28018041.000000 84399.000000 513.000000
28037979.000000 84991.000000 456.000000
27961200.000000 83565.000000 551.000000
28036580.000000 84549.000000 513.000000
27971844.000000 86507.000000 555.000000
27943942.000000 84143.000000 519.000000
27919973.000000 86278.000000 604.000000
27881810.000000 84434.000000 464.000000
28092944.000000 84361.000000 477.000000
28038716.000000 85199.000000 492.000000
27973740.000000 83877.000000 498.000000
27884655.000000 84607.000000 512.000000
27870609.000000 83307.000000 522.000000
27884744.000000 86344.000000 530.000000
