28459327.000000 79459.000000 1168.000000
28418233.000000 79342.000000 1318.000000
28349831.000000 81225.000000 1365.000000
28454441.000000 79234.000000 1274.000000
28479730.000000 79546.000000 1285.000000
28352937.000000 79374.000000 1172.000000
28345953.000000 79891.000000 1194.000000
28365288.000000 79723.000000 1242.000000
28416595.000000 80499.000000 1077.000000
28153206.000000 78465.000000 1429.000000
28297999.000000 82178.000000 1356.000000
28334073.000000 79833.000000 1336.000000
28435421.000000 79276.000000 1272.000000
28348882.000000 79412.000000 1311.000000
28387310.000000 78869.000000 1257.000000
28464121.000000 79488.000000 1178.000000
28422073.000000 80060.000000 1096.000000
28270618.000000 79285.000000 1163.000000
28395368.000000 81270.000000 1280.000000
28146330.000000 78832.000000 1237.000000
28419297.000000 79716.000000 1046.000000
28415361.000000 79755.000000 1194.000000
28484753.000000 79320.000000 1184.000000
28432283.000000 80054.000000 1172.000000
28331826.000000 80030.000000 1222.000000
28384885.000000 80071.000000 1202.000000
28360674.000000 79300.000000 1270.000000
28318140.000000 79987.000000 1304.000000
28278527.000000 82287.000000 1264.000000
28389995.000000 78762.000000 1360.000000
28426886.000000 79282.000000 1278.000000
28445922.000000 79254.000000 1394.000000
28391624.000000 79542.000000 1356.000000
28255063.000000 81477.000000 1454.000000
28318868.000000 81438.000000 1369.000000
28384409.000000 80221.000000 1427.000000
28287639.000000 79959.000000 1372.000000
28322069.000000 81401.000000 1503.000000
28378934.000000 79285.000000 1388.000000
27746978.000000 77045.000000 1305.000000
28150565.000000 80807.000000 1440.000000
28307809.000000 81263.000000 1381.000000
28437720.000000 79619.000000 1310.000000
28299779.000000 79630.000000 1295.000000
28286031.000000 79322.000000 1268.000000
28424973.000000 79228.000000 1258.000000
28125417.000000 78765.000000 1133.000000
28339928.000000 81593.000000 1187.000000
28223578.000000 81279.000000 1300.000000
28261092.000000 81628.000000 1463.000000
28422280.000000 79007.000000 1217.000000
28315132.000000 81364.000000 1377.000000
28314708.000000 79964.000000 1246.000000
28167180.000000 79739.000000 1398.000000
28320033.000000 80429.000000 1330.000000
28449479.000000 79359.000000 1352.000000
28209089.000000 78721.000000 1299.000000
28297380.000000 82205.000000 1399.000000
28250206.000000 80043.000000 1232.000000
28406436.000000 79355.000000 1252.000000
28420005.000000 79964.000000 1275.000000
28329490.000000 81137.000000 1422.000000
28304122.000000 81035.000000 1327.000000
28352623.000000 79386.000000 1308.000000
28423069.000000 79393.000000 1401.000000
28435823.000000 79516.000000 1049.000000
28432822.000000 79334.000000 1208.000000
28300318.000000 79429.000000 1161.000000
28415767.000000 79650.000000 1248.000000
28427169.000000 79619.000000 1224.000000
28320431.000000 79124.000000 1205.000000
28366352.000000 79315.000000 1305.000000
28403754.000000 79889.000000 1209.000000
28338711.000000 79677.000000 1185.000000
28399190.000000 79486.000000 1204.000000
28371461.000000 81537.000000 1229.000000
28497833.000000 78745.000000 1309.000000
28328587.000000 82108.000000 1241.000000
27895561.000000 76942.000000 1161.000000
28354661.000000 81966.000000 1267.000000
28388273.000000 79607.000000 1287.000000
28427987.000000 79878.000000 1317.000000
28332373.000000 79658.000000 1302.000000
28371469.000000 79630.000000 1177.000000
28214154.000000 79263.000000 1181.000000
28324249.000000 81503.000000 1337.000000
28425967.000000 79744.000000 1017.000000
28319795.000000 78670.000000 1250.000000
28191611.000000 82190.000000 1199.000000
28354973.000000 80018.000000 1167.000000
28437044.000000 79886.000000 1079.000000
28501571.000000 79091.000000 1170.000000
28372080.000000 79544.000000 1209.000000
28405726.000000 80067.000000 1126.000000
28313387.000000 79455.000000 1135.000000
28227620.000000 78722.000000 1178.000000
28418074.000000 79710.000000 1332.000000
28351849.000000 79439.000000 1065.000000
28401960.000000 80325.000000 1368.000000
28392316.000000 81366.000000 1297.000000
