28267146.000000 83678.000000 786.000000
28323709.000000 82400.000000 886.000000
28366706.000000 82679.000000 950.000000
27494897.000000 80524.000000 835.000000
28352244.000000 82659.000000 763.000000
27539993.000000 79578.000000 793.000000
28238965.000000 82055.000000 835.000000
28320625.000000 82673.000000 764.000000
28274420.000000 84295.000000 814.000000
28312785.000000 82632.000000 886.000000
28367412.000000 82731.000000 736.000000
28308137.000000 82604.000000 959.000000
28325251.000000 82362.000000 860.000000
28340100.000000 82236.000000 814.000000
28153941.000000 81753.000000 898.000000
28333384.000000 82280.000000 860.000000
28374851.000000 82000.000000 894.000000
28342438.000000 82374.000000 903.000000
28150705.000000 81688.000000 835.000000
28326554.000000 82778.000000 877.000000
28326664.000000 82053.000000 831.000000
28323759.000000 82104.000000 842.000000
28110212.000000 85399.000000 815.000000
28364230.000000 82180.000000 797.000000
28305323.000000 82640.000000 830.000000
28284218.000000 82719.000000 733.000000
28329441.000000 82420.000000 800.000000
28207335.000000 82260.000000 798.000000
28370987.000000 82373.000000 853.000000
28271389.000000 82318.000000 875.000000
28305341.000000 82196.000000 846.000000
28257698.000000 82674.000000 849.000000
28158541.000000 82926.000000 800.000000
28226005.000000 83134.000000 873.000000
28342817.000000 82036.000000 833.000000
28310980.000000 82044.000000 901.000000
28309426.000000 82720.000000 910.000000
27912889.000000 80509.000000 844.000000
28354458.000000 82461.000000 865.000000
28303244.000000 83241.000000 915.000000
28356936.000000 82465.000000 794.000000
27985900.000000 80596.000000 905.000000
28297646.000000 81973.000000 934.000000
28279126.000000 81837.000000 888.000000
28315853.000000 83143.000000 791.000000
28224977.000000 82853.000000 761.000000
27359936.000000 79995.000000 815.000000
28304391.000000 82351.000000 901.000000
28127910.000000 80869.000000 782.000000
28206776.000000 82154.000000 799.000000
28286804.000000 82957.000000 859.000000
28381607.000000 82351.000000 832.000000
28268834.000000 83240.000000 884.000000
28253806.000000 82882.000000 776.000000
28264696.000000 82272.000000 948.000000
28355439.000000 82233.000000 778.000000
28278849.000000 82340.000000 835.000000
28415883.000000 82407.000000 892.000000
28386633.000000 82347.000000 847.000000
28261080.000000 81643.000000 906.000000
28333855.000000 82358.000000 903.000000
28253740.000000 82351.000000 795.000000
28277036.000000 81733.000000 895.000000
28316772.000000 81853.000000 918.000000
28284808.000000 82147.000000 973.000000
28322737.000000 82272.000000 863.000000
28257386.000000 82747.000000 896.000000
28213394.000000 82574.000000 857.000000
28351676.000000 82585.000000 849.000000
28186687.000000 82395.000000 891.000000
28282954.000000 82080.000000 875.000000
28362904.000000 82119.000000 868.000000
28322974.000000 81753.000000 836.000000
28344417.000000 81907.000000 850.000000
28057823.000000 80878.000000 970.000000
28306602.000000 81712.000000 859.000000
28218520.000000 82418.000000 807.000000
28267915.000000 81579.000000 859.000000
28281297.000000 82078.000000 914.000000
28057485.000000 82724.000000 894.000000
28086772.000000 82273.000000 866.000000
28272983.000000 82050.000000 925.000000
28354337.000000 82153.000000 992.000000
28062050.000000 81593.000000 807.000000
28291052.000000 81703.000000 942.000000
28307760.000000 82087.000000 825.000000
28266763.000000 82430.000000 885.000000
28284839.000000 82216.000000 978.000000
28345175.000000 82239.000000 866.000000
28415614.000000 82031.000000 782.000000
28392945.000000 81814.000000 854.000000
28303441.000000 82242.000000 896.000000
28249645.000000 82551.000000 900.000000
28228288.000000 82223.000000 878.000000
26988895.000000 77861.000000 751.000000
28347103.000000 82279.000000 738.000000
28291493.000000 82433.000000 785.000000
28318011.000000 82272.000000 753.000000
28325989.000000 82279.000000 821.000000
28416901.000000 82345.000000 796.000000
