29520338.000000 62495.000000 1012.000000
28611502.000000 59296.000000 964.000000
29493222.000000 62021.000000 1153.000000
29581578.000000 62323.000000 1153.000000
29572506.000000 62438.000000 1290.000000
29496986.000000 62480.000000 1092.000000
29577310.000000 62201.000000 1196.000000
29516995.000000 62588.000000 880.000000
29589096.000000 62708.000000 968.000000
29532737.000000 62456.000000 1303.000000
29154299.000000 62161.000000 1290.000000
29582441.000000 62416.000000 1380.000000
29539910.000000 62019.000000 1188.000000
29504337.000000 61885.000000 1078.000000
29596445.000000 62466.000000 1085.000000
29660415.000000 62916.000000 926.000000
29539434.000000 62254.000000 1172.000000
29636261.000000 62817.000000 919.000000
29579216.000000 62249.000000 1394.000000
29613410.000000 62402.000000 1115.000000
29568238.000000 62323.000000 1193.000000
29469457.000000 62366.000000 1118.000000
29606696.000000 62582.000000 1227.000000
29533534.000000 62977.000000 1018.000000
29522414.000000 62059.000000 1146.000000
29444846.000000 62244.000000 1033.000000
29548336.000000 62212.000000 1164.000000
28698911.000000 58632.000000 963.000000
29565392.000000 62627.000000 1060.000000
29562458.000000 62051.000000 1148.000000
28449359.000000 58233.000000 978.000000
29584894.000000 62437.000000 1069.000000
29410911.000000 62253.000000 1013.000000
29555272.000000 62648.000000 1016.000000
29380155.000000 61665.000000 824.000000
29532483.000000 62775.000000 878.000000
29452788.000000 62011.000000 923.000000
29552647.000000 62752.000000 1203.000000
28766468.000000 60532.000000 1032.000000
29546427.000000 62900.000000 1061.000000
29402189.000000 61926.000000 1237.000000
29582053.000000 62597.000000 1298.000000
29555753.000000 62802.000000 1390.000000
29460312.000000 62446.000000 931.000000
29436709.000000 62643.000000 1073.000000
29565571.000000 62308.000000 1095.000000
29544192.000000 62368.000000 1145.000000
29636028.000000 62829.000000 853.000000
29463000.000000 61785.000000 949.000000
29639668.000000 62351.000000 972.000000
29581099.000000 62366.000000 1212.000000
29692735.000000 62732.000000 779.000000
29639104.000000 62391.000000 1061.000000
27882833.000000 56488.000000 1071.000000
29060863.000000 61387.000000 1402.000000
29285017.000000 61998.000000 1125.000000
29679201.000000 62704.000000 941.000000
29546401.000000 62063.000000 1075.000000
29565847.000000 62258.000000 1269.000000
29601020.000000 63539.000000 1066.000000
29635166.000000 62373.000000 1113.000000
29611050.000000 62556.000000 1016.000000
29607300.000000 62549.000000 974.000000
29425942.000000 62147.000000 922.000000
29600879.000000 62624.000000 1118.000000
29549263.000000 63072.000000 1062.000000
29602453.000000 62249.000000 1090.000000
29524792.000000 62397.000000 1019.000000
29600759.000000 62845.000000 1103.000000
29476489.000000 62296.000000 1204.000000
29597490.000000 62481.000000 1165.000000
29621356.000000 62362.000000 973.000000
28416581.000000 58540.000000 1026.000000
29576936.000000 62295.000000 1238.000000
29602115.000000 62657.000000 904.000000
29516699.000000 61949.000000 1234.000000
29485757.000000 61682.000000 1098.000000
29649103.000000 62324.000000 1028.000000
29539184.000000 62404.000000 1079.000000
29485708.000000 62573.000000 1228.000000
29535324.000000 61811.000000 1177.000000
29605280.000000 62308.000000 1103.000000
29601416.000000 62302.000000 1261.000000
29511537.000000 62341.000000 1356.000000
29610530.000000 62587.000000 1104.000000
29540329.000000 63068.000000 1115.000000
29474719.000000 62309.000000 1247.000000
29269337.000000 62098.000000 1122.000000
29523670.000000 62118.000000 1269.000000
29585740.000000 63007.000000 1238.000000
29588437.000000 62592.000000 1187.000000
29596094.000000 62361.000000 1083.000000
29622502.000000 62867.000000 848.000000
29547827.000000 62581.000000 1145.000000
29665034.000000 62067.000000 1061.000000
29558047.000000 61947.000000 1165.000000
29587474.000000 62169.000000 1138.000000
29540255.000000 62802.000000 1243.000000
29614346.000000 63651.000000 813.000000
29612588.000000 62454.000000 926.000000
