31896800.000000 84.000000 0.000000
32005089.000000 88.000000 0.000000
32550397.000000 95.000000 0.000000
31885645.000000 103.000000 0.000000
32060105.000000 97.000000 0.000000
32709007.000000 91.000000 0.000000
31931048.000000 83.000000 0.000000
31944901.000000 90.000000 0.000000
32061967.000000 96.000000 0.000000
32678993.000000 105.000000 0.000000
32135285.000000 92.000000 0.000000
32679999.000000 91.000000 0.000000
31972523.000000 134.000000 0.000000
32741395.000000 83.000000 0.000000
32582720.000000 91.000000 0.000000
31919773.000000 84.000000 0.000000
32135212.000000 96.000000 0.000000
32180582.000000 92.000000 0.000000
31988482.000000 107.000000 0.000000
32440453.000000 93.000000 0.000000
31915591.000000 92.000000 0.000000
32044333.000000 98.000000 0.000000
32696889.000000 88.000000 0.000000
32820130.000000 96.000000 0.000000
32594429.000000 92.000000 0.000000
32613830.000000 89.000000 0.000000
31833342.000000 90.000000 0.000000
31950890.000000 101.000000 0.000000
31932672.000000 122.000000 0.000000
31945657.000000 95.000000 0.000000
32034490.000000 85.000000 0.000000
32138015.000000 85.000000 0.000000
32497964.000000 81.000000 0.000000
32585438.000000 83.000000 0.000000
32597037.000000 86.000000 0.000000
32012577.000000 80.000000 0.000000
32492508.000000 87.000000 0.000000
31978861.000000 104.000000 0.000000
32655349.000000 93.000000 0.000000
125616417.000000 11513.000000 5746.000000
32514301.000000 82.000000 0.000000
32041097.000000 98.000000 0.000000
142113023.000000 11619.000000 5808.000000
32049518.000000 81.000000 0.000000
32540739.000000 87.000000 0.000000
32063571.000000 95.000000 0.000000
32119931.000000 101.000000 0.000000
32718455.000000 85.000000 0.000000
32749286.000000 87.000000 0.000000
32007818.000000 91.000000 0.000000
32095267.000000 108.000000 0.000000
31975263.000000 84.000000 0.000000
32020882.000000 86.000000 0.000000
31949139.000000 81.000000 0.000000
32045773.000000 89.000000 0.000000
32077864.000000 81.000000 0.000000
32069375.000000 81.000000 0.000000
31993344.000000 87.000000 0.000000
32746429.000000 91.000000 0.000000
32606616.000000 89.000000 0.000000
32010786.000000 86.000000 0.000000
32129908.000000 85.000000 0.000000
32459432.000000 93.000000 0.000000
32575648.000000 89.000000 0.000000
137506151.000000 11502.000000 5759.000000
31996991.000000 83.000000 0.000000
31984188.000000 87.000000 0.000000
31976551.000000 94.000000 0.000000
32210845.000000 87.000000 0.000000
32637386.000000 95.000000 0.000000
32678712.000000 90.000000 0.000000
31907645.000000 111.000000 0.000000
31987981.000000 84.000000 0.000000
32053090.000000 83.000000 0.000000
31997927.000000 90.000000 0.000000
32529746.000000 86.000000 0.000000
32531620.000000 83.000000 0.000000
32103448.000000 91.000000 0.000000
32018994.000000 84.000000 0.000000
31972681.000000 84.000000 0.000000
32716527.000000 84.000000 0.000000
32677753.000000 94.000000 0.000000
32545707.000000 90.000000 0.000000
32695322.000000 100.000000 0.000000
31986913.000000 99.000000 0.000000
31971010.000000 86.000000 0.000000
32059687.000000 89.000000 0.000000
31939848.000000 81.000000 0.000000
31921024.000000 93.000000 0.000000
32583926.000000 243.000000 0.000000
32519631.000000 95.000000 0.000000
32676522.000000 88.000000 0.000000
32032510.000000 86.000000 0.000000
31975795.000000 87.000000 0.000000
32611741.000000 95.000000 0.000000
32729373.000000 91.000000 0.000000
