28205482.000000 83304.000000 317.000000
28236332.000000 82956.000000 374.000000
28110931.000000 82995.000000 448.000000
28079249.000000 83358.000000 367.000000
28144559.000000 82832.000000 389.000000
28037368.000000 82982.000000 365.000000
28188553.000000 83121.000000 459.000000
28147016.000000 83364.000000 361.000000
28092977.000000 83773.000000 421.000000
28046460.000000 85375.000000 378.000000
28224701.000000 82730.000000 401.000000
28154810.000000 82792.000000 479.000000
27802025.000000 84126.000000 439.000000
28227235.000000 82559.000000 402.000000
28223220.000000 83126.000000 384.000000
28201808.000000 83062.000000 381.000000
28149073.000000 82753.000000 413.000000
28213588.000000 82899.000000 374.000000
28238523.000000 84101.000000 383.000000
28145038.000000 83075.000000 406.000000
28207435.000000 82557.000000 423.000000
28205462.000000 82913.000000 405.000000
28184338.000000 82669.000000 347.000000
28176067.000000 82442.000000 368.000000
28071651.000000 84050.000000 447.000000
28244956.000000 83360.000000 381.000000
28306134.000000 82601.000000 386.000000
28162727.000000 83567.000000 345.000000
28226710.000000 82514.000000 391.000000
28196464.000000 84063.000000 398.000000
28177216.000000 82952.000000 331.000000
28184859.000000 83590.000000 380.000000
28211955.000000 82429.000000 417.000000
28237727.000000 83063.000000 322.000000
28269976.000000 84326.000000 369.000000
28298172.000000 82610.000000 312.000000
28172833.000000 83413.000000 339.000000
28048429.000000 84725.000000 329.000000
28179225.000000 82748.000000 412.000000
28197966.000000 83281.000000 365.000000
28216760.000000 83653.000000 342.000000
28206591.000000 82911.000000 395.000000
27783829.000000 81620.000000 440.000000
28113293.000000 83599.000000 400.000000
28215606.000000 82674.000000 371.000000
27551807.000000 80118.000000 377.000000
28166372.000000 82974.000000 398.000000
28112677.000000 83605.000000 339.000000
28215300.000000 82697.000000 376.000000
28113486.000000 82515.000000 390.000000
27889657.000000 82556.000000 313.000000
28008098.000000 85575.000000 360.000000
28127708.000000 83921.000000 386.000000
28212368.000000 83121.000000 355.000000
28204328.000000 82841.000000 371.000000
28217024.000000 83452.000000 310.000000
28234239.000000 82844.000000 368.000000
28175599.000000 83580.000000 425.000000
28252609.000000 82670.000000 374.000000
28175654.000000 83548.000000 393.000000
28073249.000000 83036.000000 352.000000
27967849.000000 82369.000000 366.000000
28236933.000000 83135.000000 394.000000
28261452.000000 82847.000000 366.000000
28112953.000000 83664.000000 414.000000
28240513.000000 83184.000000 358.000000
28184545.000000 83428.000000 425.000000
28234693.000000 83500.000000 351.000000
28096572.000000 83266.000000 389.000000
28253799.000000 82981.000000 397.000000
28197772.000000 82765.000000 391.000000
28218516.000000 83134.000000 415.000000
28210164.000000 83012.000000 379.000000
27726947.000000 80441.000000 378.000000
28192070.000000 82716.000000 354.000000
28195211.000000 83986.000000 383.000000
28234898.000000 83123.000000 322.000000
28206876.000000 83470.000000 429.000000
27106214.000000 79841.000000 353.000000
28171956.000000 82642.000000 380.000000
28143756.000000 82513.000000 374.000000
28253698.000000 82992.000000 340.000000
28256921.000000 83300.000000 383.000000
28209601.000000 82601.000000 375.000000
28141575.000000 82558.000000 378.000000
28169005.000000 83789.000000 424.000000
28222867.000000 82845.000000 376.000000
28245100.000000 83006.000000 396.000000
28122614.000000 82311.000000 455.000000
28273648.000000 83773.000000 470.000000
28093536.000000 83874.000000 361.000000
28186099.000000 83951.000000 428.000000
28035304.000000 82473.000000 314.000000
28250699.000000 83257.000000 363.000000
28098021.000000 82746.000000 353.000000
27968559.000000 82374.000000 381.000000
28286217.000000 82871.000000 371.000000
28184015.000000 83426.000000 401.000000
28042791.000000 82523.000000 398.000000
28201386.000000 82767.000000 404.000000
