26835167.000000 71167.000000 11220.000000
27042848.000000 72229.000000 11276.000000
27053476.000000 72590.000000 11086.000000
27070037.000000 71686.000000 11417.000000
25862885.000000 69125.000000 10116.000000
27129274.000000 71899.000000 11191.000000
27123438.000000 72096.000000 11343.000000
27040801.000000 72030.000000 11045.000000
27071798.000000 72052.000000 11258.000000
27097940.000000 72369.000000 11358.000000
27087882.000000 73946.000000 11441.000000
27067047.000000 72680.000000 11300.000000
27020958.000000 71790.000000 11269.000000
27046963.000000 73371.000000 11442.000000
27147528.000000 72134.000000 11153.000000
27094949.000000 72153.000000 11176.000000
27017517.000000 72615.000000 11291.000000
26979967.000000 71760.000000 11225.000000
27074229.000000 72686.000000 11348.000000
27149094.000000 72154.000000 11161.000000
27090740.000000 72245.000000 11089.000000
27077849.000000 72170.000000 11109.000000
26994931.000000 71412.000000 11224.000000
27083982.000000 74488.000000 11459.000000
26732633.000000 71420.000000 10588.000000
27065485.000000 73331.000000 11049.000000
27121836.000000 71829.000000 11131.000000
27077347.000000 72539.000000 11066.000000
27073832.000000 73246.000000 11128.000000
27142843.000000 72101.000000 11306.000000
27043435.000000 71801.000000 11115.000000
27135261.000000 72649.000000 11125.000000
27091798.000000 73206.000000 11106.000000
27025587.000000 73176.000000 11181.000000
27129895.000000 72537.000000 11218.000000
27046745.000000 73327.000000 11423.000000
27135220.000000 72335.000000 11373.000000
26706782.000000 71219.000000 10826.000000
27066552.000000 71604.000000 11256.000000
26977063.000000 71922.000000 11192.000000
27133929.000000 71593.000000 11136.000000
27124524.000000 72938.000000 11159.000000
27132313.000000 72171.000000 11234.000000
27115398.000000 74267.000000 11349.000000
27000533.000000 72233.000000 11400.000000
27082391.000000 72028.000000 11365.000000
27123243.000000 72709.000000 11340.000000
27027487.000000 72352.000000 11317.000000
27138070.000000 74440.000000 11447.000000
27106103.000000 71659.000000 11045.000000
27127796.000000 72135.000000 11191.000000
27158148.000000 73734.000000 11040.000000
26950643.000000 71767.000000 10976.000000
27046937.000000 72329.000000 10924.000000
27118456.000000 72859.000000 10896.000000
27151168.000000 72611.000000 11110.000000
26980602.000000 73351.000000 10986.000000
27181286.000000 72399.000000 11096.000000
27092050.000000 72114.000000 11194.000000
27045574.000000 72502.000000 11336.000000
27104779.000000 72708.000000 11306.000000
27078746.000000 74188.000000 11626.000000
27122466.000000 74227.000000 11391.000000
27074242.000000 72283.000000 11188.000000
26878389.000000 71414.000000 11284.000000
27072433.000000 71717.000000 11118.000000
27096049.000000 72275.000000 11226.000000
27185294.000000 72547.000000 11203.000000
26965780.000000 71077.000000 11286.000000
26742243.000000 72163.000000 11025.000000
27104352.000000 72311.000000 11200.000000
27168022.000000 72792.000000 11017.000000
27094195.000000 72234.000000 11022.000000
27127882.000000 72193.000000 11205.000000
26830816.000000 70533.000000 10991.000000
27010650.000000 71951.000000 11037.000000
26952521.000000 71126.000000 11150.000000
27055160.000000 71512.000000 11071.000000
27059610.000000 72615.000000 11306.000000
26816642.000000 70804.000000 10966.000000
27050749.000000 72422.000000 11332.000000
27036229.000000 72336.000000 11200.000000
27096223.000000 71977.000000 11175.000000
27083390.000000 74372.000000 11604.000000
26776694.000000 73273.000000 10852.000000
27111016.000000 73961.000000 11462.000000
27059921.000000 72493.000000 11232.000000
26997140.000000 71250.000000 11099.000000
26999649.000000 72458.000000 11145.000000
27054175.000000 72659.000000 11340.000000
27100483.000000 72279.000000 11353.000000
27075332.000000 71497.000000 11313.000000
26942052.000000 71604.000000 11375.000000
27103260.000000 72299.000000 11336.000000
27132323.000000 72079.000000 11271.000000
27107333.000000 72536.000000 11170.000000
27087327.000000 72213.000000 11196.000000
26282344.000000 68365.000000 10298.000000
27029252.000000 71730.000000 11236.000000
26917615.000000 71576.000000 11099.000000
