26062000.000000 76531.000000 16125.000000
25623114.000000 75089.000000 15787.000000
26110793.000000 76103.000000 16153.000000
26112737.000000 76132.000000 16025.000000
26090910.000000 76584.000000 15929.000000
25998176.000000 77463.000000 16195.000000
26100906.000000 77094.000000 15832.000000
26072685.000000 76668.000000 15861.000000
25658014.000000 75410.000000 15733.000000
26073925.000000 76856.000000 16089.000000
26092376.000000 76909.000000 16093.000000
25404597.000000 74778.000000 15778.000000
26028263.000000 76574.000000 15949.000000
26045673.000000 77155.000000 15835.000000
26041174.000000 76310.000000 16063.000000
26036071.000000 76810.000000 15910.000000
26030359.000000 76362.000000 16021.000000
25762196.000000 75879.000000 15824.000000
26043824.000000 77100.000000 15825.000000
26033279.000000 76946.000000 15929.000000
25997506.000000 76861.000000 16066.000000
26068799.000000 76475.000000 16061.000000
26052991.000000 76683.000000 15965.000000
26048760.000000 76687.000000 16126.000000
26034768.000000 76345.000000 16101.000000
26010156.000000 76937.000000 16107.000000
26103362.000000 76583.000000 16105.000000
26020763.000000 77007.000000 16045.000000
26030350.000000 76392.000000 15962.000000
25700552.000000 75654.000000 15726.000000
25974102.000000 77045.000000 16074.000000
25998927.000000 76618.000000 15939.000000
26072217.000000 77024.000000 16077.000000
26063544.000000 76297.000000 16309.000000
26090502.000000 77417.000000 16067.000000
26130822.000000 76579.000000 15942.000000
25974173.000000 76212.000000 16160.000000
26053801.000000 76866.000000 15906.000000
25595077.000000 73250.000000 15446.000000
26084400.000000 76801.000000 15933.000000
25992775.000000 77337.000000 16174.000000
26118672.000000 76562.000000 16080.000000
25826510.000000 75610.000000 15936.000000
26052927.000000 77262.000000 16037.000000
26121932.000000 76509.000000 16075.000000
25980930.000000 76061.000000 16098.000000
26080159.000000 76955.000000 16094.000000
25873004.000000 75897.000000 15925.000000
26037585.000000 77160.000000 16092.000000
26011264.000000 76757.000000 16164.000000
26081469.000000 77033.000000 15984.000000
26076470.000000 77181.000000 15923.000000
26090786.000000 76989.000000 16037.000000
26055657.000000 76601.000000 16012.000000
25582298.000000 76194.000000 15739.000000
26044795.000000 76553.000000 15845.000000
26127108.000000 76560.000000 15953.000000
26129761.000000 76577.000000 15993.000000
26044728.000000 76944.000000 15795.000000
26099187.000000 76677.000000 16116.000000
26092314.000000 76983.000000 15948.000000
26098934.000000 76980.000000 16103.000000
26072871.000000 76406.000000 16139.000000
26061027.000000 77124.000000 15958.000000
25990051.000000 76159.000000 16277.000000
26127616.000000 76659.000000 15997.000000
26089530.000000 77893.000000 15920.000000
25858095.000000 75927.000000 15957.000000
26016474.000000 75965.000000 16203.000000
26080537.000000 76418.000000 16104.000000
26058360.000000 76668.000000 16213.000000
24826541.000000 72134.000000 15340.000000
26086163.000000 76620.000000 16113.000000
26087759.000000 76931.000000 15994.000000
26077421.000000 76686.000000 16174.000000
26062848.000000 77183.000000 16029.000000
26017965.000000 76258.000000 15831.000000
26096369.000000 76959.000000 15994.000000
26067741.000000 76542.000000 15748.000000
25925346.000000 76433.000000 16020.000000
25601534.000000 74949.000000 15693.000000
26036599.000000 76878.000000 16025.000000
25970167.000000 77112.000000 15889.000000
26019753.000000 76831.000000 15988.000000
26017993.000000 76394.000000 15981.000000
26085719.000000 76673.000000 15943.000000
26013029.000000 76844.000000 16084.000000
25943222.000000 76562.000000 15869.000000
26086426.000000 76192.000000 16069.000000
26147886.000000 76868.000000 15897.000000
25993422.000000 76284.000000 16038.000000
25986999.000000 76369.000000 16027.000000
26050063.000000 76663.000000 16006.000000
26079260.000000 77120.000000 16048.000000
26077282.000000 76259.000000 15894.000000
26069523.000000 77066.000000 16029.000000
26018877.000000 77190.000000 16124.000000
26117939.000000 77175.000000 15803.000000
26077312.000000 76184.000000 16061.000000
26098963.000000 76638.000000 16125.000000
