31238844.000000 21722.000000 83.000000
31368839.000000 21935.000000 36.000000
31486990.000000 21097.000000 65.000000
31468161.000000 21040.000000 102.000000
31443199.000000 22038.000000 123.000000
31479482.000000 21007.000000 10.000000
31395805.000000 21114.000000 57.000000
31524046.000000 20877.000000 17.000000
31356571.000000 22302.000000 65.000000
31402919.000000 22045.000000 117.000000
31485728.000000 20879.000000 45.000000
31406148.000000 21128.000000 56.000000
31326948.000000 21667.000000 65.000000
31445863.000000 21048.000000 43.000000
31379160.000000 21149.000000 172.000000
31426176.000000 21927.000000 35.000000
31198404.000000 21334.000000 120.000000
31413857.000000 21797.000000 42.000000
30920805.000000 27656.000000 97.000000
31393517.000000 21714.000000 82.000000
31256063.000000 22409.000000 25.000000
31442396.000000 21158.000000 221.000000
31476438.000000 20951.000000 45.000000
31414561.000000 21556.000000 54.000000
31374429.000000 21340.000000 51.000000
31391861.000000 21987.000000 95.000000
31342303.000000 20879.000000 104.000000
31395331.000000 22186.000000 23.000000
31352438.000000 21983.000000 8.000000
31407733.000000 22072.000000 57.000000
31123274.000000 20809.000000 45.000000
31277108.000000 21592.000000 51.000000
31419750.000000 21060.000000 5.000000
31424602.000000 21628.000000 81.000000
31386037.000000 21526.000000 106.000000
31333308.000000 22402.000000 30.000000
31351814.000000 21647.000000 60.000000
31431440.000000 21478.000000 57.000000
31440074.000000 21841.000000 65.000000
31506083.000000 20647.000000 67.000000
31371660.000000 21362.000000 166.000000
31359754.000000 21020.000000 73.000000
31369066.000000 20872.000000 90.000000
31443432.000000 20528.000000 70.000000
31422481.000000 21190.000000 34.000000
31446521.000000 21395.000000 15.000000
31451173.000000 21134.000000 59.000000
31352893.000000 21100.000000 56.000000
31358160.000000 22011.000000 48.000000
31455920.000000 20635.000000 105.000000
31454130.000000 21047.000000 49.000000
31369748.000000 21972.000000 81.000000
31355417.000000 21326.000000 196.000000
29953707.000000 20238.000000 31.000000
31418375.000000 21133.000000 87.000000
31428263.000000 21460.000000 146.000000
31349326.000000 21533.000000 33.000000
31340550.000000 22142.000000 65.000000
31314536.000000 21795.000000 56.000000
31389143.000000 20914.000000 44.000000
31404875.000000 21997.000000 24.000000
31395949.000000 21776.000000 122.000000
31304806.000000 22221.000000 6.000000
31444272.000000 20862.000000 6.000000
31391897.000000 22674.000000 89.000000
30882809.000000 21964.000000 68.000000
31440919.000000 21878.000000 116.000000
31195949.000000 22009.000000 60.000000
31368892.000000 20914.000000 41.000000
31421154.000000 21177.000000 9.000000
31421286.000000 21443.000000 16.000000
31438275.000000 21638.000000 45.000000
31445471.000000 20894.000000 68.000000
31433706.000000 22062.000000 34.000000
31438103.000000 21043.000000 27.000000
31454463.000000 21213.000000 37.000000
31403796.000000 22377.000000 44.000000
31427936.000000 21318.000000 23.000000
31401279.000000 21784.000000 74.000000
31352585.000000 21353.000000 41.000000
31475293.000000 21325.000000 13.000000
31487284.000000 21352.000000 12.000000
31357096.000000 21130.000000 63.000000
31423565.000000 21560.000000 66.000000
30166174.000000 20882.000000 56.000000
31355997.000000 22132.000000 27.000000
31333492.000000 21400.000000 43.000000
31416401.000000 21044.000000 40.000000
31335757.000000 22190.000000 29.000000
31250455.000000 21054.000000 65.000000
30763434.000000 20725.000000 77.000000
31481479.000000 21170.000000 46.000000
31299637.000000 21922.000000 36.000000
31316677.000000 22192.000000 70.000000
31453496.000000 20964.000000 98.000000
31492924.000000 20884.000000 44.000000
31382013.000000 21636.000000 87.000000
31456640.000000 21840.000000 112.000000
31387952.000000 22261.000000 26.000000
31445894.000000 21779.000000 30.000000
