29120447.000000 71460.000000 479.000000
29125420.000000 71496.000000 492.000000
29068082.000000 70566.000000 470.000000
29186947.000000 71027.000000 534.000000
29195210.000000 70697.000000 560.000000
29135366.000000 71469.000000 523.000000
29166716.000000 71063.000000 705.000000
29145064.000000 70422.000000 492.000000
29147761.000000 71146.000000 554.000000
29163406.000000 70805.000000 447.000000
29137401.000000 71116.000000 691.000000
29144111.000000 71392.000000 760.000000
29175372.000000 71687.000000 418.000000
29133382.000000 71284.000000 493.000000
29105606.000000 71397.000000 595.000000
29122161.000000 71408.000000 496.000000
29139148.000000 71339.000000 520.000000
29132789.000000 71117.000000 404.000000
29086542.000000 71147.000000 455.000000
29155018.000000 70989.000000 678.000000
29180989.000000 71298.000000 682.000000
28907189.000000 69892.000000 472.000000
29189105.000000 71185.000000 553.000000
29185926.000000 71259.000000 515.000000
29076723.000000 72793.000000 511.000000
29090553.000000 70789.000000 504.000000
29129349.000000 70826.000000 524.000000
29098854.000000 71064.000000 597.000000
29053090.000000 71368.000000 545.000000
29209380.000000 70575.000000 572.000000
29063128.000000 70190.000000 520.000000
29169972.000000 70691.000000 563.000000
28927818.000000 71457.000000 557.000000
29170921.000000 70905.000000 423.000000
29079918.000000 70871.000000 571.000000
29073009.000000 70409.000000 771.000000
29139398.000000 71691.000000 538.000000
29241460.000000 70799.000000 499.000000
29196006.000000 70790.000000 496.000000
29025093.000000 70207.000000 652.000000
29129869.000000 70964.000000 567.000000
29093475.000000 70856.000000 624.000000
29173285.000000 71602.000000 628.000000
29142798.000000 70797.000000 639.000000
29159542.000000 70520.000000 460.000000
29092893.000000 71044.000000 495.000000
29088579.000000 70478.000000 439.000000
29130048.000000 71487.000000 560.000000
28971802.000000 71069.000000 626.000000
29308624.000000 70883.000000 524.000000
29094704.000000 71488.000000 471.000000
29140056.000000 70803.000000 475.000000
29248873.000000 71311.000000 464.000000
29226464.000000 71264.000000 310.000000
29143824.000000 71670.000000 364.000000
29098551.000000 72023.000000 401.000000
29146583.000000 71531.000000 406.000000
29118944.000000 71446.000000 597.000000
29178753.000000 71611.000000 549.000000
29163862.000000 71143.000000 570.000000
29056550.000000 70763.000000 572.000000
29200608.000000 71061.000000 497.000000
29121364.000000 70420.000000 534.000000
29135297.000000 71313.000000 390.000000
29143356.000000 71281.000000 587.000000
29179591.000000 71058.000000 438.000000
29140930.000000 71293.000000 312.000000
29133376.000000 72286.000000 419.000000
29162300.000000 70942.000000 676.000000
29137906.000000 70726.000000 454.000000
29128928.000000 72052.000000 541.000000
29017721.000000 72119.000000 401.000000
29108199.000000 71264.000000 465.000000
29218242.000000 71413.000000 388.000000
29206059.000000 70622.000000 560.000000
29104945.000000 70831.000000 547.000000
29166531.000000 71315.000000 466.000000
29056905.000000 70742.000000 556.000000
29137612.000000 71020.000000 487.000000
29081936.000000 72190.000000 515.000000
29185903.000000 70712.000000 383.000000
29204875.000000 70608.000000 565.000000
29156641.000000 71729.000000 489.000000
29184601.000000 71241.000000 617.000000
28908991.000000 71370.000000 450.000000
29155589.000000 70961.000000 524.000000
29201743.000000 70930.000000 465.000000
29170853.000000 71288.000000 405.000000
28999475.000000 69808.000000 481.000000
29063636.000000 71788.000000 503.000000
29134467.000000 71204.000000 553.000000
29196444.000000 71170.000000 507.000000
29132104.000000 70989.000000 543.000000
29126688.000000 71493.000000 513.000000
29239299.000000 71584.000000 486.000000
29108348.000000 70690.000000 530.000000
29126265.000000 70950.000000 670.000000
29082703.000000 71683.000000 590.000000
29075018.000000 70641.000000 347.000000
29020771.000000 70856.000000 520.000000
