30085098.000000 34857.000000 5.000000
30382139.000000 35382.000000 24.000000
30493069.000000 35267.000000 36.000000
30560616.000000 35503.000000 2.000000
30550112.000000 35379.000000 13.000000
30323683.000000 35321.000000 75.000000
30555736.000000 35407.000000 44.000000
30572870.000000 35705.000000 14.000000
30504064.000000 35344.000000 37.000000
30594257.000000 35277.000000 21.000000
30575003.000000 35227.000000 41.000000
30604318.000000 35291.000000 33.000000
30493476.000000 35163.000000 8.000000
30497034.000000 35474.000000 25.000000
30575892.000000 35735.000000 6.000000
30547737.000000 35709.000000 4.000000
30449965.000000 35244.000000 17.000000
30458024.000000 35641.000000 14.000000
30504106.000000 35601.000000 9.000000
30449987.000000 35338.000000 29.000000
30493977.000000 35338.000000 40.000000
30433291.000000 35201.000000 1.000000
30538208.000000 35371.000000 2.000000
30502663.000000 35669.000000 34.000000
30474263.000000 35415.000000 30.000000
30545982.000000 35296.000000 18.000000
30476551.000000 35040.000000 42.000000
30240658.000000 35206.000000 7.000000
30527512.000000 35166.000000 13.000000
30494697.000000 35280.000000 27.000000
30523088.000000 35379.000000 1.000000
30524470.000000 35358.000000 8.000000
30456752.000000 35095.000000 10.000000
30507673.000000 35030.000000 24.000000
30502620.000000 35157.000000 2.000000
30540562.000000 35426.000000 5.000000
30394183.000000 35218.000000 0.000000
30544804.000000 35178.000000 19.000000
30564771.000000 35603.000000 24.000000
30534394.000000 35074.000000 49.000000
30475903.000000 35341.000000 27.000000
30354841.000000 34958.000000 15.000000
30315109.000000 35240.000000 2.000000
30621914.000000 35327.000000 1.000000
30348892.000000 35214.000000 3.000000
30487383.000000 35287.000000 2.000000
30547289.000000 35660.000000 3.000000
30421113.000000 35399.000000 18.000000
30398756.000000 35292.000000 58.000000
30485224.000000 35323.000000 20.000000
30403195.000000 35354.000000 39.000000
30332366.000000 35071.000000 27.000000
30510783.000000 35308.000000 26.000000
30548946.000000 35642.000000 5.000000
30410854.000000 35079.000000 34.000000
30523017.000000 35409.000000 1.000000
28618379.000000 34334.000000 32.000000
30513290.000000 35317.000000 34.000000
30454859.000000 35239.000000 25.000000
30502571.000000 35345.000000 1.000000
30444323.000000 35098.000000 0.000000
30547160.000000 35434.000000 2.000000
30557962.000000 35297.000000 14.000000
30465573.000000 35375.000000 1.000000
30391095.000000 35218.000000 0.000000
30512549.000000 35635.000000 2.000000
30478094.000000 35495.000000 5.000000
30475123.000000 35511.000000 5.000000
30554114.000000 35605.000000 14.000000
30618560.000000 35518.000000 9.000000
30591765.000000 35855.000000 1.000000
30392605.000000 35223.000000 2.000000
30552162.000000 35466.000000 6.000000
30487103.000000 35300.000000 8.000000
30532191.000000 35248.000000 38.000000
30402575.000000 35181.000000 20.000000
30460696.000000 35327.000000 18.000000
30564386.000000 35458.000000 5.000000
30416065.000000 35410.000000 6.000000
30577555.000000 35552.000000 5.000000
30334200.000000 35093.000000 33.000000
30465560.000000 35445.000000 4.000000
30371905.000000 35145.000000 3.000000
30540174.000000 35372.000000 13.000000
30448016.000000 35168.000000 9.000000
30549362.000000 35076.000000 15.000000
30563706.000000 35500.000000 10.000000
30537538.000000 35310.000000 2.000000
30585280.000000 35799.000000 1.000000
30545958.000000 35388.000000 3.000000
30437714.000000 35532.000000 3.000000
29800927.000000 35053.000000 3.000000
30413072.000000 35424.000000 4.000000
30478524.000000 35413.000000 3.000000
30444491.000000 35302.000000 16.000000
30538783.000000 35345.000000 3.000000
30537130.000000 35301.000000 4.000000
30524794.000000 34967.000000 4.000000
30377408.000000 34809.000000 5.000000
30519565.000000 35246.000000 4.000000
