20370121.000000 64274.000000 40771.000000
19788730.000000 59581.000000 37070.000000
20837431.000000 63707.000000 38465.000000
22410896.000000 69451.000000 41796.000000
20634352.000000 65949.000000 41803.000000
22290971.000000 68879.000000 42276.000000
22721011.000000 69919.000000 41631.000000
22523052.000000 69936.000000 41384.000000
22828703.000000 67867.000000 41367.000000
20621433.000000 63031.000000 36816.000000
22313295.000000 69331.000000 42356.000000
22511100.000000 70261.000000 41751.000000
22756484.000000 69656.000000 40476.000000
21805740.000000 69049.000000 43481.000000
22342157.000000 69818.000000 41476.000000
22856214.000000 69406.000000 40976.000000
22221255.000000 69055.000000 40705.000000
22615687.000000 70114.000000 41723.000000
21043093.000000 65753.000000 41074.000000
22792235.000000 69684.000000 40794.000000
22233692.000000 72069.000000 43394.000000
22456936.000000 69894.000000 43098.000000
22563686.000000 69155.000000 41649.000000
22500469.000000 70596.000000 42492.000000
22672631.000000 70333.000000 41231.000000
22563169.000000 69589.000000 40942.000000
22716769.000000 69652.000000 41833.000000
22828940.000000 69882.000000 41260.000000
21977449.000000 69594.000000 42535.000000
22761305.000000 69708.000000 41151.000000
22813447.000000 67225.000000 39604.000000
21647827.000000 72301.000000 46161.000000
22039194.000000 69397.000000 44232.000000
19955927.000000 71093.000000 46671.000000
22368053.000000 68784.000000 41706.000000
20641768.000000 67154.000000 42240.000000
22699781.000000 69916.000000 41608.000000
22588797.000000 69849.000000 42164.000000
21868594.000000 67927.000000 42028.000000
22702476.000000 70627.000000 41985.000000
15925108.000000 63781.000000 45717.000000
22284167.000000 69488.000000 40999.000000
22193623.000000 69423.000000 41658.000000
22402745.000000 69250.000000 41724.000000
22719205.000000 69597.000000 41168.000000
22915823.000000 67709.000000 39760.000000
22496875.000000 69553.000000 40757.000000
22435254.000000 69808.000000 43419.000000
22851407.000000 69704.000000 39804.000000
22406232.000000 69496.000000 41465.000000
22602146.000000 69449.000000 41966.000000
22659861.000000 69766.000000 41509.000000
20868155.000000 68339.000000 43664.000000
22631643.000000 69567.000000 41573.000000
22327613.000000 68889.000000 42344.000000
22008993.000000 69485.000000 41537.000000
22395105.000000 69476.000000 40412.000000
22753477.000000 69649.000000 40258.000000
22478253.000000 69367.000000 42309.000000
22462654.000000 69596.000000 39998.000000
22103973.000000 67966.000000 42708.000000
21216207.000000 70159.000000 45134.000000
21186295.000000 66401.000000 41309.000000
22581562.000000 69643.000000 41686.000000
21602723.000000 74113.000000 46750.000000
21172996.000000 68822.000000 42956.000000
21184665.000000 67841.000000 41310.000000
20807837.000000 67748.000000 42901.000000
22596257.000000 69902.000000 41942.000000
22823126.000000 68204.000000 40709.000000
22732779.000000 67425.000000 39198.000000
22557846.000000 69724.000000 41544.000000
22599622.000000 69836.000000 42015.000000
22324182.000000 69284.000000 41666.000000
22470832.000000 69747.000000 41962.000000
22844530.000000 70063.000000 40868.000000
22602230.000000 68175.000000 40037.000000
22870552.000000 67529.000000 39974.000000
22688752.000000 69420.000000 40483.000000
19780114.000000 67296.000000 43208.000000
20252993.000000 68690.000000 43624.000000
22778624.000000 71237.000000 40267.000000
21205568.000000 69348.000000 42695.000000
20651692.000000 63143.000000 37396.000000
21053361.000000 64747.000000 38350.000000
22682951.000000 69787.000000 41079.000000
22029349.000000 68683.000000 42960.000000
22406129.000000 69271.000000 42540.000000
19591726.000000 66574.000000 43244.000000
20332313.000000 71369.000000 47509.000000
19231492.000000 65904.000000 41794.000000
19428391.000000 69550.000000 47858.000000
21096117.000000 69352.000000 43925.000000
22471702.000000 67082.000000 40241.000000
22729973.000000 70441.000000 41452.000000
22716911.000000 67884.000000 40256.000000
20959099.000000 63550.000000 38014.000000
19754676.000000 60879.000000 37003.000000
19700088.000000 71196.000000 48127.000000
21038780.000000 64853.000000 38297.000000
