28779410.000000 76655.000000 190.000000
28794545.000000 74731.000000 256.000000
28668117.000000 74376.000000 270.000000
28799913.000000 76201.000000 156.000000
28759370.000000 75005.000000 325.000000
28769894.000000 74488.000000 435.000000
28577152.000000 75846.000000 226.000000
28793775.000000 74394.000000 261.000000
28775442.000000 74668.000000 369.000000
28762679.000000 74521.000000 402.000000
28693281.000000 74872.000000 199.000000
28784625.000000 74897.000000 219.000000
28817504.000000 75160.000000 234.000000
28813414.000000 75037.000000 355.000000
28488165.000000 76609.000000 343.000000
28837087.000000 75444.000000 192.000000
28747385.000000 75646.000000 218.000000
28809586.000000 74750.000000 177.000000
28721290.000000 74806.000000 158.000000
28493150.000000 74276.000000 183.000000
28781978.000000 75068.000000 188.000000
28756712.000000 74266.000000 226.000000
28742096.000000 75622.000000 376.000000
28885180.000000 75173.000000 155.000000
28829033.000000 76148.000000 208.000000
28643021.000000 75138.000000 223.000000
28756529.000000 76671.000000 376.000000
28806579.000000 75526.000000 228.000000
28891619.000000 74923.000000 188.000000
28358891.000000 73488.000000 159.000000
28769970.000000 75980.000000 258.000000
28830945.000000 74610.000000 184.000000
28716064.000000 74652.000000 323.000000
28816753.000000 74607.000000 328.000000
28777220.000000 75724.000000 252.000000
28769714.000000 74939.000000 272.000000
28429981.000000 74212.000000 246.000000
28791569.000000 74876.000000 251.000000
28718249.000000 75136.000000 190.000000
28783354.000000 76126.000000 311.000000
28548597.000000 74786.000000 236.000000
28711012.000000 74497.000000 348.000000
28648135.000000 74898.000000 246.000000
28833155.000000 75938.000000 181.000000
28755236.000000 74561.000000 326.000000
28757570.000000 76166.000000 228.000000
28743366.000000 75855.000000 209.000000
28866723.000000 74563.000000 217.000000
28822854.000000 75930.000000 222.000000
28809729.000000 74533.000000 271.000000
28685677.000000 74517.000000 260.000000
28797087.000000 74987.000000 230.000000
28730880.000000 75852.000000 228.000000
28788514.000000 74916.000000 329.000000
28675581.000000 74461.000000 264.000000
28793877.000000 75919.000000 275.000000
28835948.000000 75511.000000 185.000000
28585626.000000 75323.000000 168.000000
28742945.000000 75547.000000 332.000000
28739997.000000 74327.000000 166.000000
28844990.000000 74380.000000 226.000000
28762082.000000 75065.000000 248.000000
28668216.000000 75836.000000 257.000000
28814664.000000 74695.000000 298.000000
28781291.000000 75116.000000 170.000000
28795905.000000 76552.000000 277.000000
28791270.000000 75236.000000 231.000000
28776094.000000 74483.000000 168.000000
27428343.000000 69551.000000 266.000000
28819406.000000 74125.000000 203.000000
28730953.000000 76446.000000 244.000000
28741607.000000 75091.000000 189.000000
28851858.000000 74661.000000 375.000000
28764412.000000 75484.000000 180.000000
28778505.000000 74486.000000 419.000000
28702750.000000 74375.000000 203.000000
28885576.000000 74755.000000 191.000000
27627474.000000 71047.000000 193.000000
28848423.000000 75186.000000 322.000000
28736775.000000 76338.000000 262.000000
28823431.000000 74814.000000 222.000000
28822428.000000 76056.000000 315.000000
28856733.000000 74841.000000 222.000000
28434970.000000 73675.000000 160.000000
28792015.000000 75009.000000 139.000000
28737800.000000 74514.000000 229.000000
28819158.000000 75498.000000 123.000000
28679588.000000 76365.000000 272.000000
28744173.000000 76368.000000 149.000000
27991268.000000 74593.000000 220.000000
28841738.000000 75968.000000 160.000000
28824642.000000 74689.000000 337.000000
28557488.000000 75857.000000 165.000000
28638419.000000 74780.000000 175.000000
28695330.000000 75367.000000 165.000000
28804598.000000 76264.000000 187.000000
28763055.000000 76253.000000 384.000000
28805479.000000 75237.000000 229.000000
28891562.000000 74741.000000 139.000000
28792155.000000 75702.000000 212.000000
