29661991.000000 45130.000000 3109.000000
29888902.000000 45141.000000 2950.000000
29787942.000000 45613.000000 2887.000000
29619148.000000 44761.000000 2934.000000
28629438.000000 42829.000000 2810.000000
29925649.000000 44949.000000 2875.000000
29773250.000000 44934.000000 3061.000000
29802506.000000 45557.000000 2990.000000
29666395.000000 44856.000000 3116.000000
29933067.000000 45513.000000 2885.000000
29922764.000000 45540.000000 2822.000000
29794614.000000 45608.000000 2938.000000
29662892.000000 44978.000000 2833.000000
29859329.000000 45238.000000 3383.000000
29910803.000000 45299.000000 2899.000000
29721044.000000 45039.000000 3020.000000
29797425.000000 45208.000000 2955.000000
29781101.000000 45367.000000 2983.000000
29801038.000000 45240.000000 3005.000000
29873040.000000 45166.000000 3032.000000
29867047.000000 45379.000000 3083.000000
29842983.000000 45423.000000 2713.000000
29689620.000000 45041.000000 2962.000000
29938813.000000 45556.000000 2798.000000
29290710.000000 44060.000000 2818.000000
29665789.000000 45225.000000 2749.000000
29649376.000000 45190.000000 2840.000000
29873070.000000 45388.000000 2763.000000
29853036.000000 45395.000000 2703.000000
29691189.000000 45091.000000 2966.000000
29820275.000000 45260.000000 2951.000000
29914842.000000 45577.000000 2907.000000
29637986.000000 44908.000000 2931.000000
29858746.000000 45136.000000 3168.000000
29680297.000000 44917.000000 3085.000000
29891848.000000 45980.000000 3006.000000
29884018.000000 45635.000000 2882.000000
29530415.000000 44447.000000 2907.000000
29778769.000000 45192.000000 3120.000000
29627281.000000 44927.000000 2820.000000
29690992.000000 44709.000000 2963.000000
29871434.000000 45229.000000 2949.000000
29794383.000000 45235.000000 3280.000000
29773103.000000 45299.000000 2937.000000
29713271.000000 45092.000000 2883.000000
29658105.000000 44650.000000 3015.000000
29879511.000000 45490.000000 3040.000000
29747979.000000 45001.000000 2956.000000
29926384.000000 45989.000000 2880.000000
29894400.000000 45194.000000 2788.000000
29758355.000000 44996.000000 3043.000000
29860596.000000 45486.000000 2900.000000
29780602.000000 44983.000000 2954.000000
29855939.000000 45194.000000 2977.000000
29902499.000000 45156.000000 2853.000000
29899536.000000 45317.000000 2935.000000
29662630.000000 45250.000000 2633.000000
29910494.000000 45289.000000 2766.000000
29867676.000000 44932.000000 3013.000000
29928323.000000 45222.000000 2743.000000
29993844.000000 45604.000000 2368.000000
29836560.000000 45196.000000 3246.000000
29727223.000000 45220.000000 2762.000000
29916297.000000 45368.000000 2818.000000
29865960.000000 45407.000000 2578.000000
29679777.000000 45092.000000 3022.000000
29662559.000000 45167.000000 3055.000000
29710183.000000 44959.000000 2875.000000
29759616.000000 45168.000000 2800.000000
29536422.000000 44904.000000 2806.000000
29845864.000000 44971.000000 3151.000000
29924012.000000 45139.000000 2962.000000
29823297.000000 45503.000000 2709.000000
29963854.000000 45013.000000 2740.000000
29708890.000000 44807.000000 2676.000000
29765867.000000 44935.000000 2830.000000
29796158.000000 44945.000000 2899.000000
29825926.000000 45017.000000 2943.000000
29795436.000000 45407.000000 2988.000000
29745276.000000 45289.000000 2563.000000
29859658.000000 45174.000000 2934.000000
29798244.000000 45625.000000 2891.000000
29859819.000000 45209.000000 2935.000000
29926866.000000 45589.000000 2906.000000
29466811.000000 44752.000000 2374.000000
29877060.000000 45365.000000 2650.000000
29688590.000000 44980.000000 2908.000000
29453272.000000 44369.000000 2857.000000
29820004.000000 45380.000000 2932.000000
29845667.000000 45531.000000 2915.000000
29840930.000000 45558.000000 2942.000000
29577435.000000 44644.000000 3121.000000
29860032.000000 45451.000000 2712.000000
29860439.000000 45390.000000 2973.000000
29809428.000000 45137.000000 3202.000000
29903716.000000 45595.000000 2794.000000
29882109.000000 45575.000000 2739.000000
29043465.000000 43408.000000 2729.000000
29673406.000000 45088.000000 2520.000000
29776954.000000 44953.000000 2778.000000
