27322762.000000 80781.000000 5580.000000
27384902.000000 81387.000000 5848.000000
27271955.000000 80346.000000 5609.000000
27230583.000000 80554.000000 5764.000000
27313661.000000 80985.000000 5938.000000
27281652.000000 83326.000000 5950.000000
27392704.000000 82456.000000 5777.000000
27264912.000000 84131.000000 5954.000000
27395468.000000 80949.000000 5660.000000
27338547.000000 80791.000000 5562.000000
27347982.000000 82081.000000 5845.000000
27284355.000000 81122.000000 5685.000000
27334594.000000 81409.000000 5800.000000
27333469.000000 81168.000000 5729.000000
26786887.000000 78681.000000 5444.000000
27365227.000000 81478.000000 5748.000000
27353588.000000 81744.000000 5839.000000
27407908.000000 81680.000000 5728.000000
27333039.000000 81975.000000 5751.000000
27311603.000000 80959.000000 5625.000000
27360884.000000 83147.000000 5826.000000
27362241.000000 82358.000000 5632.000000
27386101.000000 81227.000000 5834.000000
27360134.000000 81705.000000 5793.000000
27271034.000000 80717.000000 5528.000000
27336503.000000 84021.000000 5863.000000
27323093.000000 80942.000000 5791.000000
27337655.000000 82988.000000 5891.000000
27380991.000000 81105.000000 5638.000000
27374147.000000 81764.000000 5674.000000
27374134.000000 81131.000000 5471.000000
27391652.000000 80740.000000 5749.000000
27173035.000000 80361.000000 5486.000000
27362995.000000 81122.000000 5774.000000
27293172.000000 80780.000000 5578.000000
27291175.000000 81473.000000 5875.000000
27362182.000000 81071.000000 5673.000000
26723554.000000 78974.000000 5431.000000
27459727.000000 81280.000000 5709.000000
27422568.000000 81458.000000 5789.000000
27397313.000000 81792.000000 5894.000000
27349895.000000 81398.000000 5997.000000
27347941.000000 81507.000000 5908.000000
27367329.000000 80489.000000 5772.000000
27378270.000000 81285.000000 5720.000000
27352147.000000 81408.000000 5806.000000
27300192.000000 81531.000000 5515.000000
27351793.000000 80877.000000 5681.000000
27351836.000000 80854.000000 5730.000000
27389824.000000 80960.000000 5681.000000
27355916.000000 81654.000000 5715.000000
26833646.000000 79727.000000 5550.000000
27338173.000000 81846.000000 5874.000000
27234994.000000 82694.000000 6044.000000
27271509.000000 83443.000000 6126.000000
27331205.000000 81261.000000 5844.000000
27315121.000000 83700.000000 5901.000000
27211133.000000 80820.000000 5701.000000
27293854.000000 80399.000000 5886.000000
27416934.000000 80700.000000 5895.000000
27386312.000000 81716.000000 5746.000000
27335898.000000 80939.000000 5744.000000
27319269.000000 80801.000000 5659.000000
27370795.000000 81015.000000 5576.000000
27358141.000000 80740.000000 5623.000000
27336599.000000 80581.000000 5398.000000
27294983.000000 81274.000000 5663.000000
27382818.000000 81162.000000 5576.000000
27434201.000000 82053.000000 5574.000000
27422888.000000 81283.000000 5734.000000
27362970.000000 81275.000000 5644.000000
27294528.000000 83460.000000 5884.000000
27407939.000000 81087.000000 5491.000000
27119326.000000 80156.000000 5543.000000
27367077.000000 80656.000000 5621.000000
27281898.000000 83882.000000 5745.000000
27327356.000000 80958.000000 5582.000000
27377217.000000 81745.000000 5676.000000
27327319.000000 81323.000000 5808.000000
27230492.000000 81629.000000 5641.000000
27405229.000000 81491.000000 5848.000000
27307144.000000 80956.000000 5639.000000
27394627.000000 81085.000000 5625.000000
27144023.000000 81065.000000 5573.000000
27362005.000000 80917.000000 5795.000000
27299370.000000 80616.000000 5811.000000
27381653.000000 81155.000000 5861.000000
27330137.000000 81190.000000 5772.000000
27359448.000000 81418.000000 5628.000000
27304471.000000 81391.000000 5601.000000
27410366.000000 81275.000000 5707.000000
27440829.000000 81518.000000 5595.000000
27370720.000000 81052.000000 5651.000000
27332293.000000 80963.000000 5683.000000
27227287.000000 81516.000000 5603.000000
27373081.000000 81792.000000 5695.000000
27362942.000000 81306.000000 5613.000000
27247310.000000 80967.000000 5589.000000
27388316.000000 81206.000000 5704.000000
27405261.000000 80863.000000 5678.000000
