28632580.000000 74791.000000 1066.000000
28181479.000000 73826.000000 992.000000
28537438.000000 73902.000000 1125.000000
28634853.000000 75264.000000 1175.000000
28663300.000000 74200.000000 1115.000000
27763863.000000 71638.000000 1071.000000
28661743.000000 74440.000000 1109.000000
28656802.000000 74854.000000 1082.000000
28717794.000000 73914.000000 1024.000000
28578897.000000 75672.000000 1186.000000
28655742.000000 74851.000000 1030.000000
28638941.000000 74548.000000 944.000000
28531605.000000 73988.000000 1040.000000
28550013.000000 75026.000000 1042.000000
28551612.000000 75173.000000 1099.000000
28668848.000000 74679.000000 1219.000000
28673282.000000 74778.000000 1192.000000
28679385.000000 76132.000000 1206.000000
28615569.000000 75078.000000 1142.000000
28535263.000000 74172.000000 1152.000000
28686230.000000 74750.000000 1159.000000
28624842.000000 75990.000000 1150.000000
28612763.000000 76046.000000 1114.000000
28667122.000000 76355.000000 1123.000000
28685297.000000 76003.000000 1177.000000
27713710.000000 71035.000000 997.000000
28645817.000000 74310.000000 1205.000000
28607705.000000 73765.000000 1080.000000
28699454.000000 75209.000000 1126.000000
28587162.000000 74686.000000 1023.000000
28686828.000000 74373.000000 1216.000000
28585765.000000 74585.000000 1153.000000
28634103.000000 75161.000000 1221.000000
28662882.000000 74584.000000 1222.000000
28634214.000000 74384.000000 1201.000000
28666860.000000 74692.000000 1100.000000
28620057.000000 76190.000000 1256.000000
28552524.000000 74423.000000 1148.000000
28690897.000000 74495.000000 995.000000
28037577.000000 74028.000000 1196.000000
28622368.000000 75012.000000 1147.000000
28059146.000000 72429.000000 898.000000
28432449.000000 74693.000000 880.000000
28593294.000000 74989.000000 843.000000
28682392.000000 74393.000000 866.000000
28632274.000000 75729.000000 1020.000000
28293978.000000 74582.000000 958.000000
28657911.000000 75318.000000 922.000000
28637866.000000 74504.000000 1075.000000
28700907.000000 75054.000000 752.000000
28715750.000000 75392.000000 840.000000
28702378.000000 74643.000000 740.000000
28678332.000000 74211.000000 845.000000
28658293.000000 75279.000000 966.000000
28768297.000000 74007.000000 899.000000
28691661.000000 74438.000000 863.000000
28497229.000000 74689.000000 764.000000
28335770.000000 73178.000000 865.000000
28660516.000000 75678.000000 1121.000000
28688626.000000 74984.000000 1002.000000
28685234.000000 74680.000000 1083.000000
28654718.000000 75305.000000 1194.000000
28648106.000000 76352.000000 969.000000
28638834.000000 74798.000000 1014.000000
28618301.000000 75354.000000 1146.000000
28618682.000000 74122.000000 1228.000000
28647883.000000 74606.000000 1180.000000
28703527.000000 74267.000000 1151.000000
28658129.000000 75121.000000 1161.000000
28683623.000000 75909.000000 1125.000000
28571393.000000 74292.000000 987.000000
28362182.000000 74348.000000 924.000000
28537550.000000 74144.000000 1114.000000
28681556.000000 74774.000000 997.000000
28641391.000000 74280.000000 1100.000000
28684378.000000 75018.000000 1034.000000
28671802.000000 73601.000000 1055.000000
28571695.000000 74012.000000 919.000000
28644818.000000 76496.000000 1139.000000
28563367.000000 74893.000000 1056.000000
28680774.000000 74805.000000 1142.000000
28541503.000000 74817.000000 910.000000
28514793.000000 74707.000000 1131.000000
28716698.000000 74657.000000 1184.000000
28530053.000000 74710.000000 1141.000000
28652093.000000 74516.000000 1066.000000
28638547.000000 74844.000000 1021.000000
28696379.000000 74570.000000 1023.000000
28602880.000000 74769.000000 1155.000000
28677252.000000 74801.000000 1069.000000
28699421.000000 74390.000000 889.000000
28566086.000000 74365.000000 880.000000
28613619.000000 75072.000000 950.000000
28265671.000000 73043.000000 796.000000
28614052.000000 75470.000000 953.000000
28704804.000000 74386.000000 911.000000
28347719.000000 75171.000000 763.000000
28399549.000000 74845.000000 751.000000
28656781.000000 75634.000000 835.000000
28739650.000000 74472.000000 905.000000
