31153067.000000 24871.000000 2.000000
31100291.000000 25061.000000 8.000000
30987519.000000 24973.000000 15.000000
31040653.000000 24858.000000 3.000000
31083118.000000 24729.000000 11.000000
31189556.000000 24577.000000 20.000000
31122091.000000 24785.000000 12.000000
30898036.000000 24467.000000 3.000000
31100749.000000 24095.000000 14.000000
31057563.000000 24625.000000 3.000000
31179649.000000 24213.000000 17.000000
31160078.000000 24475.000000 0.000000
31189751.000000 24760.000000 0.000000
30653741.000000 24422.000000 2.000000
31195526.000000 24904.000000 3.000000
31128812.000000 25212.000000 5.000000
31170372.000000 24999.000000 6.000000
31178796.000000 24667.000000 2.000000
31161423.000000 24212.000000 4.000000
31148990.000000 25010.000000 5.000000
31170379.000000 24596.000000 6.000000
31103570.000000 24185.000000 1.000000
31070868.000000 24380.000000 10.000000
31070368.000000 24595.000000 12.000000
31266589.000000 24259.000000 0.000000
31083433.000000 24605.000000 7.000000
31042654.000000 24732.000000 12.000000
30447182.000000 24264.000000 0.000000
31087388.000000 25124.000000 0.000000
30887285.000000 24755.000000 4.000000
31192243.000000 24875.000000 0.000000
31116579.000000 24663.000000 0.000000
31193847.000000 24995.000000 1.000000
31069205.000000 24038.000000 4.000000
29820007.000000 23528.000000 2.000000
31184581.000000 25045.000000 1.000000
31151289.000000 24732.000000 0.000000
31108345.000000 25012.000000 4.000000
31074729.000000 24752.000000 14.000000
30572361.000000 23837.000000 0.000000
31143894.000000 24870.000000 0.000000
31189285.000000 24482.000000 2.000000
31205995.000000 25189.000000 3.000000
31067057.000000 24047.000000 0.000000
31214708.000000 24333.000000 13.000000
31231910.000000 24178.000000 1.000000
31187884.000000 24406.000000 2.000000
31181014.000000 24796.000000 1.000000
30548817.000000 24174.000000 4.000000
31063080.000000 25050.000000 5.000000
28228109.000000 21474.000000 0.000000
31142767.000000 24919.000000 0.000000
31099191.000000 24759.000000 0.000000
31156867.000000 24588.000000 0.000000
31115358.000000 24760.000000 3.000000
31154072.000000 24769.000000 3.000000
31117056.000000 24769.000000 0.000000
29888928.000000 23107.000000 0.000000
31002119.000000 24913.000000 5.000000
31085559.000000 24589.000000 1.000000
31200328.000000 24032.000000 0.000000
31174113.000000 24940.000000 4.000000
31173303.000000 24370.000000 49.000000
31124172.000000 24301.000000 6.000000
31075371.000000 25124.000000 26.000000
31076614.000000 25061.000000 15.000000
31098377.000000 24551.000000 29.000000
31218059.000000 24868.000000 0.000000
29935960.000000 23003.000000 0.000000
31052216.000000 24145.000000 0.000000
31230643.000000 24575.000000 26.000000
30732876.000000 24237.000000 42.000000
31200255.000000 24558.000000 6.000000
31137696.000000 24334.000000 2.000000
31198050.000000 24188.000000 0.000000
31119696.000000 24705.000000 3.000000
31029817.000000 24695.000000 18.000000
31155279.000000 24711.000000 1.000000
31178617.000000 25099.000000 17.000000
31087582.000000 24938.000000 7.000000
31102442.000000 24457.000000 3.000000
31108767.000000 24204.000000 0.000000
31113836.000000 25188.000000 1.000000
31230987.000000 24272.000000 5.000000
31247231.000000 24158.000000 19.000000
31161219.000000 25039.000000 23.000000
31149221.000000 24344.000000 5.000000
31237893.000000 24203.000000 1.000000
31188223.000000 25065.000000 9.000000
31085901.000000 24503.000000 2.000000
31078649.000000 24950.000000 4.000000
31180668.000000 24770.000000 17.000000
31066674.000000 24633.000000 3.000000
30753638.000000 23979.000000 3.000000
30062655.000000 23501.000000 5.000000
31071118.000000 24075.000000 1.000000
31193534.000000 24155.000000 0.000000
30845711.000000 24449.000000 4.000000
30703438.000000 24406.000000 1.000000
31030979.000000 24749.000000 1.000000
