27034184.000000 81031.000000 8813.000000
26983678.000000 79701.000000 8499.000000
27040863.000000 78976.000000 8671.000000
27049076.000000 79193.000000 8538.000000
26991044.000000 78894.000000 8414.000000
27061208.000000 79451.000000 8525.000000
27039931.000000 78582.000000 8503.000000
26986879.000000 79084.000000 8393.000000
26700786.000000 80104.000000 8673.000000
26864589.000000 78691.000000 8418.000000
27070510.000000 79526.000000 8339.000000
27028538.000000 78673.000000 8498.000000
26994348.000000 78855.000000 8478.000000
26891982.000000 77887.000000 8446.000000
26929199.000000 80326.000000 8617.000000
26949517.000000 77810.000000 8473.000000
27042291.000000 78910.000000 8555.000000
27105547.000000 78745.000000 8303.000000
27056180.000000 79415.000000 8365.000000
27084429.000000 79295.000000 8371.000000
26999972.000000 77988.000000 8484.000000
27054338.000000 78593.000000 8443.000000
26855062.000000 78485.000000 8630.000000
26861405.000000 77978.000000 8299.000000
26949653.000000 79305.000000 8560.000000
26982678.000000 80585.000000 8464.000000
26950456.000000 78654.000000 8329.000000
27004197.000000 79058.000000 8476.000000
26997833.000000 79098.000000 8455.000000
27019906.000000 79311.000000 8567.000000
27011566.000000 77763.000000 8476.000000
27068618.000000 79098.000000 8530.000000
26996282.000000 79012.000000 8493.000000
26851179.000000 78587.000000 8555.000000
27030316.000000 78940.000000 8336.000000
27012755.000000 78106.000000 8618.000000
26901763.000000 78610.000000 8457.000000
27011864.000000 79305.000000 8359.000000
26968080.000000 79715.000000 8398.000000
26951032.000000 78283.000000 8529.000000
27052050.000000 78792.000000 8470.000000
26950149.000000 80690.000000 8726.000000
27098262.000000 79171.000000 8359.000000
26940643.000000 81549.000000 8804.000000
26983328.000000 79114.000000 8435.000000
26847253.000000 79030.000000 8495.000000
27000734.000000 81176.000000 8566.000000
26974875.000000 78582.000000 8307.000000
27024961.000000 78650.000000 8478.000000
26811654.000000 78123.000000 8508.000000
27065301.000000 78508.000000 8592.000000
26759727.000000 78117.000000 8342.000000
26979845.000000 78353.000000 8561.000000
26876979.000000 78609.000000 8746.000000
27004049.000000 79110.000000 8335.000000
26970899.000000 79232.000000 8376.000000
26213279.000000 79647.000000 8348.000000
26983838.000000 78909.000000 8545.000000
27038347.000000 78699.000000 8500.000000
27088792.000000 78865.000000 8400.000000
27086875.000000 79360.000000 8468.000000
26974080.000000 80853.000000 8662.000000
26853291.000000 79353.000000 8534.000000
26842680.000000 78957.000000 8573.000000
26990653.000000 78493.000000 8378.000000
27046737.000000 79425.000000 8446.000000
26988191.000000 79311.000000 8575.000000
27002088.000000 78834.000000 8470.000000
26990872.000000 79239.000000 8575.000000
26963855.000000 79005.000000 8622.000000
26974767.000000 78617.000000 8391.000000
26990938.000000 79362.000000 8506.000000
27024625.000000 79352.000000 8334.000000
26960017.000000 78416.000000 8704.000000
26980973.000000 78828.000000 8487.000000
26860527.000000 78759.000000 8454.000000
27015591.000000 78671.000000 8795.000000
27070255.000000 79019.000000 8193.000000
26923986.000000 79326.000000 8615.000000
26935418.000000 79052.000000 8488.000000
26992425.000000 78531.000000 8493.000000
26901335.000000 79070.000000 8662.000000
26955670.000000 79010.000000 8493.000000
26911149.000000 79136.000000 8647.000000
26942396.000000 79040.000000 8593.000000
27065957.000000 79876.000000 8407.000000
26978184.000000 78872.000000 8562.000000
26970396.000000 79095.000000 8628.000000
26981147.000000 79163.000000 8454.000000
26967315.000000 80310.000000 8683.000000
26920885.000000 78446.000000 8602.000000
26523519.000000 76873.000000 8222.000000
27008209.000000 78612.000000 8434.000000
27051698.000000 80184.000000 8348.000000
27052891.000000 79119.000000 8395.000000
26951588.000000 78718.000000 8549.000000
26998582.000000 80299.000000 8801.000000
26773711.000000 78107.000000 8450.000000
27051825.000000 79020.000000 8533.000000
27019040.000000 79333.000000 8391.000000
