27365536.000000 81310.000000 5653.000000
27232622.000000 81475.000000 5560.000000
27259537.000000 83285.000000 5794.000000
27400427.000000 81021.000000 5683.000000
27268487.000000 83017.000000 5758.000000
27321766.000000 83022.000000 5741.000000
27356582.000000 81052.000000 5570.000000
27389888.000000 81494.000000 5679.000000
27438448.000000 81098.000000 5783.000000
27357056.000000 81653.000000 5795.000000
27383107.000000 81253.000000 5839.000000
27371226.000000 81824.000000 5710.000000
27313502.000000 80758.000000 5628.000000
27324264.000000 81683.000000 5870.000000
27358825.000000 81210.000000 5837.000000
26727145.000000 81078.000000 5780.000000
27283985.000000 82928.000000 5985.000000
27393029.000000 81607.000000 5951.000000
27314740.000000 80978.000000 5894.000000
27285805.000000 82648.000000 5730.000000
27416751.000000 81425.000000 5773.000000
27330023.000000 81491.000000 5811.000000
27388916.000000 81173.000000 5628.000000
27391501.000000 81080.000000 5621.000000
27256068.000000 80945.000000 5587.000000
27338936.000000 81629.000000 5731.000000
27413241.000000 80721.000000 5567.000000
27414549.000000 81412.000000 5724.000000
27384139.000000 81294.000000 5631.000000
27389568.000000 81546.000000 5636.000000
27291392.000000 83008.000000 5585.000000
27350658.000000 80599.000000 5581.000000
27260281.000000 83283.000000 5809.000000
27310589.000000 81839.000000 5682.000000
27344905.000000 80390.000000 5619.000000
27319722.000000 81171.000000 5631.000000
27335291.000000 81786.000000 5737.000000
27346215.000000 80859.000000 5904.000000
27358853.000000 81723.000000 5704.000000
27349768.000000 81563.000000 5809.000000
27312859.000000 81693.000000 5674.000000
27302744.000000 82863.000000 5950.000000
27006525.000000 80037.000000 5576.000000
27303248.000000 80901.000000 5465.000000
27208183.000000 83214.000000 5922.000000
27387069.000000 80664.000000 5645.000000
27451812.000000 81209.000000 5558.000000
27272632.000000 80277.000000 5569.000000
27395913.000000 81191.000000 5695.000000
27448272.000000 80917.000000 5629.000000
27393009.000000 81353.000000 5752.000000
27353839.000000 81304.000000 5767.000000
27361006.000000 81072.000000 5563.000000
27347271.000000 80874.000000 5593.000000
27257091.000000 80749.000000 5443.000000
27388886.000000 81725.000000 5632.000000
27360580.000000 81316.000000 5694.000000
27421690.000000 81176.000000 5644.000000
27335665.000000 80760.000000 5660.000000
25592826.000000 75690.000000 5020.000000
27364598.000000 81577.000000 5873.000000
27335755.000000 81563.000000 5632.000000
27425195.000000 81437.000000 5800.000000
27090715.000000 81937.000000 5742.000000
26923401.000000 78916.000000 5580.000000
27319006.000000 80665.000000 5658.000000
27286713.000000 81169.000000 5650.000000
27320796.000000 80808.000000 5790.000000
27394927.000000 81196.000000 5699.000000
27395939.000000 80958.000000 5631.000000
26153125.000000 76424.000000 5185.000000
27398945.000000 81708.000000 5627.000000
27266955.000000 83784.000000 5945.000000
27385909.000000 80968.000000 5645.000000
27340048.000000 81710.000000 5815.000000
27423712.000000 82194.000000 5662.000000
27382156.000000 81266.000000 5757.000000
27302034.000000 81124.000000 5800.000000
27342759.000000 80323.000000 5496.000000
27017831.000000 80084.000000 5574.000000
27114481.000000 82471.000000 5720.000000
27342485.000000 81003.000000 5872.000000
27291523.000000 80776.000000 5818.000000
27420940.000000 81388.000000 5611.000000
27376705.000000 82328.000000 5632.000000
27369743.000000 81139.000000 5798.000000
27338197.000000 80910.000000 5592.000000
27400231.000000 81278.000000 5801.000000
27345246.000000 80866.000000 5806.000000
27398172.000000 83132.000000 5827.000000
27344383.000000 80917.000000 5666.000000
27420870.000000 81617.000000 5631.000000
27325987.000000 81239.000000 5763.000000
27292647.000000 83049.000000 5925.000000
27393936.000000 80609.000000 5734.000000
27168395.000000 80328.000000 5496.000000
27378796.000000 81419.000000 5744.000000
27379052.000000 81124.000000 5773.000000
27328208.000000 82766.000000 5894.000000
27331474.000000 83469.000000 5983.000000
