24803192.000000 10889.000000 5724.000000
25061004.000000 11220.000000 5864.000000
25144318.000000 11274.000000 5851.000000
24637060.000000 11284.000000 5873.000000
25704488.000000 11270.000000 5835.000000
25965865.000000 13752.000000 5857.000000
25222970.000000 11376.000000 5854.000000
25201850.000000 11241.000000 5854.000000
25149500.000000 11075.000000 5849.000000
72134604.000000 11478.000000 5890.000000
150534986.000000 11552.000000 5895.000000
25569608.000000 11137.000000 5868.000000
25892807.000000 14152.000000 5892.000000
61942637.000000 11322.000000 5868.000000
101487742.000000 11494.000000 5876.000000
25597199.000000 11197.000000 5835.000000
24693379.000000 11506.000000 5867.000000
25530818.000000 13801.000000 5908.000000
25755051.000000 11346.000000 5851.000000
137080329.000000 11485.000000 5872.000000
25533960.000000 11237.000000 5877.000000
25503951.000000 11173.000000 5850.000000
151812523.000000 11529.000000 5908.000000
25187012.000000 11102.000000 5837.000000
150000286.000000 11550.000000 5896.000000
25397724.000000 11209.000000 5853.000000
25076530.000000 11144.000000 5816.000000
24872382.000000 11227.000000 5837.000000
25627093.000000 11230.000000 5872.000000
25495880.000000 11106.000000 5822.000000
25093649.000000 11439.000000 5834.000000
195975268.000000 92077.000000 83286.000000
74310815.000000 11375.000000 5840.000000
25241417.000000 11287.000000 5840.000000
25549578.000000 11114.000000 5842.000000
25436917.000000 13747.000000 5890.000000
25687547.000000 13700.000000 5888.000000
25416230.000000 13746.000000 5882.000000
25597134.000000 11084.000000 5870.000000
25093648.000000 11322.000000 5833.000000
25347012.000000 11135.000000 5854.000000
25607347.000000 11432.000000 5862.000000
25221954.000000 11190.000000 5847.000000
25390637.000000 11219.000000 5837.000000
144909595.000000 11730.000000 5881.000000
25668046.000000 11110.000000 5829.000000
25711062.000000 11107.000000 5851.000000
130661138.000000 11565.000000 5892.000000
25007555.000000 11310.000000 5822.000000
25251770.000000 11236.000000 5858.000000
25037591.000000 11192.000000 5849.000000
25811900.000000 13727.000000 5872.000000
24980814.000000 11550.000000 5857.000000
25496267.000000 11179.000000 5832.000000
25670561.000000 11276.000000 5865.000000
150107435.000000 11691.000000 5905.000000
25634607.000000 11441.000000 5853.000000
25244876.000000 11245.000000 5841.000000
160341726.000000 11630.000000 5904.000000
25683199.000000 11606.000000 5861.000000
25137255.000000 11065.000000 5843.000000
24873359.000000 11375.000000 5844.000000
25629158.000000 11184.000000 5835.000000
24691801.000000 11223.000000 5845.000000
205424663.000000 128877.000000 117584.000000
25063139.000000 11282.000000 5846.000000
25312906.000000 11160.000000 5845.000000
25056980.000000 11190.000000 5856.000000
25597039.000000 11338.000000 5852.000000
25211899.000000 11229.000000 5847.000000
25246769.000000 11414.000000 5873.000000
24848332.000000 11172.000000 5874.000000
25786037.000000 11148.000000 5864.000000
52086565.000000 11521.000000 5850.000000
25079971.000000 11142.000000 5841.000000
24656247.000000 11254.000000 5830.000000
191255559.000000 73581.000000 66228.000000
25861982.000000 11097.000000 5838.000000
25541265.000000 11095.000000 5827.000000
25123937.000000 11173.000000 5860.000000
25491502.000000 11268.000000 5824.000000
179644100.000000 27988.000000 21636.000000
25144397.000000 11119.000000 5815.000000
25658451.000000 11157.000000 5852.000000
25098491.000000 11158.000000 5827.000000
24822836.000000 11651.000000 5855.000000
25697799.000000 11016.000000 5811.000000
24856199.000000 11170.000000 5836.000000
25092366.000000 11335.000000 5856.000000
25557773.000000 11226.000000 5847.000000
25094056.000000 11143.000000 5815.000000
179596323.000000 27901.000000 21368.000000
25549259.000000 11093.000000 5835.000000
25313786.000000 11152.000000 5821.000000
25355015.000000 11229.000000 5855.000000
25204599.000000 11065.000000 5823.000000
173334635.000000 11520.000000 5883.000000
25192776.000000 11114.000000 5844.000000
25650061.000000 11155.000000 5816.000000
25685211.000000 11249.000000 5843.000000
