77396859.000000 36763.000000 6286.000000
79110578.000000 20262.000000 6271.000000
79717173.000000 20113.000000 6243.000000
79448899.000000 21056.000000 6255.000000
65677829.000000 19616.000000 6243.000000
68835179.000000 20099.000000 6282.000000
76552865.000000 20808.000000 6287.000000
79900588.000000 20653.000000 6283.000000
82338579.000000 20436.000000 6222.000000
76683034.000000 20328.000000 6238.000000
74438526.000000 20005.000000 6272.000000
83312129.000000 30112.000000 6268.000000
78206194.000000 20497.000000 6244.000000
81852201.000000 20632.000000 6259.000000
66480192.000000 19854.000000 6245.000000
67050294.000000 20488.000000 6248.000000
72736548.000000 20697.000000 6237.000000
66423172.000000 20161.000000 6243.000000
82158496.000000 19959.000000 6233.000000
79555920.000000 20592.000000 6236.000000
81822712.000000 20573.000000 6296.000000
75646475.000000 20748.000000 6252.000000
82724733.000000 20444.000000 6265.000000
78974676.000000 20054.000000 6265.000000
67434872.000000 20451.000000 6274.000000
100645829.000000 22634.000000 6230.000000
83314130.000000 19660.000000 6238.000000
79501778.000000 20215.000000 6273.000000
72272355.000000 20181.000000 6250.000000
81882580.000000 20411.000000 6270.000000
80552147.000000 19985.000000 6248.000000
76289682.000000 20026.000000 6245.000000
82799436.000000 20217.000000 6276.000000
81383298.000000 20600.000000 6256.000000
65766302.000000 19541.000000 6251.000000
68128945.000000 20814.000000 6266.000000
65646008.000000 20121.000000 6262.000000
82333855.000000 19947.000000 6267.000000
76897312.000000 20186.000000 6286.000000
65313403.000000 19507.000000 6254.000000
77163059.000000 20753.000000 6238.000000
82613535.000000 20480.000000 6253.000000
67891601.000000 43461.000000 6271.000000
80985217.000000 20119.000000 6269.000000
64315316.000000 34435.000000 6280.000000
77079077.000000 20539.000000 6277.000000
76333503.000000 22759.000000 6251.000000
75441839.000000 20227.000000 6254.000000
78109483.000000 21601.000000 6261.000000
77224469.000000 20610.000000 6277.000000
66746584.000000 45662.000000 6252.000000
66480272.000000 20809.000000 6247.000000
82372598.000000 20014.000000 6240.000000
69638470.000000 20175.000000 6276.000000
70961737.000000 20084.000000 6253.000000
65061511.000000 20030.000000 6271.000000
67209974.000000 20280.000000 6237.000000
77153992.000000 20556.000000 6250.000000
72692915.000000 20599.000000 6279.000000
70159461.000000 19897.000000 6276.000000
79175914.000000 25587.000000 6110.000000
70573786.000000 20338.000000 6236.000000
78651566.000000 25443.000000 6227.000000
82324444.000000 20238.000000 6221.000000
65741973.000000 20840.000000 6255.000000
68088604.000000 19468.000000 6235.000000
67168783.000000 20553.000000 6245.000000
75046377.000000 20727.000000 6245.000000
73027332.000000 29689.000000 6268.000000
78625213.000000 20727.000000 6218.000000
77590518.000000 20101.000000 6235.000000
83256931.000000 19671.000000 6250.000000
74127202.000000 20623.000000 6280.000000
73906401.000000 44593.000000 6281.000000
83109260.000000 19952.000000 6231.000000
67382229.000000 25184.000000 6270.000000
81492164.000000 20545.000000 6278.000000
79724801.000000 19876.000000 6266.000000
73672356.000000 20099.000000 6281.000000
77565107.000000 20147.000000 6287.000000
82697646.000000 20027.000000 6258.000000
79470622.000000 19959.000000 6253.000000
78185452.000000 19721.000000 6270.000000
72697136.000000 20374.000000 6282.000000
74333310.000000 20763.000000 6217.000000
70827493.000000 21108.000000 6283.000000
65112597.000000 19613.000000 6243.000000
82224811.000000 20625.000000 6254.000000
79865262.000000 20551.000000 6256.000000
83386126.000000 20122.000000 6246.000000
81723470.000000 19324.000000 6076.000000
67067075.000000 20202.000000 6287.000000
80120055.000000 19912.000000 6260.000000
79153020.000000 20368.000000 6266.000000
81487309.000000 20135.000000 6264.000000
77850101.000000 20702.000000 6297.000000
78804758.000000 23847.000000 6232.000000
74831333.000000 20389.000000 6262.000000
79640051.000000 21581.000000 6238.000000
72763083.000000 20178.000000 6248.000000
