64859493.000000 4251.000000 0.000000
64886881.000000 4058.000000 0.000000
64895265.000000 4376.000000 0.000000
64925909.000000 3844.000000 0.000000
64923299.000000 4077.000000 0.000000
64801756.000000 4775.000000 0.000000
64921258.000000 3486.000000 0.000000
64880384.000000 3703.000000 0.000000
64910187.000000 3727.000000 0.000000
64905711.000000 3856.000000 0.000000
64973181.000000 3956.000000 0.000000
64995574.000000 4199.000000 0.000000
65009590.000000 3705.000000 0.000000
64971621.000000 4256.000000 0.000000
64850619.000000 3481.000000 0.000000
64958295.000000 3543.000000 0.000000
64830629.000000 4250.000000 0.000000
64872515.000000 4182.000000 0.000000
64906051.000000 3446.000000 0.000000
64937299.000000 4099.000000 0.000000
64881418.000000 3796.000000 0.000000
64861544.000000 3987.000000 0.000000
64871288.000000 3631.000000 0.000000
64882724.000000 4481.000000 0.000000
64882005.000000 4136.000000 0.000000
64804070.000000 3614.000000 0.000000
64886062.000000 3876.000000 0.000000
64083546.000000 4242.000000 0.000000
64910246.000000 3556.000000 0.000000
64873494.000000 4172.000000 0.000000
65036121.000000 3454.000000 0.000000
64952478.000000 4039.000000 0.000000
64924105.000000 3620.000000 0.000000
64889373.000000 3889.000000 0.000000
64867395.000000 4174.000000 0.000000
64983386.000000 4392.000000 0.000000
64977755.000000 3466.000000 0.000000
65006880.000000 4075.000000 0.000000
64902220.000000 4382.000000 0.000000
65094223.000000 4346.000000 0.000000
64979395.000000 4350.000000 0.000000
64890833.000000 4349.000000 0.000000
65006494.000000 3607.000000 0.000000
97376382.000000 7465.000000 0.000000
64915210.000000 3498.000000 0.000000
65069607.000000 4195.000000 0.000000
64908636.000000 3471.000000 0.000000
64849512.000000 4335.000000 0.000000
64904243.000000 4200.000000 0.000000
64901122.000000 3888.000000 0.000000
64971276.000000 3900.000000 0.000000
64839665.000000 4184.000000 0.000000
64928461.000000 4423.000000 0.000000
65037162.000000 3738.000000 0.000000
64937106.000000 4113.000000 0.000000
64865550.000000 3700.000000 0.000000
65015253.000000 4137.000000 0.000000
64830629.000000 3819.000000 0.000000
65005078.000000 4314.000000 0.000000
64981803.000000 3916.000000 0.000000
64884661.000000 4068.000000 0.000000
64881228.000000 4257.000000 0.000000
65089646.000000 4083.000000 0.000000
64879268.000000 3766.000000 0.000000
64912628.000000 4153.000000 0.000000
64882831.000000 4162.000000 0.000000
64904003.000000 4186.000000 0.000000
64871646.000000 4235.000000 0.000000
64879159.000000 3690.000000 0.000000
64906626.000000 4151.000000 0.000000
64868835.000000 4307.000000 0.000000
64961844.000000 4469.000000 0.000000
64898462.000000 4049.000000 0.000000
65014924.000000 3819.000000 0.000000
64874091.000000 4032.000000 0.000000
64892461.000000 3903.000000 0.000000
64866084.000000 3493.000000 0.000000
65005761.000000 4436.000000 0.000000
64860342.000000 4034.000000 0.000000
64846261.000000 4647.000000 0.000000
64996699.000000 4572.000000 0.000000
64827106.000000 4181.000000 0.000000
64882054.000000 3703.000000 0.000000
65001013.000000 3744.000000 0.000000
64914238.000000 4123.000000 0.000000
64947819.000000 3741.000000 0.000000
65083708.000000 4070.000000 0.000000
64874655.000000 4381.000000 0.000000
64829581.000000 3881.000000 0.000000
64895431.000000 3977.000000 0.000000
65001065.000000 4536.000000 0.000000
64887370.000000 3802.000000 0.000000
64856743.000000 3542.000000 0.000000
64812412.000000 4503.000000 0.000000
64964501.000000 4819.000000 0.000000
64905543.000000 4659.000000 0.000000
64923305.000000 4009.000000 0.000000
65013298.000000 4144.000000 0.000000
64842739.000000 3672.000000 0.000000
64985195.000000 4367.000000 0.000000
