84956790.000000 10807.000000 0.000000
84296227.000000 35553.000000 0.000000
84708405.000000 25119.000000 0.000000
84770936.000000 21917.000000 0.000000
85359753.000000 4778.000000 0.000000
85020884.000000 14015.000000 0.000000
84814902.000000 27165.000000 0.000000
85868161.000000 18958.000000 0.000000
84970442.000000 20478.000000 0.000000
84596130.000000 30785.000000 0.000000
83985929.000000 49036.000000 0.000000
85268526.000000 7457.000000 0.000000
85311679.000000 13798.000000 0.000000
85252797.000000 11131.000000 0.000000
82872766.000000 49848.000000 0.000000
83986259.000000 47595.000000 0.000000
84033797.000000 41003.000000 0.000000
83399928.000000 5077.000000 0.000000
84407716.000000 34230.000000 0.000000
84141345.000000 44353.000000 0.000000
85032442.000000 11650.000000 0.000000
85241636.000000 13891.000000 0.000000
84764065.000000 16114.000000 0.000000
84819435.000000 25221.000000 0.000000
84121067.000000 41836.000000 0.000000
84320968.000000 33361.000000 0.000000
85285557.000000 7420.000000 0.000000
84626155.000000 27650.000000 0.000000
84807611.000000 24213.000000 0.000000
85265343.000000 8343.000000 0.000000
83995172.000000 50196.000000 0.000000
84765430.000000 28221.000000 0.000000
63805743.000000 9766.000000 0.000000
84360422.000000 42490.000000 0.000000
85263713.000000 8517.000000 0.000000
84963432.000000 19331.000000 0.000000
106295283.000000 13086.000000 0.000000
85166560.000000 15542.000000 0.000000
85035105.000000 15974.000000 0.000000
85131266.000000 5407.000000 0.000000
84289796.000000 32205.000000 0.000000
82825545.000000 78856.000000 0.000000
84509971.000000 34432.000000 0.000000
84880603.000000 22686.000000 0.000000
83388636.000000 61683.000000 0.000000
83889134.000000 51245.000000 0.000000
83319508.000000 67023.000000 0.000000
84610464.000000 27267.000000 0.000000
83837685.000000 52004.000000 0.000000
85394811.000000 7309.000000 0.000000
84467417.000000 30764.000000 0.000000
85053635.000000 14346.000000 0.000000
84998313.000000 17917.000000 0.000000
84436871.000000 39107.000000 0.000000
83759652.000000 49179.000000 0.000000
85125552.000000 9973.000000 0.000000
84771726.000000 16338.000000 0.000000
85330978.000000 5737.000000 0.000000
84202523.000000 41048.000000 0.000000
85219173.000000 8348.000000 0.000000
85258293.000000 9804.000000 0.000000
85005258.000000 17027.000000 0.000000
83235660.000000 66908.000000 0.000000
84014686.000000 40482.000000 0.000000
84804943.000000 20601.000000 0.000000
84376285.000000 36049.000000 0.000000
84543220.000000 31894.000000 0.000000
85264801.000000 6804.000000 0.000000
84333700.000000 43945.000000 0.000000
85014479.000000 15119.000000 0.000000
85246833.000000 8513.000000 0.000000
85082360.000000 11242.000000 0.000000
84151690.000000 43206.000000 0.000000
126928852.000000 33577.000000 0.000000
85057666.000000 15708.000000 0.000000
85213846.000000 10265.000000 0.000000
88462924.000000 8084.000000 0.000000
84832039.000000 17772.000000 0.000000
85337414.000000 6202.000000 0.000000
84455905.000000 27504.000000 0.000000
84251617.000000 37386.000000 0.000000
84970207.000000 17011.000000 0.000000
83835285.000000 57074.000000 0.000000
85168908.000000 14358.000000 0.000000
84947819.000000 18806.000000 0.000000
84847857.000000 24710.000000 0.000000
84880491.000000 19981.000000 0.000000
84808500.000000 36939.000000 0.000000
84689345.000000 29885.000000 0.000000
83705866.000000 51728.000000 0.000000
81762688.000000 84372.000000 0.000000
84526661.000000 30187.000000 0.000000
84292344.000000 40701.000000 0.000000
83797829.000000 58917.000000 0.000000
84711501.000000 28743.000000 0.000000
84491378.000000 23735.000000 0.000000
85257153.000000 6580.000000 0.000000
84119952.000000 39675.000000 0.000000
83102527.000000 63852.000000 0.000000
84766123.000000 24787.000000 0.000000
