48602388.000000 4083.000000 0.000000
48553719.000000 4183.000000 0.000000
48648452.000000 3482.000000 0.000000
48682226.000000 3750.000000 0.000000
48655310.000000 3871.000000 0.000000
48601512.000000 3810.000000 0.000000
48665067.000000 4195.000000 0.000000
48635569.000000 4271.000000 0.000000
48698713.000000 3984.000000 0.000000
48550066.000000 4026.000000 0.000000
48628699.000000 4033.000000 0.000000
48631101.000000 3999.000000 0.000000
48599150.000000 3668.000000 0.000000
48601302.000000 3446.000000 0.000000
48544946.000000 4464.000000 0.000000
48529220.000000 3949.000000 0.000000
48617568.000000 4111.000000 0.000000
48631905.000000 4082.000000 0.000000
48610535.000000 3613.000000 0.000000
48592894.000000 4216.000000 0.000000
48614372.000000 3513.000000 0.000000
48577389.000000 5426.000000 0.000000
48626254.000000 3858.000000 0.000000
60690191.000000 6222.000000 0.000000
48620012.000000 3910.000000 0.000000
48627937.000000 6660.000000 0.000000
48641533.000000 3468.000000 0.000000
48502174.000000 6858.000000 0.000000
48597141.000000 3666.000000 0.000000
48588396.000000 3981.000000 0.000000
48052916.000000 25215.000000 0.000000
48287763.000000 13931.000000 0.000000
47882833.000000 24555.000000 0.000000
48109840.000000 20230.000000 0.000000
48406814.000000 11409.000000 0.000000
47861760.000000 26625.000000 0.000000
48612816.000000 3634.000000 0.000000
47808313.000000 33117.000000 0.000000
48607731.000000 3872.000000 0.000000
48367683.000000 15696.000000 0.000000
48680767.000000 3443.000000 0.000000
48662384.000000 3789.000000 0.000000
48630937.000000 3948.000000 0.000000
47313175.000000 45515.000000 0.000000
48629406.000000 3374.000000 0.000000
48236176.000000 11940.000000 0.000000
48638924.000000 3663.000000 0.000000
48564955.000000 4413.000000 0.000000
48541953.000000 3822.000000 0.000000
48210042.000000 18337.000000 0.000000
48569921.000000 3643.000000 0.000000
48241422.000000 12281.000000 0.000000
48632835.000000 4335.000000 0.000000
48553970.000000 4718.000000 0.000000
48625138.000000 3519.000000 0.000000
47096569.000000 52303.000000 0.000000
48612205.000000 3695.000000 0.000000
48673660.000000 3799.000000 0.000000
48632289.000000 3612.000000 0.000000
48302855.000000 15313.000000 0.000000
48670231.000000 3717.000000 0.000000
48612551.000000 3893.000000 0.000000
48624031.000000 4135.000000 0.000000
48556156.000000 7551.000000 0.000000
48685870.000000 4359.000000 0.000000
48492965.000000 7367.000000 0.000000
48592447.000000 3718.000000 0.000000
48316610.000000 16400.000000 0.000000
48581510.000000 2998.000000 0.000000
48603104.000000 5493.000000 0.000000
48555421.000000 4857.000000 0.000000
47576868.000000 38899.000000 0.000000
48506856.000000 7081.000000 0.000000
48113099.000000 20740.000000 0.000000
48082326.000000 18503.000000 0.000000
48411065.000000 9647.000000 0.000000
48486581.000000 6396.000000 0.000000
47596870.000000 38589.000000 0.000000
48530050.000000 5530.000000 0.000000
48367261.000000 11121.000000 0.000000
48546211.000000 4859.000000 0.000000
48476946.000000 7282.000000 0.000000
48594591.000000 3975.000000 0.000000
47760295.000000 31960.000000 0.000000
48570865.000000 4676.000000 0.000000
48559279.000000 4995.000000 0.000000
48392993.000000 11537.000000 0.000000
48648101.000000 4273.000000 0.000000
48357140.000000 15528.000000 0.000000
48583240.000000 5934.000000 0.000000
48605196.000000 4497.000000 0.000000
48614021.000000 3988.000000 0.000000
48588878.000000 3948.000000 0.000000
48532430.000000 6336.000000 0.000000
48509327.000000 4261.000000 0.000000
48602861.000000 4506.000000 0.000000
48037125.000000 20673.000000 0.000000
48512270.000000 6099.000000 0.000000
48435148.000000 9388.000000 0.000000
48421434.000000 11489.000000 0.000000
