62968604.000000 20370.000000 6274.000000
62786404.000000 84445.000000 6312.000000
54998189.000000 20055.000000 6289.000000
66117343.000000 29295.000000 6326.000000
64125670.000000 19396.000000 6279.000000
61600519.000000 23885.000000 6142.000000
62871594.000000 31769.000000 6284.000000
61255995.000000 24277.000000 6284.000000
62020837.000000 24085.000000 6290.000000
64872043.000000 21344.000000 6274.000000
59275041.000000 81865.000000 6292.000000
52424627.000000 19225.000000 6272.000000
57608660.000000 22758.000000 6302.000000
56139681.000000 31513.000000 6308.000000
57266057.000000 20511.000000 6276.000000
63505053.000000 70414.000000 6291.000000
52318412.000000 27056.000000 6258.000000
57249850.000000 20979.000000 6261.000000
53073543.000000 33937.000000 6297.000000
53958433.000000 30530.000000 6298.000000
53536745.000000 21888.000000 6140.000000
53734364.000000 26653.000000 6257.000000
62150250.000000 70475.000000 6290.000000
61186835.000000 35210.000000 6331.000000
63156566.000000 37155.000000 6276.000000
64950849.000000 22213.000000 6282.000000
58925418.000000 21064.000000 6276.000000
52118446.000000 25890.000000 6288.000000
60605967.000000 21127.000000 6292.000000
56317726.000000 22709.000000 6274.000000
63865907.000000 48225.000000 6286.000000
62151665.000000 45289.000000 6281.000000
61004288.000000 33358.000000 6282.000000
55507668.000000 21823.000000 6276.000000
59656206.000000 29248.000000 6276.000000
62220653.000000 23444.000000 6286.000000
60662916.000000 43870.000000 6265.000000
66360383.000000 25366.000000 6317.000000
78982954.000000 23704.000000 6285.000000
61475917.000000 40776.000000 6323.000000
62477812.000000 20266.000000 6295.000000
62920035.000000 34018.000000 6286.000000
60199477.000000 26926.000000 6282.000000
56556732.000000 38652.000000 6238.000000
61206241.000000 21227.000000 6291.000000
58439606.000000 44364.000000 6299.000000
59665423.000000 23756.000000 6255.000000
61247210.000000 21114.000000 6291.000000
61317517.000000 21241.000000 6276.000000
63938091.000000 22505.000000 6291.000000
66815696.000000 22212.000000 6283.000000
64055192.000000 22352.000000 6296.000000
53317035.000000 23579.000000 6262.000000
52995399.000000 19816.000000 6274.000000
54360887.000000 21023.000000 6272.000000
61060504.000000 21265.000000 6263.000000
59962949.000000 20974.000000 6272.000000
60496953.000000 24050.000000 6327.000000
61286248.000000 20941.000000 6310.000000
59807502.000000 21177.000000 6266.000000
58681146.000000 19954.000000 6265.000000
53941912.000000 20578.000000 6267.000000
53730519.000000 21800.000000 6294.000000
64960117.000000 22859.000000 6260.000000
63830542.000000 20068.000000 6273.000000
56015046.000000 58553.000000 6248.000000
66258703.000000 20963.000000 6303.000000
60934073.000000 24409.000000 6287.000000
61538248.000000 20496.000000 6288.000000
57506732.000000 79474.000000 6332.000000
58546670.000000 32927.000000 6274.000000
52903970.000000 38893.000000 6275.000000
58354794.000000 21164.000000 6267.000000
55943345.000000 24079.000000 6278.000000
62887980.000000 20621.000000 6262.000000
57199751.000000 20465.000000 6257.000000
50976251.000000 59335.000000 6263.000000
63497649.000000 70929.000000 6260.000000
64642947.000000 32737.000000 6245.000000
64975407.000000 20257.000000 6185.000000
61785364.000000 21533.000000 6251.000000
53489546.000000 43273.000000 6229.000000
52548170.000000 20481.000000 6240.000000
61319559.000000 22154.000000 6326.000000
57266247.000000 20196.000000 6262.000000
58149727.000000 20616.000000 6245.000000
61310646.000000 19885.000000 6274.000000
63145873.000000 25447.000000 6291.000000
59540659.000000 19983.000000 6234.000000
63441308.000000 19896.000000 6274.000000
65028797.000000 34266.000000 6270.000000
63130253.000000 19947.000000 6262.000000
61277364.000000 22553.000000 6273.000000
63007729.000000 20339.000000 6265.000000
52561741.000000 20006.000000 6317.000000
53102870.000000 19914.000000 6268.000000
53507964.000000 80827.000000 6248.000000
62179302.000000 20475.000000 6256.000000
60193210.000000 32417.000000 6273.000000
53458027.000000 25528.000000 6294.000000
