56808797.000000 3935.000000 0.000000
55040779.000000 63482.000000 0.000000
56898214.000000 3859.000000 0.000000
56402187.000000 14553.000000 0.000000
56796447.000000 3348.000000 0.000000
56637730.000000 8385.000000 0.000000
56322402.000000 18504.000000 0.000000
56616817.000000 8923.000000 0.000000
56620518.000000 8774.000000 0.000000
56765775.000000 5728.000000 0.000000
54870823.000000 67176.000000 0.000000
56925663.000000 3667.000000 0.000000
56683574.000000 7694.000000 0.000000
56445503.000000 16693.000000 0.000000
56708980.000000 4583.000000 0.000000
55380838.000000 47931.000000 0.000000
56452628.000000 15539.000000 0.000000
56656296.000000 6404.000000 0.000000
56138121.000000 19987.000000 0.000000
56477267.000000 15902.000000 0.000000
56757250.000000 7445.000000 0.000000
56501558.000000 13285.000000 0.000000
55389061.000000 51646.000000 0.000000
56344378.000000 19970.000000 0.000000
56269688.000000 19827.000000 0.000000
56593584.000000 6657.000000 0.000000
56814675.000000 6144.000000 0.000000
56477492.000000 15165.000000 0.000000
56828837.000000 4398.000000 0.000000
56405353.000000 6998.000000 0.000000
55936283.000000 30983.000000 0.000000
56022109.000000 26944.000000 0.000000
56417887.000000 18965.000000 0.000000
56709183.000000 7304.000000 0.000000
56410506.000000 14412.000000 0.000000
56696829.000000 8019.000000 0.000000
56219088.000000 25192.000000 0.000000
56493144.000000 10593.000000 0.000000
56677817.000000 6269.000000 0.000000
56106515.000000 28505.000000 0.000000
56901235.000000 3567.000000 0.000000
56164021.000000 21777.000000 0.000000
56528042.000000 10551.000000 0.000000
56286684.000000 21261.000000 0.000000
56775542.000000 4467.000000 0.000000
56119252.000000 27924.000000 0.000000
56780587.000000 7945.000000 0.000000
56682477.000000 4806.000000 0.000000
56773893.000000 5677.000000 0.000000
56663808.000000 5807.000000 0.000000
56732634.000000 5463.000000 0.000000
56734691.000000 7641.000000 0.000000
70763838.000000 12517.000000 0.000000
56866067.000000 3862.000000 0.000000
56786501.000000 5014.000000 0.000000
56865854.000000 4422.000000 0.000000
56756277.000000 4578.000000 0.000000
56611413.000000 9596.000000 0.000000
56873831.000000 4794.000000 0.000000
56785797.000000 4744.000000 0.000000
56874045.000000 4036.000000 0.000000
56706067.000000 4672.000000 0.000000
56668275.000000 7022.000000 0.000000
56750507.000000 6460.000000 0.000000
56931111.000000 3710.000000 0.000000
55636664.000000 46227.000000 0.000000
56760779.000000 4543.000000 0.000000
56608101.000000 9180.000000 0.000000
56782268.000000 4102.000000 0.000000
54925070.000000 63925.000000 0.000000
56421292.000000 18481.000000 0.000000
56038596.000000 26401.000000 0.000000
56758634.000000 5538.000000 0.000000
56683666.000000 8500.000000 0.000000
56765923.000000 4963.000000 0.000000
56742552.000000 6035.000000 0.000000
55309175.000000 52239.000000 0.000000
55449946.000000 47800.000000 0.000000
56466283.000000 19728.000000 0.000000
56723611.000000 4406.000000 0.000000
56770758.000000 4440.000000 0.000000
55856534.000000 35368.000000 0.000000
56853941.000000 4317.000000 0.000000
56818358.000000 6175.000000 0.000000
56821588.000000 4004.000000 0.000000
56803915.000000 4115.000000 0.000000
56828042.000000 3346.000000 0.000000
56473579.000000 10848.000000 0.000000
56644987.000000 4869.000000 0.000000
56766808.000000 4036.000000 0.000000
56468220.000000 17219.000000 0.000000
56814790.000000 4231.000000 0.000000
56737889.000000 7268.000000 0.000000
56856136.000000 4000.000000 0.000000
56796064.000000 4781.000000 0.000000
56912521.000000 3920.000000 0.000000
54950004.000000 69101.000000 0.000000
56735882.000000 3536.000000 0.000000
56414795.000000 17766.000000 0.000000
56638618.000000 10605.000000 0.000000
