84475083.000000 32485.000000 0.000000
82093083.000000 112423.000000 0.000000
85296201.000000 9399.000000 0.000000
85392666.000000 4764.000000 0.000000
85312238.000000 5105.000000 0.000000
86256825.000000 35397.000000 0.000000
84853847.000000 16426.000000 0.000000
85207498.000000 9960.000000 0.000000
84785860.000000 23759.000000 0.000000
85362657.000000 3492.000000 0.000000
85317819.000000 4392.000000 0.000000
85402736.000000 3915.000000 0.000000
85237352.000000 4324.000000 0.000000
85351073.000000 4176.000000 0.000000
85192579.000000 4711.000000 0.000000
85009599.000000 14026.000000 0.000000
85391047.000000 3565.000000 0.000000
85276073.000000 6610.000000 0.000000
85285170.000000 5132.000000 0.000000
85378176.000000 8156.000000 0.000000
85422114.000000 4004.000000 0.000000
85306903.000000 4300.000000 0.000000
85328614.000000 3646.000000 0.000000
85361177.000000 3921.000000 0.000000
85293690.000000 4428.000000 0.000000
85408585.000000 3655.000000 0.000000
85380689.000000 3416.000000 0.000000
85556590.000000 4614.000000 0.000000
85404005.000000 4390.000000 0.000000
85260091.000000 3492.000000 0.000000
85303390.000000 4543.000000 0.000000
86012931.000000 4136.000000 0.000000
85439212.000000 3852.000000 0.000000
85553986.000000 3692.000000 0.000000
85314025.000000 4208.000000 0.000000
85307642.000000 4384.000000 0.000000
85341428.000000 4053.000000 0.000000
81965855.000000 4474.000000 0.000000
85437914.000000 4109.000000 0.000000
85264257.000000 4633.000000 0.000000
85251972.000000 4654.000000 0.000000
85212787.000000 4188.000000 0.000000
85612212.000000 3993.000000 0.000000
85487988.000000 4054.000000 0.000000
85464452.000000 4152.000000 0.000000
85384652.000000 3933.000000 0.000000
85417499.000000 4164.000000 0.000000
85336792.000000 4770.000000 0.000000
85413820.000000 3779.000000 0.000000
85201236.000000 5187.000000 0.000000
85406167.000000 3678.000000 0.000000
85519381.000000 4197.000000 0.000000
85441703.000000 3979.000000 0.000000
85286025.000000 4833.000000 0.000000
85236002.000000 4325.000000 0.000000
85357369.000000 4204.000000 0.000000
85459087.000000 4185.000000 0.000000
85514253.000000 4065.000000 0.000000
85446268.000000 4258.000000 0.000000
85355109.000000 3793.000000 0.000000
85459541.000000 4164.000000 0.000000
85392422.000000 3707.000000 0.000000
85418203.000000 3675.000000 0.000000
85361100.000000 4260.000000 0.000000
85339690.000000 4043.000000 0.000000
85322715.000000 4480.000000 0.000000
85372262.000000 3679.000000 0.000000
85402317.000000 4292.000000 0.000000
85490929.000000 4164.000000 0.000000
85416805.000000 3696.000000 0.000000
85318176.000000 3835.000000 0.000000
85294868.000000 4504.000000 0.000000
85412272.000000 3351.000000 0.000000
64100870.000000 3415.000000 0.000000
85328168.000000 4195.000000 0.000000
85535284.000000 4434.000000 0.000000
85402784.000000 3582.000000 0.000000
85409222.000000 4001.000000 0.000000
85336616.000000 4017.000000 0.000000
85361180.000000 5170.000000 0.000000
85425828.000000 4011.000000 0.000000
85327123.000000 4892.000000 0.000000
85488106.000000 4772.000000 0.000000
85484172.000000 3937.000000 0.000000
85408810.000000 4595.000000 0.000000
85464380.000000 4463.000000 0.000000
85466081.000000 3612.000000 0.000000
86352839.000000 3934.000000 0.000000
85289297.000000 4070.000000 0.000000
85310270.000000 5250.000000 0.000000
85271627.000000 4858.000000 0.000000
85563040.000000 3449.000000 0.000000
85307957.000000 3869.000000 0.000000
85460174.000000 4230.000000 0.000000
85179017.000000 4731.000000 0.000000
85398384.000000 3713.000000 0.000000
85404852.000000 3680.000000 0.000000
85328873.000000 3812.000000 0.000000
85298471.000000 3429.000000 0.000000
85456303.000000 3926.000000 0.000000
