52430498.000000 4344.000000 0.000000
52205283.000000 13573.000000 0.000000
51966525.000000 29558.000000 0.000000
52434992.000000 3721.000000 0.000000
52421855.000000 3726.000000 0.000000
52553230.000000 3753.000000 0.000000
52525966.000000 4067.000000 0.000000
52426475.000000 4555.000000 0.000000
52427264.000000 4271.000000 0.000000
52445737.000000 4028.000000 0.000000
52480864.000000 4096.000000 0.000000
52504624.000000 3702.000000 0.000000
52475590.000000 3692.000000 0.000000
52368727.000000 4912.000000 0.000000
52491509.000000 4393.000000 0.000000
52596332.000000 4035.000000 0.000000
52555028.000000 3806.000000 0.000000
52555902.000000 3645.000000 0.000000
53435528.000000 3505.000000 0.000000
52562462.000000 3254.000000 0.000000
52470006.000000 4183.000000 0.000000
65581673.000000 6170.000000 0.000000
52559894.000000 3891.000000 0.000000
52538061.000000 3993.000000 0.000000
52454840.000000 3858.000000 0.000000
52466887.000000 4270.000000 0.000000
52471353.000000 3836.000000 0.000000
52525492.000000 3988.000000 0.000000
52479636.000000 3995.000000 0.000000
52556812.000000 4062.000000 0.000000
52518639.000000 3656.000000 0.000000
52457781.000000 3627.000000 0.000000
52472180.000000 4452.000000 0.000000
52526340.000000 3577.000000 0.000000
52363021.000000 4462.000000 0.000000
52540265.000000 4158.000000 0.000000
52533918.000000 4057.000000 0.000000
52479975.000000 4490.000000 0.000000
52517529.000000 4433.000000 0.000000
52538418.000000 4139.000000 0.000000
52501206.000000 4413.000000 0.000000
52520534.000000 3868.000000 0.000000
52504855.000000 3944.000000 0.000000
52485698.000000 4277.000000 0.000000
52489041.000000 4440.000000 0.000000
52489859.000000 3725.000000 0.000000
52632935.000000 3990.000000 0.000000
52516066.000000 4393.000000 0.000000
52529349.000000 3516.000000 0.000000
52497798.000000 3888.000000 0.000000
52413063.000000 4153.000000 0.000000
52456795.000000 4742.000000 0.000000
52519207.000000 4065.000000 0.000000
52574165.000000 3926.000000 0.000000
52591843.000000 5132.000000 0.000000
52484827.000000 4281.000000 0.000000
52548663.000000 3849.000000 0.000000
52542219.000000 3591.000000 0.000000
52419798.000000 3732.000000 0.000000
52470813.000000 3430.000000 0.000000
52497534.000000 3816.000000 0.000000
52558128.000000 3551.000000 0.000000
52541073.000000 4283.000000 0.000000
52540507.000000 4205.000000 0.000000
52560662.000000 3542.000000 0.000000
52395726.000000 3876.000000 0.000000
52553423.000000 3916.000000 0.000000
52535027.000000 4147.000000 0.000000
52519299.000000 3594.000000 0.000000
52452236.000000 3758.000000 0.000000
50293746.000000 3827.000000 0.000000
52569290.000000 3720.000000 0.000000
52317441.000000 4227.000000 0.000000
52480042.000000 3569.000000 0.000000
52472776.000000 3796.000000 0.000000
52567289.000000 4478.000000 0.000000
52556989.000000 4120.000000 0.000000
52575312.000000 3626.000000 0.000000
52533457.000000 3793.000000 0.000000
52491230.000000 4520.000000 0.000000
52495303.000000 3648.000000 0.000000
52443935.000000 4162.000000 0.000000
52552457.000000 3749.000000 0.000000
52471979.000000 3729.000000 0.000000
52365154.000000 4425.000000 0.000000
52497519.000000 3719.000000 0.000000
52540906.000000 3847.000000 0.000000
52551481.000000 4285.000000 0.000000
52443799.000000 4381.000000 0.000000
52450445.000000 3394.000000 0.000000
52447229.000000 3930.000000 0.000000
52451818.000000 4242.000000 0.000000
52546363.000000 3900.000000 0.000000
52525486.000000 4350.000000 0.000000
52519925.000000 4315.000000 0.000000
52602739.000000 3286.000000 0.000000
52428426.000000 4031.000000 0.000000
52477980.000000 4405.000000 0.000000
52531678.000000 3885.000000 0.000000
52503394.000000 4436.000000 0.000000
