60943865.000000 4200.000000 0.000000
60741211.000000 6874.000000 0.000000
60781585.000000 4904.000000 0.000000
60789112.000000 5015.000000 0.000000
60830235.000000 6685.000000 0.000000
60742071.000000 9636.000000 0.000000
60852547.000000 3769.000000 0.000000
60900802.000000 5322.000000 0.000000
60860650.000000 3882.000000 0.000000
60292737.000000 21473.000000 0.000000
60726376.000000 4527.000000 0.000000
60837728.000000 4215.000000 0.000000
60929566.000000 4612.000000 0.000000
60864727.000000 4575.000000 0.000000
60864898.000000 4074.000000 0.000000
60865349.000000 3943.000000 0.000000
60963906.000000 3966.000000 0.000000
60883032.000000 3695.000000 0.000000
60925064.000000 3869.000000 0.000000
60579306.000000 4728.000000 0.000000
60208791.000000 25801.000000 0.000000
60904338.000000 4162.000000 0.000000
60941011.000000 4224.000000 0.000000
60737040.000000 4068.000000 0.000000
60867529.000000 3714.000000 0.000000
60858881.000000 4699.000000 0.000000
60834318.000000 4405.000000 0.000000
60950362.000000 3645.000000 0.000000
60618370.000000 10169.000000 0.000000
60903454.000000 4147.000000 0.000000
60733561.000000 7031.000000 0.000000
60881137.000000 3810.000000 0.000000
60246790.000000 24092.000000 0.000000
60159124.000000 26684.000000 0.000000
60842429.000000 4815.000000 0.000000
60915957.000000 4910.000000 0.000000
60810609.000000 4717.000000 0.000000
60717775.000000 5328.000000 0.000000
60605336.000000 9470.000000 0.000000
60770687.000000 7753.000000 0.000000
60348359.000000 20685.000000 0.000000
91095376.000000 8442.000000 0.000000
57735811.000000 96480.000000 0.000000
60147243.000000 24458.000000 0.000000
60708262.000000 8406.000000 0.000000
61025964.000000 3899.000000 0.000000
60219853.000000 22764.000000 0.000000
76039339.000000 6192.000000 0.000000
61009192.000000 3774.000000 0.000000
61048944.000000 3853.000000 0.000000
60791582.000000 4633.000000 0.000000
60763337.000000 3857.000000 0.000000
59481922.000000 46102.000000 0.000000
60690095.000000 4175.000000 0.000000
60886934.000000 4288.000000 0.000000
60992264.000000 3894.000000 0.000000
60832898.000000 4235.000000 0.000000
60989967.000000 3605.000000 0.000000
60870703.000000 3909.000000 0.000000
60882639.000000 3893.000000 0.000000
59859648.000000 37288.000000 0.000000
60787686.000000 4072.000000 0.000000
60791628.000000 6940.000000 0.000000
60850451.000000 3919.000000 0.000000
60890383.000000 4719.000000 0.000000
60852367.000000 4229.000000 0.000000
60583607.000000 13078.000000 0.000000
61043375.000000 4089.000000 0.000000
60964593.000000 4771.000000 0.000000
60956950.000000 3348.000000 0.000000
60885986.000000 4482.000000 0.000000
60716432.000000 10939.000000 0.000000
59626172.000000 40015.000000 0.000000
60905078.000000 4020.000000 0.000000
60377341.000000 15866.000000 0.000000
60882380.000000 4299.000000 0.000000
60797765.000000 3794.000000 0.000000
60292887.000000 21685.000000 0.000000
60765032.000000 10297.000000 0.000000
60952565.000000 3690.000000 0.000000
60769557.000000 4631.000000 0.000000
60865766.000000 4392.000000 0.000000
60815391.000000 5303.000000 0.000000
60871768.000000 4061.000000 0.000000
60730934.000000 7825.000000 0.000000
60802273.000000 4712.000000 0.000000
60584026.000000 13892.000000 0.000000
60841848.000000 3705.000000 0.000000
59785767.000000 41432.000000 0.000000
60902841.000000 4430.000000 0.000000
60430447.000000 15320.000000 0.000000
60988645.000000 5195.000000 0.000000
59858687.000000 34141.000000 0.000000
60840664.000000 4085.000000 0.000000
59889842.000000 34559.000000 0.000000
60730598.000000 3937.000000 0.000000
60867079.000000 3733.000000 0.000000
60931794.000000 3723.000000 0.000000
60922123.000000 3685.000000 0.000000
60246177.000000 23803.000000 0.000000
