85930964.000000 20496.000000 6252.000000
99488719.000000 20585.000000 6305.000000
94795605.000000 20740.000000 6263.000000
90264899.000000 20266.000000 6342.000000
101656357.000000 20466.000000 6304.000000
100685132.000000 20471.000000 6325.000000
92169285.000000 19649.000000 6295.000000
104105708.000000 20972.000000 6297.000000
84024652.000000 20146.000000 6302.000000
102703703.000000 20089.000000 6299.000000
84470792.000000 19896.000000 6270.000000
104490256.000000 20018.000000 6256.000000
94830740.000000 20693.000000 6260.000000
94383418.000000 21229.000000 6292.000000
92304076.000000 20466.000000 6247.000000
105354754.000000 20648.000000 6264.000000
83385515.000000 20135.000000 6277.000000
102218600.000000 19938.000000 6275.000000
100457196.000000 20245.000000 6293.000000
82655424.000000 20153.000000 6278.000000
93203148.000000 20423.000000 6233.000000
50279160.000000 18787.000000 6262.000000
103669206.000000 20587.000000 6255.000000
89894179.000000 20403.000000 6283.000000
85852669.000000 20030.000000 6320.000000
96052026.000000 20483.000000 6281.000000
89943222.000000 26880.000000 6280.000000
103057318.000000 20215.000000 6231.000000
103191590.000000 20340.000000 6271.000000
103628297.000000 19997.000000 6248.000000
91681020.000000 19909.000000 6252.000000
88959207.000000 22416.000000 6266.000000
88633007.000000 20176.000000 6274.000000
93826762.000000 43116.000000 6251.000000
86264422.000000 20602.000000 6262.000000
81315410.000000 23314.000000 6265.000000
100294632.000000 19983.000000 6246.000000
79897673.000000 44424.000000 6248.000000
102361857.000000 20483.000000 6282.000000
82114905.000000 29909.000000 6247.000000
102169313.000000 20758.000000 6264.000000
80401971.000000 19583.000000 6271.000000
105327742.000000 20114.000000 6315.000000
99799473.000000 26607.000000 6318.000000
84311845.000000 19802.000000 6280.000000
78702689.000000 53255.000000 6111.000000
105661327.000000 20810.000000 6273.000000
96880361.000000 21596.000000 6282.000000
92553882.000000 20053.000000 6279.000000
104659994.000000 27046.000000 6292.000000
99950823.000000 20677.000000 6261.000000
80895984.000000 36446.000000 6261.000000
82564477.000000 20067.000000 6277.000000
87765329.000000 86343.000000 6260.000000
97203500.000000 20619.000000 6259.000000
82020888.000000 20224.000000 6291.000000
83592826.000000 20104.000000 6283.000000
84172916.000000 20174.000000 6307.000000
83323967.000000 20078.000000 6289.000000
88124786.000000 20867.000000 6294.000000
98392964.000000 21061.000000 6309.000000
83831580.000000 20348.000000 6262.000000
92034526.000000 19916.000000 6281.000000
92887473.000000 20466.000000 6251.000000
86414165.000000 20841.000000 6264.000000
101167440.000000 21105.000000 6284.000000
96152657.000000 20564.000000 6307.000000
103993731.000000 20574.000000 6271.000000
100737036.000000 20610.000000 6236.000000
97624038.000000 20650.000000 6290.000000
103226321.000000 20292.000000 6295.000000
99650200.000000 20264.000000 6272.000000
100946883.000000 19683.000000 6289.000000
84727663.000000 20153.000000 6296.000000
97854713.000000 20645.000000 6314.000000
86348242.000000 19902.000000 6317.000000
94922409.000000 20070.000000 6297.000000
88688208.000000 20190.000000 6308.000000
98886999.000000 20378.000000 6293.000000
101166907.000000 20688.000000 6357.000000
88179063.000000 20454.000000 6291.000000
99648594.000000 20640.000000 6323.000000
98840296.000000 21071.000000 6320.000000
90603987.000000 20423.000000 6286.000000
103763469.000000 20612.000000 6285.000000
98341357.000000 20810.000000 6285.000000
95975243.000000 20236.000000 6317.000000
102889002.000000 20067.000000 6312.000000
96120726.000000 20613.000000 6359.000000
88670376.000000 20638.000000 6297.000000
86665413.000000 20075.000000 6311.000000
102426009.000000 20631.000000 6280.000000
89372544.000000 20270.000000 6271.000000
87821239.000000 20156.000000 6259.000000
83141032.000000 20194.000000 6274.000000
98198711.000000 20388.000000 6284.000000
99341495.000000 20411.000000 6245.000000
103455108.000000 19831.000000 6266.000000
105270964.000000 20287.000000 6252.000000
92557394.000000 20542.000000 6290.000000
