2824984.000000 24748.000000 22104.000000
2824504.000000 25141.000000 21468.000000
2704865.000000 25905.000000 21315.000000
2738043.000000 24424.000000 21919.000000
2824540.000000 26024.000000 20856.000000
2729293.000000 24587.000000 21771.000000
2825010.000000 25762.000000 21091.000000
2827129.000000 23832.000000 23173.000000
2713772.000000 24703.000000 21707.000000
2851665.000000 23455.000000 23534.000000
2759974.000000 25520.000000 22247.000000
2824828.000000 23996.000000 22773.000000
2827201.000000 25731.000000 21672.000000
2885996.000000 23487.000000 23556.000000
2683201.000000 24778.000000 21052.000000
2861016.000000 26694.000000 21376.000000
2824210.000000 24637.000000 22522.000000
2824875.000000 24833.000000 22331.000000
2832721.000000 23673.000000 23360.000000
2809737.000000 23848.000000 23036.000000
2827808.000000 25711.000000 21679.000000
2933541.000000 26847.000000 22009.000000
2580241.000000 25673.000000 19507.000000
2671820.000000 24868.000000 20858.000000
2684849.000000 24919.000000 21232.000000
2645128.000000 25433.000000 20756.000000
2826400.000000 23952.000000 23010.000000
2825412.000000 25447.000000 21881.000000
2824996.000000 26065.000000 21412.000000
2666586.000000 24777.000000 20705.000000
2730148.000000 24306.000000 21695.000000
2975251.000000 26354.000000 22260.000000
2708910.000000 25898.000000 21436.000000
2862834.000000 23785.000000 23469.000000
2823856.000000 24443.000000 22653.000000
2969122.000000 26240.000000 22432.000000
2843727.000000 24651.000000 23591.000000
2696991.000000 24803.000000 21360.000000
2965105.000000 26496.000000 22083.000000
2914158.000000 24474.000000 23512.000000
2807880.000000 23884.000000 23034.000000
2826528.000000 24474.000000 22428.000000
2820568.000000 25258.000000 21564.000000
2823175.000000 24432.000000 22666.000000
2825072.000000 24743.000000 22108.000000
2769827.000000 24098.000000 22393.000000
2826328.000000 25354.000000 21959.000000
2859987.000000 26623.000000 21252.000000
2848168.000000 23855.000000 23358.000000
2658973.000000 25370.000000 20923.000000
2931104.000000 24858.000000 23506.000000
2584032.000000 25646.000000 19597.000000
2826961.000000 25262.000000 21576.000000
2823997.000000 24444.000000 22649.000000
2816017.000000 23790.000000 23150.000000
2596000.000000 25743.000000 19719.000000
2824748.000000 24859.000000 21762.000000
2870496.000000 24142.000000 23481.000000
2824000.000000 26126.000000 21400.000000
2743410.000000 24435.000000 22140.000000
2819467.000000 24732.000000 22439.000000
2700511.000000 24645.000000 21289.000000
2646204.000000 25379.000000 20696.000000
2823680.000000 25541.000000 21327.000000
2899008.000000 26819.000000 21665.000000
2828644.000000 25933.000000 20798.000000
2826425.000000 23743.000000 23294.000000
2641845.000000 25478.000000 20752.000000
2613009.000000 25743.000000 20381.000000
2823976.000000 25509.000000 21804.000000
2775101.000000 24091.000000 22446.000000
2844323.000000 23487.000000 23554.000000
2826560.000000 25593.000000 21785.000000
2777315.000000 23999.000000 22552.000000
2732116.000000 24555.000000 21926.000000
2867273.000000 23382.000000 23468.000000
2670532.000000 24835.000000 20862.000000
2930350.000000 24938.000000 23588.000000
2822968.000000 24076.000000 22835.000000
2619836.000000 25284.000000 20108.000000
2755403.000000 24337.000000 22288.000000
2879012.000000 23495.000000 23562.000000
2844655.000000 23857.000000 23433.000000
2875104.000000 24029.000000 23552.000000
2973003.000000 25364.000000 23489.000000
2642481.000000 25518.000000 20693.000000
2852188.000000 23463.000000 23563.000000
2865294.000000 26610.000000 21297.000000
2826079.000000 25197.000000 21489.000000
2825372.000000 24501.000000 22654.000000
2795783.000000 24000.000000 22848.000000
2952221.000000 26373.000000 21905.000000
2931680.000000 24958.000000 23571.000000
2827947.000000 23633.000000 23376.000000
2737731.000000 24517.000000 22006.000000
2812183.000000 23891.000000 23059.000000
2827800.000000 24136.000000 22954.000000
2613824.000000 25851.000000 20339.000000
2827968.000000 24777.000000 22105.000000
2825000.000000 24368.000000 22211.000000
2859681.000000 23437.000000 23542.000000
2823984.000000 23816.000000 23051.000000
2845328.000000 23866.000000 23450.000000
2980730.000000 26408.000000 22252.000000
2834363.000000 23718.000000 23348.000000
2597870.000000 25461.000000 19700.000000
2670668.000000 26107.000000 21030.000000
2810986.000000 23843.000000 23088.000000
2967244.000000 24866.000000 23490.000000
2714738.000000 24408.000000 21448.000000
2826596.000000 25055.000000 21787.000000
2825072.000000 24531.000000 22562.000000
2823700.000000 23785.000000 23038.000000
2827889.000000 23789.000000 23079.000000
2827932.000000 24959.000000 21855.000000
2608179.000000 25952.000000 20211.000000
2973222.000000 25916.000000 22839.000000
2823234.000000 24120.000000 22750.000000
2823752.000000 24142.000000 22943.000000
2824724.000000 25544.000000 21804.000000
2825152.000000 25963.000000 20914.000000
2591124.000000 25565.000000 19727.000000
2828677.000000 24109.000000 22869.000000
2816609.000000 25337.000000 22898.000000
2694215.000000 25253.000000 21182.000000
2825622.000000 24940.000000 23176.000000
2877958.000000 26582.000000 20894.000000
2824632.000000 24043.000000 22675.000000
2825425.000000 26542.000000 21159.000000
2836748.000000 23983.000000 23049.000000
2824220.000000 24401.000000 22440.000000
2829240.000000 25498.000000 21378.000000
2764773.000000 24956.000000 21416.000000
2641848.000000 25036.000000 20338.000000
2941589.000000 26474.000000 21850.000000
2827792.000000 25025.000000 21868.000000
2756509.000000 25653.000000 22191.000000
2751809.000000 25696.000000 22036.000000
2906993.000000 23520.000000 23565.000000
2934494.000000 24952.000000 23577.000000
2825658.000000 24305.000000 22804.000000
2694795.000000 24805.000000 21382.000000
2667703.000000 25439.000000 20904.000000
2648963.000000 25466.000000 20774.000000
2767076.000000 26012.000000 22337.000000
2827048.000000 24657.000000 22202.000000
2827712.000000 24518.000000 22177.000000
2827417.000000 26123.000000 21386.000000
2614752.000000 25632.000000 20323.000000
2818834.000000 23910.000000 23138.000000
2826546.000000 23750.000000 23249.000000
2585475.000000 25619.000000 19605.000000
2828196.000000 26085.000000 21406.000000
2822328.000000 25094.000000 21722.000000
2871304.000000 23739.000000 23474.000000
2822366.000000 23667.000000 23161.000000
2733936.000000 24510.000000 21977.000000
2824640.000000 24405.000000 22271.000000
2715677.000000 24433.000000 21430.000000
2931836.000000 24765.000000 23585.000000
2827504.000000 23802.000000 23105.000000
2609278.000000 25926.000000 20234.000000
2767060.000000 24215.000000 22416.000000
2828273.000000 23690.000000 23343.000000
2824458.000000 25562.000000 21799.000000
2849676.000000 24569.000000 23547.000000
2828445.000000 23981.000000 23115.000000
2797891.000000 25325.000000 22786.000000
2825456.000000 25463.000000 21396.000000
2793734.000000 24055.000000 22737.000000
2823687.000000 25670.000000 20999.000000
2843014.000000 23572.000000 23559.000000
2826099.000000 25188.000000 22092.000000
2827428.000000 25499.000000 21376.000000
2890481.000000 23489.000000 23552.000000
2616224.000000 25334.000000 20033.000000
2967476.000000 26235.000000 22876.000000
2825082.000000 24026.000000 22867.000000
2830846.000000 23703.000000 23320.000000
2970168.000000 26253.000000 22253.000000
2834786.000000 23682.000000 23323.000000
2620090.000000 25754.000000 20046.000000
2620112.000000 25738.000000 20300.000000
2826188.000000 25266.000000 21558.000000
2823842.000000 25253.000000 21566.000000
2647223.000000 25464.000000 20714.000000
2622141.000000 25839.000000 20383.000000
2826346.000000 25197.000000 22083.000000
2666901.000000 24955.000000 20787.000000
2827260.000000 26052.000000 21336.000000
2825208.000000 25166.000000 22066.000000
2827481.000000 24176.000000 22906.000000
2829780.000000 25058.000000 22225.000000
2808013.000000 25439.000000 22955.000000
2960501.000000 26521.000000 22060.000000
2762913.000000 25924.000000 22348.000000
2851330.000000 23411.000000 23485.000000
2827796.000000 23792.000000 23051.000000
2828870.000000 23682.000000 23340.000000
2827064.000000 26308.000000 21281.000000
2825036.000000 23969.000000 22822.000000
2709678.000000 24466.000000 21365.000000
2701044.000000 24895.000000 21471.000000
2723200.000000 24621.000000 21810.000000
2928996.000000 24916.000000 23593.000000
2622837.000000 25217.000000 20042.000000
2858491.000000 23455.000000 23552.000000
2733048.000000 24399.000000 21773.000000
2599165.000000 25486.000000 19827.000000
2965144.000000 26156.000000 22944.000000
2871656.000000 23505.000000 23554.000000
2649731.000000 25380.000000 20820.000000
2828396.000000 24902.000000 21793.000000
2826680.000000 26060.000000 20864.000000
2824910.000000 24650.000000 22227.000000
2866964.000000 26613.000000 21373.000000
2853319.000000 23389.000000 23476.000000
2623666.000000 25655.000000 20463.000000
2823860.000000 25534.000000 21804.000000
2895259.000000 26806.000000 21585.000000
2827984.000000 24051.000000 22901.000000
2864460.000000 26315.000000 21049.000000
2820008.000000 24533.000000 22249.000000
2824704.000000 25731.000000 21501.000000
2825536.000000 25120.000000 21560.000000
2572600.000000 25647.000000 19512.000000
2608060.000000 25913.000000 20252.000000
2833529.000000 23708.000000 23368.000000
2825875.000000 23682.000000 23309.000000
2893830.000000 23370.000000 23471.000000
2827522.000000 23716.000000 23332.000000
2658927.000000 24912.000000 20595.000000
2598528.000000 25504.000000 19827.000000
2823889.000000 24361.000000 22584.000000
2965156.000000 26370.000000 22077.000000
2685340.000000 24833.000000 21013.000000
2697927.000000 24981.000000 21410.000000
2848839.000000 24821.000000 23533.000000
2823218.000000 23778.000000 23015.000000
2716382.000000 24439.000000 21438.000000
2824844.000000 25328.000000 21357.000000
2852677.000000 24872.000000 23526.000000
2609722.000000 25410.000000 19946.000000
2679700.000000 25064.000000 21243.000000
2826131.000000 24492.000000 22660.000000
2761777.000000 24297.000000 22320.000000
2824163.000000 24624.000000 22534.000000
2939577.000000 24835.000000 23598.000000
2894805.000000 23507.000000 23546.000000
2964408.000000 25101.000000 23551.000000
2732508.000000 24543.000000 21922.000000
2828262.000000 25721.000000 21664.000000
2823192.000000 25660.000000 21568.000000
2663013.000000 25177.000000 20881.000000
2881838.000000 23409.000000 23460.000000
2620536.000000 25850.000000 20377.000000
2641615.000000 25176.000000 20357.000000
2825088.000000 24237.000000 22628.000000
2833361.000000 23726.000000 23365.000000
2968966.000000 26004.000000 22703.000000
2618747.000000 25767.000000 20390.000000
2939012.000000 24809.000000 23596.000000
2791852.000000 25540.000000 22786.000000
2822122.000000 25925.000000 20922.000000
2660901.000000 25138.000000 20913.000000
2639184.000000 25319.000000 20651.000000
2826716.000000 26265.000000 21288.000000
2703844.000000 24605.000000 21344.000000
2825084.000000 26325.000000 21296.000000
2828963.000000 23639.000000 23225.000000
2854431.000000 26292.000000 20944.000000
2827492.000000 25035.000000 22227.000000
2825468.000000 25887.000000 21003.000000
2697514.000000 24957.000000 21445.000000
2822559.000000 25536.000000 21790.000000
2827213.000000 23825.000000 23007.000000
2659474.000000 26029.000000 20926.000000
2827160.000000 23789.000000 23240.000000
2640730.000000 25448.000000 20717.000000
2821839.000000 24549.000000 22153.000000
2824504.000000 25445.000000 21202.000000
2824456.000000 24686.000000 22126.000000
2826881.000000 26390.000000 21257.000000
2845887.000000 24512.000000 23562.000000
2795950.000000 23962.000000 22857.000000
2824792.000000 24217.000000 22657.000000
2637673.000000 25165.000000 20333.000000
2824216.000000 23833.000000 23152.000000
2886714.000000 23471.000000 23553.000000
2643548.000000 25010.000000 20362.000000
2825951.000000 23658.000000 23327.000000
2583514.000000 25679.000000 19561.000000
2768858.000000 24228.000000 22445.000000
2688842.000000 24751.000000 21083.000000
2974372.000000 25457.000000 23541.000000
2821043.000000 23750.000000 23069.000000
2831193.000000 25081.000000 22169.000000
2826636.000000 23954.000000 23123.000000
2732119.000000 24329.000000 21610.000000
2708832.000000 24483.000000 21463.000000
2681095.000000 25022.000000 21145.000000
2852052.000000 23398.000000 23463.000000
2824292.000000 24649.000000 22165.000000
2827896.000000 26273.000000 21181.000000
2826656.000000 25197.000000 21619.000000
2726133.000000 24380.000000 21766.000000
2825031.000000 24227.000000 22855.000000
2822692.000000 25191.000000 21994.000000
2825705.000000 23612.000000 23350.000000
2628841.000000 25204.000000 20231.000000
2823772.000000 24394.000000 22452.000000
2665973.000000 24935.000000 20769.000000
2828308.000000 24454.000000 22246.000000
2827500.000000 25965.000000 20933.000000
2930251.000000 24916.000000 23588.000000
2824059.000000 25837.000000 21549.000000
2828263.000000 23739.000000 23424.000000
2824512.000000 25654.000000 21722.000000
2688182.000000 25029.000000 21315.000000
2825348.000000 25015.000000 21874.000000
2740037.000000 24463.000000 22079.000000
2714648.000000 24497.000000 21529.000000
2831477.000000 25161.000000 23339.000000
2843137.000000 24297.000000 23518.000000
2822674.000000 23733.000000 23249.000000
2823452.000000 25750.000000 21089.000000
2827341.000000 26325.000000 21275.000000
2970408.000000 25184.000000 23565.000000
2829866.000000 23656.000000 23391.000000
2696529.000000 24910.000000 21455.000000
2974488.000000 26375.000000 22852.000000
2827920.000000 26302.000000 21263.000000
2824136.000000 24714.000000 22066.000000
2825100.000000 26337.000000 21224.000000
2824416.000000 25201.000000 21618.000000
2839839.000000 24875.000000 23464.000000
2847704.000000 23449.000000 23534.000000
2829740.000000 25442.000000 21261.000000
2853956.000000 23522.000000 23552.000000
2829341.000000 25785.000000 21592.000000
2733806.000000 25660.000000 21893.000000
2972523.000000 25464.000000 23572.000000
2823680.000000 25853.000000 21004.000000
2889250.000000 26343.000000 21265.000000
2608867.000000 25861.000000 20260.000000
2824168.000000 24877.000000 21782.000000
2826596.000000 26125.000000 21430.000000
2827053.000000 23751.000000 23256.000000
2724041.000000 25865.000000 21625.000000
2966659.000000 26160.000000 22525.000000
2616203.000000 25814.000000 20389.000000
2827340.000000 25040.000000 22198.000000
2618904.000000 25812.000000 20387.000000
2824536.000000 25213.000000 21429.000000
2822912.000000 24593.000000 22083.000000
2951296.000000 26923.000000 22172.000000
2652690.000000 25003.000000 20590.000000
2913432.000000 26771.000000 21713.000000
2889850.000000 23399.000000 23477.000000
2704498.000000 24572.000000 21355.000000
2826092.000000 25515.000000 21784.000000
2824796.000000 25478.000000 21219.000000
2824576.000000 25843.000000 20886.000000
2899704.000000 23464.000000 23559.000000
2825904.000000 25276.000000 22031.000000
2732995.000000 24265.000000 21730.000000
2970664.000000 26008.000000 22682.000000
2824082.000000 25263.000000 21558.000000
2825416.000000 23842.000000 23066.000000
2828112.000000 24185.000000 22801.000000
2735661.000000 24282.000000 21688.000000
2726579.000000 24599.000000 21868.000000
2591148.000000 25541.000000 19701.000000
2828136.000000 25787.000000 21669.000000
2801703.000000 23846.000000 22834.000000
2822068.000000 25996.000000 21324.000000
2893042.000000 23529.000000 23565.000000
2827316.000000 26320.000000 21128.000000
2715976.000000 24599.000000 21497.000000
2824760.000000 24970.000000 22241.000000
2807854.000000 23857.000000 23027.000000
2869724.000000 23447.000000 23556.000000
2932137.000000 24955.000000 23577.000000
2800836.000000 25246.000000 22819.000000
2901147.000000 23381.000000 23464.000000
2652886.000000 24895.000000 20552.000000
2734476.000000 24346.000000 21796.000000
2830074.000000 25189.000000 23330.000000
2824792.000000 26103.000000 21415.000000
2824416.000000 24883.000000 22138.000000
2637218.000000 25173.000000 20359.000000
2830131.000000 23741.000000 23291.000000
2867814.000000 23488.000000 23559.000000
2824640.000000 25333.000000 21483.000000
2624724.000000 25211.000000 20104.000000
2781137.000000 24125.000000 22635.000000
2607453.000000 25903.000000 20255.000000
2825260.000000 26071.000000 21280.000000
2665509.000000 24973.000000 20715.000000
2935948.000000 26301.000000 21763.000000
2827480.000000 26186.000000 21371.000000
2578982.000000 25681.000000 19539.000000
2728059.000000 24458.000000 21675.000000
2668817.000000 24864.000000 20839.000000
2657056.000000 25359.000000 20935.000000
2620449.000000 25237.000000 20034.000000
2741508.000000 24346.000000 21876.000000
2868554.000000 24022.000000 23394.000000
2702831.000000 24964.000000 21464.000000
2700282.000000 24855.000000 21503.000000
2852328.000000 23696.000000 23548.000000
2641513.000000 25512.000000 20668.000000
2755480.000000 24348.000000 22257.000000
2798114.000000 23984.000000 22866.000000
2604959.000000 25864.000000 20256.000000
2824932.000000 25324.000000 21330.000000
2711236.000000 24493.000000 21340.000000
2824576.000000 24583.000000 22256.000000
2823548.000000 25775.000000 21102.000000
2595307.000000 25464.000000 19681.000000
2825608.000000 23817.000000 23180.000000
2662366.000000 25363.000000 20904.000000
2646298.000000 25952.000000 20657.000000
2827606.000000 23784.000000 23055.000000
2873801.000000 23455.000000 23569.000000
2822323.000000 24849.000000 21798.000000
2828572.000000 25783.000000 21463.000000
2613846.000000 25807.000000 20337.000000
2824300.000000 25879.000000 21560.000000
2825252.000000 24782.000000 22415.000000
2863536.000000 26747.000000 21349.000000
2675291.000000 24911.000000 20851.000000
2824088.000000 25473.000000 21722.000000
2687345.000000 24977.000000 21362.000000
2825472.000000 24294.000000 22620.000000
2874847.000000 23440.000000 23541.000000
2725933.000000 24524.000000 21769.000000
2824752.000000 25689.000000 20941.000000
2843085.000000 24421.000000 23554.000000
2822117.000000 23711.000000 23353.000000
2854883.000000 23986.000000 23446.000000
2826464.000000 25827.000000 21609.000000
2725990.000000 24439.000000 21654.000000
2834437.000000 25047.000000 23322.000000
2847193.000000 24821.000000 23624.000000
2970168.000000 25983.000000 22985.000000
2765804.000000 25937.000000 22348.000000
2839908.000000 23534.000000 23539.000000
2827836.000000 25408.000000 21417.000000
2883200.000000 23512.000000 23561.000000
2822277.000000 24975.000000 22228.000000
2595673.000000 25598.000000 19760.000000
2828072.000000 24074.000000 23029.000000
2904533.000000 23512.000000 23553.000000
2872660.000000 23434.000000 23552.000000
2824344.000000 24547.000000 22435.000000
2826352.000000 23933.000000 23157.000000
2629167.000000 26016.000000 20507.000000
2824557.000000 24888.000000 22149.000000
2696013.000000 24839.000000 21357.000000
2869068.000000 26653.000000 21341.000000
2825174.000000 25140.000000 21953.000000
2709557.000000 24433.000000 21392.000000
2825256.000000 25525.000000 21799.000000
2825304.000000 23802.000000 23248.000000
2853561.000000 26224.000000 20969.000000
2825564.000000 25783.000000 21071.000000
2895994.000000 23431.000000 23465.000000
2824473.000000 23935.000000 22873.000000
2831076.000000 25588.000000 21793.000000
2826440.000000 24895.000000 22166.000000
2715811.000000 24582.000000 21458.000000
2865708.000000 23454.000000 23551.000000
2827536.000000 24325.000000 22808.000000
2823304.000000 24546.000000 22280.000000
2641064.000000 25503.000000 20699.000000
2828845.000000 26120.000000 21407.000000
2826652.000000 26110.000000 20809.000000
2826209.000000 24162.000000 22937.000000
2779686.000000 24134.000000 22628.000000
2825740.000000 25287.000000 21584.000000
2822695.000000 23619.000000 23145.000000
2685252.000000 24645.000000 21000.000000
2823273.000000 25262.000000 21974.000000
2706281.000000 24497.000000 21426.000000
2826476.000000 25563.000000 21792.000000
2853080.000000 24844.000000 23603.000000
2659463.000000 25359.000000 20915.000000
2699956.000000 25891.000000 21323.000000
2826817.000000 26404.000000 21116.000000
2825853.000000 25487.000000 21185.000000
2782825.000000 24092.000000 22662.000000
2610612.000000 25347.000000 20031.000000
2826828.000000 25555.000000 21789.000000
2823522.000000 25521.000000 21814.000000
2715068.000000 24527.000000 21350.000000
2827408.000000 26310.000000 21173.000000
2822296.000000 24293.000000 22423.000000
2667235.000000 24807.000000 20694.000000
2824856.000000 25818.000000 21088.000000
