0,68453019.7916421,25401.1896326267,6193.32569916201,75367985.7,14385.8,6192.2
0.01,71822105.2786346,22703.8493258265,6069.84812099521,67817008.7319648,27781.1674981099,6069.84812099521
0.02,70310913.0260491,17954.4331944188,4725.16785565829,71369836.5951385,13428.3274964144,4725.16785565829
0.03,70099146.739418,15955.9540181721,4257.92258787322,75315498.713871,12995.8466531116,4257.92258787322
0.04,70204573.9351337,14358.8603586788,1790.78038843606,66435800.8833973,12590.3540885931,1777.43933938503
0.05,70034394.2336183,16314.364995503,306.96854222986,70565280.5,0,0
0.06,69973065.9514762,10619.1053854643,0.00120873124407704,69364784.2199922,12264.2175218859,0
0.07,70664225.7675143,10656.2885382222,0,68204451.6888625,12319.5295010205,0
0.08,70683685.4554078,10424.3996673787,0,67082300.493541,12375.3426577627,0
0.09,70089367.2773993,10715.0548695577,0.00488709840428411,65996476.5738331,12431.663834811,0
0.1,70098252.7813203,16020.0225788212,312.563634463047,64945244,0,0
0.11,69920822.0054034,10294.8123827511,0.00374419999234848,63438164.6338598,12492.7143037637,0
0.12,70270652.2067991,10351.7343921878,0,74399332.4361173,12496.9314527612,0
0.13,69928553.3977973,10129.4372809771,0,72749440.0847853,12501.1514498749,0
0.14,68974771.8613994,10437.9943497443,0.00486528179989315,71171136.7543432,12505.3742979911,0
0.15,68563265.8208311,15885.0018411215,353.807158425561,69659862,0,0
0.16,68644396.1575696,10043.0531029188,0.00389126645797547,72058700.6924043,12489.06605729,0
0.17,69319768.3632581,10127.0700888581,0,74628646.715301,12468.5994151859,0
0.18,69316915.0852229,10071.8718034454,0,64490570.4804736,12448.1997433594,0
0.19,68529332.2406562,10448.5795779199,0.0079544437576121,66967262.5865132,12427.8667136406,0
0.2,68559722.5369676,15850.7788975475,355.836588705601,69641781.5,0,0
0.21,68484894.8624743,10077.7984906362,0.00509933683860138,68344272.335729,12394.3234164756,0
0.22,69137224.734185,10229.296978203,0,67094227.1372125,12381.075215436,0
0.23,69106350.2746255,9955.61534430029,0,65889088.2774231,12367.8553059649,0
0.24,68447221.7494437,10368.9414265208,0.00442640751028545,64726478.6461315,12354.6635975337,0
0.25,68560646.8387993,16028.2642052827,309.348987727828,63604186,0,0
0.26,66634675.3221435,10574.9412690134,0.00411067672647914,61843889.1303544,13156.8238639954,0
0.27,65334168.1882644,11099.5407502287,0,60178403.5384317,14087.494395499,0
0.28,64801387.617819,11565.0571491948,0,70320324.1930275,15159.8526049917,0
0.29,64608154.8810814,11642.5196487129,0.00460433889203936,68523350.8478111,16408.92077941,0
0.3,64826786.1921586,17745.0733748882,325.513360422273,66815929.2,0,0
0.31,59746755.1773188,10647.6346081105,0.00384326885127476,66626690.9486874,14217.0084926533,0
0.32,54940376.5853915,9708.09686798519,0,55365434.6695536,11798.6648708043,0
0.33,53732478.0988527,9152.9033821341,0,66251412.1333148,10083.4486409195,0
0.34,55668069.4196375,10364.9995299917,0.00543307665808241,66065353.6086723,8803.6316414024,0
0.35,56562128.7456298,13675.1298210557,323.487269852512,65880337.2,7812.1,0
0.36,49932950.4064687,8250.09149678424,0.11866944360523,53407434.1464967,7664.83418177013,0
0.37,41825259.9791802,7127.80130528232,0.0739555277448905,41594899.9991426,7523.01784826408,0
0.38,38949256.6416972,7012.16612261635,0.464825328595398,30391643.1257062,7386.35401195508,0
0.39,42357708.8934618,8291.86408807518,49.0045557661395,49379274.7157121,7254.56688069044,0
0.4,44884401.0482254,12036.662857672,363.487461219386,9633654.6,0,0
0.41,37934778.8407131,7860.70061147362,35.8048071026705,35971539.3941679,7098.78781882773,0
0.42,30380912.7382319,6379.66184185264,2.84355460307078,25296116.8990842,7070.40444020378,0
0.43,27135073.9896637,5722.17694438695,5.29747880416395,23811123.9264032,7042.24713056563,0
0.44,28879670.3939632,6578.95714590396,77.6444598337998,7496938.16804683,0,0
0.45,29250310.0142765,9322.75911531486,324.967294921963,0,0,0
0.46,27576022.9502003,6172.65578717033,37.6554202834491,0,0,0
0.47,23148212.3729515,5130.04502356196,2.81955448935281,7445679.37325712,0,0
0.48,18964475.6995495,4514.710349858,6.11689856302849,7629679.97383136,0,0
0.49,17621814.3630922,5148.39688281584,62.0152643373543,7823005.200865,0,0
0.5,20019515.5996745,8067.51857381474,363.510036433565,0,0,0
0.51,16446318.1159916,4960.98465336085,88.722720633153,0,0,0
0.52,13961556.8759086,3991.74360502847,6.46298576678317,0,0,0
0.53,13940307.7515952,3946.13000830658,1.93461185212119,0,0,0
0.54,16210406.0944411,4979.37829357731,16.0479134305177,0,0,0
0.55,18892217.0277,7303.53028628474,331.401751848779,0,0,0
0.56,14778226.9547581,4542.69897340913,29.9420790468023,0,0,0
0.57,10661497.6539779,3271.46727591373,9.63915111918399,0,0,0
0.58,7236469.76790712,2989.40273119408,43.6988413147529,0,0,0
0.59,4624812.02704601,3792.46306284829,176.503235357797,0,0,0
0.6,4468873.84836892,4934.68324972023,433.417156213386,0,0,0
0.61,2492074.1973515,2998.99129012133,125.352100595655,0,0,0
0.62,2083304.08907572,2531.50396557645,17.2507062365585,0,0,0
0.63,2204515.2582186,2667.12832011747,5.74978835946587,0,0,0
0.64,3478560.55342091,4004.55637101953,36.4140192598632,0,0,0
0.65,4704419.29175583,5248.60760839436,380.401776812152,0,0,0
0.66,2996281.91129321,3526.02995550778,20.9506035687149,0,0,0
0.67,2252602.13438916,2703.96758288695,1.80014607536833,0,0,0
0.68,2230166.25218916,2669.65278633105,1.23886259196567,0,0,0
0.69,3201000.76257418,3721.19299093054,30.2257406313332,0,0,0
0.7,4539967.90496979,5271.21982203691,401.023326493974,0,0,0
0.71,3021297.88727135,3593.02444977339,21.2245093472585,0,0,0
0.72,2219165.02972027,2721.55235884091,2.56294064975866,0,0,0
0.73,2115091.02006124,2646.43262006955,2.11359848674428,0,0,0
0.74,2924565.04551901,3626.70697136618,40.8636875176452,0,0,0
0.75,4286220.60647671,5186.39095524267,412.048531037056,0,0,0
0.76,2677913.28269041,3410.27642956076,22.722858422241,0,0,0
0.77,2115933.86639687,2686.35366744833,1.47482592670823,0,0,0
0.78,2127785.65399976,2671.6977551005,0.870272259260683,0,0,0
0.79,3132230.49471336,3863.51990929601,16.4264255542015,0,0,0
0.8,4232459.76029592,5299.346320733,315.351847380064,0,0,0
0.81,2992418.72568678,3685.29927846411,21.288955037039,0,0,0
0.82,2132089.15845159,2710.00212833924,3.58461195807488,0,0,0
0.83,1894364.40121108,2580.20575912871,4.12435574281908,0,0,0
0.84,2368895.12337742,3389.70070752802,52.6746554811427,0,0,0
0.85,3638967.43753796,5064.9050039083,262.777117575125,0,0,0
0.86,2148040.75667966,3344.62356053985,44.3474385483589,0,0,0
0.87,1501611.06114546,2378.33471101546,3.81287200727028,0,0,0
0.88,1407201.47645024,2093.44294050288,1.276585584766,0,0,0
0.89,2042475.0633185,2748.08571417393,9.01789086405222,0,0,0
0.9,3415149.05904337,4636.43022173654,213.214596221561,0,0,0
0.91,2171718.74742284,2753.0043673596,28.7685651650389,0,0,0
0.92,1329352.08835552,1626.06994292567,0.694650352526606,0,0,0
0.93,817806.706344147,1051.76570371834,0.0121665339964773,0,0,0
0.94,533829.989477409,921.821538023122,8.42610888954317e-05,0,0,0
0.95,2568606.30060527,3693.91798547789,99.5918698037728,0,0,0
0.96,457461.111662772,1037.99626320271,0.00024007605583933,0,0,0
0.97,153658.994855639,637.403039702531,0,0,0,0
0.98,123984.419219598,569.783842884797,0,0,0,0
0.99,340772.021040378,861.395642616507,0.000921325548702973,0,0,0
