0,113825729.553042,272416.027740881,69238.5805413451,0,0,0
0.01,39079349.8414073,923.943773671198,439.959480187205,61416064.6664173,0,0
0.02,34958532.9632048,313.868081629391,146.575710313129,33277928.520789,0,0
0.03,34589396.3165549,698.642440126324,322.477449487599,22821926.7378274,0,0
0.04,35965350.1643851,667.272929533372,308.05647635449,34731223.1676087,0,0
0.05,32840224.9291372,625.526736367601,290.637931742559,28029798.8,0,0
0.06,31990504.859597,1459.14845618104,139.386029164207,34122917.730311,1474.72050094857,0
0.07,29760271.3569804,2981.11428526358,382.647770967169,30657184.8515869,3654.14252333237,0
0.08,29717560.5920674,5697.3192153863,726.788089277141,33498506.435718,4801.30450722709,0
0.09,28858218.7205217,10953.34563225,1751.62618849721,31392840.4269807,10497.4793529479,0
0.1,25440004.3004665,24152.4779086827,6277.59690114618,29929584.6,25804.4,0
0.11,26261957.6193844,26636.9380318746,4520.6920043538,29420160.3218797,29151.2583458924,0
0.12,26659443.6957053,28694.492313102,4033.422606494,28927787.393636,31910.4734228183,0
0.13,26667994.0639464,30557.5986883203,4117.11383537397,28451623.7980116,29335.1337860561,0
0.14,25505966.3271726,32131.8709021299,4682.10146804379,31100980.0664468,31668.5107482816,0
0.15,23656699.4573299,32685.0920592476,5730.48875794261,30605361,33677.6,0
0.16,24802179.7319085,33922.17933113,4783.44505942326,30635635.7334203,38169.8520789834,0
0.17,25860973.0734575,34898.024529848,4415.25659949255,30665970.4215027,38456.6502003817,0
0.18,26995167.5571335,36183.1257669429,4296.1879890275,30696365.2425208,38747.7907996874,0
0.19,27317667.4550957,37104.7929659605,4763.14178607253,30726820.3754559,39043.3732549752,0
0.2,26275511.4929317,36698.3260836029,6194.49410920084,30757336,39343.5,0
0.21,27250392.0786339,38399.537359203,4896.60042360286,30674553.6692075,39977.5157831661,0
0.22,27907859.2728996,39814.6379446176,4571.70395351667,30592215.7539791,40632.3004306782,3128.14670517581
0.23,28387213.4431155,41249.0964543366,4738.86742729734,30510318.6851389,41308.8914442405,3140.1056603653
0.24,29032285.4980516,42657.0155613694,5345.591705899,30428858.9316287,46675.9962220023,0
0.25,28822818.4765962,42812.0581646773,6971.01619764709,30347833,47480,0
0.26,29336316.4002887,44464.5291404406,5407.39224427319,30280636.0684527,48162.3789105923,0
0.27,29176149.0103565,45237.109467261,4988.06631348007,30213736.057712,48864.6580198179,0
0.28,28937560.063846,45820.7726750193,5285.76839376377,30147131.0041253,49587.7207325049,0
0.29,28536766.2015498,46127.1866179613,6134.71011855974,30080818.9613173,50332.5035266783,0
0.3,27704702.0145742,45684.7273311159,7887.21514975622,30014798,51100,0
0.31,28437647.6933705,47640.8016244369,6227.01119134202,29977061.3694831,51925.7384058926,0
0.32,28501129.675406,48613.3790824101,5705.16204100886,29939419.5098932,52778.6017816344,0
0.33,28348031.9965342,49274.900533649,5929.02811928191,29901872.0646696,53659.9490027542,0
0.34,28035735.673317,49643.1143787477,6770.4641339215,29864418.6790382,54571.2312534146,3259.34324026973
0.35,27182484.13368,48991.6962129867,8497.89053744362,29827059,55514,0
0.36,28063789.0503324,51293.738332408,6856.96918675567,29877416.4114742,56434.9448028577,3277.97854756568
0.37,28222851.2163294,52349.022912897,6283.38876444278,29927944.1486564,57386.9609325298,3288.72712560913
0.38,28132008.867089,52977.6035573402,6500.26608814324,29978643.0771587,58371.6478217608,3299.54642529204
0.39,27834116.3361938,53254.7369229102,7373.13765864124,30029514.068469,59390.7165966967,3310.43714690127
0.4,27032286.9648059,52480.5093730151,9074.66873078894,30080558,60446,0
0.41,27901706.0345857,54886.8200904004,7461.95139227005,30027812.2212435,61151.4543734031,3327.00194978409
0.42,28028456.5346051,55866.555846241,6868.52107495752,29975251.0964631,61873.5696549963,3332.62282824894
0.43,27903532.4469916,56420.3907613051,7081.69763364714,29922873.6576899,62612.9431256661,3338.26273149537
0.44,27573126.8827107,56546.2793194389,7939.52085097108,29870678.9437089,63370.2009610042,3343.92175627585
0.45,26653820.0828238,55395.5949455478,9634.40822070293,29818666,64146,0
0.46,27537039.5786984,57897.1628892923,8047.04410031104,29769210.2631576,64776.9581209228,3362.01322352941
0.47,27700127.3325529,58886.2766159764,7426.31568077257,29719918.3042674,65420.4521117302,3374.51879317471
0.48,27593082.9138244,59373.7935142057,7613.71653838766,29670789.311122,66076.8593147529,3387.11774327367
0.49,27275127.6229312,59462.0291972416,8438.98185406681,29621822.4768756,66746.5723703297,3399.81112366903
0.5,26340299.6046783,58103.2237763596,10165.3979113803,29573017,67430,0
0.51,27279537.7097448,60622.5233460104,8644.50344494437,29569689.9034205,61164.8407849153,3475.51155721064
0.52,27485138.7299841,61539.785006669,7956.00242639883,29566363.5553834,61650.2661904666,3540.78623809576
0.53,27389252.0358368,61884.2630556195,8036.90662447364,29563037.9556358,62143.4582438301,3608.55973892753
0.54,27073286.2153588,61798.5497485557,8835.72928011498,29559713.1039255,62644.6048439058,3678.97834806293
0.55,26204952.0442529,60318.8756060965,10825.1766063275,29556389,70171,0
0.56,27116590.3422201,62967.4068396204,9113.38031334139,29511728.6911167,63645.5200051915,3774.13480859127
0.57,27302402.4620653,63941.5949965481,8301.27290891426,29467203.1438878,64144.8540683306,3796.32758051932
0.58,27186086.8643909,64265.5261560555,8447.73007221901,29422811.7492711,64652.0851882085,3818.78289335075
0.59,26858352.3885863,64164.4489263081,9299.39689391139,29378553.9018888,65167.4021980694,3841.50543360197
0.6,25960772.0410143,62529.7569754276,11283.6808021505,29334429,72990,3864.5
0.61,26868195.0149168,65334.6359150859,9411.26001317559,29276194.6180881,66205.1999092226,3856.33151535711
0.62,27008163.2062,66221.8614012074,8679.15346936205,29218190.9905785,66727.5131822888,3848.19748971408
0.63,26901481.4253705,66544.6141831211,8822.31127951303,29160416.7486329,67258.1333727026,3840.09770548034
0.64,26535249.0756279,66371.3400194151,9713.4822296955,29102870.5342182,67797.2602399028,3832.03194689348
0.65,25643081.7144015,64722.8267265669,11552.3175152596,29045551,75939,3824
0.66,26553811.3737184,67406.7879599021,9755.24410201565,29005433.1742361,68677.9664173805,3837.35090867834
0.67,26714062.8131089,68190.3312386311,9033.63684376153,28965426.0174036,69014.091073639,3850.79536927305
0.68,26612552.5840249,68446.1673490773,9153.07478185844,28925529.0721968,69353.5220436178,3864.33436854077
0.69,26262702.0253558,68169.279652339,10018.8929456209,28885741.8838258,69696.3083526171,3877.96890716449
0.7,25383147.6883842,66293.336595179,11927.9044277334,28846064,77825,3891.7
0.71,26301803.8945481,69085.7738693215,10131.9472522104,28827971.522619,70375.5236418777,3902.8116296556
0.72,26459378.9627517,69799.2912064558,9314.43422669951,28809901.7264992,70711.7291967993,3913.98689312226
0.73,26355274.1099797,69925.5021349889,9424.46015176778,28791854.5690167,71051.1624866059,3925.22633859455
0.74,26020796.2956678,69545.1659901131,10280.720315462,28773830.0076539,71393.8702172062,3936.53052058192
0.75,25174274.3203347,67585.2055036465,12201.8674217161,28755828,79711,3947.9
0.76,26064868.88151,70378.80732682,10379.770165999,28743693.3517548,72034.6742149229,3953.50795373836
0.77,26233517.3070434,71093.4521188704,9587.57506507628,28731568.9405701,72331.8808375666,3959.1318622283
0.78,26165211.1740677,71224.0108800974,9671.19627087386,28719454.7534971,72631.550100153,3964.77179365424
0.79,25872961.360916,70861.0891933937,10542.2654462684,28707350.7776088,72933.7127379941,3970.42781658969
0.8,24984550.7290187,68681.8580153993,12454.1008282191,28695257,81376,3976.1
0.81,25884303.418225,71539.3860267705,10618.4661801433,28679567.7622838,73449.9472349357,3993.68336586209
0.82,26065737.0399081,72276.6991633773,9814.21133396237,28663895.6714897,73662.72010759,4011.42293910368
0.83,25973538.8123498,72316.1382512909,9896.76931081266,28648240.6995231,73876.7293003436,4029.3208105885
0.84,25636475.0918403,71784.8919938772,10790.0710473355,28632602.8183506,74091.985620079,4047.37910866299
0.85,24731998.4739211,69485.9730019647,12752.6164490768,28616982,82565,4065.6
0.86,25657512.9060155,72474.5128200272,10856.8824173166,28605131.2019639,74679.307764349,4079.50707423581
0.87,25897033.6215813,73353.7137440287,10019.1691296029,28593290.2151146,75053.8348332622,4093.50961805302
0.88,25821813.8905325,73438.079644735,10072.3036323788,28581459.0272734,75432.1374472758,4107.60861791001
0.89,25536430.4130992,73075.2965218017,10938.0394146849,28569637.6262813,75814.2729865735,4121.80507390249
0.9,24616920.8844998,70765.7706590727,12923.6372851139,28557826,76200.3,4136.1
0.91,25547701.5571836,73619.8620506091,11002.5406328403,28557012.307273,76309.2928217281,4149.40653027909
0.92,25758176.7806686,74274.8513376126,10191.8246551252,28556198.6609135,76418.5978850415,4162.79895559482
0.93,25709742.1302695,74314.9290961016,10247.7373428916,28555385.0609174,76528.2165336248,4176.2781103323
0.94,25416512.3576221,73847.0903460993,11133.6720047485,28554571.5072809,76638.1501188836,4189.84483971872
0.95,24469465.8000096,71340.1536990523,13140.2149971283,28553758,76748.4,4203.5
0.96,25397724.3233619,74049.2157175477,11226.7215891695,28534932.2828148,76631.2288056405,4219.18242258353
0.97,25625266.2707382,74605.7478476846,10381.18989058,28516131.3731605,76514.4148346406,4234.98229936536
0.98,25590842.1678359,74536.3041487089,10414.9278821806,28497355.2220344,76397.9564558701,4250.90095482299
0.99,25267606.4064499,73749.849253621,11279.453119265,28478603.7805626,76281.8520481147,4266.93973342308
1,24325279.6346424,71024.8696663085,13336.0129253641,28459877,84629,4283.1
1.01,25277612.7460533,74060.6342370515,11343.8132384318,28454522.1729118,76469.8752154045,4284.07910389968
1.02,25518874.2939721,74833.7030782768,10491.7489122894,28449169.360504,76776.0832426627,4285.05865554218
1.03,25489925.4152385,74905.3516761858,10526.4752260515,28443818.56164,77084.7534243685,4286.0386552347
1.04,25191258.6952959,74408.5118524811,11410.4549417895,28438469.7751836,77395.9155768959,4287.01910328472
1.05,24259482.5759621,71966.3000353544,13385.804891216,28433123,77709.6,4288
1.06,25179494.3016859,74651.6552510383,11484.9065716683,28405260.2108459,77529.933655006,4314.07019076744
1.07,25409744.600944,75237.1999433136,10608.082991525,28377451.9760227,77351.0961789189,4340.45932383429
1.08,25367213.694114,75193.2509006198,10643.2876938306,28349698.1354641,77173.0818491095,4367.1732881256
1.09,25043704.3893146,74452.3658987991,11550.4818119331,28321998.5297293,76995.8849955077,4394.21811844106
1.1,24030161.864775,71535.1314010049,13677.1414970435,28294353,85355,4421.6
1.11,25009837.2086792,74710.4308353582,11648.8687331011,28277523.0521242,77252.4925850684,4438.09027394086
1.12,25281633.1308036,75603.1712609108,10695.2282041896,28260713.1138076,77690.39395796,4454.70400865867
1.13,25285593.2870086,75809.3377435354,10693.9297009309,28243923.1493866,78133.2880701047,4471.44259586809
1.14,24969408.6389397,75335.803099146,11567.5430611253,28227153.1232822,78581.2607982555,4488.30744828021
1.15,24045431.1611889,73009.1961981233,13674.0326643244,28210403,79034.4,4505.3
1.16,24961023.3274739,75550.8243166751,11613.9701850445,28185614.9818437,78769.1667528343,4511.92085067322
1.17,25247666.0489718,76139.0138476299,10714.8485221435,28160870.4870937,78505.7077553725,4518.56118958385
1.18,25197301.2265652,75928.6994569122,10773.9691950389,28136169.4012212,78244.0052639784,4525.2211029031
1.19,24852937.7119933,75070.0061820839,11708.7200510658,28111511.6100991,77984.0417708271,4531.90067731097
1.2,23876270.9516531,72202.855871831,13836.4714677481,28086897,86362,4538.6
1.21,24849932.1674561,75268.9848766815,11716.5194799193,28087815.6797898,78137.3738921102,4495.5891457268
1.22,25128925.3374737,76126.5131219556,10796.4061127272,28088734.4196788,78553.3297221172,4453.38583868717
1.23,25144041.5518816,76323.8478453827,10907.853897814,28089653.2196729,78973.7378448596,4411.96754733242
1.24,24837068.1406472,75880.5123884503,11809.5549426012,28090572.079778,79398.6701294035,4371.31257060011
1.25,23867410.9436761,73378.844122599,13704.2774951779,28091491,79828.2,4331.4
1.26,24838862.7410062,76107.9584446179,11785.0456688433,28093751.4721811,79605.7886557745,4343.54230091405
1.27,25083088.6189575,76577.1348247952,10915.5325508261,28096012.3081838,79384.6131998254,4355.75287072139
1.28,25066864.2409156,76535.4510617137,10967.3395302901,28098273.5080959,79164.6633593775,4368.03228679786
1.29,24753377.2585162,75795.1473381375,11821.1181446859,28100535.0720053,78945.9289751915,4380.38113304847
1.3,23765690.6772638,72898.9785883381,13805.663827815,28102797,78728.4,4392.8
1.31,24640282.5136019,81600.6629074994,11985.4046329021,25268109.0426547,84701.8453734425,8781.11084346144
1.32,24309436.5607052,85731.2675584422,12046.0538155619,25243747.849715,93857.9093079877,8776.62627220662
1.33,23387116.3289296,92044.8553375679,12945.4174468461,25219433.5851865,91386.4644730633,13158.2194188209
1.34,22136888.344062,111263.445995455,14739.102964403,25195166.1135982,114795.492890758,13151.5062862141
1.35,20653100.2152984,227261.074188291,17295.9452699419,25170945.3,133543,13144.8
1.36,20421044.3816468,198259.845198651,17539.2976063472,22326619.1154475,131711.379205097,19469.176504065
1.37,18804274.790504,164371.147766411,19659.2260526027,19494358.0549653,129929.322127774,21896.3564648399
1.38,16349831.2563571,136518.105329836,23290.7292023156,16674085.5138705,128194.843830581,25014.9111183652
1.39,14511834.097414,123262.600035859,30369.8869250447,13865725.5346216,126506.063970677,21876.9780518442
1.4,14612403.448842,139857.45306135,42189.0070950886,16603804.2,124861.2,61212.2
1.41,12967061.8712957,115325.855534413,39388.5981130511,13820338.0053793,123340.124131443,48653.3585041871
1.42,11102738.4047604,91504.0774900392,34587.9738671594,11043368.191754,60927.8310639781,32902.180081367
1.43,9541482.73324068,76633.3848628848,30981.443118435,8272872.04260552,60203.2538555138,25128.4982102908
1.44,8733740.92378074,97374.2908401826,34433.0156189765,5508826.94720537,59495.7080054582,14705.3528692996
1.45,10404849.7039613,136598.450828134,48915.1926679836,2751210.4,0,0
1.46,8105882.89073329,72232.2629812709,33598.5545916952,5278865.41197367,39070.4582209384,15444.383283054
1.47,7553417.31982725,54917.0464498945,28238.232746489,5072766.26542459,29253.3673885709,13683.0862850653
1.48,7508263.24262078,56870.6048596281,28006.3760063414,2441077.7951124,23379.0093901145,12282.3873063879
1.49,7922083.32825006,59748.7099257279,30554.2426147862,2352675.33182874,19469.3719372572,11141.8296111567
