0,1181616.30066912,3438.75128764953,126.693152859218,989333.2,3438.9,97.2
0.01,1333780.86604754,2434.12562847198,134.831063860505,1088816.76021624,2427.99923671405,136.910133843212
0.02,1635210.16780172,1779.91392776451,141.062011317536,1815816.72021603,1762.03826066313,145.094224924012
0.03,2031075.78051774,1313.6423051259,145.328077375045,2044373.9884203,1290.19772865545,154.318965517241
0.04,2461914.47325231,964.12058452552,152.516583455111,2338753.41919893,938.398283084548,164.796317606444
0.05,3345803.55642147,748.677787651638,175.950013306027,1821448.2,666,132.6
0.06,3450906.99509562,719.068248093642,184.461102507567,3324837.49006426,684.236816771847,198.929959331225
0.07,3543656.0027911,649.018159589424,181.104208698673,2830567.48605615,527.625371164632,170.544421487603
0.08,3690311.3308301,555.968619122989,164.356629238876,3915086.07555272,542.910207083852,132.679927667269
0.09,5725112.45415018,492.184512887966,177.020733020616,3173426.40644445,372.738025871111,159.273516642547
0.1,17242319.8787016,526.464348124502,257.134276470184,0,384.2,199.2
0.11,16045803.9818753,482.597295480477,211.284122685264,8525751.83809898,415.157200310449,194.517574692443
0.12,16804125.8965454,492.806207834367,209.549016013506,8680988.64699101,451.540403652828,190.050225370251
0.13,18506076.0172432,535.708784236082,221.44067194588,8841983.39712104,494.913197072925,185.783466219052
0.14,22274837.5700011,574.28601319794,229.156875568843,9009062.49657883,547.503768493533,181.704083726657
0.15,31392570.9449853,678.004648274297,272.261277311117,0,306.3,88.9
0.16,25071904.0855688,632.353028564197,203.092854233256,9116680.11351092,333.239154357303,88.4719101123596
0.17,25889251.4481428,686.867230776753,208.520111690223,18103443.5866437,730.747737714047,176.095846645367
0.18,28958900.4652505,749.770849958157,233.759998951685,26963047.8248824,808.735195932412,262.883942766296
0.19,32328563.9093255,899.888234058547,245.864983330938,26773629.5620879,452.678750071868,174.424050632911
0.2,40206211.0519689,1240.74716371808,289.276191359909,44311423.5,1028.2,260.4
0.21,33921344.4360105,1086.57003855058,192.150457752174,18668544.9281455,537.61450684975,132.9125
0.22,33244244.7666872,1102.13450795993,172.459548402263,29578087.8825982,1126.76637132769,161.513924050633
0.23,36095374.1850151,1184.28551677615,178.438343900774,31341153.1105736,1183.49298534094,180.987234042553
0.24,38308171.8038489,1336.54517970452,178.714064313229,33327723.3873632,1246.23415856174,195.100917431193
0.25,44949425.4667704,1760.4176631539,181.40958276787,47444234.4,1316,240.1
0.26,39776377.5456917,1429.58829699302,167.540526968969,36233737.8315854,1294.88679001164,181.592732946946
0.27,38986518.804425,1461.4259644366,146.914585227386,36908531.1422699,1274.44034127085,154.358124111795
0.28,38840391.0976435,1555.39497670029,132.738192895132,37608935.2250556,1254.62955998496,123.490399191511
0.29,39850538.5028401,1691.28286858006,125.43637320122,38336436.3116924,1235.42525614122,132.315917704385
0.3,47941812.6345322,2113.72578160734,144.84968765418,39092637.9,1216.8,190
0.31,41616142.3010208,1705.2998539466,130.082936426814,38428114.1898157,1225.654538491,161.280609197691
0.32,41940501.4440787,1688.94805877995,126.379547018786,37785804.9307396,1851.95833333333,123.842008713598
0.33,42817604.926302,1788.56617495114,126.349550339758,49552819.360728,1865.63389040031,146.005677210057
0.34,43209967.39214,1829.53920707014,135.045936821617,48751357.6501283,1879.51292090838,88.9158709252552
0.35,50044776.2595524,2221.62210975103,199.591481592074,47975408.8,2524.8,113.7
0.36,44087297.4196262,1782.00179502618,166.937904169211,47299225.2741085,1792.80691775557,123.629392239899
0.37,46917329.3112829,1780.77411108542,161.668589209137,46641837.6041727,1702.20164203612,135.4589917231
0.38,51120561.4371692,1847.45661237832,159.634619238341,46002472.8312705,1620.31385897881,149.791984468174
0.39,53025143.5844984,1897.09337653242,160.344318694267,56725499.7576699,2061.2575973488,167.51705955335
0.4,54135347.2249155,2010.14195591632,178.839267520424,55968658,1970.8,190
0.41,54399087.9534901,1884.14010157938,154.705107158121,45563523.9626377,1505.23028171663,180.379746835443
0.42,55249516.2529435,1899.68546256397,161.321036801799,57975497.3271052,2044.5001724204,171.686746987952
0.43,55422362.9467979,1927.56412156779,164.363677467453,59033870.8697827,2083.45671781656,163.793103448276
0.44,54839911.9767149,1981.73695650537,171.291481836122,48105284.2484799,1592.9450105481,156.593406593407
0.45,54636118.2960668,2147.349012302,179.748572334116,49016750.4,1624.5,150
0.46,55247638.8973045,2059.67097786305,163.704153778203,58083553.1734328,2164.95799874181,157.061688311688
0.47,56180977.5534422,2142.3211465191,161.805473168771,55211392.8698481,2163.91699955615,164.821124361158
0.48,56453026.8297837,2212.88725673135,156.390683163619,52609898.0818955,2162.87700099819,173.387096774194
0.49,55869519.4641215,2254.28563575681,170.551840375797,60291036.1932134,2161.8380016259,182.89224952741
0.5,55619352.2660798,2332.82309857809,214.499228184195,57694852.8,2160.8,0
0.51,56215194.161173,2285.44557410571,145.39394796564,60191392.1071301,2153.42055092697,141.504396311387
0.52,57021997.6978432,2333.59964535371,142.305242351521,52428134.2384452,2146.09133410629,111.533975659229
0.53,57434422.0361539,2374.15362160348,161.276797046765,54911710.9291364,2138.81183837781,92.0400334774724
0.54,57071890.5357281,2354.96848359735,176.018732951114,57642287.6326978,2131.58155949329,78.3465922583709
0.55,57080540.4565424,2366.34550190961,165.957454262061,60658640,2124.4,68.2
0.56,57186939.6141842,2341.64493225744,178.688153066264,60230880.6336718,2061.1988538199,81.2759398496241
0.57,57695203.3541511,2320.41302614784,167.559547367851,59809112.0632451,2001.64954781684,100.555348837209
0.58,57690020.1181422,2268.71229661404,138.130885468777,59393209.3116848,2431.80557212743,131.825609756097
0.59,57106580.4976751,2261.12156007145,125.708797035367,58983050.8542284,2365.38695887655,191.322123893804
0.6,56676810.5575598,2341.41765714151,212.521413551316,58578518.5,2302.5,0
0.61,56399706.4577292,2347.57308856179,130.897810023965,57903743.7554063,2293.95327073423,0
0.62,57146891.40887,2348.14684724668,139.805131306988,57244337.6403354,2279.84885457289,219.222003929273
0.63,57469168.973913,2381.08033941299,154.570549627972,56599781.0142538,2252.15402914488,184.89478044739
0.64,57026789.1634445,2526.04623038597,163.694353248124,55969577.8578487,2172.96472846553,159.862464183381
0.65,56821542.210876,23773.2417423828,191.12065096222,55353254,0,0
0.66,55047324.828731,17020.1852050224,153.326672921291,53706523.8299672,0,140.354430379747
0.67,55144212.8822818,14356.0432399586,163.049139346121,52154941.7654078,0,139.91167192429
0.68,55858613.094401,17714.741047275,181.816842189029,50690492.86852,0,139.471698113208
0.69,55220256.0582235,24839.0936185688,212.360185209848,49306037.8150946,0,139.034482758621
0.7,54475581.1928989,32654.8304947296,267.415924347422,57594235.8,0,138.6
0.71,51823776.8984257,18909.1374396285,238.416277973978,55316560.3876794,0,155.105485869729
0.72,50626547.4257229,12888.7634797802,224.648473525593,53212181.7744369,0,176.073597529593
0.73,51175111.1145258,10591.4546717739,212.598799741579,51262046.8717613,0,203.597103749256
0.74,50039029.6632912,12178.3932402138,209.174848010713,49449796.900964,0,241.319774276981
0.75,48218259.696865,13561.2182768326,309.304096430912,55721525.3,0,0
0.76,49425498.0623735,11427.4363733868,238.557304348383,51256802.8438512,0,316.401404301286
0.77,49664814.2860938,9112.54143012519,253.186528093022,46086957.5710696,0,339.560046371924
0.78,48610594.9776264,9675.49653413616,267.433137019617,50038282.063781,0,366.376563566068
0.79,48767965.1387995,13573.046244012,298.786320474038,54730687.8744195,0,0
0.8,52147448.2883222,22425.1493607541,435.252592519127,48315389.6,0,0
0.81,46238382.6810331,15007.4439800254,310.490845402929,44144961.8248124,0,0
0.82,43666792.8837477,12553.9504059582,289.460959919723,50796604.1139345,0,385.056699364019
0.83,44609057.3522087,13906.1695279266,297.465824560144,47057500.5408034,0,364.117119412874
0.84,45634893.0199688,17003.6191717335,324.106396300256,52597345.7085119,0,345.33749033256
0.85,44818190.0480869,20704.5253712907,389.068561975781,49222527,0,0
0.86,43625508.4747581,17170.8340493754,324.467009448465,49627088.7943832,0,359.667345399698
0.87,41699914.3063647,13947.4210078545,280.495532222692,41698629.9310134,0,397.515232340071
0.88,41095839.2148582,14550.1726741239,251.18260431873,42047080.3881093,0,444.265393572427
0.89,42301931.0784037,19914.3321749014,233.542903147928,42401403.502717,0,0
0.9,44052996.2398248,29536.0882888282,326.207899604027,51314098.8,0,0
0.91,40433794.8187036,19860.4880034313,271.074161605084,42397441.1786718,0,0
0.92,36699181.7940216,15534.1382134378,329.610517513286,33631430.6765557,0,0
0.93,35602100.4475002,16975.2452756046,464.533310054395,41687135.824711,0,0
0.94,37653149.4279214,20202.0785419626,691.148799029135,41340834.0790489,0,0
0.95,38680192.5330641,24602.949840437,1066.447476889,49200286.2,0,0
0.96,34383459.920497,17374.3345074996,818.013194296978,38871395.7254193,0,0
0.97,30877264.622646,12219.9555933834,812.884524070425,29562169.1623537,0,0
0.98,30579647.4116458,11410.4906100186,977.630439025335,35214529.3681362,0,0
0.99,32354466.779861,12464.0667202112,1239.57210735007,40359026.852321,0,0
1,32286079.4552774,12201.5907146488,1605.5373017544,45061165.8,0,0
1.01,30660922.4884512,13204.0304222976,1169.63488828137,38597175.278537,0,0
1.02,27893915.8785423,12240.6122382712,1018.11193524632,32142109.1616126,0,0
1.03,27001752.8163006,13120.0807028757,1033.8814349094,25695948.9799732,0,0
1.04,28666790.1365287,20010.6880649849,1280.63119414758,32097793.858822,0,0
1.05,28886892.8265918,37627.5521683614,1652.97662100998,6415136.4,0,0
1.06,26951907.69011,21836.8635548902,1327.66783079677,31320178.4341079,0,0
1.07,23034073.6248143,14399.4986951476,1216.13482768106,24479556.6488317,0,0
1.08,21364739.3219147,12443.279515601,1245.22774397247,17946682.6222832,0,0
1.09,23007922.6516126,12822.3831109691,1507.63402868412,5850622.83284944,0,0
1.1,23076150.466655,15908.8017010752,2109.1789121549,0,0,0
1.11,22108900.8495528,10603.5044428571,1495.37613842478,5810970.87754751,0,0
1.12,19262493.365382,7496.25502714802,1119.53054451295,11799797.6671695,0,0
1.13,18320625.8992849,7887.98713994505,1099.39538989962,11983181.8015753,0,0
1.14,20647904.1441998,10356.2110548304,1313.02561974274,6086177.98723695,0,0
1.15,23214664.5605026,10996.143395589,1631.96251344339,0,0,0
1.16,19553783.2730354,11581.8403992701,1296.87112706732,5908934.10320716,0,0
1.17,16057651.7787409,10082.6608864475,1076.81141203045,5657464.02351501,0,0
1.18,15413814.7997608,10986.4190400096,1267.87999715532,5426524.15551122,0,0
1.19,17341952.8152744,18231.1279633464,1890.4296580322,0,0,0
1.2,16118076.8927224,38150.1266370438,2841.25100484663,0,0,0
1.21,15389812.7205834,26604.2514805221,1986.57044855251,0,0,0
1.22,12747505.956245,18883.5169369541,1285.03412851576,4957280.9603782,0,1084.24865898946
1.23,11341505.4082757,15089.9224016935,994.853102043144,4927981.57919845,0,0
1.24,12707690.9634165,15906.5504258455,1171.18350429088,0,0,0
1.25,12822376.7885986,20360.4901219353,1707.20587565766,0,0,0
1.26,11523015.7435886,12171.6035833713,1113.03759845309,0,0,0
1.27,8044635.81163044,8586.19935760369,881.640007645078,0,0,0
1.28,5986267.46757343,8806.33565656259,1188.91005601106,0,0,0
1.29,6713488.32918136,12151.3778556316,2125.48426751362,0,0,0
1.3,6689356.99761394,15619.0792852611,2977.29056631599,0,0,0
1.31,5965744.82707866,10373.0613522263,2315.32888323495,0,0,0
1.32,3914593.36126678,7029.66169508189,1487.6246257297,0,0,0
1.33,3385068.92507298,6108.33398255975,1093.8370572481,0,0,0
1.34,4595627.64195878,8320.32339144812,1392.55231236235,0,0,0
1.35,4973536.65420872,10589.4383384289,1969.04031400313,0,0,0
1.36,3762834.41727117,7916.37639196567,1375.46500137196,0,0,0
1.37,2996013.96924132,4711.81183003087,859.412108044894,0,0,0
1.38,2969970.70269095,3227.54481040558,704.532904948634,0,0,0
1.39,5080770.25985012,3819.0617726324,1102.23004115062,0,0,0
1.4,4978784.66670696,3718.31346006317,1259.29414065671,0,0,0
1.41,2696112.47908843,2952.44462648907,993.049900332688,0,0,0
1.42,1019046.32640054,1401.58389075121,473.082991335145,0,0,0
1.43,500889.370151597,1275.61441922538,444.569685530776,0,0,0
1.44,829890.259938519,3151.01352172376,1161.14988439107,0,0,0
1.45,1744675.94622958,6307.86294521595,2448.9102450137,0,0,0
1.46,342044.254928605,3935.56657285053,1407.34521797152,0,0,0
1.47,195222.422782062,2383.85416079015,820.584525962352,0,0,0
1.48,287793.392266111,2279.8377760262,769.962184093301,0,0,0
1.49,465665.872282665,3292.64742352423,1096.34335767047,0,0,0
