0,1139610.41516741,3387.04263006217,86.229770861709,989333.2,3438.9,64.8
0.01,1308258.29869273,2424.52626556039,91.2588976546849,1088816.76021624,2427.99923671405,102.682600382409
0.02,1593776.74496183,1777.37240984918,99.5922977212448,1815816.72021603,1762.03826066313,108.820668693009
0.03,2107263.62613181,1381.1375469083,106.022414675861,2044373.9884203,1290.19772865545,115.739224137931
0.04,2794357.78135022,1083.05089586777,110.590992150552,3118337.89226524,1126.07793970146,82.3981588032221
0.05,3766657.91912485,821.846318591008,133.022629261562,1821448.2,666,88.4
0.06,4230928.43845257,844.739644722322,140.741679866306,4433116.65341901,855.296020964809,99.4649796656123
0.07,4523407.98233297,810.574212241648,172.77695664558,4245851.22908423,879.37561860772,170.544421487603
0.08,5084278.31495918,777.385472910386,221.504794073164,3915086.07555272,723.880276111803,199.019891500904
0.09,8004452.61664471,775.199653305966,287.287510837369,3173426.40644445,559.107038806666,238.91027496382
0.1,23456410.5286708,812.445689503373,394.563484443195,8375969.5,576.3,199.2
0.11,22077226.8193268,780.888649165403,341.256227894577,17051503.676198,622.735800465674,291.776362038664
0.12,22847042.7213967,735.731000492753,306.723950785318,17361977.293982,677.310605479242,285.075338055377
0.13,27384531.3600953,716.067689539249,293.714135002415,26525950.1913631,742.369795609387,278.675199328577
0.14,33958961.8658368,702.344161080008,282.795322207446,36036249.9863153,547.503768493533,272.556125589986
0.15,40648932.8220967,755.431047344493,289.778315953573,36730310,612.6,266.7
0.16,38720937.8937936,784.332391842152,261.373931037465,36466720.4540437,666.478308714606,265.415730337079
0.17,36593666.0268036,827.65141230117,238.124566126716,36206887.1732873,730.747737714047,264.143769968051
0.18,36685171.3452134,880.86834078372,221.353841554751,35950730.4331765,808.735195932412,175.255961844197
0.19,39248388.7170742,1026.85474276404,219.575998358518,35698172.7494506,905.357500143736,174.424050632911
0.2,42002966.4982603,1325.4344658018,231.815084422533,44311423.5,1028.2,173.6
0.21,41427080.5869701,1258.29518065985,178.986786547756,37337089.856291,1075.2290136995,199.36875
0.22,40577156.6425219,1300.74683917712,162.288297286184,39437450.5101309,1126.76637132769,161.513924050633
0.23,40923285.2125085,1459.94982859338,156.404660277221,41788204.1474314,1183.49298534094,180.987234042553
0.24,42671348.1557906,1675.56971955186,159.525049892652,44436964.5164843,1246.23415856174,195.100917431193
0.25,44236259.861461,1994.07058717386,158.874856872619,35583175.8,1316,171.5
0.26,43882385.2350081,1813.1605867914,145.515480298621,36233737.8315854,1294.88679001164,145.274186357557
0.27,43897111.1046812,1786.10091168199,127.771680662081,49211374.8563598,1911.66051190628,115.768593083847
0.28,44569599.9316897,1864.37741265761,107.376647619172,50145246.9667409,1881.94433997744,123.490399191511
0.29,46488816.7215027,2046.60504590639,89.4305014098928,51115248.4155898,1853.13788421183,88.2106118029236
0.3,48386585.0350255,2210.0558713235,97.9458552451337,52123517.2,2433.6,47.5
0.31,47695506.4613666,2012.04252980048,85.6736704080379,51237485.5864209,2451.309076982,53.7602030658968
0.32,46855951.8958801,1901.46828314355,86.3747155506935,50381073.2409862,1851.95833333333,61.9210043567989
0.33,46890529.6926683,1815.06603987566,88.6571725825569,49552819.360728,1865.63389040031,73.0028386050284
0.34,48144890.0144241,1837.9437937728,94.3661541787208,48751357.6501283,1879.51292090838,88.9158709252552
0.35,49292416.9275075,2094.9256516231,146.44465696879,47975408.8,1893.6,113.7
0.36,49491069.5218232,1827.14387345748,115.584378688415,47299225.2741085,1792.80691775557,123.629392239899
0.37,49042796.4012223,1828.53958997113,98.9364683968858,46641837.6041727,1702.20164203612,135.4589917231
0.38,48399086.0535721,1904.31412095385,90.345375668382,46002472.8312705,1620.31385897881,149.791984468174
0.39,48862340.294961,1991.21936013,83.8696265223503,45380399.8061359,2061.2575973488,0
0.4,49161895.4144145,2091.52942536841,119.601746765863,44774926.4,2463.5,0
0.41,49773379.696149,2006.02410387561,76.3025218936759,45563523.9626377,2508.71713619438,0
0.42,50285726.62545,1864.19139872648,81.5622067461619,46380397.8616842,2044.5001724204,171.686746987952
0.43,50821206.323778,1706.25017150178,80.3327561074566,47227096.6958262,1562.59253836242,163.793103448276
0.44,50775641.2235258,1676.45964591335,81.8551949909106,48105284.2484799,1592.9450105481,0
0.45,49782177.398743,1871.00639412954,118.042346699235,49016750.4,1624.5,0
0.46,51063604.5001109,1735.48296624985,81.2961885595561,46466842.5387462,1623.71849905636,0
0.47,51290898.801886,1738.56696784314,83.0329141100744,55211392.8698481,1622.93774966711,0
0.48,51066620.6232291,1774.67214980912,88.9489497580172,52609898.0818955,1622.15775074864,0
0.49,50610414.5753496,1847.13889511049,112.337911074909,50242530.1610112,1621.37850121942,0
0.5,50085217.9105793,1969.21813204588,167.308658007689,48079044,1620.6,0
0.51,50722148.1046046,1895.58530200757,107.705455838489,50159493.4226085,1615.06541319523,0
0.52,51234580.0803614,1868.81375179523,85.3600132401822,52428134.2384452,1609.56850057972,0
0.53,51711782.9939172,1765.59396034041,74.2630687775612,54911710.9291364,1604.10887878336,92.0400334774724
0.54,51933662.889443,1699.1054557299,76.9184892906051,46113830.1061582,1598.68616961997,0
0.55,51458343.3497921,1855.61469552414,91.7212768989921,48526912,1593.3,0
0.56,51716913.8775668,1699.15894626844,78.3898767059848,48184704.5069374,1545.89914036492,0
0.57,51548133.9639312,1807.58223108471,72.249059881229,47847289.650596,1501.23716086263,0
0.58,51121273.9891918,1954.13434314543,79.7207116813676,47514567.4493478,1945.44445770195,0
0.59,50573427.4658579,1996.37764430935,77.5285995976639,47186440.6833827,1892.30956710124,0
0.6,49625816.5836212,2056.54236835194,184.162638760403,46862814.8,1842,0
0.61,49992285.5751258,2004.61466770761,74.534571708036,46322995.004325,1720.46495305067,0
0.62,50371487.0259768,2053.24733193633,64.4189139952172,45795470.1122683,1519.89923638193,0
0.63,50585706.7814367,2175.85482301081,68.2009717931645,56599781.0142538,2252.15402914488,0
0.64,50281731.5796517,2461.27119104437,84.7570121788755,55969577.8578487,2172.96472846553,0
0.65,49471457.2541103,23865.1446871562,134.570904537898,44282603.2,0,0
0.66,48665859.5614273,17268.6324012245,87.5135841287846,53706523.8299672,0,0
0.67,49090581.2267247,15342.909663089,83.8021592916438,52154941.7654078,0,0
0.68,49350329.5789069,18327.8359162737,94.3880416530336,50690492.86852,0,0
0.69,48808212.8592434,25016.8820837264,131.333726851644,49306037.8150946,0,0
0.7,48580074.271428,33047.962676696,195.022773278286,47995196.5,0,0
0.71,46334518.7895193,18653.6385559709,150.319119077502,46097133.6563995,0,0
0.72,46810296.5218783,10934.6224300531,116.794060807363,44343484.8120307,0,0
0.73,47591130.4903444,7777.21967994682,104.925116369997,51262046.8717613,0,0
0.74,46422720.0200095,9245.61662081205,112.772088085145,49449796.900964,0,0
0.75,45193498.4822553,11228.2243165626,217.799073769224,47761307.4,0,0
0.76,45544433.522018,9000.45960205047,125.931628355944,42714002.369876,0,0
0.77,46347726.476345,7244.76786685118,92.0222282536283,46086957.5710696,0,0
0.78,46315853.7890095,8860.49887976632,95.8554414442265,50038282.063781,0,0
0.79,45873019.2673501,14357.5755546562,140.96705996135,43784550.2995356,0,0
0.8,48446448.779694,23912.629218175,290.357932267265,48315389.6,0,0
0.81,43752304.472559,15583.228331215,152.564912963927,44144961.8248124,0,0
0.82,42405402.4209176,12145.1364441803,111.207387673399,40637283.2911476,0,0
0.83,43037101.1798498,11717.3612217361,117.031158930446,47057500.5408034,0,0
0.84,43357134.1349478,13942.5858030828,162.257589058554,43831121.4237599,0,0
0.85,43190755.844824,16717.1655016647,253.605530714662,49222527,0,0
0.86,41482028.2701813,14848.6611035139,168.920407287611,41355907.3286527,0,0
0.87,40373028.9340207,15043.6022052992,113.542450266355,41698629.9310134,0,0
0.88,40248113.5013941,19162.4979276283,65.2186904385811,42047080.3881093,0,0
0.89,41360660.9421996,25713.5229706242,70.3933873859979,42401403.502717,0,0
0.9,43138836.4291384,36237.4580754806,192.612956056576,42761749,0,0
0.91,39672144.6314661,25844.9400032845,77.3694148555084,42397441.1786718,0,0
0.92,36660863.2354449,19647.7947869351,79.5830058368979,42039288.3456946,0,0
0.93,35929162.9003578,17324.2931488334,202.636216385939,41687135.824711,0,0
0.94,36500738.3529803,18807.5241686281,433.049307675972,41340834.0790489,0,0
0.95,38246414.0400995,20572.4283153875,762.053569803362,41000238.5,0,0
0.96,34217112.7099986,15848.0648208472,494.296883895409,38871395.7254193,0,0
0.97,32473418.6930249,10522.6918214472,339.565421926761,36952711.4529421,0,0
0.98,33027822.1848346,7992.75667986972,425.480248707428,35214529.3681362,0,0
0.99,34262516.6065675,7630.616837495,709.105521434548,40359026.852321,0,0
1,34193831.2583253,8098.36160332169,1066.72107172311,38623856.4,0,0
1.01,32761605.9967768,8087.68225136298,682.390356238363,38597175.278537,0,0
1.02,29808037.7717317,10639.6719028138,448.699436519064,32142109.1616126,0,0
1.03,28127132.2109177,20224.6082440252,451.933275616548,25695948.9799732,0,0
1.04,28722739.0591292,40307.838788733,711.544279628239,32097793.858822,0,0
1.05,29672207.6652088,67588.1921446727,1081.2297022706,38490818.4,0,0
1.06,27335121.3001729,44676.4920514952,758.597922734372,31320178.4341079,0,0
1.07,24269614.8822494,24229.4483601889,553.764347639903,24479556.6488317,0,0
1.08,23274623.5517581,12560.8372042394,467.874867348551,17946682.6222832,0,0
1.09,24581051.5914016,8273.71527657959,663.230398229529,5850622.83284944,0,0
1.1,24864311.3027934,9727.35878889903,1036.97723257479,0,0,0
1.11,24020530.0331912,6603.95156631729,673.949687468107,5810970.87754751,0,0
1.12,21654709.5203939,4911.43982653906,450.345921044103,17699696.5007542,0,0
1.13,21269720.2507561,4330.59369352987,442.013076782917,17974772.7023629,0,0
1.14,23881763.6446288,4598.51947488541,529.843074181544,6086177.98723695,0,0
1.15,25812302.971784,5481.90929703946,767.928867714061,0,0,0
1.16,22642029.9683106,5804.52054792472,524.688924378792,0,0,0
1.17,18626992.4884479,10490.7008535701,424.189849419826,5657464.02351501,0,0
1.18,17996244.1406815,22865.322893795,499.995275072825,5426524.15551122,0,0
1.19,20318004.9418215,42470.5309617177,764.421824302526,0,0,0
1.2,20534509.7814562,71555.5486853874,1302.28097971351,0,0,0
1.21,18696011.242297,59635.0503733693,778.369212612802,0,0,0
1.22,14157136.6641983,41704.5886441907,497.61219747142,4957280.9603782,0,0
1.23,9946685.90108277,25303.0184816772,418.330320667228,0,0,0
1.24,8112689.96868202,19373.0339832761,464.667928795378,0,0,0
1.25,8919845.24178308,23537.6366002703,773.139121403517,0,0,0
1.26,6771461.08997609,16571.876011146,430.993555042318,0,0,0
1.27,4929555.61816728,9957.55999505435,366.911061551876,0,0,0
1.28,3752486.25737874,6260.2666348208,452.910533596085,0,0,0
1.29,3457899.82343634,6589.45934355391,722.519212520254,0,0,0
1.3,4044398.08946943,7819.696760741,1186.03464959223,0,0,0
1.31,2908516.45766231,5314.89363781588,771.253643570068,0,0,0
1.32,2066738.86398125,4326.49790380121,574.383233973848,0,0,0
1.33,1844273.45325956,3404.42199545361,482.48759079974,0,0,0
1.34,2211058.05233532,3904.49286795785,504.362213168631,0,0,0
1.35,3357493.39501413,5511.28114471732,814.099031345193,0,0,0
1.36,1722071.10436375,3966.18414089331,446.880715073467,0,0,0
1.37,1495969.08054487,2824.59617113352,318.897667614657,0,0,0
1.38,1575935.96616328,1828.26439040361,262.219457600746,0,0,0
1.39,2453597.66404143,1529.32840779093,394.217439871887,0,0,0
1.4,3180929.35708964,1990.46711058424,653.385314641505,0,0,0
1.41,1207129.19315685,1034.83187507591,333.711803225444,0,0,0
1.42,330704.096509816,463.235063910077,138.677565236491,0,0,0
1.43,119988.532628756,461.779058087272,144.992258453687,0,0,0
1.44,237183.980765341,1158.86559022753,415.618263067469,0,0,0
1.45,874259.322324508,3095.68441759047,1174.74761576659,0,0,0
1.46,85230.4388288494,1527.2126465188,527.544515077761,0,0,0
1.47,95926.981021156,1056.80873123569,346.289214787669,0,0,0
1.48,105998.682534975,1103.24920438017,355.630903307462,0,0,0
1.49,182298.521733334,1431.32017097164,460.89530535088,0,0,0
