0,1139610.41516741,3387.04263006217,86.229770861709,989333.2,3438.9,64.8
0.01,1308258.29869273,2424.52626556039,91.2588976546849,1088816.76021624,2427.99923671405,102.682600382409
0.02,1593711.6797787,1777.332456129,99.6317334563493,1815816.72021603,1762.03826066313,108.820668693009
0.03,2106937.33443341,1380.90389074095,106.05694813744,2044373.9884203,1290.19772865545,115.739224137931
0.04,2794357.78135022,1083.05089586777,110.590992150552,3118337.89226524,1126.07793970146,82.3981588032221
0.05,3766657.91912485,821.846318591008,133.022629261562,1821448.2,666,88.4
0.06,4230928.43845257,844.739644722322,140.741679866306,4433116.65341901,855.296020964809,99.4649796656123
0.07,4521766.65688471,810.263859847351,172.762068042539,4245851.22908423,879.37561860772,170.544421487603
0.08,5082776.65273774,777.168743640445,221.455221112574,3915086.07555272,723.880276111803,199.019891500904
0.09,8004452.61664471,775.199653305966,287.287510837369,3173426.40644445,559.107038806666,238.91027496382
0.1,23456410.5286709,812.445689503373,394.563484443196,8375969.5,576.3,199.2
0.11,22077226.8193268,780.888649165403,341.256227894577,17051503.676198,622.735800465674,291.776362038664
0.12,22839755.1983312,735.536702824577,306.628291212925,17361977.293982,677.310605479242,285.075338055377
0.13,27375840.5900209,715.87972931115,293.624945222524,26525950.1913631,742.369795609387,278.675199328577
0.14,33958961.8658368,702.344161080008,282.795322207446,36036249.9863153,547.503768493533,272.556125589986
0.15,40648932.8220967,755.431047344493,289.778315953573,36730310,612.6,266.7
0.16,38720937.8937936,784.332391842152,261.373931037465,36466720.4540437,666.478308714606,265.415730337079
0.17,36581324.0899913,827.417753505907,238.058089147386,36206887.1732873,730.747737714047,264.143769968051
0.18,36672241.4428613,880.631949823319,221.298853782939,35950730.4331765,808.735195932412,175.255961844197
0.19,39248388.7170741,1026.85474276404,219.575998358518,35698172.7494506,905.357500143736,174.424050632911
0.2,42002966.4982603,1325.4344658018,231.815084422533,44311423.5,1028.2,173.6
0.21,41427080.5869701,1258.29518065985,178.986786547756,37337089.856291,1075.2290136995,199.36875
0.22,40562837.8227538,1300.34032114461,162.272443381399,39437450.5101309,1126.76637132769,161.513924050633
0.23,40910056.8088256,1459.46695766873,156.393434518758,41788204.1474314,1183.49298534094,180.987234042553
0.24,42671348.1557906,1675.56971955186,159.525049892652,44436964.5164843,1246.23415856174,195.100917431193
0.25,44236259.861461,1994.07058717386,158.874856872619,35583175.8,1316,171.5
0.26,43882385.2350082,1813.1605867914,145.515480298621,36233737.8315854,1294.88679001164,145.274186357557
0.27,43880178.9927385,1785.37053722278,127.772239859133,49211374.8563598,1911.66051190628,115.768593083847
0.28,44553459.6286696,1863.61872159704,107.392645571463,50145246.9667409,1881.94433997744,123.490399191511
0.29,46488816.7215027,2046.60504590639,89.4305014098928,51115248.4155898,1853.13788421183,88.2106118029236
0.3,48386585.0350255,2210.0558713235,97.9458552451337,52123517.2,2433.6,47.5
0.31,47695506.4613666,2012.04252980048,85.6736704080379,51237485.5864209,2451.309076982,53.7602030658968
0.32,46837011.9297903,1900.75634352299,86.3978640689979,50381073.2409862,1851.95833333333,61.9210043567989
0.33,46873101.5174424,1814.50451856149,88.6886492586572,49552819.360728,1865.63389040031,73.0028386050284
0.34,48144890.0144241,1837.9437937728,94.3661541787208,48751357.6501283,1879.51292090838,88.9158709252552
0.35,49292416.9275075,2094.9256516231,146.44465696879,47975408.8,1893.6,113.7
0.36,49491069.5218232,1827.14387345748,115.584378688415,47299225.2741085,1792.80691775557,123.629392239899
0.37,49025337.6806879,1828.01152880218,98.9901580863649,46641837.6041727,1702.20164203612,135.4589917231
0.38,48388560.1786165,1903.84764616587,90.4160168426038,46002472.8312705,1620.31385897881,149.791984468174
0.39,48862340.294961,1991.21936013,83.8696265223503,45380399.8061359,2061.2575973488,0
0.4,49161895.4144145,2091.52942536841,119.601746765863,44774926.4,2463.5,0
0.41,49773379.696149,2006.02410387561,76.3025218936758,45563523.9626377,2508.71713619438,0
0.42,50280629.1473639,1863.74534231131,81.6709474857259,46380397.8616842,2044.5001724204,171.686746987952
0.43,50816548.7161718,1706.0237670313,80.4377674880156,47227096.6958262,1562.59253836242,163.793103448276
0.44,50775641.2235258,1676.45964591335,81.8551949909106,48105284.2484799,1592.9450105481,0
0.45,49782177.398743,1871.00639412954,118.042346699236,49016750.4,1624.5,0
0.46,51063604.5001109,1735.48296624985,81.2961885595561,46466842.5387462,1623.71849905636,0
0.47,51286265.4820422,1738.53158518948,83.1468663306402,55211392.8698481,1622.93774966711,0
0.48,51062351.5688242,1774.84840810756,89.0508262217656,52609898.0818955,1622.15775074864,0
0.49,50610414.5753495,1847.13889511049,112.337911074909,50242530.1610112,1621.37850121942,0
0.5,50085217.9105793,1969.21813204588,167.308658007689,48079044,1620.6,0
0.51,50722148.1046046,1895.58530200757,107.705455838489,50159493.4226085,1615.06541319523,0
0.52,51231286.4711302,1869.13620574421,85.4703584700473,52428134.2384452,1609.56850057972,0
0.53,51708663.3999354,1766.04790094979,74.422089928141,54911710.9291364,1604.10887878336,92.0400334774724
0.54,51933662.8894431,1699.1054557299,76.9184892906051,46113830.1061582,1598.68616961997,0
0.55,51458343.3497921,1855.61469552414,91.721276898992,48526912,1593.3,0
0.56,51716913.8775668,1699.15894626844,78.3898767059848,48184704.5069374,1545.89914036492,0
0.57,51545851.4237711,1807.88989085108,72.4280211688986,47847289.650596,1501.23716086263,0
0.58,51120078.1504499,1954.03008647225,79.8228905884732,47514567.4493478,1945.44445770195,0
0.59,50573427.4658578,1996.37764430935,77.5285995976638,47186440.6833827,1892.30956710124,0
0.6,49625816.5836212,2056.54236835194,184.162638760403,46862814.8,1842,0
0.61,49992285.5751258,2004.61466770761,74.534571708036,46322995.004325,1720.46495305067,0
0.62,50371522.8943611,2053.09893552256,64.5139013153424,45795470.1122683,1519.89923638193,0
0.63,50585050.4375889,2175.67404006177,68.290975724171,56599781.0142538,2252.15402914488,0
0.64,50281731.5796517,2461.27119104437,84.7570121788755,55969577.8578487,2172.96472846553,0
0.65,49471457.2541103,23865.1446871562,134.570904537898,44282603.2,0,0
0.66,48665859.5614273,17268.6324012245,87.5135841287846,53706523.8299672,0,0
0.67,49091384.5977763,15339.9047022239,83.8967414359789,52154941.7654078,0,0
0.68,49350746.820085,18325.4623334349,94.4799281769507,50690492.86852,0,0
0.69,48808212.8592434,25016.8820837264,131.333726851644,49306037.8150946,0,0
0.7,48580074.271428,33047.962676696,195.022773278286,47995196.5,0,0
0.71,46334518.7895193,18653.6385559709,150.319119077502,46097133.6563995,0,0
0.72,46812884.5952389,10933.2475586644,116.899550870882,44343484.8120307,0,0
0.73,47592862.2532213,7775.90871905737,105.032968114867,51262046.8717613,0,0
0.74,46422720.0200095,9245.61662081206,112.772088085145,49449796.900964,0,0
0.75,45193498.4822553,11228.2243165626,217.799073769224,47761307.4,0,0
0.76,45544433.522018,9000.45960205047,125.931628355944,42714002.369876,0,0
0.77,46350152.7861874,7243.59570750583,92.1623356048238,46086957.5710696,0,0
0.78,46318785.8834933,8858.50116005522,95.9714183648578,50038282.063781,0,0
0.79,45873019.2673501,14357.5755546562,140.96705996135,43784550.2995356,0,0
0.8,48446448.779694,23912.629218175,290.357932267265,48315389.6,0,0
0.81,43752304.472559,15583.228331215,152.564912963926,44144961.8248124,0,0
0.82,42410504.3336778,12141.3521754724,111.351057333968,40637283.2911476,0,0
0.83,43041205.1784026,11714.0309792213,117.183357001241,47057500.5408034,0,0
0.84,43357134.1349478,13942.5858030828,162.257589058554,43831121.4237599,0,0
0.85,43190755.844824,16717.1655016647,253.605530714662,49222527,0,0
0.86,41482028.2701813,14848.6611035139,168.920407287611,41355907.3286527,0,0
0.87,40378792.926809,15038.4353788564,113.726836210192,41698629.9310134,0,0
0.88,40254001.7367445,19155.901611729,65.4443206175438,42047080.3881093,0,0
0.89,41360660.9421996,25713.5229706242,70.3933873859979,42401403.502717,0,0
0.9,43138836.4291384,36237.4580754806,192.612956056576,42761749,0,0
0.91,39672144.6314661,25844.9400032845,77.3694148555083,42397441.1786718,0,0
0.92,36667445.2544413,19641.9221196945,79.8392314998506,42039288.3456946,0,0
0.93,35937885.355013,17317.8466520656,202.843147571994,41687135.824711,0,0
0.94,36500738.3529803,18807.5241686281,433.049307675972,41340834.0790489,0,0
0.95,38246414.0400995,20572.4283153875,762.053569803362,41000238.5,0,0
0.96,34217112.7099987,15848.0648208472,494.296883895409,38871395.7254193,0,0
0.97,32483693.8632984,10520.8407625,339.984309338464,36952711.4529421,0,0
0.98,33037813.3229007,7990.78209164456,425.838601900023,35214529.3681362,0,0
0.99,34262516.6065675,7630.616837495,709.105521434548,40359026.852321,0,0
1,34193831.2583253,8098.3616033217,1066.72107172311,38623856.4,0,0
1.01,32761605.9967768,8087.68225136298,682.390356238363,38597175.278537,0,0
1.02,29817626.9197221,10636.0194379103,449.100300385948,32142109.1616126,0,0
1.03,28138606.1408689,20215.9840216831,452.357958555687,25695948.9799732,0,0
1.04,28722739.0591292,40307.838788733,711.544279628239,32097793.858822,0,0
1.05,29672207.6652088,67588.1921446727,1081.2297022706,38490818.4,0,0
1.06,27335121.300173,44676.4920514952,758.597922734372,31320178.4341079,0,0
1.07,24282039.8663888,24217.5903733175,554.331329444492,24479556.6488317,0,0
1.08,23287003.5964496,12556.4319800443,468.507405527955,17946682.6222832,0,0
1.09,24581051.5914016,8273.71527657959,663.230398229529,5850622.83284944,0,0
1.1,24864311.3027934,9727.35878889903,1036.97723257479,0,0,0
1.11,24020530.0331912,6603.95156631729,673.949687468107,5810970.87754751,0,0
1.12,21667597.0536334,4914.33839652035,450.950841273034,17699696.5007542,0,0
1.13,21280972.4568909,4336.59378205296,442.6319485586,17974772.7023629,0,0
1.14,23881763.6446288,4598.51947488541,529.843074181544,6086177.98723695,0,0
1.15,25812302.971784,5481.90929703946,767.928867714061,0,0,0
1.16,22642029.9683106,5804.52054792472,524.688924378792,0,0,0
1.17,18638123.567401,10490.939207117,425.209372171952,5657464.02351501,0,0
1.18,18006491.980201,22856.4898795896,500.870249101472,5426524.15551122,0,0
1.19,20318004.9418215,42470.5309617177,764.421824302526,0,0,0
1.2,20534509.7814562,71555.5486853874,1302.28097971351,0,0,0
1.21,18696011.242297,59635.0503733693,778.369212612802,0,0,0
1.22,14167077.9590706,41685.3033087588,498.66397645082,4957280.9603782,0,0
1.23,9958319.13118777,25292.5511205616,419.171899237053,0,0,0
1.24,8112689.96868202,19373.0339832761,464.667928795378,0,0,0
1.25,8919845.24178308,23537.6366002703,773.139121403517,0,0,0
1.26,6771461.08997609,16571.876011146,430.993555042318,0,0,0
1.27,4944384.25634162,9958.61136014504,368.319523939024,0,0,0
1.28,3765464.94141896,6268.94222592359,455.080774978134,0,0,0
1.29,3457899.82343634,6589.45934355391,722.519212520254,0,0,0
1.3,4044398.08946943,7819.696760741,1186.03464959223,0,0,0
1.31,2908516.45766231,5314.89363781588,771.253643570068,0,0,0
1.32,2077820.74838638,4337.4554821744,577.083281189867,0,0,0
1.33,1852821.48822955,3416.33703559017,484.744058339923,0,0,0
1.34,2211058.05233532,3904.49286795785,504.362213168631,0,0,0
1.35,3357493.39501413,5511.28114471732,814.099031345193,0,0,0
1.36,1722071.10436375,3966.18414089331,446.880715073468,0,0,0
1.37,1505025.20294774,2832.47198140026,320.928622893086,0,0,0
1.38,1583053.45099326,1833.346556359,263.734711755604,0,0,0
1.39,2453597.66404143,1529.32840779093,394.217439871887,0,0,0
1.4,3180929.35708964,1990.46711058424,653.385314641505,0,0,0
1.41,1207129.19315685,1034.83187507591,333.711803225444,0,0,0
1.42,334536.105944058,467.376748568242,140.119940555332,0,0,0
1.43,122343.01386627,465.948835712529,146.561676417305,0,0,0
1.44,237183.980765341,1158.86559022753,415.618263067469,0,0,0
1.45,874259.322324509,3095.68441759046,1174.74761576659,0,0,0
1.46,85230.4388288494,1527.2126465188,527.544515077761,0,0,0
1.47,96775.4803520557,1063.25869787427,348.645417721807,0,0,0
1.48,106903.073446659,1109.41942260111,357.802929782334,0,0,0
1.49,182298.521733334,1431.32017097164,460.89530535088,0,0,0
