0,58962742.8316531,3026.69536137526,83.987255586923,59324140.5,2957.4,78
0.01,60505480.6239931,1454.92726926298,91.540440664677,65347730.9386437,1490.51670904468,102.28064516129
0.02,59175688.7743773,912.361775571327,96.4355128930993,60392381.0107482,996.331795556635,112.736
0.03,57755743.2633262,652.8241438684,106.823098513527,56135592.016605,665.109409190372,125.572277227723
0.04,57204597.0636732,500.550742352804,126.773171197365,61179270.6890631,532.514782100883,141.707262569832
0.05,56902269.0512622,384.291283057732,142.669098498572,57399811.7,444,162.6
0.06,52245439.4647446,408.345603299984,160.36843731557,51405899.7790681,415.853917384901,169.267133299337
0.07,48592436.1789189,401.492117280096,154.041609399482,46545443.2875953,461.328280130918,180.360171149374
0.08,45999500.2027147,380.351369578712,138.368191845592,42524708.3942978,413.884757539665,134.983883284999
0.09,43628319.1786004,360.965904235117,113.531887373711,44735297.6485601,273.334572943149,134.132370878686
0.1,40103665.9579505,2647.27940007358,2022.45654243979,41440208,0,0
0.11,37089655.7907314,13100.0670770194,9665.57986473247,35536796.383775,15722.3291253652,11878.3198364292
0.12,30167975.2429767,25816.8009137938,20146.6671789814,29864322.0905334,17075.8821066266,13456.4369951791
0.13,22290477.6879684,37474.9220473378,30827.3631395355,19527595.1456341,18684.447157769,15518.1278941112
0.14,15816898.3107554,57396.8855392493,50496.1166294698,14370016.0919352,41255.1725356184,36651.7531020753
0.15,13209382.6087815,83866.9014378308,81198.2690319201,4701507.5,46043.6,44748.2
0.16,13051083.1784867,74352.6371944662,71461.8824905275,10511919.528455,69230.1331895802,67626.9150633481
0.17,14365753.0778779,66236.1144698249,63607.7865829767,11917340.3035761,69395.6540935617,68139.174834326
0.18,15991200.3477585,65955.7334747401,63348.3106229368,13756562.8303131,69561.9683754757,68659.2543600749
0.19,17959634.4553831,68547.7584284127,65514.6495931056,8133544.59069367,46486.0545021848,46124.8893820695
0.2,23628702.0047317,80234.0801506526,76602.1049663272,9949249,46598,46482.4
0.21,21219289.0401672,61875.4823995526,58504.7663346393,9958338.56153959,41675.4484475781,41123.6229083575
0.22,21942302.3373673,57226.3885478902,53912.2998300503,19934889.4931619,56540.3267699186,55309.0650149493
0.23,24977719.5169308,56775.5048954361,53079.2219297815,19953135.2015376,51609.2960858204,50127.4358546783
0.24,29308013.7885392,54532.0617607897,50579.4852064138,9985707.16991514,47469.3676195545,45833.5227677854
0.25,36195253.3197162,54284.3839015776,50429.094419039,9994863.5,43944.3,42217.2
0.26,30380773.4100902,48789.5459251813,45103.0854681773,20376981.8358785,43421.4685968192,41140.4856503843
0.27,29526445.8327328,46991.6039064436,43676.1925308402,20779537.4263409,42910.9317882087,40117.326808885
0.28,31715205.1701025,47272.1897090431,43929.9229149725,31797478.2974062,42412.2609452211,39143.8246812468
0.29,34119414.3135997,45452.9322252235,42157.8440611605,21634327.3547712,41925.0471345294,38216.449945878
0.3,43344816.5368814,44725.7741291234,41729.8651946609,55221620.5,41448.9,37332
0.31,34818796.5562123,43605.659357413,40635.7159689968,32417920.9556623,43746.4982329289,38774.9786410722
0.32,34734723.7246041,42372.303783734,39661.892021922,31733081.0310761,46313.7660503516,40333.9920626844
0.33,37166938.648895,41271.2303828637,38562.343800283,41435436.6097144,49201.1400951064,42023.6226984108
0.34,38596659.0167165,41225.0482252483,38290.929447647,30446687.1882141,34981.6472815526,29240.668871648
0.35,48891632.5056534,45501.7992713979,42308.8857036344,59683648.2,37473.2,45866.4
0.36,40180872.4784392,41245.4957045262,38050.4131114425,39770577.8195958,36262.6823475525,30258.6232373061
0.37,37461090.3336622,40808.9167421919,37570.1680755134,39752074.0734155,35127.9254066299,29946.2327172191
0.38,37269313.3909605,41346.4494963904,38173.9481629031,29800190.6530612,34062.03271628,29640.2265347803
0.39,37428856.7381518,41571.0844023788,38320.1511696745,29786338.640696,33058.9202070261,29340.410954234
0.4,45923768.361,43691.5680642277,41035.1082372503,59544999,32113.2,43569.9
0.41,38487724.7993667,40984.6201437092,37474.9429151013,38791913.6146501,32677.0481589486,29568.2295846568
0.42,36665725.4453608,41583.2384014113,37745.8766102662,28445612.853588,33261.0504401088,30108.9370102107
0.43,36308566.5146795,41797.7807248403,37859.3937895823,27825554.785013,33866.3070868221,30669.7883886963
0.44,36890288.5267989,42060.4579844277,38084.329996647,27231952.1187189,34493.9999119795,31251.9307755179
0.45,43279309.602251,46294.2950839441,42973.7652242945,53326294.2,35145.4,31856.6
0.46,37005934.8676,42766.7291272961,38217.8064531834,28013787.4326807,36498.3501008613,30247.3233454936
0.47,36133841.861113,41261.5063717103,37111.4165646756,29508564.3635286,37959.6364709711,28792.8175566947
0.48,37271832.7888096,41182.4185952457,37021.0203223051,31171851.2071307,39542.814211424,27471.7795927767
0.49,37782827.8645196,41830.638022131,37418.4340109354,33033844.8599661,41263.7982059949,39399.9667643582
0.5,43639603.0234507,44897.3708521265,39363.8420582108,46843220.8,21570.7,25162.8
0.51,37356868.0457191,41962.5889201664,36892.9769760294,32156809.6175525,44779.9798780732,39522.7365340606
0.52,40435688.2034338,39531.4994223304,35356.6252935704,39527859.7677814,46547.9458561242,27651.4491606997
0.53,45146659.3548751,40028.7836299711,35902.6721976136,45831168.7167595,24230.6263971728,29089.976377392
0.54,46407345.9274676,43386.1631246273,37946.4475589383,51283070.94312,25269.2956174712,30686.3921772484
0.55,45071836.7396325,50891.0379903169,44141.3852482865,48038705.4,26401,32468.2
0.56,44852231.7765114,36967.9187095242,34182.0032286004,47804332.4433041,40363.9838947464,28281.5380176694
0.57,44105614.5653693,34766.4664082521,32211.8615257683,47572235.3175558,32668.5860127918,25051.2642254099
0.58,44324587.1764726,35660.3252027414,33013.1609101677,47342381.0344277,41156.4058130604,33724.8911228127
0.59,43983102.2351778,35848.7648534538,33210.2769477749,47114737.2400842,35475.907745241,30589.1947461402
0.6,44173410.8891413,34598.986212686,32088.0841584901,54704150.9,31173.3,27987
0.61,43095041.1999198,34611.7659357293,32037.2659246532,46927101.405767,33757.0539302785,30381.6765256654
0.62,41727787.4154626,33408.1262004336,30875.5689665425,39137493.0835972,36807.8166305423,33224.493343737
0.63,41581336.3818036,31499.3093932934,29098.4349472307,47002943.2317431,26976.5228618358,24436.156040748
0.64,41918548.6065729,32129.0418530893,29532.6235940374,47040956.1486195,29952.3824495912,27249.0567014905
0.65,42699955.0959297,40733.9420238015,37483.5903075213,47079030.6,33666.2,30793.8
0.66,41086572.2205328,33472.4157369279,30299.9519438455,39748980.3365247,34375.0831803696,31007.4608364769
0.67,37371415.3541973,30765.0646339916,27628.540066299,40279213.7199732,35114.4612803445,31224.1073332087
0.68,33972708.6968535,31351.8655641287,27856.8808411756,32659027.6031307,35886.3453125373,31443.8025121889
0.69,34095978.5760911,34541.1339197644,29578.4589760175,33106625.7429501,36692.9270877008,31666.6111816896
0.7,37139886.6405337,41360.9377052275,34592.2026532184,41958329,18768.3,15946.3
0.71,32102832.0243537,27852.7362774529,23940.0455296986,33067108.338614,29445.9621343059,25356.5324791221
0.72,27888562.6288111,23383.6964035181,20919.8304392135,24436653.4890975,24224.5937723448,21043.8144206874
0.73,25604416.8018907,24113.6059758189,21579.3169285739,24083487.6833232,20576.0426524972,17984.8885352638
0.74,26831425.4334599,26171.6469368492,23399.9114591663,23740384.5637576,26824.0062232163,23553.5867647932
0.75,32437289.3917587,26417.4134990205,24062.423227935,0,0,0
0.76,24848671.5301395,26086.0615938411,23426.692480941,22511632.6072781,26129.121721373,22687.9491550716
0.77,21229869.5935652,24132.201706118,21630.5473361922,14454872.978067,19389.4213850564,16539.3451179738
0.78,19600732.8765568,23212.1351237024,20821.846922418,13941279.5854594,21861.83295204,18245.0527032939
0.79,20392971.4118601,27880.1512272799,24698.9894387009,6731465.35420421,12528.4638336015,10171.5180343029
0.8,22711024.7984222,38783.6097730331,33364.5683985836,0,14672.9,11493.1
0.81,19645226.8143972,27547.5117807645,24566.0224769566,6779147.28714624,12472.1297953727,10163.9590216924
0.82,19242080.0323811,22457.7314552766,20250.2942308955,14147365.0515789,21690.8723538213,18220.7459101476
0.83,22330053.3462139,22308.8286488286,20003.2681541978,14789947.4467124,19188.2235439772,16509.3978510849
0.84,25880148.5485696,24123.3554236215,21409.4527799467,7746840.1730422,8601.66870240604,7545.95939189406
0.85,29025514.0860425,25661.016342997,22822.5133131785,0,0,0
0.86,25242645.7444833,24305.6203539572,20742.6725909282,8060638.52366489,8640.67063740523,7268.02848427736
0.87,23357502.8421024,20226.9942034726,17099.4075782418,15977438.658853,9691.69847715074,7617.39922810924
0.88,24605744.3026544,17724.3628038733,15025.5682284871,15836144.3017519,11033.8228940002,8002.05424852328
0.89,31044377.1122464,19316.547443622,15921.4882414842,15697327.0742527,12807.4179313374,8427.62305780665
0.9,37077336.5665509,25758.2814052147,19640.0258128848,0,0,0
0.91,33394400.6510344,19430.0274204028,16111.1663968809,25013428.3466248,14411.9643578061,9202.72969261666
0.92,26999757.1695232,15279.2491145591,13626.9856317295,17962339.3262486,13652.9011637437,9525.63346260321
0.93,22381788.9081602,13152.8253518945,12012.4175932837,19464234.2799968,12969.7955052681,9872.02121652818
0.94,24203143.3319712,15058.3473312436,13546.9103380987,0,0,0
0.95,41335881.7883646,24042.8724632488,22548.2648575268,0,0,0
0.96,19859861.379299,12330.0009701157,11400.47101586,10205115.0105095,0,0
0.97,17525770.0022479,11380.1338890849,10586.3808030607,9057101.30101932,6322.2181473012,5575.06251831859
0.98,19570389.6395979,13230.1572174262,12296.8764110951,8141258.91798574,5132.16137016368,4502.66681624148
0.99,25494862.1617679,15559.3877773288,14557.9327244755,0,0,0
