0,57266637.9989617,2978.32787738439,63.2341911939322,59324140.5,2957.4,62.4
0.01,62362097.523901,1447.82970492937,67.6757988013694,65347730.9386437,1490.51670904468,68.1870967741935
0.02,60266508.8069373,901.125806614573,74.3626141954859,60392381.0107482,885.628262717009,75.1573333333333
0.03,58365548.0653516,635.977009356876,87.25591388308,56135592.016605,665.109409190372,104.643564356436
0.04,57692268.9030181,483.756656788713,108.037654110409,61179270.6890631,532.514782100883,118.08938547486
0.05,57378736.4209279,379.447723999052,133.360956623684,57399811.7,388.5,135.5
0.06,52633076.2068415,388.412934088221,134.186505410192,51405899.7790681,415.853917384901,135.413706639469
0.07,49303489.7754988,384.382719216704,128.605709447309,46545443.2875953,369.062624104734,135.27012836203
0.08,47254606.5583084,381.128657341259,126.541310367021,48599666.7363404,413.884757539665,134.983883284999
0.09,44951673.3764091,383.480855443205,122.422738770819,44735297.6485601,273.334572943149,134.132370878686
0.1,41247046.7355931,3643.91429555193,2713.25947966222,41440208,0,0
0.11,38771702.2574883,16386.0563312654,11957.4893009669,40613481.5814572,15722.3291253652,11878.3198364292
0.12,34319228.1722493,41120.0605612856,31254.1488135494,34841709.1056223,51227.6463198799,40369.3109855372
0.13,30440260.0621402,76775.2186903756,61162.9842640059,29291392.7184512,74737.788631076,62072.511576445
0.14,27080669.3960779,111162.360768123,95746.6619755303,28740032.1838704,123765.517606855,109955.259306226
0.15,23790386.4006944,131263.422730744,124880.612907996,23507537.5,184174.4,178992.8
0.16,24851633.94472,133918.014113577,126394.568280393,26279798.8211376,161536.977442354,157796.135147812
0.17,27041052.9855993,123300.26271024,114488.147007652,23834680.6071523,138791.308187123,136278.349668652
0.18,31738213.2500491,102910.778716871,94004.4135251158,20634844.2454697,115936.613959126,114432.090600125
0.19,37649824.068957,90809.2855633692,81718.3362734764,48801267.544162,69729.0817532772,46124.8893820695
0.2,43772977.4398335,94995.1511711361,86046.5716856437,69644743,46598,46482.4
0.21,45597657.3214422,80736.4230442527,71423.1283881972,59750031.3692375,62513.1726713672,41123.6229083575
0.22,46430514.9214317,73839.8444939079,64868.9854429517,39869778.9863238,75387.1023598915,73745.4200199325
0.23,49375226.8586961,65527.5033089968,57248.4749704112,49882838.003844,68812.3947810939,50127.4358546783
0.24,53830581.4497229,56722.0689699267,49172.2399579913,59914243.0194909,47469.3676195545,45833.5227677854
0.25,57247643.0386616,51926.2675457963,45463.0148799312,59969181,43944.3,42217.2
0.26,57751968.0729222,50054.1823872274,43305.8163490103,61130945.5076354,43421.4685968192,41140.4856503843
0.27,56891669.4072249,50619.2154334706,44252.1250826828,62338612.2790227,42910.9317882087,40117.326808885
0.28,56195668.5867789,50401.3750439865,44776.6484889778,63594956.5948125,42412.2609452211,39143.8246812468
0.29,57815548.7463576,47768.9242784769,42828.8254304816,54085818.3869279,41925.0471345294,38216.449945878
0.3,60826231.2023821,43912.3058662471,39696.2435942112,66265944.6,41448.9,37332
0.31,59030957.2080754,46166.5101637714,41708.3504341557,64835841.9113246,43746.4982329289,38774.9786410722
0.32,56532797.6842153,50685.0445877436,45786.8158907378,63466162.0621523,46313.7660503516,40333.9920626844
0.33,52805474.3580434,59521.8192687424,53618.0750463942,62153154.9145716,49201.1400951064,42023.6226984108
0.34,52575292.3581362,63355.6043848937,56871.1475344422,60893374.3764282,34981.6472815526,43861.0033074719
0.35,55384096.8162649,59039.1126680792,52930.6288485449,59683648.2,37473.2,45866.4
0.36,52565588.090084,64108.3799395775,57204.9809395369,59655866.7293938,36262.6823475525,45387.9348559592
0.37,52758287.2568375,61150.6558598343,53766.5564314605,59628111.1101233,52691.8881099448,44919.3490758286
0.38,55863230.0696111,54116.1012296048,45678.5247501475,59600381.3061224,51093.04907442,44460.3398021705
0.39,58249919.1676733,49598.0726224914,40499.7198825706,59572677.2813921,49588.3803105392,44010.616431351
0.4,57838271.6268793,49072.617957647,40943.147037396,59544999,32113.2,29046.6
0.41,58590535.9978398,48336.2889215622,38896.0756510054,58187870.4219751,49015.5722384229,29568.2295846568
0.42,58362878.6968905,48162.8296133604,38619.7818598224,56891225.7071759,33261.0504401088,30108.9370102107
0.43,58280528.4252542,48688.9717542055,39282.4469172419,64926294.4983636,33866.3070868221,30669.7883886963
0.44,56448505.0155644,51920.0844976956,42793.6011730368,63541221.610344,34493.9999119795,31251.9307755179
0.45,52775836.6446961,58735.3820340144,50173.305511057,71101725.6,35145.4,15928.3
0.46,57196170.5812265,52832.0367701674,42388.3052597388,65365504.0095882,36498.3501008613,30247.3233454936
0.47,58196727.9116428,51045.9858905969,39641.4873517288,68853316.8482334,37959.6364709711,28792.8175566947
0.48,57751145.1890289,52980.9647213464,39211.7855487303,62343702.4142614,39542.814211424,27471.7795927767
0.49,58489035.0230613,54355.3686702367,39422.9049542148,66067689.7199322,41263.7982059949,26266.6445095721
0.5,61464661.5997961,55137.4295287664,39706.2946138561,70264831.2,21570.7,12581.4
0.51,56340004.7033851,56724.5351244929,39750.6657283415,64313619.2351049,44779.9798780732,26348.491022707
0.52,50614368.4814186,57202.9071321948,39761.09825154,59291789.6516721,46547.9458561242,27651.4491606997
0.53,45291672.0708439,57176.5790696779,40102.43090199,54997402.4601114,48461.2527943455,29089.976377392
0.54,45837524.9869474,68250.317095672,46858.4594220878,59830249.43364,25269.2956174712,15343.1960886242
0.55,45607299.6462861,82125.5532808179,56652.3443605608,64051607.2,26401,16234.1
0.56,43232523.8299747,55682.5526589219,41895.7424417492,55771721.1838548,20181.9919473732,14140.7690088347
0.57,38763210.8278065,37741.7128304987,29853.6411336044,39643529.4312965,32668.5860127918,25051.2642254099
0.58,36324462.6612205,25904.0335906391,21588.7210607019,23671190.5172138,13718.8019376868,11241.6303742709
0.59,38950646.1530571,23355.4377639394,19072.8047437074,7852456.20668071,0,0
0.6,43599089.4758282,24695.3374162443,20159.1632450079,0,0,0
0.61,38316171.8963015,22474.7127062753,18130.2009609142,7821183.56762784,0,0
0.62,31670897.6942777,22216.900263619,17872.1802797429,23482495.8501583,12269.2722101808,11074.831114579
0.63,27610572.795443,25840.9714806829,21634.9985444238,23501471.6158716,13488.2614309179,12218.078020374
0.64,28740952.1413465,34148.8616722258,29255.1199331354,7840159.35810325,14976.1912247956,13624.5283507453
0.65,33119231.0995094,51866.2566608479,45440.4862064276,0,0,0
0.66,27515535.2796071,41738.3742491071,35239.9146513184,7949796.06730495,0,0
0.67,23717592.8774219,35149.6495180738,28059.4247384872,8055842.74399464,0,0
0.68,22329242.335818,34488.8104042967,25821.1072409614,16329513.8015653,17943.1726562686,15721.9012560945
0.69,24098683.1140821,43778.8571613236,30877.1881108878,8276656.43573753,0,0
0.7,29503173.0626885,58856.6250678087,40780.2890770189,0,0,0
0.71,22877741.8303656,35652.028255717,24930.1309720615,0,0,0
0.72,19875798.2068488,21505.978537925,15526.6255558547,0,0,0
0.73,18897414.8951098,13912.9846777002,10528.3730722523,8027829.22777439,0,0
0.74,20225396.1707422,11429.4996407774,9229.13906569341,7913461.52125253,0,0
0.75,25030017.2813765,12473.3615279919,10319.1579631659,0,0,0
0.76,18648204.9972647,11919.8840726202,10089.6711155597,0,0,0
0.77,15935981.1487458,15883.6466687436,13830.1062436426,0,0,0
0.78,14966863.4603913,21143.1063678598,18351.6226253972,0,0,0
0.79,15166260.4212327,31163.6758917216,26528.514304049,0,0,0
0.8,16877437.9744588,40054.9536202988,33038.3818768612,0,0,0
0.81,14487529.115267,31313.2227996418,26847.510378202,0,0,0
0.82,13335824.5243466,23028.4092805256,20331.4781368247,0,0,0
0.83,12569175.6671429,15766.1541199986,14239.8303809443,0,0,0
0.84,12982661.6562487,10724.2041476621,9503.63935122913,0,0,0
0.85,16373297.5760272,10461.4273609537,9084.43337691062,0,0,0
0.86,12465019.8978803,9703.05374620631,8064.89827737462,0,0,0
0.87,10550292.7704375,10381.8865470272,7993.16617590439,0,0,0
0.88,10263430.076566,11912.9772586774,8205.2577996812,0,0,0
0.89,11856453.0935384,16165.1991586804,9987.0362600829,0,0,0
0.9,16213219.0625779,22197.0757163679,12621.1595507738,0,0,0
0.91,11751551.5212935,16724.6560852698,10000.0596269304,0,0,0
0.92,8628818.04655432,12914.9604084552,8315.02409626465,0,0,0
0.93,7863261.07367192,9864.10069467858,7285.93866117443,0,0,0
0.94,7224584.93290136,7685.11664383704,6400.61952108742,0,0,0
0.95,11249578.9166155,11650.8256685744,10492.7466321708,0,0,0
0.96,5320899.20939705,5468.60002673812,4929.63463761546,0,0,0
0.97,4847662.68833218,3969.76659206037,3682.31195773218,0,0,0
0.98,5435728.83635247,3705.81913658369,3456.65481014005,0,0,0
0.99,7299554.47270623,4420.42273315155,4119.51456313432,0,0,0
