0,61805636.1779289,3020.36128762221,77.4246801340364,59324140.5,2957.4,78
0.01,63793619.6951671,1457.19812753259,84.4245541896143,65347730.9386437,1490.51670904468,85.2338709677419
0.02,61383893.7434474,917.586920465628,91.659013398384,60392381.0107482,996.331795556635,93.9466666666667
0.03,58877789.5917726,659.185402521828,104.393731809578,56135592.016605,665.109409190372,104.643564356436
0.04,57780730.9165866,500.558976408402,121.976373346021,61179270.6890631,532.514782100883,141.707262569832
0.05,57373627.8755827,387.951769224926,141.67065370829,57399811.7,444,162.6
0.06,52707918.6759384,408.934928711854,154.96735014166,51405899.7790681,415.853917384901,169.267133299337
0.07,49713872.4454934,406.496483078873,153.79761734275,53194792.3286803,461.328280130918,180.360171149374
0.08,48057441.1868386,384.768185420105,138.087897256054,48599666.7363404,413.884757539665,134.983883284999
0.09,45829456.11269,365.515124617258,115.209437728241,44735297.6485601,273.334572943149,134.132370878686
0.1,41987838.3244064,2842.72050932559,2211.88539345786,46620234,0,0
0.11,39437693.1880912,14507.3721308245,10673.8070272462,40613481.5814572,15722.3291253652,11878.3198364292
0.12,32938221.3006798,32833.8402718863,25487.6053525357,34841709.1056223,34151.7642132533,26912.8739903581
0.13,24472136.9326835,49533.0019705709,40837.8521530666,24409493.9320426,37368.894315538,31036.2557882225
0.14,17574925.4167156,72466.5160461006,64133.723839076,14370016.0919352,41255.1725356184,36651.7531020753
0.15,14334388.1807248,99478.5466967205,96789.2673795943,9403015,69065.4,67122.3
0.16,14515807.2957823,92622.718945931,89506.5518116054,10511919.528455,69230.1331895802,67626.9150633481
0.17,16808342.5526055,85651.7216528421,82035.2082133074,17876010.4553642,92527.5387914156,90852.2331124347
0.18,20195418.334256,81976.9139246134,77768.8609683942,13756562.8303131,92749.291167301,91545.6724800998
0.19,24370627.8059376,82168.5725757851,77029.4623791637,16267089.1813873,69729.0817532772,69187.3340731043
0.2,32204251.3481237,91263.3743964617,85429.1157475418,9949249,69897,69723.6
0.21,29438043.3673242,72985.5054318445,67573.0208179613,19916677.1230792,62513.1726713672,61685.4343625363
0.22,30904662.6840648,63516.7730013448,58606.487407673,29902334.2397428,56540.3267699186,55309.0650149493
0.23,35696909.2854957,59856.9765935418,55144.0571216947,39906270.4030752,51609.2960858204,50127.4358546783
0.24,41633269.6878402,56980.7826806192,52367.628603048,49928535.8495757,63292.490159406,45833.5227677854
0.25,48265044.0721028,54190.5372135788,50008.3437292357,59969181,43944.3,42217.2
0.26,43255795.8935991,50857.1343703506,46554.3692518217,40753963.6717569,43421.4685968192,41140.4856503843
0.27,42188502.1534456,49029.5871517567,45140.3556146565,41559074.8526818,42910.9317882087,40117.326808885
0.28,43949124.3326298,48807.9304963991,45315.3471739641,42396637.729875,42412.2609452211,39143.8246812468
0.29,47884614.9500769,48029.6383601185,44921.974323434,54085818.3869279,55900.0628460392,50955.266594504
0.3,55444479.6090293,46008.4942841551,43501.7727793508,66265944.6,41448.9,37332
0.31,48677380.0637902,46607.6874231547,43832.0809289996,54029868.2594372,43746.4982329289,38774.9786410722
0.32,46858955.8204727,47065.6419616481,44264.8984855022,52888468.3851269,46313.7660503516,40333.9920626844
0.33,48153253.2429228,46302.7136375496,43545.2883209921,51794295.762143,49201.1400951064,42023.6226984108
0.34,50968833.0995859,46983.8987559072,44139.3090120733,60893374.3764282,52472.4709223289,43861.0033074719
0.35,57172206.6978975,49511.0355755463,46437.0908173082,59683648.2,37473.2,45866.4
0.36,51549064.9925222,46728.5121374985,43541.8386658138,59655866.7293938,36262.6823475525,45387.9348559592
0.37,47759231.1093371,48114.3179021011,44083.2762801859,49690092.5917694,52691.8881099448,44919.3490758286
0.38,45687999.0785642,52319.9960621605,47332.9511758084,49666984.4217687,51093.04907442,44460.3398021705
0.39,46334459.3889395,53840.8359128863,48644.7950906002,49643897.7344934,49588.3803105392,44010.616431351
0.4,50880720.1673297,54363.704082381,49768.4120122731,59544999,48169.8,43569.9
0.41,46783765.3748018,52355.0126317718,47063.2833470778,48489892.0183126,49015.5722384229,44352.3443769852
0.42,45957642.2168744,50378.2446577571,44709.6684652151,47409354.7559799,49891.5756601632,45163.405515316
0.43,46312780.4244175,48100.7494694679,42470.2552237922,46375924.6416883,50799.4606302331,46004.6825830444
0.44,47137086.925492,47965.8904130729,42727.7688313586,54463904.2374377,34493.9999119795,31251.9307755179
0.45,49000074.2356532,52543.969396617,47790.2326245478,62214009.9,35145.4,31856.6
0.46,46779340.6510836,49000.02921093,42654.6659327711,46689645.7211345,36498.3501008613,30247.3233454936
0.47,46569459.4835025,46745.0864594071,40388.5772656047,49180940.605881,37959.6364709711,28792.8175566947
0.48,46665098.3682517,44320.5880806493,38726.2950573025,51953085.3452179,39542.814211424,27471.7795927767
0.49,47152163.6167205,43437.299423736,38346.0256557222,44045126.4799548,41263.7982059949,39399.9667643582
0.5,53375529.030151,45753.236271925,39371.4923875125,70264831.2,21570.7,25162.8
0.51,45774197.6408142,43966.8248582352,38092.6101051213,42875746.1567366,44779.9798780732,39522.7365340606
0.52,45135565.0401983,42548.4219685745,36689.5503356853,49409824.7097268,46547.9458561242,27651.4491606997
0.53,48358529.9073032,42636.6447635798,36732.8245214799,54997402.4601114,48461.2527943455,29089.976377392
0.54,50375887.3345422,45598.7982082324,39030.6209585325,59830249.43364,50538.5912349424,30686.3921772484
0.55,47510550.3956007,55417.4955673469,47189.2198197549,64051607.2,26401,32468.2
0.56,47402515.1139025,38112.1227098611,34872.6871454858,55771721.1838548,40363.9838947464,28281.5380176694
0.57,43763943.5412701,33517.2690131876,30601.8400818579,47572235.3175558,32668.5860127918,25051.2642254099
0.58,41157226.0066396,35197.9955363495,31871.3881415732,47342381.0344277,41156.4058130604,33724.8911228127
0.59,42073715.4189607,37657.1963819621,34260.6612074395,47114737.2400842,35475.907745241,30589.1947461402
0.6,44187965.8384774,34781.2760198247,31919.4292062882,62519029.6,31173.3,27987
0.61,41315943.8461402,36665.1864146091,33531.5529729997,46927101.405767,33757.0539302785,30381.6765256654
0.62,37235586.052754,33042.3377943013,30049.8040849487,39137493.0835972,24538.5444203615,22149.662229158
0.63,35445770.2166588,30036.1996389219,27246.1140774076,39169119.3597859,26976.5228618358,24436.156040748
0.64,37418692.8670506,32825.1203263672,29784.8493318354,39200796.7905162,29952.3824495912,27249.0567014905
0.65,40297333.5336979,44712.6979064145,40831.2583423898,47079030.6,16833.1,15396.9
0.66,37579781.0579694,35135.6956505719,31418.8134829989,39748980.3365247,17187.5415901848,15503.7304182385
0.67,31551459.4092292,30719.2602217953,26801.7505278488,32223370.9759786,17557.2306401722,15612.0536666043
0.68,26846531.6062132,29578.0811758097,25334.7873914686,24494270.702348,17943.1726562686,15721.9012560945
0.69,27309881.1861484,33124.4056276004,27485.9374025127,16553312.8714751,18346.4635438504,15833.3055908448
0.7,31644062.5617164,42072.5074453665,34555.4219062836,0,0,0
0.71,25731220.5737702,26501.7705056686,22113.7773511636,8266777.0846535,14722.981067153,12678.2662395611
0.72,21481642.6635457,19662.1926408792,16964.5284265002,16291102.326065,12112.2968861724,10521.9072103437
0.73,19929428.914994,19505.3733457836,16921.5148317763,8027829.22777439,10288.0213262486,8992.44426763192
0.74,21646182.8086879,21731.8239852284,19098.3245825316,7913461.52125253,8941.33540773877,7851.19558826439
0.75,27276702.8282744,22884.5733697888,20577.3335364663,0,0,0
0.76,20034198.7532668,22416.1801556431,19897.5907041049,7503877.53575938,8709.70724045767,7562.64971835721
0.77,16507097.9663963,20442.8081337752,18164.204714853,7227436.48903349,9694.71069252818,8269.67255898689
0.78,15379353.7022014,19887.3843393594,17688.6087049127,6970639.79272969,10930.91647602,9122.52635164695
0.79,16209044.6559855,25161.0723390664,22116.4899581079,6731465.35420421,12528.4638336015,10171.5180343029
0.8,18633293.1533728,36013.7866206331,30745.2134180914,0,0,0
0.81,15486328.6851596,25118.6036687331,22264.00729754,6779147.28714624,12472.1297953727,10163.9590216924
0.82,14857759.9948174,19479.8726240304,17558.6756536759,7073682.52578943,10845.4361769107,9110.3729550738
0.83,18628644.9146286,18547.7802716399,16735.5226712284,7394973.72335622,9594.1117719886,8254.69892554245
0.84,22946829.6446216,19002.8162623539,16984.0579045879,0,0,0
0.85,25247538.3499047,19900.2741373798,17738.4299608273,0,0,0
0.86,22203555.0278057,18947.9005784089,16166.5983152091,0,0,0
0.87,17411170.2841081,15297.835989838,12679.8713926723,7988719.32942649,9691.69847715074,7617.39922810924
0.88,17501967.8321759,13882.172666992,11160.8737391373,7918072.15087597,0,0
0.89,23320912.7160666,16337.27156771,12499.0817079511,0,0,0
0.9,28347478.2274047,22092.7835121317,15636.2478535907,0,0,0
0.91,26471162.5716235,16661.6168186662,12944.6168700939,0,0,0
0.92,18762539.0223711,11628.2443117687,9681.54164222808,8981169.66312432,0,0
0.93,14949847.09968,9591.63589662099,8437.75083925093,9732117.13999841,0,0
0.94,16535756.5179079,11084.4525592157,9833.60376149573,0,0,0
0.95,31197920.1666071,19120.315981391,17878.8259626313,0,0,0
0.96,13392421.3375423,8746.63838087075,8066.61519252195,0,0,0
0.97,11243847.0562214,7600.67249124788,7071.83010339279,9057101.30101932,6322.2181473012,5575.06251831859
0.98,12281601.5408903,9054.20552708832,8348.01523827821,8141258.91798574,5132.16137016368,4502.66681624148
0.99,16243481.52112,11546.4537879753,10617.1754580206,0,0,0
