0,60693023.0358399,3027.40798931411,81.6348840862078,59324140.5,2957.4,78
0.01,62268415.4548784,1456.51337344456,89.2162575032406,65347730.9386437,1490.51670904468,102.28064516129
0.02,60338199.7117169,915.728126265956,94.9454141536965,60392381.0107482,996.331795556635,112.736
0.03,58331044.060719,658.530879521487,106.824073652717,56135592.016605,665.109409190372,104.643564356436
0.04,57513072.6775312,504.250243760239,126.496119304914,61179270.6890631,532.514782100883,141.707262569832
0.05,57159288.4728533,388.216343865525,143.344947289531,57399811.7,444,162.6
0.06,52489753.9305318,412.41253027432,160.476750692312,51405899.7790681,415.853917384901,169.267133299337
0.07,49154765.3217098,406.040036648436,155.568090867377,46545443.2875953,461.328280130918,180.360171149374
0.08,47070807.9460527,382.472814988066,138.359995115091,48599666.7363404,413.884757539665,134.983883284999
0.09,44793789.3883048,362.996894230092,114.257854865159,44735297.6485601,273.334572943149,134.132370878686
0.1,41087870.1030557,2731.36218377586,2104.63325132157,41440208,0,0
0.11,38320301.4174406,13755.0711234923,10135.9169108234,40613481.5814572,15722.3291253652,11878.3198364292
0.12,31489743.1241923,28937.2171633149,22548.9623247298,29864322.0905334,34151.7642132533,26912.8739903581
0.13,23026380.0684709,42234.6993761898,34817.0322274761,19527595.1456341,37368.894315538,31036.2557882225
0.14,16173347.3390155,63177.9485857769,55767.355553023,14370016.0919352,41255.1725356184,36651.7531020753
0.15,13335425.5162476,90327.7791306447,87698.2389599055,9403015,69065.4,67122.3
0.16,13219224.6059828,81485.6991302955,78539.8838509972,10511919.528455,69230.1331895802,67626.9150633481
0.17,15038499.1480947,74388.4394938746,71391.5390687753,11917340.3035761,69395.6540935617,68139.174834326
0.18,17506699.4436434,73327.9464918704,70076.5160743184,13756562.8303131,69561.9683754757,68659.2543600749
0.19,20174867.6866443,74769.320305826,70870.8988590458,16267089.1813873,69729.0817532772,69187.3340731043
0.2,26812939.0700454,85809.108371214,81209.9963383694,9949249,46598,46482.4
0.21,24051789.8069836,66894.2579368146,62692.1118204265,9958338.56153959,41675.4484475781,41123.6229083575
0.22,25470738.0412225,60165.2819740941,56194.3277452777,19934889.4931619,56540.3267699186,55309.0650149493
0.23,29575186.3518108,58462.3919829937,54297.8278612637,29929702.8023064,51609.2960858204,50127.4358546783
0.24,34478914.7362746,55925.1365547542,51600.2580896197,19971414.3398303,47469.3676195545,45833.5227677854
0.25,41511112.2911203,54581.7769448181,50497.1405143549,9994863.5,43944.3,42217.2
0.26,35597524.3711664,49967.7871883561,45921.8936260739,20376981.8358785,43421.4685968192,41140.4856503843
0.27,34988326.0484306,48070.2478257508,44469.6670637033,31169306.1395113,42910.9317882087,40117.326808885
0.28,37182775.7623716,48071.1232211149,44663.8463357995,31797478.2974062,42412.2609452211,39143.8246812468
0.29,40222044.1258285,46684.7145771297,43460.3941953721,32451491.0321567,41925.0471345294,38216.449945878
0.3,49166234.0722841,45438.8185286289,42658.2994428375,55221620.5,41448.9,37332
0.31,40946654.4913563,45015.665424846,42116.3496806678,43223894.6075497,43746.4982329289,38774.9786410722
0.32,40355028.1310364,44333.7326151785,41610.5331009729,42310774.7081015,46313.7660503516,40333.9920626844
0.33,42436342.8302312,43033.1804039763,40348.7821244077,51794295.762143,49201.1400951064,42023.6226984108
0.34,44310975.9734517,43279.572638272,40405.1915435156,50744478.6470235,34981.6472815526,43861.0033074719
0.35,53081689.3226516,47005.9040086822,43931.9948944157,59683648.2,37473.2,45866.4
0.36,45512064.1528243,43162.0408642365,39999.2415842271,49713222.2744948,36262.6823475525,45387.9348559592
0.37,42371466.1143622,43744.9410842049,40200.3190487681,49690092.5917694,52691.8881099448,44919.3490758286
0.38,41125260.9110698,46110.0835115687,42256.2425254231,39733587.537415,51093.04907442,44460.3398021705
0.39,41453944.5361566,46697.1835113641,42797.1791189328,49643897.7344934,49588.3803105392,44010.616431351
0.4,48352693.486929,48328.9470719589,45003.0963149735,59544999,48169.8,43569.9
0.41,42246175.7412552,45675.6982792176,41585.1211387344,38791913.6146501,32677.0481589486,29568.2295846568
0.42,40809556.7229823,45682.6600497733,41153.7409734645,37927483.804784,33261.0504401088,30108.9370102107
0.43,40621580.6317486,45061.1029867899,40446.4480636895,37100739.7133506,33866.3070868221,30669.7883886963
0.44,41109977.5660049,44968.333709959,40534.6648338267,36309269.4916251,34493.9999119795,31251.9307755179
0.45,45764877.8556077,49332.4329571562,45460.2375833303,53326294.2,35145.4,31856.6
0.46,40975444.9189487,45802.5112322444,40509.8122020664,37351716.5769076,36498.3501008613,30247.3233454936
0.47,40563302.3731645,43986.84390692,38952.749830146,39344752.4847048,37959.6364709711,28792.8175566947
0.48,41285259.7372662,42929.9920125703,38213.9901539715,41562468.2761743,39542.814211424,41207.6693891651
0.49,41411115.0314686,42924.6836254633,38250.4728074318,44045126.4799548,41263.7982059949,39399.9667643582
0.5,47463501.4699916,45603.2929808049,39709.5860078991,58554026,21570.7,25162.8
0.51,40552290.1619169,43184.489866691,37790.2556514359,32156809.6175525,44779.9798780732,39522.7365340606
0.52,42470174.6372891,40913.3628830686,36153.0452513144,39527859.7677814,46547.9458561242,27651.4491606997
0.53,47175167.7082921,41129.1974989764,36421.4323074605,45831168.7167595,24230.6263971728,29089.976377392
0.54,48642057.5162171,44201.4408320314,38360.6297979911,51283070.94312,25269.2956174712,30686.3921772484
0.55,46416362.6265466,52496.1139268859,45257.9624927164,56045156.3,26401,32468.2
0.56,46454407.0374679,37347.8813673433,34413.5036083148,47804332.4433041,40363.9838947464,28281.5380176694
0.57,44409648.9121818,34348.4695011105,31655.0177594134,47572235.3175558,32668.5860127918,25051.2642254099
0.58,43488055.4310157,35900.5690801673,32927.0156856568,47342381.0344277,41156.4058130604,33724.8911228127
0.59,43734670.7550643,36815.1264885522,33841.2602694759,47114737.2400842,35475.907745241,30589.1947461402
0.6,44538245.3484043,34800.5923334664,32135.5664853086,54704150.9,31173.3,27987
0.61,42913101.5168449,35503.348152953,32699.8660944883,46927101.405767,33757.0539302785,30381.6765256654
0.62,40248617.0450664,33461.2765234596,30714.5668292766,39137493.0835972,36807.8166305423,33224.493343737
0.63,39375075.4562166,30930.6343244444,28369.0833260682,39169119.3597859,26976.5228618358,24436.156040748
0.64,40617464.1615799,32156.5644691903,29420.644262825,47040956.1486195,29952.3824495912,27249.0567014905
0.65,42210115.5843357,42034.1249814822,38576.474974041,54925535.7,33666.2,30793.8
0.66,40190015.0798747,33848.4456745468,30501.0004012263,39748980.3365247,34375.0831803696,31007.4608364769
0.67,35151208.2005665,30568.1689816614,27138.5754956785,32223370.9759786,17557.2306401722,15612.0536666043
0.68,30791350.5722171,30678.5922087296,26882.1866277721,32659027.6031307,35886.3453125373,31443.8025121889
0.69,31044139.2739566,34162.8658014715,28920.963146962,24829969.3072126,36692.9270877008,31666.6111816896
0.7,34735563.5578661,41946.5550527759,34882.4232315344,33566663.2,18768.3,15946.3
0.71,29222176.7483272,27463.3200258932,23355.6578658371,24800331.2539605,29445.9621343059,25356.5324791221
0.72,24850025.7804076,21738.5244431327,19184.6515348079,24436653.4890975,24224.5937723448,21043.8144206874
0.73,22775385.5505773,22181.1237452844,19602.3312724463,16055658.4555488,20576.0426524972,17984.8885352638
0.74,24314027.901266,24589.3807885488,21792.5605483696,15826923.0425051,26824.0062232163,23553.5867647932
0.75,30163955.8255885,25355.5874907687,22939.1937266257,0,0,0
0.76,22526198.7198608,24871.0458301317,22180.6623180093,15007755.0715188,26129.121721373,22687.9491550716
0.77,18863136.143252,22685.241292929,20223.2756663576,14454872.978067,19389.4213850564,16539.3451179738
0.78,17423734.3782451,21726.1272334977,19407.6833082621,6970639.79272969,10930.91647602,9122.52635164695
0.79,18281957.0292777,26764.9402365666,23618.5885499983,6731465.35420421,12528.4638336015,10171.5180343029
0.8,20744615.382328,37812.1227533184,32410.9770109574,0,0,0
0.81,17551515.0340298,26568.5992643327,23620.9588804892,6779147.28714624,12472.1297953727,10163.9590216924
0.82,17106607.2449442,21121.3406596657,19035.4420827462,7073682.52578943,10845.4361769107,9110.3729550738
0.83,21024704.653916,20731.6450598863,18638.9256494175,7394973.72335622,9594.1117719886,8254.69892554245
0.84,25529534.9291591,22176.4922216828,19744.2217328515,7746840.1730422,8601.66870240604,7545.95939189406
0.85,28191054.108348,23598.1791255813,21011.2664285796,0,0,0
0.86,24744315.2419141,22214.5730062907,18964.4362099591,0,0,0
0.87,21095858.0943208,18157.1948021376,15237.0956018167,7988719.32942649,9691.69847715074,7617.39922810924
0.88,21716573.650827,15995.6689849969,13307.0040161967,15836144.3017519,11033.8228940002,8002.05424852328
0.89,28417678.2598048,18109.049943955,14566.0463259224,7848663.53712634,0,0
0.9,34035701.68702,24298.1281565545,18098.6790226176,0,0,0
0.91,31304208.1790899,18330.7438932237,14902.972958863,8337809.44887494,0,0
0.92,23796544.5562459,13593.9012889038,11869.5532105581,17962339.3262486,13652.9011637437,9525.63346260321
0.93,19178624.272805,11397.7603665814,10308.9310502958,9732117.13999841,0,0
0.94,21264917.7439633,13267.6459164516,11911.1659861439,0,0,0
0.95,38126971.8750013,22119.0381800654,20770.6753496643,0,0,0
0.96,17340620.4718863,10678.0689844036,9883.73668321394,0,0,0
0.97,14686430.6056482,9601.58116901457,8936.00058028178,9057101.30101932,6322.2181473012,5575.06251831859
0.98,16048174.2061726,11372.1614455888,10522.4837457049,8141258.91798574,5132.16137016368,4502.66681624148
0.99,21240914.1143143,14051.0664269273,13027.5851312011,0,0,0
