0.000000 2546575.950000 4455.450000 488.130000
0.010000 0.000000 0.000000 0.000000
0.020000 0.000000 0.000000 0.000000
0.030000 2546575.950000 4455.450000 488.130000
0.040000 26420916.250000 8223.550000 2050.700000
0.050000 28517941.230000 8083.730000 2034.600000
0.060000 32030936.440000 12134.570000 2358.960000
0.070000 30124343.410000 10698.870000 2339.060000
0.080000 26478182.590000 7397.770000 1743.450000
0.090000 27631187.040000 7275.060000 2055.100000
0.100000 27036603.290000 6944.800000 1793.560000
0.110000 27150243.330000 7386.110000 1869.210000
0.120000 26516310.450000 7526.950000 1932.730000
0.130000 28140562.020000 7937.030000 2014.370000
0.140000 27931018.660000 7698.510000 1958.850000
0.150000 27615385.550000 7660.690000 2022.290000
0.160000 27502216.030000 8109.530000 2141.320000
0.170000 27649544.720000 8283.740000 2064.830000
0.180000 32690546.280000 12450.010000 2537.920000
0.190000 32011448.350000 12923.510000 2446.800000
0.200000 32732099.180000 13213.930000 2556.440000
0.210000 32707805.570000 13461.560000 2577.320000
0.220000 33879064.800000 14733.190000 2586.370000
0.230000 32821326.570000 13517.430000 2502.270000
0.240000 33325400.190000 12751.270000 2626.680000
0.250000 32631778.180000 12812.740000 2654.810000
0.260000 35023956.480000 15375.460000 2574.650000
0.270000 32053086.840000 12022.700000 2446.300000
0.280000 33625672.660000 14056.690000 2535.010000
0.290000 31968651.280000 12880.550000 2389.290000
0.300000 31143669.600000 11066.060000 2373.800000
0.310000 32854260.860000 12586.620000 2493.190000
0.320000 33161057.780000 13101.630000 2560.910000
0.330000 33961156.270000 14049.800000 2618.530000
0.340000 31975955.100000 11956.790000 2454.330000
0.350000 32049995.190000 12583.640000 2420.620000
0.360000 32328172.870000 13532.710000 2397.180000
0.370000 32477142.860000 12162.220000 2523.750000
0.380000 31501256.100000 11567.150000 2361.530000
0.390000 34053969.270000 14214.640000 2607.600000
0.400000 31923958.550000 13451.200000 2346.750000
0.410000 33422402.700000 14624.530000 2490.870000
0.420000 32038717.910000 13504.180000 2328.270000
0.430000 32804680.300000 12643.750000 2483.060000
0.440000 30927978.710000 11766.420000 2250.320000
0.450000 33329382.740000 14174.780000 2385.590000
0.460000 33108998.750000 13534.430000 2460.380000
0.470000 32545292.340000 12874.150000 2366.410000
0.480000 32409283.910000 12556.580000 2311.990000
0.490000 31750814.960000 12976.170000 2278.440000
0.500000 33254869.370000 12796.490000 2356.070000
0.510000 31995533.640000 11752.540000 2201.880000
0.520000 31929586.820000 12773.750000 2210.310000
0.530000 31000289.990000 12404.440000 2100.750000
0.540000 31772251.300000 12032.310000 2238.700000
0.550000 33723693.930000 14579.420000 2315.130000
0.560000 33384096.290000 13745.940000 2243.970000
0.570000 32524340.830000 11978.460000 2191.260000
0.580000 32539080.670000 13758.850000 2157.430000
0.590000 29439017.650000 10636.860000 1935.550000
0.600000 30800971.590000 11942.990000 2093.000000
0.610000 34583540.630000 14429.980000 2362.120000
0.620000 33924792.830000 13767.530000 2199.130000
0.630000 34499618.020000 14228.660000 2246.990000
0.640000 32883964.840000 13648.110000 1996.630000
0.650000 30334081.200000 11635.980000 1840.290000
0.660000 31991473.800000 12715.340000 2000.890000
0.670000 32226423.640000 11764.760000 2028.960000
0.680000 31412859.580000 11905.970000 1893.800000
0.690000 33016713.980000 12242.200000 2187.110000
0.700000 32488985.920000 12146.430000 2157.230000
0.710000 6034937.650000 2502.530000 367.980000
0.720000 0.000000 0.000000 0.000000
0.730000 0.000000 0.000000 0.000000
0.740000 0.000000 0.000000 0.000000
0.750000 0.000000 0.000000 0.000000
0.760000 0.000000 0.000000 0.000000
0.770000 0.000000 0.000000 0.000000
0.780000 0.000000 0.000000 0.000000
0.790000 0.000000 0.000000 0.000000
0.800000 0.000000 0.000000 0.000000
0.810000 0.000000 0.000000 0.000000
0.820000 0.000000 0.000000 0.000000
0.830000 0.000000 0.000000 0.000000
0.840000 0.000000 0.000000 0.000000
0.850000 0.000000 0.000000 0.000000
0.860000 0.000000 0.000000 0.000000
0.870000 0.000000 0.000000 0.000000
0.880000 0.000000 0.000000 0.000000
0.890000 0.000000 0.000000 0.000000
0.900000 0.000000 0.000000 0.000000
0.910000 0.000000 0.000000 0.000000
0.920000 0.000000 0.000000 0.000000
0.930000 0.000000 0.000000 0.000000
0.940000 0.000000 0.000000 0.000000
0.950000 0.000000 0.000000 0.000000
0.960000 0.000000 0.000000 0.000000
0.970000 0.000000 0.000000 0.000000
0.980000 0.000000 0.000000 0.000000
0.990000 0.000000 0.000000 0.000000
1.000000 0.000000 0.000000 0.000000
