0.000000 5192431.830000 5268.620000 588.120000
0.010000 0.000000 0.000000 0.000000
0.020000 0.000000 0.000000 0.000000
0.030000 3060402.260000 4508.290000 431.900000
0.040000 25485689.430000 8005.140000 1853.340000
0.050000 29951892.430000 8618.900000 1958.200000
0.060000 32165474.530000 11884.820000 2151.470000
0.070000 30180364.460000 10440.850000 2072.900000
0.080000 26623244.450000 7619.210000 1661.060000
0.090000 27616279.550000 7260.760000 1730.170000
0.100000 27106680.330000 6994.530000 1609.330000
0.110000 27065972.090000 7448.700000 1662.160000
0.120000 26756372.400000 7521.130000 1669.290000
0.130000 28441617.810000 8152.720000 1750.790000
0.140000 27791083.880000 7758.600000 1615.620000
0.150000 27464813.740000 7859.650000 1650.880000
0.160000 28188570.160000 8303.170000 1895.450000
0.170000 27506346.950000 8446.730000 1684.570000
0.180000 32990841.410000 13066.590000 2141.630000
0.190000 32030265.830000 13120.960000 1971.860000
0.200000 32866418.090000 13361.410000 2074.420000
0.210000 33286199.740000 14054.610000 2105.860000
0.220000 33918546.150000 14665.380000 2066.710000
0.230000 32893705.810000 13817.420000 1944.460000
0.240000 33289710.550000 12829.380000 2066.420000
0.250000 33509787.300000 13424.090000 2015.880000
0.260000 34814696.990000 14863.350000 2013.550000
0.270000 31837053.500000 11432.310000 1842.500000
0.280000 33885358.300000 13905.580000 1883.390000
0.290000 32832654.000000 13623.450000 1763.150000
0.300000 30865635.510000 11016.560000 1688.790000
0.310000 33088869.900000 12941.020000 1725.490000
0.320000 32932212.430000 13112.720000 1743.840000
0.330000 34870920.140000 14756.370000 1776.380000
0.340000 32168415.770000 12537.050000 1636.720000
0.350000 31284942.070000 12142.340000 1456.420000
0.360000 32583736.960000 13738.340000 1482.950000
0.370000 33784442.200000 12422.030000 1621.380000
0.380000 31611961.430000 11676.260000 1310.160000
0.390000 34386560.090000 14994.990000 1437.070000
0.400000 32172591.980000 13316.340000 1275.540000
0.410000 34082127.810000 15241.230000 1357.690000
0.420000 32068597.950000 12867.880000 1238.720000
0.430000 32356751.420000 11998.280000 1186.100000
0.440000 32970811.220000 12796.840000 1214.350000
0.450000 32540298.100000 12967.290000 1077.570000
0.460000 33943796.170000 13520.730000 1220.460000
0.470000 32864317.190000 12714.600000 1064.590000
0.480000 32589501.040000 12895.220000 1050.380000
0.490000 32643816.960000 12513.200000 996.900000
0.500000 32833928.350000 12454.830000 909.580000
0.510000 32440420.250000 12476.290000 857.160000
0.520000 32629876.270000 13452.550000 835.820000
0.530000 30935417.400000 11857.450000 807.370000
0.540000 33401531.970000 13145.130000 895.640000
0.550000 33379735.500000 13998.040000 774.490000
0.560000 33801822.400000 13575.330000 772.590000
0.570000 32745094.740000 13016.840000 712.020000
0.580000 31278705.300000 11937.810000 695.060000
0.590000 29894163.290000 11187.400000 591.190000
0.600000 33260960.590000 13615.000000 651.450000
0.610000 34666179.810000 14776.560000 640.300000
0.620000 35055072.300000 14655.850000 619.350000
0.630000 35024643.630000 15126.920000 592.760000
0.640000 29767222.600000 11112.560000 464.410000
0.650000 32630018.840000 12668.410000 517.000000
0.660000 32207034.860000 12361.210000 515.010000
0.670000 33225355.210000 12544.830000 471.520000
0.680000 31327813.420000 11688.840000 460.430000
0.690000 33113068.000000 12279.950000 492.590000
0.700000 32649392.400000 12375.570000 448.700000
0.710000 0.000000 0.000000 0.000000
0.720000 0.000000 0.000000 0.000000
0.730000 0.000000 0.000000 0.000000
0.740000 0.000000 0.000000 0.000000
0.750000 0.000000 0.000000 0.000000
0.760000 0.000000 0.000000 0.000000
0.770000 0.000000 0.000000 0.000000
0.780000 0.000000 0.000000 0.000000
0.790000 0.000000 0.000000 0.000000
0.800000 0.000000 0.000000 0.000000
0.810000 0.000000 0.000000 0.000000
0.820000 0.000000 0.000000 0.000000
0.830000 0.000000 0.000000 0.000000
0.840000 0.000000 0.000000 0.000000
0.850000 0.000000 0.000000 0.000000
0.860000 0.000000 0.000000 0.000000
0.870000 0.000000 0.000000 0.000000
0.880000 0.000000 0.000000 0.000000
0.890000 0.000000 0.000000 0.000000
0.900000 0.000000 0.000000 0.000000
0.910000 0.000000 0.000000 0.000000
0.920000 0.000000 0.000000 0.000000
0.930000 0.000000 0.000000 0.000000
0.940000 0.000000 0.000000 0.000000
0.950000 0.000000 0.000000 0.000000
0.960000 0.000000 0.000000 0.000000
0.970000 0.000000 0.000000 0.000000
0.980000 0.000000 0.000000 0.000000
0.990000 0.000000 0.000000 0.000000
1.000000 0.000000 0.000000 0.000000
