0.000000 3628211.080000 4798.480000 70.480000
0.010000 0.000000 0.000000 0.000000
0.020000 0.000000 0.000000 0.000000
0.030000 3628211.080000 4798.480000 70.480000
0.040000 26664714.520000 8351.090000 87.330000
0.050000 29366847.570000 8464.540000 72.030000
0.060000 32482464.620000 12084.840000 81.660000
0.070000 30103140.920000 10478.480000 76.470000
0.080000 27055045.080000 7569.700000 61.140000
0.090000 27874110.720000 7043.340000 57.650000
0.100000 27489015.010000 7051.640000 62.960000
0.110000 27318120.920000 7538.870000 68.210000
0.120000 27287628.410000 7631.900000 58.010000
0.130000 28707991.170000 8033.830000 59.450000
0.140000 28234235.300000 7810.740000 58.030000
0.150000 27950059.830000 7828.700000 59.130000
0.160000 28184744.680000 8474.950000 49.070000
0.170000 27833522.060000 8169.920000 56.710000
0.180000 34619472.820000 14231.020000 78.060000
0.190000 32409866.210000 12908.300000 59.440000
0.200000 33443782.720000 12981.110000 76.670000
0.210000 34543911.390000 15651.450000 63.670000
0.220000 32778817.680000 13529.490000 49.280000
0.230000 33512947.490000 13950.410000 57.020000
0.240000 34223235.830000 13500.690000 49.060000
0.250000 34401716.980000 14340.650000 45.240000
0.260000 34697278.250000 14329.490000 46.640000
0.270000 33614919.540000 13193.750000 40.050000
0.280000 32547946.220000 12817.700000 39.670000
0.290000 32992097.020000 13822.320000 35.290000
0.300000 32107205.950000 11769.330000 41.500000
0.310000 34152812.900000 13675.560000 37.030000
0.320000 33430024.860000 13923.350000 35.310000
0.330000 34404594.910000 13522.580000 29.950000
0.340000 32868638.820000 12562.800000 28.690000
0.350000 31577013.780000 12089.980000 26.870000
0.360000 32525637.450000 12852.290000 26.900000
0.370000 33072446.940000 11839.670000 24.290000
0.380000 33718464.660000 13291.410000 21.400000
0.390000 33741195.130000 14253.720000 26.710000
0.400000 33373225.980000 14177.880000 18.930000
0.410000 33257181.060000 14120.260000 15.770000
0.420000 32893287.060000 12427.470000 15.940000
0.430000 31841860.790000 11827.430000 12.880000
0.440000 34020700.330000 13955.440000 11.560000
0.450000 32890078.350000 12967.760000 15.130000
0.460000 33637224.640000 13681.320000 9.180000
0.470000 33582616.020000 13374.150000 8.410000
0.480000 31634457.300000 13200.020000 8.540000
0.490000 34267535.620000 13508.610000 10.660000
0.500000 31902752.560000 11368.020000 6.480000
0.510000 32924938.860000 13306.530000 5.110000
0.520000 31524702.070000 12389.660000 7.010000
0.530000 32236310.380000 11955.950000 6.300000
0.540000 33983447.050000 14258.420000 5.160000
0.550000 34064515.990000 14017.820000 4.840000
0.560000 33154811.060000 12201.870000 4.170000
0.570000 33111154.320000 13650.070000 5.690000
0.580000 29904806.850000 10741.340000 3.720000
0.590000 31310807.040000 12111.460000 5.400000
0.600000 35245322.310000 14897.610000 4.730000
0.610000 34399757.630000 14301.780000 6.000000
0.620000 35073890.400000 14499.770000 2.460000
0.630000 32994327.380000 13444.780000 4.190000
0.640000 30854672.430000 11563.980000 2.950000
0.650000 32897378.310000 12670.050000 5.200000
0.660000 32669637.570000 11843.220000 3.690000
0.670000 32008352.390000 12114.120000 5.070000
0.680000 33206423.560000 12127.830000 3.330000
0.690000 33140007.900000 12200.980000 3.160000
0.700000 1295823.670000 504.260000 0.090000
0.710000 0.000000 0.000000 0.000000
0.720000 0.000000 0.000000 0.000000
0.730000 0.000000 0.000000 0.000000
0.740000 0.000000 0.000000 0.000000
0.750000 0.000000 0.000000 0.000000
0.760000 0.000000 0.000000 0.000000
0.770000 0.000000 0.000000 0.000000
0.780000 0.000000 0.000000 0.000000
0.790000 0.000000 0.000000 0.000000
0.800000 0.000000 0.000000 0.000000
0.810000 0.000000 0.000000 0.000000
0.820000 0.000000 0.000000 0.000000
0.830000 0.000000 0.000000 0.000000
0.840000 0.000000 0.000000 0.000000
0.850000 0.000000 0.000000 0.000000
0.860000 0.000000 0.000000 0.000000
0.870000 0.000000 0.000000 0.000000
0.880000 0.000000 0.000000 0.000000
0.890000 0.000000 0.000000 0.000000
0.900000 0.000000 0.000000 0.000000
0.910000 0.000000 0.000000 0.000000
0.920000 0.000000 0.000000 0.000000
0.930000 0.000000 0.000000 0.000000
0.940000 0.000000 0.000000 0.000000
0.950000 0.000000 0.000000 0.000000
0.960000 0.000000 0.000000 0.000000
0.970000 0.000000 0.000000 0.000000
0.980000 0.000000 0.000000 0.000000
0.990000 0.000000 0.000000 0.000000
1.000000 0.000000 0.000000 0.000000
