0.000000 6454874.170000 6224.550000 50.760000
0.010000 0.000000 0.000000 0.000000
0.020000 0.000000 0.000000 0.000000
0.030000 3897385.150000 5238.260000 48.870000
0.040000 26142292.160000 8019.460000 3.970000
0.050000 30070804.670000 8873.450000 4.470000
0.060000 33126798.810000 12534.590000 2.870000
0.070000 29936634.720000 10377.770000 3.940000
0.080000 27027701.890000 7680.120000 3.770000
0.090000 27926574.560000 7185.250000 3.370000
0.100000 27488037.220000 7138.280000 3.330000
0.110000 27390138.960000 7753.680000 1.570000
0.120000 27219676.170000 7812.630000 3.100000
0.130000 28796294.750000 8083.330000 1.300000
0.140000 28205825.450000 7908.330000 1.700000
0.150000 28069772.440000 7930.480000 1.980000
0.160000 28069678.550000 8546.630000 2.560000
0.170000 27922730.300000 8522.800000 4.010000
0.180000 34700947.840000 14574.270000 3.730000
0.190000 32144811.550000 12937.860000 3.210000
0.200000 33573747.490000 13237.000000 3.280000
0.210000 34387910.960000 15705.820000 2.910000
0.220000 32870698.830000 13836.050000 5.280000
0.230000 33538044.130000 14314.920000 4.200000
0.240000 34138415.890000 13644.290000 2.660000
0.250000 34509935.310000 14797.670000 2.250000
0.260000 34572920.590000 14620.600000 2.400000
0.270000 33819676.040000 13392.590000 2.220000
0.280000 32516344.390000 13143.820000 1.460000
0.290000 32665790.250000 14301.780000 2.580000
0.300000 32236629.900000 12266.920000 2.570000
0.310000 34268297.400000 14222.460000 1.910000
0.320000 33284150.050000 14279.290000 1.690000
0.330000 34365246.980000 14294.420000 1.670000
0.340000 32808360.770000 13281.320000 1.480000
0.350000 31667006.170000 12909.230000 1.790000
0.360000 32589534.590000 13393.530000 1.010000
0.370000 32879592.850000 12685.780000 0.690000
0.380000 33772980.340000 14013.510000 0.850000
0.390000 33684665.360000 14809.050000 0.450000
0.400000 33474419.090000 14554.150000 0.480000
0.410000 33153642.460000 14469.020000 0.310000
0.420000 32856982.420000 12739.980000 0.390000
0.430000 31776697.470000 12332.430000 0.490000
0.440000 34015499.780000 14308.630000 0.280000
0.450000 32926095.170000 13096.760000 0.320000
0.460000 33567129.040000 13775.830000 0.320000
0.470000 33586751.020000 13690.920000 0.390000
0.480000 31550355.210000 13278.090000 0.190000
0.490000 34268355.410000 13854.700000 0.380000
0.500000 31858652.370000 11834.290000 0.150000
0.510000 32918920.920000 13835.800000 0.250000
0.520000 31461536.790000 12833.910000 0.220000
0.530000 32268916.960000 12206.340000 0.360000
0.540000 33951472.370000 14502.670000 0.220000
0.550000 34100267.840000 14209.680000 0.140000
0.560000 33059886.620000 12182.570000 0.220000
0.570000 33137721.460000 13865.540000 0.120000
0.580000 29816911.710000 11015.390000 0.120000
0.590000 31304028.110000 12371.350000 0.240000
0.600000 35253321.970000 15436.420000 0.100000
0.610000 34433674.820000 14502.170000 0.180000
0.620000 35049999.980000 15029.740000 0.110000
0.630000 32919609.190000 14220.170000 0.170000
0.640000 30894379.000000 12256.510000 0.130000
0.650000 32749729.710000 13218.220000 0.190000
0.660000 32615228.070000 12367.460000 0.120000
0.670000 31979934.260000 12642.600000 0.120000
0.680000 33252720.230000 13131.690000 0.180000
0.690000 33180215.420000 12770.880000 0.140000
0.700000 640668.930000 266.090000 0.010000
0.710000 0.000000 0.000000 0.000000
0.720000 0.000000 0.000000 0.000000
0.730000 0.000000 0.000000 0.000000
0.740000 0.000000 0.000000 0.000000
0.750000 0.000000 0.000000 0.000000
0.760000 0.000000 0.000000 0.000000
0.770000 0.000000 0.000000 0.000000
0.780000 0.000000 0.000000 0.000000
0.790000 0.000000 0.000000 0.000000
0.800000 0.000000 0.000000 0.000000
0.810000 0.000000 0.000000 0.000000
0.820000 0.000000 0.000000 0.000000
0.830000 0.000000 0.000000 0.000000
0.840000 0.000000 0.000000 0.000000
0.850000 0.000000 0.000000 0.000000
0.860000 0.000000 0.000000 0.000000
0.870000 0.000000 0.000000 0.000000
0.880000 0.000000 0.000000 0.000000
0.890000 0.000000 0.000000 0.000000
0.900000 0.000000 0.000000 0.000000
0.910000 0.000000 0.000000 0.000000
0.920000 0.000000 0.000000 0.000000
0.930000 0.000000 0.000000 0.000000
0.940000 0.000000 0.000000 0.000000
0.950000 0.000000 0.000000 0.000000
0.960000 0.000000 0.000000 0.000000
0.970000 0.000000 0.000000 0.000000
0.980000 0.000000 0.000000 0.000000
0.990000 0.000000 0.000000 0.000000
1.000000 0.000000 0.000000 0.000000
