0.000000 2399756.080000 4838.960000 769.620000
0.010000 0.000000 0.000000 0.000000
0.020000 0.000000 0.000000 0.000000
0.030000 2399756.080000 4838.960000 769.620000
0.040000 25429800.520000 12126.230000 6350.190000
0.050000 27032715.710000 14455.180000 9182.130000
0.060000 30243340.670000 17114.200000 8526.810000
0.070000 28798417.010000 16195.470000 8079.350000
0.080000 26071845.820000 13863.010000 8558.990000
0.090000 25759941.520000 12683.020000 7597.070000
0.100000 26405667.060000 13032.300000 8201.010000
0.110000 25750604.600000 12705.460000 7914.220000
0.120000 25526551.730000 12660.970000 7624.520000
0.130000 26038877.700000 13945.000000 8801.220000
0.140000 26774708.030000 13577.420000 8337.530000
0.150000 26611336.810000 13153.640000 8021.260000
0.160000 25739697.410000 13232.150000 7937.420000
0.170000 26510646.400000 15423.710000 9937.060000
0.180000 27516696.630000 15410.970000 8835.540000
0.190000 30634711.560000 20017.650000 10825.880000
0.200000 30118295.490000 19391.490000 10474.250000
0.210000 30475066.690000 19919.670000 10756.230000
0.220000 31415129.590000 20202.490000 10115.750000
0.230000 31219990.390000 19725.110000 9758.750000
0.240000 30928124.430000 19390.490000 9608.060000
0.250000 31291433.480000 19298.510000 9894.960000
0.260000 31566112.650000 20459.170000 10751.140000
0.270000 31849681.540000 20342.350000 10588.620000
0.280000 31236768.400000 18556.650000 9414.490000
0.290000 31004109.700000 18763.030000 9303.840000
0.300000 30527109.060000 18952.170000 9573.450000
0.310000 30052418.900000 18342.420000 9539.710000
0.320000 30770025.540000 18531.530000 9439.330000
0.330000 31170737.040000 18934.380000 9530.010000
0.340000 31921166.360000 19088.010000 9265.000000
0.350000 31276060.380000 18279.120000 8967.520000
0.360000 30328037.870000 17779.220000 8803.770000
0.370000 30571549.790000 17313.310000 7866.560000
0.380000 31077518.020000 17154.600000 8075.130000
0.390000 30791974.020000 16443.590000 7639.380000
0.400000 31441175.020000 17778.770000 8283.720000
0.410000 31180601.990000 18334.660000 8311.880000
0.420000 31460770.920000 19078.020000 8272.210000
0.430000 31123894.240000 18808.510000 8292.200000
0.440000 30935763.490000 18298.710000 8595.510000
0.450000 30596596.050000 17514.500000 8093.730000
0.460000 30913430.510000 17868.520000 8140.090000
0.470000 31147416.010000 18049.160000 8319.210000
0.480000 31409313.780000 18132.710000 8326.050000
0.490000 31188050.100000 17949.660000 8341.980000
0.500000 30685445.670000 18324.040000 8738.710000
0.510000 30836266.420000 17647.220000 8295.940000
0.520000 30867813.670000 17120.510000 7991.360000
0.530000 30566900.600000 17523.220000 8236.440000
0.540000 30448733.730000 16982.410000 7707.860000
0.550000 30404408.410000 16957.200000 7704.350000
0.560000 30548772.110000 17517.770000 7957.680000
0.570000 31119776.590000 18752.210000 8870.750000
0.580000 31256214.920000 18922.240000 9017.710000
0.590000 31072520.210000 18809.610000 9123.910000
0.600000 30283806.610000 17639.030000 8546.600000
0.610000 29295721.390000 17937.400000 9120.080000
0.620000 29831467.450000 17816.160000 8824.540000
0.630000 30626087.470000 19744.390000 10298.260000
0.640000 31588269.460000 19844.580000 9742.310000
0.650000 31785497.530000 20080.570000 9685.780000
0.660000 30905949.180000 19477.730000 9892.060000
0.670000 30563145.810000 18548.210000 9138.660000
0.680000 30287801.370000 17636.590000 8589.850000
0.690000 30352188.140000 17245.770000 8270.990000
0.700000 30379567.520000 17322.380000 8383.480000
0.710000 30443612.180000 17221.090000 8423.060000
0.720000 29424591.160000 16883.420000 8473.600000
0.730000 22878699.260000 13363.800000 6834.450000
0.740000 15905430.840000 9874.180000 5423.250000
0.750000 8548569.990000 6172.200000 3711.700000
0.760000 3904801.680000 3705.720000 2515.340000
0.770000 2481226.510000 2294.870000 1497.860000
0.780000 1522188.160000 1800.970000 1327.090000
0.790000 610159.070000 1326.860000 1097.810000
0.800000 593766.210000 1277.100000 1064.500000
0.810000 621872.670000 1314.910000 1094.780000
0.820000 664705.210000 1363.240000 1131.500000
0.830000 365084.960000 1174.680000 1031.830000
0.840000 341347.980000 1237.840000 1109.350000
0.850000 312907.470000 1206.310000 1087.160000
0.860000 310794.090000 1218.970000 1097.340000
0.870000 344648.470000 1115.500000 982.300000
0.880000 322017.490000 1135.060000 1022.260000
0.890000 375486.910000 1000.920000 880.570000
0.900000 364148.440000 1022.900000 894.510000
0.910000 511885.470000 813.180000 635.390000
0.920000 545092.240000 710.770000 539.220000
0.930000 557786.280000 738.940000 556.970000
0.940000 551131.490000 733.750000 561.440000
0.950000 544979.750000 659.530000 516.370000
0.960000 536151.620000 638.090000 494.520000
0.970000 242429.350000 480.930000 411.360000
0.980000 236407.070000 502.510000 428.490000
0.990000 238780.880000 480.090000 408.220000
1.000000 236017.990000 478.050000 411.670000
