11199652.000000 155780.000000 2802.000000
11414502.000000 155801.000000 1550.000000
10586030.000000 155768.000000 1640.000000
11324995.000000 155771.000000 715.000000
10874997.000000 155769.000000 651.000000
11346825.000000 155789.000000 2241.000000
10482761.000000 155774.000000 1926.000000
10688446.000000 155766.000000 5032.000000
10423958.000000 155781.000000 2159.000000
10514887.000000 155763.000000 3774.000000
11329329.000000 155783.000000 4447.000000
11018414.000000 155778.000000 2888.000000
