3796214.000000 30738.000000 11727.000000
4060014.000000 33337.000000 11703.000000
4017140.000000 32292.000000 11711.000000
4376824.000000 36834.000000 11711.000000
3322959.000000 29974.000000 11705.000000
3549717.000000 30883.000000 11792.000000
3859133.000000 31227.000000 11812.000000
4373044.000000 33886.000000 11715.000000
3923803.000000 31534.000000 11599.000000
4124634.000000 30892.000000 11702.000000
4688072.000000 32425.000000 12452.000000
4234783.000000 32618.000000 11826.000000
4117743.000000 34190.000000 11690.000000
4420362.000000 34249.000000 12091.000000
3838808.000000 31271.000000 11707.000000
4116224.000000 32906.000000 11703.000000
3904597.000000 32300.000000 12090.000000
3916345.000000 30672.000000 11711.000000
3915221.000000 35555.000000 11766.000000
3923943.000000 36183.000000 12025.000000
4141083.000000 35684.000000 11751.000000
4041776.000000 35823.000000 11687.000000
3848430.000000 36128.000000 10840.000000
4304688.000000 33802.000000 11700.000000
3904911.000000 31244.000000 11722.000000
3479184.000000 30725.000000 12079.000000
4105705.000000 36237.000000 10899.000000
3686836.000000 33516.000000 10839.000000
3862214.000000 29666.000000 11698.000000
3985764.000000 29529.000000 12217.000000
3875338.000000 33236.000000 11266.000000
3765707.000000 31800.000000 10794.000000
3822982.000000 31604.000000 11573.000000
4434042.000000 33275.000000 12529.000000
3673602.000000 28118.000000 11663.000000
3662750.000000 29454.000000 11699.000000
3893939.000000 31309.000000 12338.000000
3791336.000000 29471.000000 11809.000000
4356795.000000 34439.000000 11702.000000
3895710.000000 28957.000000 11713.000000
3873810.000000 31797.000000 11701.000000
4356460.000000 37973.000000 11697.000000
3788941.000000 32505.000000 11738.000000
4124416.000000 33146.000000 11706.000000
3792535.000000 31959.000000 11611.000000
3657538.000000 33237.000000 10826.000000
3891419.000000 35082.000000 11708.000000
3813074.000000 32606.000000 12229.000000
3942838.000000 32868.000000 11697.000000
4239296.000000 34005.000000 11696.000000
3963616.000000 30334.000000 11709.000000
4352832.000000 35185.000000 12340.000000
3523740.000000 35697.000000 11701.000000
4034939.000000 30942.000000 11587.000000
4231414.000000 37784.000000 11252.000000
3702417.000000 31051.000000 11708.000000
3334390.000000 26628.000000 11712.000000
3435367.000000 32207.000000 11712.000000
4203595.000000 38293.000000 11704.000000
3946293.000000 28585.000000 12189.000000
3990241.000000 27728.000000 11710.000000
4003911.000000 29327.000000 11707.000000
3872175.000000 28317.000000 11719.000000
4094363.000000 36618.000000 11699.000000
3977545.000000 29497.000000 11701.000000
3510528.000000 27584.000000 11713.000000
3970982.000000 34042.000000 11709.000000
3668168.000000 27789.000000 11716.000000
3402283.000000 30190.000000 11715.000000
3971517.000000 34480.000000 11696.000000
4219639.000000 34606.000000 11707.000000
4218334.000000 34973.000000 11700.000000
3865318.000000 33497.000000 10783.000000
3822789.000000 32459.000000 11869.000000
4015235.000000 33875.000000 11276.000000
4076200.000000 32466.000000 11927.000000
3925638.000000 28520.000000 11709.000000
4094182.000000 33683.000000 11717.000000
3483911.000000 31476.000000 11715.000000
3517972.000000 27623.000000 11654.000000
3741021.000000 30098.000000 11690.000000
3811904.000000 30337.000000 11711.000000
3951138.000000 30870.000000 11699.000000
4093850.000000 33693.000000 11524.000000
3280924.000000 29830.000000 11050.000000
4163294.000000 39348.000000 10824.000000
4132658.000000 32816.000000 11702.000000
3671622.000000 28115.000000 11701.000000
3694298.000000 29586.000000 11702.000000
3745696.000000 32250.000000 11724.000000
3841474.000000 28535.000000 11717.000000
3935044.000000 33019.000000 11696.000000
4182660.000000 36751.000000 10830.000000
3297072.000000 27136.000000 11720.000000
4155551.000000 33759.000000 11704.000000
3604143.000000 29173.000000 11786.000000
4179771.000000 33565.000000 11708.000000
4083244.000000 38716.000000 11710.000000
3768359.000000 33061.000000 11886.000000
3712414.000000 31036.000000 11437.000000
