14692445.000000 139060.000000 26231.000000
16583719.000000 195541.000000 23204.000000
17531644.000000 168024.000000 25919.000000
14718491.000000 205758.000000 23355.000000
14112702.000000 146764.000000 22496.000000
14038174.000000 134681.000000 22272.000000
16348440.000000 193599.000000 24138.000000
15476065.000000 156477.000000 26073.000000
15550565.000000 172790.000000 24407.000000
14089571.000000 160349.000000 24694.000000
19979704.000000 174464.000000 24857.000000
12665469.000000 129208.000000 23815.000000
15639979.000000 176633.000000 24573.000000
13689661.000000 151694.000000 24794.000000
16186638.000000 183620.000000 24344.000000
15617937.000000 152493.000000 24020.000000
16506519.000000 178770.000000 25723.000000
17020205.000000 199966.000000 24080.000000
17046524.000000 184744.000000 24796.000000
12811873.000000 125611.000000 25686.000000
15531894.000000 148393.000000 22650.000000
13567926.000000 137753.000000 22247.000000
18495207.000000 174303.000000 24957.000000
14538364.000000 147173.000000 25841.000000
10904301.000000 134738.000000 23131.000000
17121619.000000 206971.000000 23719.000000
12996933.000000 140753.000000 23800.000000
16879967.000000 158285.000000 28515.000000
16194072.000000 172455.000000 25200.000000
14227476.000000 154563.000000 22201.000000
17055246.000000 160390.000000 30825.000000
15172671.000000 154554.000000 21660.000000
14928835.000000 137644.000000 28963.000000
14327687.000000 161345.000000 24419.000000
14444290.000000 161848.000000 23240.000000
13065086.000000 151024.000000 22508.000000
16781519.000000 163909.000000 26100.000000
15674374.000000 151585.000000 22434.000000
14392836.000000 162646.000000 24235.000000
12770360.000000 146015.000000 25817.000000
14513284.000000 159356.000000 25287.000000
13389807.000000 144368.000000 24715.000000
12819245.000000 141703.000000 24124.000000
12995817.000000 152194.000000 24338.000000
15380443.000000 161445.000000 23198.000000
18847788.000000 177653.000000 27320.000000
17443398.000000 163343.000000 26538.000000
19104495.000000 184526.000000 23364.000000
17028247.000000 212490.000000 24011.000000
18753507.000000 176003.000000 24996.000000
12632508.000000 140943.000000 24031.000000
16525044.000000 169662.000000 23793.000000
15931428.000000 172022.000000 22623.000000
15424752.000000 207400.000000 23101.000000
16876297.000000 160481.000000 24348.000000
14549252.000000 159194.000000 22297.000000
15616380.000000 209534.000000 24073.000000
16589073.000000 175013.000000 25332.000000
18318341.000000 210926.000000 23762.000000
17713350.000000 216898.000000 23359.000000
16472018.000000 173118.000000 25024.000000
17121731.000000 191066.000000 25031.000000
17729734.000000 164422.000000 26015.000000
14521281.000000 174729.000000 24268.000000
17092948.000000 178322.000000 24970.000000
10679285.000000 124175.000000 24083.000000
10439470.000000 114003.000000 24198.000000
18509971.000000 190425.000000 22435.000000
11430813.000000 117516.000000 22845.000000
11707734.000000 116496.000000 24551.000000
14742739.000000 156034.000000 22763.000000
9966380.000000 117488.000000 23316.000000
11154217.000000 110969.000000 23278.000000
11875541.000000 115969.000000 23221.000000
11616727.000000 118832.000000 24596.000000
10882512.000000 117395.000000 22248.000000
11115419.000000 127533.000000 24302.000000
9823148.000000 103866.000000 23333.000000
10651059.000000 116419.000000 23876.000000
11054041.000000 109961.000000 27260.000000
11285733.000000 107234.000000 24914.000000
13842799.000000 144905.000000 23852.000000
10910867.000000 119546.000000 24650.000000
11892728.000000 130440.000000 23353.000000
13852417.000000 130900.000000 25522.000000
9605683.000000 127421.000000 22687.000000
10856745.000000 124547.000000 25068.000000
13555823.000000 130649.000000 25653.000000
13879904.000000 163507.000000 24478.000000
14179707.000000 151118.000000 23145.000000
11791651.000000 118629.000000 27979.000000
10060836.000000 106670.000000 22754.000000
13791900.000000 129041.000000 27598.000000
14420710.000000 180650.000000 22720.000000
10143693.000000 122484.000000 23042.000000
11109542.000000 129840.000000 23041.000000
10897557.000000 114474.000000 25081.000000
24836404.000000 222123.000000 16183.000000
11859070.000000 119772.000000 26979.000000
11802622.000000 125030.000000 26441.000000
