42945945.000000 29624.000000 28737.000000
42858855.000000 28894.000000 28782.000000
42988669.000000 29479.000000 29751.000000
43196747.000000 29312.000000 29092.000000
42705675.000000 29539.000000 28542.000000
43068861.000000 29707.000000 29333.000000
43062316.000000 29806.000000 27344.000000
43079961.000000 29104.000000 29003.000000
43136815.000000 29089.000000 29667.000000
42568878.000000 29540.000000 29375.000000
42950940.000000 29132.000000 28231.000000
43238749.000000 29011.000000 28975.000000
43054405.000000 29382.000000 29104.000000
42691681.000000 29534.000000 28315.000000
43149048.000000 29333.000000 28607.000000
43145107.000000 29246.000000 29750.000000
43085136.000000 29122.000000 29593.000000
42802566.000000 29187.000000 29627.000000
43057520.000000 29404.000000 30102.000000
42818901.000000 28869.000000 29506.000000
43143594.000000 29555.000000 27222.000000
42781685.000000 29607.000000 31210.000000
43083385.000000 29416.000000 29107.000000
42833360.000000 29351.000000 29690.000000
43001162.000000 29297.000000 28204.000000
43060860.000000 29421.000000 29914.000000
42976172.000000 29732.000000 29963.000000
43032456.000000 30387.000000 29205.000000
43026118.000000 29831.000000 28940.000000
43062767.000000 29053.000000 29679.000000
42672546.000000 28835.000000 28433.000000
42919453.000000 29428.000000 27468.000000
42690340.000000 29461.000000 27711.000000
43051585.000000 29230.000000 29215.000000
42818067.000000 29441.000000 29267.000000
43231141.000000 29994.000000 27230.000000
43197223.000000 29146.000000 29017.000000
42956096.000000 29315.000000 28711.000000
43115418.000000 29207.000000 29329.000000
43236185.000000 29158.000000 28885.000000
42803684.000000 29264.000000 29308.000000
42654372.000000 29284.000000 29247.000000
43165225.000000 29379.000000 28991.000000
42998686.000000 29316.000000 28651.000000
43106958.000000 29759.000000 27180.000000
42837078.000000 29495.000000 27198.000000
43195977.000000 29958.000000 29147.000000
43049864.000000 29477.000000 28855.000000
42996356.000000 29521.000000 29161.000000
43135598.000000 29330.000000 28656.000000
42677789.000000 30730.000000 27842.000000
43028076.000000 29824.000000 29767.000000
42265423.000000 28885.000000 29770.000000
43014122.000000 29652.000000 30920.000000
43017222.000000 29677.000000 27154.000000
43284877.000000 29367.000000 28700.000000
42722588.000000 29088.000000 28477.000000
43026472.000000 29375.000000 28447.000000
42720390.000000 28665.000000 27967.000000
43089753.000000 29674.000000 29501.000000
42686147.000000 29522.000000 29161.000000
43009750.000000 30022.000000 28334.000000
42956693.000000 29513.000000 29118.000000
43017987.000000 29473.000000 28687.000000
42795220.000000 29309.000000 29834.000000
42823681.000000 29243.000000 29577.000000
42555900.000000 29375.000000 28914.000000
43093697.000000 29329.000000 27187.000000
43148549.000000 29166.000000 28466.000000
42902149.000000 29462.000000 29407.000000
43052249.000000 29118.000000 29798.000000
43232563.000000 29135.000000 29078.000000
42596271.000000 29709.000000 29038.000000
42943710.000000 29384.000000 29091.000000
42895622.000000 29095.000000 28615.000000
43176384.000000 29337.000000 27912.000000
43041902.000000 29851.000000 29789.000000
43259440.000000 29240.000000 27205.000000
43195418.000000 29155.000000 29215.000000
43024054.000000 29427.000000 28878.000000
43163686.000000 29567.000000 29426.000000
43126316.000000 30071.000000 29627.000000
42956767.000000 29422.000000 29116.000000
43012983.000000 29484.000000 28802.000000
43181040.000000 29113.000000 29197.000000
42884186.000000 29548.000000 29541.000000
42830449.000000 29648.000000 28752.000000
43255010.000000 29459.000000 28692.000000
43003189.000000 29368.000000 27231.000000
42924771.000000 29420.000000 28183.000000
42981799.000000 29796.000000 29385.000000
42699164.000000 28778.000000 27733.000000
42673543.000000 29170.000000 28865.000000
43196461.000000 29322.000000 28395.000000
43040197.000000 29194.000000 29772.000000
42821136.000000 29187.000000 28566.000000
42913704.000000 29632.000000 29139.000000
42970980.000000 29148.000000 28453.000000
43054997.000000 29414.000000 29660.000000
42971072.000000 29796.000000 28116.000000
