50120331.000000 18687.000000 4175.000000
50012614.000000 18829.000000 4824.000000
50314075.000000 19194.000000 3926.000000
50161910.000000 18955.000000 4534.000000
50203654.000000 18853.000000 4175.000000
50398535.000000 19229.000000 3920.000000
50285492.000000 19124.000000 4083.000000
50106703.000000 19118.000000 4395.000000
49926586.000000 18901.000000 5077.000000
50211942.000000 18689.000000 4397.000000
50410338.000000 19408.000000 3904.000000
50110738.000000 18931.000000 4444.000000
50324114.000000 18728.000000 4033.000000
50066302.000000 19132.000000 4609.000000
50130346.000000 18709.000000 4714.000000
50134678.000000 18415.000000 4413.000000
50129509.000000 18334.000000 4348.000000
50021167.000000 18413.000000 4858.000000
50573869.000000 18687.000000 2721.000000
50033040.000000 18698.000000 4529.000000
50075525.000000 19120.000000 4549.000000
50113299.000000 19122.000000 4475.000000
50348416.000000 18337.000000 3254.000000
50604278.000000 19123.000000 2905.000000
46761620.000000 17319.000000 17199.000000
50213660.000000 19079.000000 4733.000000
49998417.000000 18519.000000 4989.000000
50256337.000000 19070.000000 3864.000000
50142922.000000 19180.000000 4491.000000
50337177.000000 19120.000000 3935.000000
50084418.000000 18921.000000 5066.000000
50237643.000000 18698.000000 4204.000000
50110247.000000 18994.000000 4981.000000
49955559.000000 19187.000000 5241.000000
50093801.000000 18711.000000 4621.000000
50075525.000000 18882.000000 4560.000000
50110123.000000 18748.000000 4685.000000
50053429.000000 19271.000000 4509.000000
49899974.000000 18837.000000 4578.000000
50231816.000000 19120.000000 4492.000000
50118430.000000 19099.000000 4438.000000
50002992.000000 18574.000000 4914.000000
50299536.000000 18694.000000 3849.000000
50432807.000000 19166.000000 3821.000000
50150935.000000 18632.000000 3856.000000
50198232.000000 18274.000000 4290.000000
50155115.000000 19002.000000 3797.000000
50159486.000000 18799.000000 3773.000000
50381358.000000 18837.000000 3382.000000
50340106.000000 19127.000000 3764.000000
50304970.000000 18690.000000 4048.000000
50403621.000000 19507.000000 3969.000000
50465625.000000 18714.000000 3466.000000
50426902.000000 19424.000000 3242.000000
50212818.000000 19128.000000 4140.000000
50210043.000000 18712.000000 4072.000000
50089165.000000 18284.000000 4309.000000
50135660.000000 18971.000000 4157.000000
50014002.000000 19116.000000 4736.000000
50281059.000000 19146.000000 4073.000000
49800854.000000 18820.000000 5146.000000
49994635.000000 19146.000000 4799.000000
50280302.000000 18714.000000 3516.000000
50344301.000000 19149.000000 3935.000000
50112894.000000 19125.000000 4322.000000
49961408.000000 18700.000000 5175.000000
50165892.000000 19140.000000 4268.000000
50385536.000000 19125.000000 3498.000000
50094422.000000 18741.000000 4541.000000
50342065.000000 19120.000000 3936.000000
50573782.000000 19141.000000 3118.000000
50281539.000000 18698.000000 4074.000000
50554826.000000 18700.000000 3178.000000
50162764.000000 19108.000000 4383.000000
50090123.000000 19122.000000 4911.000000
50109527.000000 18453.000000 4877.000000
50653501.000000 18785.000000 2585.000000
50292820.000000 19148.000000 3954.000000
50107129.000000 18869.000000 4549.000000
50082964.000000 18690.000000 4332.000000
49892191.000000 19161.000000 4879.000000
50170204.000000 19073.000000 4190.000000
49983063.000000 18761.000000 5041.000000
50095990.000000 18280.000000 4605.000000
50111963.000000 18695.000000 4638.000000
50193173.000000 18472.000000 4471.000000
49963185.000000 18693.000000 4796.000000
50275802.000000 18701.000000 3909.000000
50474557.000000 19117.000000 3153.000000
50123540.000000 19139.000000 4501.000000
49990153.000000 18825.000000 5381.000000
50117223.000000 18698.000000 4050.000000
50200171.000000 19013.000000 4446.000000
50134667.000000 19085.000000 4480.000000
50262534.000000 19086.000000 4495.000000
50377306.000000 19183.000000 3222.000000
50228078.000000 19124.000000 4329.000000
50101870.000000 19125.000000 4388.000000
50217296.000000 18711.000000 4408.000000
49818509.000000 18702.000000 4813.000000
