15640464.000000 160636.000000 81575.000000
15684376.000000 162997.000000 80907.000000
15587148.000000 161544.000000 80953.000000
15706230.000000 160834.000000 81367.000000
15724377.000000 163804.000000 80837.000000
15719893.000000 163471.000000 81064.000000
15788472.000000 162572.000000 80945.000000
15796419.000000 164608.000000 81171.000000
15631504.000000 162676.000000 80569.000000
15920793.000000 162663.000000 82208.000000
15884363.000000 164377.000000 81555.000000
15612834.000000 160216.000000 81314.000000
15749555.000000 163269.000000 81149.000000
15728749.000000 163829.000000 80990.000000
15925960.000000 162956.000000 81710.000000
15792290.000000 164708.000000 80740.000000
15600901.000000 160203.000000 81354.000000
15798137.000000 162931.000000 81499.000000
15634200.000000 162741.000000 80604.000000
15737586.000000 161575.000000 81644.000000
15687037.000000 161468.000000 80529.000000
15566903.000000 162112.000000 80186.000000
15639178.000000 160162.000000 81443.000000
15522695.000000 160728.000000 80690.000000
15912661.000000 162922.000000 81611.000000
15733977.000000 161698.000000 81411.000000
15603565.000000 161086.000000 80919.000000
15692319.000000 163016.000000 80861.000000
15870021.000000 163080.000000 81415.000000
15800216.000000 162086.000000 81136.000000
15645667.000000 163359.000000 80151.000000
15798520.000000 161948.000000 81777.000000
15889002.000000 163039.000000 81559.000000
15641152.000000 160044.000000 81595.000000
16003962.000000 164052.000000 82151.000000
15859495.000000 165232.000000 81309.000000
15691330.000000 162028.000000 81077.000000
15614261.000000 159574.000000 81552.000000
15608211.000000 163248.000000 79835.000000
15555995.000000 164198.000000 78062.000000
15592665.000000 162490.000000 80240.000000
15818003.000000 163157.000000 81593.000000
15649693.000000 162186.000000 81092.000000
15614062.000000 160756.000000 81247.000000
15837729.000000 162757.000000 81235.000000
15733617.000000 161589.000000 81574.000000
15719645.000000 163197.000000 81031.000000
15822943.000000 162836.000000 81600.000000
15587567.000000 162165.000000 80314.000000
15560613.000000 161888.000000 80022.000000
15785328.000000 162396.000000 81507.000000
15921333.000000 163324.000000 81704.000000
15566343.000000 163811.000000 78410.000000
15840004.000000 163090.000000 81702.000000
15701988.000000 160180.000000 81924.000000
15744404.000000 163489.000000 80987.000000
15737486.000000 163341.000000 81157.000000
15542663.000000 160906.000000 80848.000000
15707765.000000 163089.000000 81047.000000
15905830.000000 162971.000000 81682.000000
15575078.000000 162404.000000 80015.000000
15603658.000000 161616.000000 80649.000000
15550300.000000 160961.000000 80774.000000
15737441.000000 161605.000000 81525.000000
15731671.000000 163395.000000 81285.000000
15739719.000000 163411.000000 81138.000000
15809016.000000 161667.000000 81783.000000
15997932.000000 163672.000000 82047.000000
15837695.000000 165267.000000 81060.000000
15780512.000000 164699.000000 80647.000000
15572421.000000 160976.000000 80857.000000
15788569.000000 162010.000000 81523.000000
15521290.000000 161063.000000 80420.000000
15664616.000000 160190.000000 81292.000000
15633219.000000 159844.000000 81475.000000
15750857.000000 163650.000000 81209.000000
15784312.000000 162117.000000 81468.000000
15758533.000000 164594.000000 80596.000000
15593908.000000 161457.000000 80823.000000
15775293.000000 162454.000000 81405.000000
15855614.000000 165654.000000 81247.000000
15621034.000000 160794.000000 81170.000000
15741684.000000 163498.000000 81011.000000
15739488.000000 163735.000000 81141.000000
15864702.000000 162841.000000 81389.000000
15636694.000000 162179.000000 80955.000000
15865951.000000 161980.000000 82249.000000
15747840.000000 162280.000000 81475.000000
15760667.000000 164351.000000 80817.000000
15740161.000000 161362.000000 81595.000000
15657262.000000 162820.000000 80672.000000
15977283.000000 163738.000000 81763.000000
15833562.000000 162920.000000 81397.000000
15447306.000000 160041.000000 79993.000000
15926025.000000 163369.000000 81555.000000
15760518.000000 163484.000000 81061.000000
15750373.000000 163301.000000 81215.000000
15789161.000000 163829.000000 81301.000000
15837424.000000 165270.000000 81002.000000
15718471.000000 160542.000000 82035.000000
