13904895.000000 158633.000000 43271.000000
17781690.000000 151076.000000 50111.000000
17705194.000000 166052.000000 50650.000000
12848160.000000 173774.000000 39997.000000
17804238.000000 174854.000000 47910.000000
14195978.000000 145589.000000 38988.000000
12716256.000000 174698.000000 39977.000000
15421840.000000 147571.000000 39996.000000
13213260.000000 195579.000000 35587.000000
17102606.000000 161654.000000 51912.000000
18184542.000000 174241.000000 49652.000000
14737670.000000 141516.000000 37852.000000
14257167.000000 176726.000000 44152.000000
15033516.000000 122196.000000 41519.000000
16059053.000000 162015.000000 50264.000000
13170481.000000 164299.000000 40715.000000
14054464.000000 151883.000000 40504.000000
13125887.000000 172761.000000 40413.000000
16381040.000000 147030.000000 50414.000000
16118614.000000 162425.000000 47446.000000
12991000.000000 165598.000000 38470.000000
17184729.000000 156705.000000 50956.000000
12575578.000000 178651.000000 37573.000000
16364795.000000 157218.000000 50196.000000
17543485.000000 161963.000000 49825.000000
16897812.000000 160785.000000 49025.000000
16871779.000000 156637.000000 48716.000000
13549773.000000 161938.000000 39282.000000
17063546.000000 159321.000000 51821.000000
17264914.000000 166926.000000 49394.000000
18072997.000000 167256.000000 49836.000000
13125594.000000 167447.000000 39899.000000
14748107.000000 134872.000000 39283.000000
17539204.000000 162231.000000 50847.000000
15624076.000000 130196.000000 49874.000000
17833383.000000 162590.000000 48567.000000
14882892.000000 136881.000000 40705.000000
17818852.000000 158430.000000 50878.000000
17965086.000000 159579.000000 49239.000000
12903294.000000 169029.000000 38590.000000
13337697.000000 158618.000000 38686.000000
15323598.000000 151052.000000 46651.000000
13233764.000000 167382.000000 40339.000000
13122789.000000 169042.000000 40016.000000
14723943.000000 139639.000000 37922.000000
16164321.000000 150802.000000 49622.000000
14351363.000000 159547.000000 46014.000000
17681012.000000 159773.000000 49283.000000
13820464.000000 153619.000000 38414.000000
12999570.000000 180391.000000 39213.000000
12397074.000000 176501.000000 39498.000000
17751050.000000 153293.000000 49256.000000
15491340.000000 176937.000000 42928.000000
13707716.000000 147505.000000 39704.000000
13317528.000000 173889.000000 40600.000000
13351915.000000 162871.000000 37535.000000
17036491.000000 161657.000000 47034.000000
13995584.000000 160107.000000 41669.000000
14834363.000000 153989.000000 45208.000000
17747487.000000 162705.000000 49048.000000
13982596.000000 162228.000000 40466.000000
12665693.000000 176374.000000 38102.000000
12790582.000000 178289.000000 38234.000000
15590042.000000 165181.000000 47848.000000
14282089.000000 146187.000000 40495.000000
15743097.000000 149821.000000 46098.000000
14187728.000000 136589.000000 39314.000000
12849513.000000 163856.000000 39510.000000
14142720.000000 158335.000000 43157.000000
13853218.000000 143899.000000 38397.000000
12940965.000000 177248.000000 36637.000000
14915216.000000 129764.000000 37892.000000
14417819.000000 143689.000000 39498.000000
13694714.000000 154941.000000 38216.000000
14158852.000000 139551.000000 45819.000000
15376699.000000 161439.000000 47533.000000
14673336.000000 136520.000000 39861.000000
15183894.000000 162742.000000 46540.000000
13509134.000000 176990.000000 41481.000000
17972120.000000 164937.000000 49834.000000
12969998.000000 168669.000000 37891.000000
14146208.000000 146295.000000 40393.000000
13694464.000000 155622.000000 39015.000000
14590799.000000 144176.000000 39300.000000
15443240.000000 184096.000000 47408.000000
15204602.000000 132365.000000 40374.000000
12467303.000000 184538.000000 39550.000000
17484113.000000 165421.000000 49076.000000
13139737.000000 166837.000000 39352.000000
12555243.000000 180926.000000 39874.000000
15154927.000000 138338.000000 38024.000000
12790215.000000 176386.000000 39199.000000
17594989.000000 170728.000000 51405.000000
15084418.000000 167818.000000 44480.000000
25416057.000000 212082.000000 58525.000000
16116911.000000 166878.000000 51653.000000
14127181.000000 153170.000000 43609.000000
14189333.000000 160385.000000 40018.000000
12657720.000000 173633.000000 40143.000000
12725314.000000 173299.000000 38080.000000
