50456071.000000 19298.000000 3549.000000
49055206.000000 18442.000000 7223.000000
50298847.000000 19543.000000 3775.000000
50126337.000000 18706.000000 3968.000000
50676405.000000 19259.000000 2570.000000
50617590.000000 18705.000000 2703.000000
50559523.000000 19225.000000 2716.000000
50486419.000000 18685.000000 3215.000000
50535034.000000 19043.000000 3330.000000
50458196.000000 18785.000000 3408.000000
50490580.000000 19116.000000 3150.000000
49933089.000000 18737.000000 5272.000000
50818779.000000 18685.000000 2297.000000
50348001.000000 19088.000000 4154.000000
50001084.000000 19115.000000 3349.000000
50484783.000000 19118.000000 3206.000000
50536531.000000 18710.000000 2603.000000
50730646.000000 18939.000000 2918.000000
50410722.000000 19148.000000 3478.000000
50524573.000000 19184.000000 3297.000000
50172811.000000 19077.000000 4320.000000
50668523.000000 19207.000000 2841.000000
49956627.000000 19125.000000 4733.000000
50523984.000000 19465.000000 3475.000000
50445950.000000 18718.000000 3363.000000
50381567.000000 19131.000000 3566.000000
50365304.000000 19097.000000 3488.000000
50747209.000000 19376.000000 2605.000000
50657783.000000 18685.000000 2758.000000
50311286.000000 19301.000000 4118.000000
50429531.000000 19134.000000 3200.000000
50490299.000000 19114.000000 2843.000000
50263332.000000 18707.000000 4231.000000
50485862.000000 19116.000000 3354.000000
50639591.000000 19192.000000 2836.000000
50456585.000000 18945.000000 3370.000000
50517633.000000 19124.000000 3325.000000
50307580.000000 18675.000000 3627.000000
50472245.000000 19521.000000 3678.000000
50285847.000000 18992.000000 3787.000000
50111950.000000 18712.000000 4246.000000
50650727.000000 19214.000000 3079.000000
50405321.000000 18701.000000 3089.000000
50598034.000000 19118.000000 3260.000000
50510435.000000 19207.000000 3380.000000
50358103.000000 18989.000000 3871.000000
50603339.000000 19117.000000 2882.000000
50458343.000000 19014.000000 3090.000000
50192061.000000 18703.000000 4128.000000
50563360.000000 18693.000000 3012.000000
50345107.000000 19048.000000 3078.000000
50798744.000000 19146.000000 2355.000000
50516147.000000 19026.000000 3410.000000
50353317.000000 18726.000000 3479.000000
50557121.000000 18711.000000 3028.000000
50286482.000000 19411.000000 3721.000000
50724497.000000 19212.000000 2538.000000
50372521.000000 18713.000000 3627.000000
50021375.000000 19231.000000 3916.000000
50299716.000000 19129.000000 4072.000000
49909155.000000 19068.000000 3968.000000
50291810.000000 19170.000000 4046.000000
50287366.000000 19139.000000 2995.000000
50523711.000000 19012.000000 3405.000000
50983847.000000 19113.000000 1551.000000
50257203.000000 18931.000000 4150.000000
50090465.000000 18733.000000 4407.000000
50335424.000000 18891.000000 3691.000000
50485962.000000 19200.000000 2956.000000
50395557.000000 18746.000000 3208.000000
50510570.000000 19148.000000 3242.000000
50483513.000000 18695.000000 3296.000000
50157672.000000 19014.000000 4128.000000
50342181.000000 18754.000000 3728.000000
50391109.000000 19131.000000 3359.000000
50416670.000000 19211.000000 3531.000000
50291257.000000 18696.000000 3546.000000
49563705.000000 18796.000000 5940.000000
50639709.000000 18859.000000 2867.000000
50880347.000000 18693.000000 2324.000000
50261235.000000 18689.000000 3672.000000
50661787.000000 19119.000000 2654.000000
50364846.000000 18907.000000 3768.000000
50133163.000000 19038.000000 4866.000000
50340441.000000 18816.000000 3870.000000
50438587.000000 18688.000000 3094.000000
50640877.000000 18702.000000 2659.000000
50551672.000000 19420.000000 3296.000000
50562357.000000 19543.000000 3013.000000
50321294.000000 18865.000000 3940.000000
50501233.000000 19241.000000 2893.000000
50434908.000000 18760.000000 3509.000000
50450946.000000 19184.000000 3412.000000
50477297.000000 19115.000000 3163.000000
50575034.000000 19248.000000 2922.000000
50637166.000000 19120.000000 2776.000000
50581924.000000 19537.000000 3116.000000
50489054.000000 19127.000000 3255.000000
50348616.000000 19117.000000 3930.000000
50343022.000000 19117.000000 3952.000000
