49470031.000000 18616.000000 6800.000000
49568121.000000 18709.000000 6375.000000
50025156.000000 19088.000000 4906.000000
49705611.000000 18715.000000 6131.000000
49693799.000000 18759.000000 5622.000000
49687712.000000 18732.000000 6087.000000
49628288.000000 18793.000000 5743.000000
49895081.000000 18626.000000 5037.000000
49656083.000000 18708.000000 6092.000000
49518674.000000 18793.000000 6114.000000
49915793.000000 18637.000000 5289.000000
49645841.000000 18995.000000 5874.000000
49647798.000000 18700.000000 5829.000000
49592208.000000 18743.000000 6265.000000
50001018.000000 18642.000000 5178.000000
49727334.000000 18707.000000 6270.000000
49683484.000000 18708.000000 5632.000000
49572592.000000 18702.000000 6691.000000
49726976.000000 18728.000000 6049.000000
49458874.000000 18899.000000 6664.000000
49500829.000000 18372.000000 6587.000000
49437226.000000 18703.000000 6479.000000
49653933.000000 18550.000000 6206.000000
49735571.000000 18751.000000 6680.000000
49612980.000000 18700.000000 6138.000000
49819902.000000 18510.000000 5508.000000
49683754.000000 18701.000000 5975.000000
49743485.000000 18733.000000 5345.000000
49794341.000000 18770.000000 6471.000000
49596077.000000 18919.000000 6630.000000
49854497.000000 18699.000000 5346.000000
49608220.000000 18694.000000 6140.000000
49784374.000000 18688.000000 5850.000000
49859255.000000 18717.000000 5542.000000
49902910.000000 18761.000000 4770.000000
49700413.000000 18712.000000 5683.000000
49694269.000000 18796.000000 6087.000000
49729430.000000 18734.000000 5458.000000
49722523.000000 18803.000000 6007.000000
49615148.000000 18746.000000 6381.000000
49668590.000000 18531.000000 5763.000000
49880054.000000 18725.000000 5380.000000
49567535.000000 18701.000000 6247.000000
49534750.000000 18501.000000 6404.000000
50048266.000000 18731.000000 4921.000000
49676930.000000 18351.000000 6099.000000
49567253.000000 18756.000000 5854.000000
49678883.000000 18695.000000 6202.000000
49548974.000000 18705.000000 6300.000000
49625166.000000 18816.000000 5590.000000
49614646.000000 18699.000000 6054.000000
49794838.000000 18816.000000 5390.000000
49839907.000000 18694.000000 5347.000000
50017019.000000 18708.000000 4960.000000
49727546.000000 18716.000000 6081.000000
49809676.000000 19133.000000 5772.000000
49475676.000000 18706.000000 6457.000000
49824411.000000 18698.000000 5237.000000
49772777.000000 18718.000000 5826.000000
49719181.000000 18856.000000 6430.000000
49734323.000000 18698.000000 6619.000000
49742855.000000 18688.000000 6236.000000
49652056.000000 18704.000000 5637.000000
49636445.000000 18696.000000 5763.000000
49764347.000000 18725.000000 5793.000000
49834255.000000 19260.000000 5420.000000
49814538.000000 18466.000000 5381.000000
49793400.000000 18691.000000 4635.000000
49909557.000000 18849.000000 5401.000000
49592655.000000 18622.000000 6397.000000
49957721.000000 18762.000000 4584.000000
49906794.000000 18709.000000 5625.000000
49850768.000000 18776.000000 5319.000000
49764136.000000 18715.000000 5302.000000
49250194.000000 18770.000000 6529.000000
49560291.000000 18949.000000 5970.000000
49782430.000000 18865.000000 5104.000000
49975725.000000 18681.000000 4848.000000
49657277.000000 18435.000000 6342.000000
49401801.000000 18839.000000 5849.000000
49612097.000000 19128.000000 5363.000000
49737217.000000 18703.000000 5470.000000
49992701.000000 18708.000000 4888.000000
49620738.000000 18707.000000 5895.000000
49666543.000000 18566.000000 6114.000000
49726507.000000 18717.000000 5787.000000
49699891.000000 18563.000000 5780.000000
49556011.000000 18482.000000 6110.000000
49625091.000000 18625.000000 5332.000000
49504794.000000 19181.000000 6248.000000
49616319.000000 18716.000000 5904.000000
49773337.000000 18902.000000 5128.000000
49335116.000000 18724.000000 7010.000000
49854850.000000 18638.000000 5852.000000
49729947.000000 18782.000000 6409.000000
49501343.000000 18439.000000 6866.000000
49671314.000000 18746.000000 5872.000000
49451203.000000 18693.000000 6620.000000
49683871.000000 18723.000000 6039.000000
49565747.000000 18705.000000 5417.000000
