18632544.000000 194834.000000 94346.000000
18644981.000000 195719.000000 95159.000000
18671302.000000 195125.000000 94794.000000
18718705.000000 196562.000000 94349.000000
18704933.000000 195517.000000 94377.000000
18671195.000000 195130.000000 94555.000000
18690457.000000 195207.000000 94530.000000
18705838.000000 195942.000000 94346.000000
18613529.000000 194661.000000 95081.000000
18697834.000000 195427.000000 93877.000000
18623829.000000 194889.000000 94902.000000
18643789.000000 195269.000000 94530.000000
18647038.000000 194960.000000 94728.000000
18643006.000000 195066.000000 94728.000000
18660609.000000 194939.000000 94696.000000
18641529.000000 194925.000000 95231.000000
18631266.000000 194641.000000 94692.000000
18700955.000000 195269.000000 94240.000000
30518459.000000 138547.000000 43281.000000
18661543.000000 195274.000000 94824.000000
18650571.000000 195185.000000 94122.000000
18691454.000000 195137.000000 94602.000000
18747349.000000 195785.000000 94196.000000
18606480.000000 194683.000000 94947.000000
18658942.000000 195060.000000 94940.000000
18683292.000000 194918.000000 94495.000000
18654972.000000 195151.000000 94961.000000
18669113.000000 195540.000000 94493.000000
18626641.000000 194938.000000 94696.000000
18613880.000000 194647.000000 95037.000000
18596565.000000 194901.000000 94795.000000
18572048.000000 194208.000000 94604.000000
18615600.000000 194489.000000 94602.000000
18617714.000000 194569.000000 94187.000000
18603074.000000 194282.000000 94386.000000
18540514.000000 193766.000000 94172.000000
18681371.000000 195019.000000 94327.000000
18641729.000000 194872.000000 94644.000000
18618513.000000 194777.000000 94542.000000
18585057.000000 194235.000000 93854.000000
18622254.000000 194268.000000 94507.000000
18636687.000000 194629.000000 94412.000000
18631102.000000 194648.000000 94411.000000
18644373.000000 195371.000000 95003.000000
18618989.000000 194542.000000 94636.000000
18609962.000000 194597.000000 94846.000000
18677146.000000 195357.000000 94709.000000
18656811.000000 195602.000000 95187.000000
18619792.000000 194395.000000 95237.000000
18624582.000000 194930.000000 95093.000000
18648996.000000 195289.000000 95085.000000
18627978.000000 195197.000000 95191.000000
18634093.000000 194669.000000 94586.000000
18648355.000000 194716.000000 94823.000000
18649115.000000 195142.000000 94856.000000
18625997.000000 195085.000000 94876.000000
18627133.000000 194390.000000 95422.000000
18619658.000000 194667.000000 94924.000000
18673115.000000 195088.000000 94071.000000
18674258.000000 195014.000000 94213.000000
18695771.000000 195278.000000 94075.000000
18669503.000000 194809.000000 94586.000000
18669234.000000 195395.000000 95030.000000
18669659.000000 195148.000000 94787.000000
18673498.000000 195185.000000 95154.000000
18707640.000000 195569.000000 93701.000000
18614721.000000 195801.000000 95118.000000
18717536.000000 195476.000000 94035.000000
18669275.000000 195061.000000 94903.000000
18603317.000000 194506.000000 94992.000000
18652816.000000 194974.000000 94957.000000
18634449.000000 194734.000000 94977.000000
18634080.000000 194735.000000 95527.000000
18624190.000000 194675.000000 94638.000000
18636001.000000 194773.000000 94911.000000
18671572.000000 194949.000000 94684.000000
18639934.000000 194598.000000 94624.000000
18663899.000000 195162.000000 95082.000000
18674994.000000 195054.000000 94965.000000
18687734.000000 195013.000000 94833.000000
18663631.000000 195001.000000 95168.000000
18647386.000000 194848.000000 95121.000000
18610680.000000 194343.000000 95489.000000
18646236.000000 194708.000000 95250.000000
18687738.000000 195077.000000 95044.000000
18678299.000000 194983.000000 94753.000000
18652499.000000 194746.000000 95042.000000
18675212.000000 195083.000000 94587.000000
18436229.000000 192521.000000 94324.000000
18665960.000000 194801.000000 94957.000000
18671273.000000 194963.000000 94578.000000
18666189.000000 195057.000000 94986.000000
18675494.000000 194839.000000 94997.000000
18662289.000000 195250.000000 94568.000000
18654799.000000 195226.000000 94919.000000
18680465.000000 194925.000000 94285.000000
18680013.000000 195990.000000 95278.000000
18619804.000000 195226.000000 94999.000000
18652113.000000 195242.000000 94786.000000
18643840.000000 194474.000000 95459.000000
