2868586.000000 24714.000000 22682.000000
2938513.000000 23868.000000 23550.000000
3071924.000000 26596.000000 22737.000000
2735135.000000 26092.000000 21120.000000
2910570.000000 24058.000000 23535.000000
2928386.000000 26598.000000 21805.000000
2912841.000000 24690.000000 23117.000000
2929254.000000 23735.000000 23489.000000
2898461.000000 26495.000000 21651.000000
2761515.000000 24983.000000 21483.000000
3027169.000000 26494.000000 22530.000000
2910887.000000 24363.000000 23342.000000
2892626.000000 26218.000000 21808.000000
2926661.000000 23773.000000 23475.000000
3004483.000000 24150.000000 23540.000000
2916827.000000 23835.000000 23798.000000
2981470.000000 24292.000000 24012.000000
2941974.000000 23996.000000 23689.000000
2916102.000000 25988.000000 22065.000000
2930054.000000 24123.000000 23722.000000
2725382.000000 26074.000000 20876.000000
3034157.000000 25086.000000 24062.000000
2936682.000000 25469.000000 22648.000000
2893959.000000 25158.000000 22291.000000
2889191.000000 26337.000000 21597.000000
2953957.000000 24245.000000 23875.000000
2769596.000000 25797.000000 21449.000000
2913911.000000 25395.000000 23485.000000
2881258.000000 24539.000000 22837.000000
2885266.000000 23840.000000 23525.000000
2904626.000000 24310.000000 23185.000000
2942751.000000 24322.000000 23492.000000
2896358.000000 24317.000000 23228.000000
2922740.000000 24271.000000 23639.000000
2722927.000000 26174.000000 20912.000000
2964204.000000 24350.000000 23896.000000
2894127.000000 24256.000000 23340.000000
2926517.000000 24098.000000 23549.000000
2923908.000000 25500.000000 22634.000000
2764611.000000 24900.000000 21437.000000
2905849.000000 26466.000000 22693.000000
2930964.000000 24770.000000 23123.000000
3024995.000000 26758.000000 22456.000000
2888986.000000 25833.000000 21625.000000
2898971.000000 25351.000000 22374.000000
2895779.000000 24467.000000 23064.000000
3008663.000000 25024.000000 23946.000000
2747866.000000 25243.000000 21100.000000
2923385.000000 26201.000000 21825.000000
2729256.000000 25665.000000 21134.000000
2903261.000000 24627.000000 22838.000000
2780388.000000 25171.000000 21344.000000
2741695.000000 26162.000000 20944.000000
2894801.000000 24981.000000 22679.000000
2753057.000000 25839.000000 21170.000000
2920995.000000 26311.000000 21757.000000
2867572.000000 26074.000000 21621.000000
2888888.000000 25690.000000 23149.000000
2790438.000000 25009.000000 21751.000000
2734708.000000 25894.000000 20401.000000
2885486.000000 25171.000000 22007.000000
2890066.000000 24691.000000 22793.000000
2965761.000000 24034.000000 24012.000000
2713585.000000 25124.000000 20983.000000
2741353.000000 25221.000000 21390.000000
2843047.000000 24977.000000 21825.000000
2722537.000000 25848.000000 20419.000000
2903967.000000 24441.000000 22985.000000
2940947.000000 26186.000000 21883.000000
2699215.000000 25802.000000 20312.000000
3024129.000000 24906.000000 23542.000000
3015725.000000 25018.000000 24030.000000
2998248.000000 23851.000000 23551.000000
2785826.000000 26300.000000 20898.000000
2936886.000000 24314.000000 23471.000000
2932643.000000 25233.000000 23620.000000
2926287.000000 26127.000000 22238.000000
2937771.000000 26430.000000 22943.000000
2947731.000000 23731.000000 23674.000000
2897274.000000 24997.000000 22671.000000
2800792.000000 25172.000000 21904.000000
2931006.000000 25487.000000 22637.000000
2918827.000000 26230.000000 21740.000000
2868190.000000 25451.000000 23073.000000
3006244.000000 25089.000000 24006.000000
2748431.000000 26158.000000 20846.000000
2961132.000000 24598.000000 24006.000000
2841136.000000 25907.000000 22500.000000
3026526.000000 26660.000000 22767.000000
2784920.000000 25853.000000 21215.000000
2894470.000000 25273.000000 22375.000000
2947913.000000 24364.000000 23526.000000
3025056.000000 25252.000000 24006.000000
2962397.000000 25520.000000 23889.000000
3056534.000000 25105.000000 24094.000000
2977446.000000 24289.000000 23812.000000
2828006.000000 24829.000000 22252.000000
2947138.000000 23934.000000 23551.000000
3048509.000000 24611.000000 23554.000000
2964909.000000 23959.000000 23798.000000
