31788101.000000 93.000000 2.000000
31746319.000000 122.000000 3.000000
31717759.000000 85.000000 10.000000
31684186.000000 90.000000 4.000000
31701657.000000 99.000000 5.000000
31715762.000000 94.000000 5.000000
31691863.000000 117.000000 3.000000
32124788.000000 93.000000 0.000000
32068031.000000 92.000000 3.000000
31859297.000000 98.000000 9.000000
31722124.000000 93.000000 3.000000
31672361.000000 91.000000 0.000000
31739990.000000 89.000000 9.000000
31834521.000000 94.000000 0.000000
31642403.000000 95.000000 3.000000
31754231.000000 103.000000 0.000000
31890900.000000 94.000000 0.000000
31916552.000000 93.000000 3.000000
31711884.000000 123.000000 4.000000
31881698.000000 109.000000 0.000000
31673440.000000 95.000000 0.000000
31727745.000000 118.000000 2.000000
31629656.000000 117.000000 3.000000
31660689.000000 88.000000 2.000000
31701769.000000 102.000000 3.000000
31710343.000000 108.000000 0.000000
31801992.000000 124.000000 5.000000
31807477.000000 95.000000 0.000000
31661467.000000 106.000000 0.000000
31646920.000000 128.000000 4.000000
31864985.000000 97.000000 0.000000
31784563.000000 101.000000 0.000000
31840199.000000 94.000000 3.000000
31870450.000000 114.000000 0.000000
31720700.000000 122.000000 14.000000
31716414.000000 88.000000 2.000000
31681892.000000 101.000000 0.000000
31799288.000000 85.000000 0.000000
31678253.000000 98.000000 5.000000
31801772.000000 109.000000 3.000000
31637416.000000 128.000000 3.000000
31670882.000000 95.000000 8.000000
31677936.000000 114.000000 10.000000
31930182.000000 93.000000 0.000000
31701473.000000 91.000000 5.000000
31878257.000000 89.000000 5.000000
31850843.000000 120.000000 5.000000
31723747.000000 91.000000 16.000000
31673081.000000 83.000000 2.000000
31755146.000000 100.000000 5.000000
31839161.000000 148.000000 3.000000
31664633.000000 99.000000 2.000000
31673529.000000 104.000000 5.000000
31860382.000000 90.000000 0.000000
31752132.000000 113.000000 7.000000
31753676.000000 98.000000 2.000000
31819684.000000 109.000000 5.000000
31694905.000000 128.000000 2.000000
31851045.000000 79.000000 3.000000
31712408.000000 117.000000 0.000000
31685768.000000 99.000000 0.000000
31729886.000000 88.000000 6.000000
31830432.000000 102.000000 0.000000
31858704.000000 109.000000 5.000000
31745545.000000 105.000000 2.000000
31743913.000000 111.000000 2.000000
31742786.000000 108.000000 0.000000
31825201.000000 106.000000 0.000000
31849351.000000 166.000000 0.000000
31686906.000000 113.000000 0.000000
31729607.000000 73.000000 6.000000
31773321.000000 109.000000 7.000000
31675114.000000 99.000000 5.000000
31730281.000000 120.000000 14.000000
31868015.000000 80.000000 6.000000
31901882.000000 99.000000 18.000000
31691734.000000 123.000000 0.000000
31723197.000000 92.000000 5.000000
31686163.000000 103.000000 3.000000
31755566.000000 108.000000 0.000000
31768327.000000 116.000000 2.000000
31651079.000000 119.000000 2.000000
31895239.000000 192.000000 0.000000
31881236.000000 141.000000 0.000000
31738380.000000 112.000000 4.000000
31871165.000000 94.000000 8.000000
31771696.000000 99.000000 0.000000
32020548.000000 108.000000 3.000000
31719823.000000 133.000000 6.000000
31733016.000000 117.000000 4.000000
31900372.000000 114.000000 7.000000
31659166.000000 125.000000 7.000000
31687026.000000 111.000000 3.000000
31731277.000000 96.000000 11.000000
31663124.000000 103.000000 4.000000
31716102.000000 151.000000 2.000000
31760041.000000 113.000000 7.000000
31828240.000000 95.000000 3.000000
31840334.000000 90.000000 0.000000
31761809.000000 116.000000 0.000000
