9416794.000000 38991.000000 23048.000000
18976979.000000 33490.000000 22271.000000
11656725.000000 37019.000000 16263.000000
6761410.000000 39955.000000 21176.000000
9169061.000000 37980.000000 21481.000000
14303174.000000 36656.000000 22987.000000
35567452.000000 33775.000000 16576.000000
20903440.000000 30553.000000 20594.000000
4555816.000000 43309.000000 20586.000000
29492788.000000 34982.000000 17361.000000
42401338.000000 28861.000000 17558.000000
27232685.000000 35079.000000 17406.000000
7973082.000000 39112.000000 15182.000000
15991384.000000 32802.000000 19765.000000
19946208.000000 43780.000000 16972.000000
20512016.000000 30912.000000 19741.000000
10637385.000000 38629.000000 23078.000000
14111614.000000 37289.000000 14938.000000
16663037.000000 36388.000000 17934.000000
31371508.000000 28790.000000 18581.000000
17658017.000000 39644.000000 14031.000000
17898990.000000 37788.000000 20021.000000
33296998.000000 34015.000000 17300.000000
14786228.000000 35883.000000 22725.000000
15302604.000000 38726.000000 13217.000000
12110174.000000 36501.000000 21507.000000
11924611.000000 35982.000000 20176.000000
13695845.000000 43376.000000 17684.000000
4742775.000000 42564.000000 22139.000000
15919375.000000 33912.000000 22314.000000
6553222.000000 39731.000000 22473.000000
4381014.000000 42773.000000 18110.000000
8011879.000000 38334.000000 19945.000000
4704120.000000 41188.000000 22163.000000
19263878.000000 39510.000000 17148.000000
9138866.000000 40710.000000 17891.000000
8452783.000000 38775.000000 15290.000000
19181682.000000 44257.000000 15621.000000
4510465.000000 41090.000000 19988.000000
13736172.000000 36637.000000 15181.000000
9571708.000000 38416.000000 16905.000000
16776875.000000 40021.000000 13839.000000
7422326.000000 38194.000000 18131.000000
4554248.000000 45833.000000 20995.000000
15102761.000000 39352.000000 12169.000000
7375676.000000 39308.000000 16630.000000
4741921.000000 50311.000000 22605.000000
9557576.000000 40258.000000 24741.000000
9283738.000000 43775.000000 17020.000000
19549029.000000 39564.000000 16722.000000
10406144.000000 37361.000000 15356.000000
41289596.000000 28756.000000 17139.000000
12880689.000000 37428.000000 17875.000000
15488435.000000 36257.000000 23722.000000
6129686.000000 39129.000000 19777.000000
11191273.000000 37048.000000 21909.000000
8318602.000000 37544.000000 16829.000000
10036947.000000 39626.000000 17893.000000
10080991.000000 37006.000000 21471.000000
15323692.000000 36339.000000 23633.000000
13882702.000000 35976.000000 21521.000000
21163865.000000 34556.000000 17393.000000
21547174.000000 29310.000000 19767.000000
13623329.000000 37288.000000 17933.000000
5603981.000000 40335.000000 23662.000000
14687737.000000 36982.000000 12117.000000
16392005.000000 33084.000000 20603.000000
10136570.000000 38142.000000 17092.000000
15472556.000000 35442.000000 23569.000000
21185319.000000 37080.000000 13595.000000
19051413.000000 42527.000000 16341.000000
26287211.000000 33508.000000 14329.000000
20304717.000000 42543.000000 16587.000000
20601918.000000 39841.000000 17244.000000
13768790.000000 36392.000000 17002.000000
17338400.000000 42306.000000 14380.000000
4524314.000000 42823.000000 21528.000000
18135137.000000 45147.000000 17050.000000
19502385.000000 32886.000000 21307.000000
14918261.000000 41815.000000 11699.000000
13995608.000000 44561.000000 12626.000000
9832685.000000 37264.000000 20614.000000
5637958.000000 39345.000000 21735.000000
8909479.000000 38395.000000 20801.000000
7647866.000000 39334.000000 23874.000000
4911050.000000 41340.000000 24348.000000
16375468.000000 38659.000000 13047.000000
14635205.000000 42731.000000 11598.000000
26066288.000000 31129.000000 21608.000000
8972460.000000 38066.000000 20589.000000
9301330.000000 37216.000000 19152.000000
16621624.000000 43060.000000 14566.000000
15515457.000000 40716.000000 13264.000000
5794307.000000 41120.000000 23973.000000
12793095.000000 38698.000000 19705.000000
18486731.000000 44128.000000 17278.000000
15139626.000000 39496.000000 12597.000000
19825772.000000 33330.000000 20906.000000
4550786.000000 42382.000000 20800.000000
14594629.000000 35121.000000 18161.000000
