24531658.000000 252401.000000 5522.000000
24077500.000000 250940.000000 6658.000000
25570445.000000 261275.000000 10953.000000
25882564.000000 266450.000000 6053.000000
25070998.000000 258275.000000 15995.000000
25452038.000000 263989.000000 13983.000000
25511301.000000 265133.000000 14184.000000
24044008.000000 250927.000000 7066.000000
24078615.000000 251738.000000 8877.000000
25450362.000000 263731.000000 13932.000000
25915296.000000 267425.000000 4871.000000
24336927.000000 254753.000000 3577.000000
24049912.000000 250273.000000 5779.000000
25714471.000000 267194.000000 10448.000000
26088369.000000 270248.000000 3008.000000
25855871.000000 268599.000000 6467.000000
25846735.000000 268664.000000 8372.000000
25881986.000000 268936.000000 5381.000000
24992445.000000 256599.000000 3542.000000
24142558.000000 250938.000000 6074.000000
25867621.000000 268731.000000 5846.000000
25985020.000000 270582.000000 4607.000000
25727953.000000 265427.000000 17873.000000
25793696.000000 267545.000000 6873.000000
25920862.000000 269351.000000 4723.000000
25725988.000000 266022.000000 8859.000000
25843912.000000 266329.000000 8771.000000
25949715.000000 269227.000000 5474.000000
26042068.000000 270365.000000 3096.000000
24484509.000000 253623.000000 5429.000000
25714080.000000 267203.000000 10308.000000
25732717.000000 267753.000000 11498.000000
24077905.000000 251100.000000 5284.000000
25593941.000000 265755.000000 10949.000000
25715149.000000 265141.000000 8413.000000
25800873.000000 266586.000000 4921.000000
25728990.000000 266689.000000 8286.000000
24118956.000000 250636.000000 7283.000000
25917623.000000 270230.000000 5613.000000
25945337.000000 267351.000000 5103.000000
25542680.000000 264046.000000 8175.000000
25556727.000000 264492.000000 10682.000000
25921479.000000 269772.000000 6377.000000
26074629.000000 272474.000000 4098.000000
22025263.000000 246900.000000 5163.000000
25996076.000000 270703.000000 4615.000000
25882652.000000 267211.000000 6239.000000
25794407.000000 268249.000000 6204.000000
24182286.000000 251546.000000 2873.000000
25800147.000000 269386.000000 6335.000000
26135711.000000 272334.000000 1837.000000
25788525.000000 268614.000000 8978.000000
26004735.000000 269614.000000 3554.000000
26035918.000000 271170.000000 5680.000000
26011596.000000 269939.000000 4134.000000
24111292.000000 251601.000000 4750.000000
25820290.000000 268018.000000 6129.000000
24121054.000000 251887.000000 2145.000000
25817938.000000 268664.000000 8289.000000
25719296.000000 265946.000000 7150.000000
25820442.000000 266159.000000 6287.000000
26124761.000000 271396.000000 1589.000000
24495632.000000 253981.000000 4016.000000
24049885.000000 251562.000000 3565.000000
25962294.000000 270515.000000 5285.000000
50405728.000000 19086.000000 2854.000000
26099807.000000 272248.000000 1917.000000
25904991.000000 267417.000000 6768.000000
24369289.000000 251825.000000 7405.000000
25547020.000000 262837.000000 10246.000000
26028076.000000 271994.000000 4976.000000
25745771.000000 267879.000000 10037.000000
24849989.000000 255817.000000 16164.000000
24121776.000000 252034.000000 3719.000000
25766298.000000 265407.000000 8408.000000
25539764.000000 265755.000000 13920.000000
25862242.000000 267976.000000 7779.000000
25726701.000000 267543.000000 10561.000000
25799123.000000 265984.000000 7981.000000
24949119.000000 258281.000000 6587.000000
25613308.000000 266159.000000 11013.000000
25642996.000000 265294.000000 10079.000000
24273094.000000 252981.000000 6365.000000
25975913.000000 268505.000000 3955.000000
25516252.000000 264058.000000 9553.000000
25739508.000000 266188.000000 7394.000000
24273390.000000 251441.000000 6289.000000
25894736.000000 265639.000000 4693.000000
25768023.000000 267771.000000 7898.000000
25605864.000000 264982.000000 10418.000000
25770972.000000 268378.000000 7722.000000
24162857.000000 250181.000000 7411.000000
25509580.000000 261855.000000 11505.000000
25185272.000000 260332.000000 14637.000000
25812024.000000 265600.000000 7703.000000
25783879.000000 266924.000000 7378.000000
25876351.000000 269531.000000 7212.000000
