14407537.000000 148135.000000 36841.000000
16762428.000000 133539.000000 42593.000000
15133705.000000 169263.000000 39441.000000
15132810.000000 142365.000000 38673.000000
16777650.000000 132338.000000 43890.000000
16660687.000000 135511.000000 44531.000000
16764249.000000 140436.000000 42056.000000
16814673.000000 136474.000000 41732.000000
16786705.000000 134082.000000 43310.000000
16674200.000000 136433.000000 45269.000000
16693086.000000 134827.000000 43402.000000
16683471.000000 132522.000000 42625.000000
16622260.000000 131907.000000 46080.000000
14810778.000000 143700.000000 37463.000000
16543934.000000 136263.000000 47536.000000
16508412.000000 130135.000000 47388.000000
16602230.000000 133489.000000 45538.000000
15355893.000000 136610.000000 39658.000000
16605081.000000 137586.000000 44840.000000
15130136.000000 138045.000000 45289.000000
16704720.000000 127478.000000 42579.000000
15362874.000000 137198.000000 38240.000000
16623600.000000 134328.000000 44338.000000
16724816.000000 134883.000000 44331.000000
16012805.000000 140650.000000 41672.000000
17350901.000000 142222.000000 44186.000000
16692502.000000 136910.000000 44017.000000
16730041.000000 138027.000000 44904.000000
14903013.000000 143816.000000 39532.000000
17778945.000000 143461.000000 45355.000000
16670300.000000 136247.000000 44386.000000
16653349.000000 128423.000000 44144.000000
13752330.000000 157767.000000 35180.000000
16525727.000000 135867.000000 47625.000000
18055731.000000 146132.000000 46531.000000
17251762.000000 143320.000000 46187.000000
15602475.000000 139762.000000 40012.000000
16535497.000000 134888.000000 45814.000000
16579998.000000 137737.000000 47127.000000
15769153.000000 134981.000000 41924.000000
16623716.000000 138725.000000 45881.000000
16326067.000000 139631.000000 45176.000000
16700834.000000 129630.000000 44328.000000
17168069.000000 144502.000000 48733.000000
16633139.000000 131177.000000 44706.000000
16616352.000000 138933.000000 45689.000000
14979982.000000 145070.000000 36827.000000
16734131.000000 126872.000000 42928.000000
14725944.000000 147466.000000 37351.000000
16749437.000000 152854.000000 42201.000000
15952428.000000 137404.000000 40349.000000
16634411.000000 143430.000000 45344.000000
15748135.000000 138959.000000 42946.000000
15174091.000000 143693.000000 40014.000000
16563541.000000 139008.000000 46418.000000
16576419.000000 139391.000000 46843.000000
16608313.000000 140363.000000 44420.000000
16610752.000000 137966.000000 45441.000000
14884703.000000 147278.000000 37275.000000
16771507.000000 143601.000000 46406.000000
16720244.000000 130154.000000 42793.000000
16763505.000000 139886.000000 41788.000000
16669183.000000 134869.000000 43537.000000
16071659.000000 133094.000000 41102.000000
16607341.000000 132762.000000 44038.000000
15354882.000000 140565.000000 39143.000000
16694257.000000 129787.000000 43051.000000
16632818.000000 135869.000000 45538.000000
16574182.000000 133830.000000 47258.000000
15084810.000000 144764.000000 39306.000000
16618996.000000 135505.000000 45777.000000
16514793.000000 131892.000000 47017.000000
15180745.000000 137822.000000 40485.000000
16669919.000000 126092.000000 44153.000000
16615660.000000 126524.000000 43058.000000
16585671.000000 133740.000000 45830.000000
16860668.000000 138974.000000 45622.000000
16607010.000000 132568.000000 45376.000000
15406868.000000 139247.000000 38868.000000
14673839.000000 145345.000000 34516.000000
16146548.000000 140710.000000 43669.000000
16669421.000000 132837.000000 43551.000000
15224537.000000 142613.000000 40322.000000
15898885.000000 133089.000000 41098.000000
19367803.000000 161585.000000 33432.000000
16611706.000000 128898.000000 45577.000000
16676150.000000 128561.000000 44246.000000
16742881.000000 127247.000000 43074.000000
14549702.000000 146868.000000 38615.000000
16667593.000000 133489.000000 45877.000000
16115977.000000 132281.000000 43872.000000
16089044.000000 130939.000000 42940.000000
16727387.000000 140561.000000 42671.000000
14005136.000000 153566.000000 35154.000000
15903082.000000 138989.000000 42050.000000
16663156.000000 137132.000000 45231.000000
14431003.000000 149991.000000 35994.000000
15365000.000000 141708.000000 40072.000000
16585389.000000 135660.000000 46679.000000
16665679.000000 137136.000000 45471.000000
