50837373.000000 19105.000000 2307.000000
50657930.000000 19124.000000 1977.000000
50828210.000000 19118.000000 2143.000000
50773035.000000 19027.000000 2632.000000
50733800.000000 19130.000000 2345.000000
50693585.000000 19058.000000 1842.000000
50819520.000000 19155.000000 1970.000000
50845034.000000 18973.000000 1952.000000
50746875.000000 19162.000000 2261.000000
50817143.000000 19222.000000 1798.000000
50968950.000000 19087.000000 1865.000000
50768386.000000 19140.000000 1709.000000
50848457.000000 19127.000000 2100.000000
50934161.000000 19225.000000 1998.000000
50586921.000000 19190.000000 2413.000000
50734616.000000 18981.000000 2533.000000
50796028.000000 19164.000000 1663.000000
50641455.000000 19109.000000 2008.000000
50837269.000000 19061.000000 3126.000000
50508066.000000 19025.000000 2798.000000
50915694.000000 19076.000000 1529.000000
50615352.000000 18780.000000 2363.000000
50849757.000000 19069.000000 2173.000000
50483005.000000 19042.000000 2575.000000
50806571.000000 19106.000000 2043.000000
50629161.000000 19074.000000 2211.000000
50964806.000000 19140.000000 2076.000000
50795697.000000 19203.000000 2849.000000
50804660.000000 19008.000000 1639.000000
50767607.000000 18967.000000 2397.000000
50688905.000000 19012.000000 2494.000000
50783618.000000 19199.000000 2912.000000
50966591.000000 19234.000000 1861.000000
50801883.000000 18859.000000 2221.000000
50775528.000000 19361.000000 1582.000000
50845529.000000 19183.000000 2225.000000
50779683.000000 19169.000000 2639.000000
50778892.000000 19009.000000 2038.000000
50641635.000000 19045.000000 2126.000000
50531517.000000 19144.000000 2703.000000
50669132.000000 19138.000000 2595.000000
50812138.000000 18820.000000 2191.000000
50964242.000000 18984.000000 2185.000000
50642522.000000 19128.000000 2294.000000
50957042.000000 19181.000000 2402.000000
50958991.000000 19246.000000 1951.000000
50812611.000000 19177.000000 1833.000000
50903312.000000 19060.000000 2380.000000
50784538.000000 19045.000000 2708.000000
51030597.000000 19063.000000 2381.000000
50843667.000000 19055.000000 2842.000000
50902666.000000 18915.000000 2189.000000
50974349.000000 19181.000000 719.000000
50937475.000000 19176.000000 1842.000000
50949321.000000 19189.000000 1794.000000
51094514.000000 19185.000000 1579.000000
50886909.000000 19215.000000 2261.000000
50833821.000000 19236.000000 1157.000000
50706708.000000 19185.000000 2494.000000
50895245.000000 19295.000000 1397.000000
50745964.000000 19124.000000 2032.000000
50667731.000000 19131.000000 2833.000000
50908684.000000 19053.000000 2151.000000
50785522.000000 18842.000000 2328.000000
50794555.000000 19113.000000 1828.000000
50947220.000000 19240.000000 1609.000000
50921786.000000 19052.000000 2213.000000
50976152.000000 18970.000000 2052.000000
51005029.000000 19280.000000 1835.000000
50451767.000000 19225.000000 2922.000000
50941163.000000 19022.000000 1482.000000
50714578.000000 19120.000000 1748.000000
50971982.000000 19129.000000 1889.000000
50910971.000000 19090.000000 1040.000000
51029116.000000 19226.000000 1729.000000
50893223.000000 18729.000000 2037.000000
50915363.000000 19036.000000 1201.000000
50777330.000000 18717.000000 1056.000000
50855440.000000 19092.000000 1519.000000
50918479.000000 19086.000000 2357.000000
50940980.000000 19168.000000 2377.000000
50895264.000000 19030.000000 1634.000000
50827323.000000 18884.000000 1796.000000
50842889.000000 18700.000000 1772.000000
50939812.000000 19240.000000 1860.000000
50946030.000000 19018.000000 1701.000000
50783169.000000 18985.000000 1822.000000
51135695.000000 19153.000000 1154.000000
50849545.000000 19140.000000 2834.000000
50798165.000000 19078.000000 2287.000000
50954337.000000 19115.000000 1589.000000
51024265.000000 19168.000000 1249.000000
50745034.000000 19250.000000 2356.000000
50770254.000000 19456.000000 1614.000000
50674475.000000 19552.000000 2188.000000
50372435.000000 19017.000000 2222.000000
50917694.000000 19168.000000 2018.000000
50807138.000000 19019.000000 1981.000000
50576615.000000 19068.000000 1721.000000
51012019.000000 19090.000000 1502.000000
