49416914.000000 18513.000000 7743.000000
49604601.000000 18805.000000 6151.000000
49318742.000000 18263.000000 7496.000000
49086327.000000 18709.000000 7849.000000
49261908.000000 19188.000000 7578.000000
49201530.000000 18606.000000 7035.000000
49156010.000000 18706.000000 7131.000000
49596188.000000 18685.000000 6591.000000
49274002.000000 18745.000000 6804.000000
49739240.000000 18682.000000 5954.000000
49401050.000000 18281.000000 7223.000000
49639485.000000 18690.000000 6108.000000
49576583.000000 18702.000000 6188.000000
49448105.000000 18705.000000 5831.000000
49071502.000000 18282.000000 8155.000000
49366519.000000 18281.000000 7440.000000
49367100.000000 19114.000000 7320.000000
49850207.000000 18499.000000 5436.000000
49406583.000000 19116.000000 7447.000000
49547340.000000 18422.000000 6847.000000
49630513.000000 18517.000000 6858.000000
49389973.000000 18697.000000 7031.000000
49441552.000000 18413.000000 6863.000000
49256937.000000 18687.000000 7642.000000
49327650.000000 18959.000000 7196.000000
49224009.000000 19141.000000 7313.000000
49527006.000000 18688.000000 6568.000000
49300111.000000 18673.000000 7423.000000
49493317.000000 18379.000000 7129.000000
49379888.000000 19185.000000 7170.000000
49437482.000000 18496.000000 7225.000000
49262750.000000 18495.000000 7307.000000
49279382.000000 18686.000000 7610.000000
49602622.000000 18273.000000 6690.000000
49212665.000000 18887.000000 7255.000000
49608903.000000 18750.000000 5391.000000
49456667.000000 18856.000000 6963.000000
49333839.000000 18612.000000 7567.000000
49623142.000000 18654.000000 6974.000000
49588603.000000 18697.000000 6695.000000
49188496.000000 19152.000000 7815.000000
49577298.000000 18699.000000 6329.000000
49497961.000000 18778.000000 7218.000000
49616345.000000 18697.000000 6633.000000
49582720.000000 18274.000000 6702.000000
48801562.000000 18282.000000 7012.000000
49457185.000000 18695.000000 7004.000000
49139466.000000 19139.000000 7935.000000
49043929.000000 18684.000000 8297.000000
49640671.000000 18697.000000 6677.000000
49615671.000000 18523.000000 7603.000000
49444321.000000 18693.000000 7121.000000
49697305.000000 18707.000000 6084.000000
49605290.000000 18710.000000 6503.000000
49358738.000000 18712.000000 7180.000000
48859565.000000 18281.000000 8788.000000
49512776.000000 18754.000000 6492.000000
49282491.000000 18757.000000 7223.000000
49519803.000000 18824.000000 6705.000000
49718073.000000 18700.000000 6661.000000
49464252.000000 18315.000000 7358.000000
49362183.000000 18686.000000 7399.000000
49521872.000000 18320.000000 7073.000000
49776387.000000 18618.000000 5691.000000
48950840.000000 18577.000000 8358.000000
49398346.000000 18697.000000 7313.000000
49462811.000000 18958.000000 6681.000000
49492051.000000 18712.000000 6751.000000
49692189.000000 18727.000000 6501.000000
49389464.000000 18694.000000 6975.000000
49436402.000000 18478.000000 7242.000000
49671447.000000 18483.000000 6676.000000
49487597.000000 18755.000000 7419.000000
49276648.000000 18914.000000 7823.000000
49607286.000000 18677.000000 6606.000000
49434767.000000 18282.000000 7316.000000
49544678.000000 18832.000000 7218.000000
49481400.000000 18642.000000 6894.000000
49383952.000000 18638.000000 8039.000000
49276182.000000 18692.000000 7458.000000
49246904.000000 18956.000000 7549.000000
49332649.000000 18791.000000 7207.000000
49531951.000000 18832.000000 6009.000000
49688524.000000 18711.000000 6744.000000
49342653.000000 18702.000000 7146.000000
49239365.000000 18703.000000 7446.000000
49291420.000000 18925.000000 7877.000000
49692890.000000 18524.000000 6114.000000
49342781.000000 18627.000000 7496.000000
49198889.000000 18453.000000 7347.000000
49449226.000000 18297.000000 6715.000000
49415408.000000 18574.000000 7030.000000
49524826.000000 18447.000000 6942.000000
49658574.000000 18772.000000 6408.000000
49588982.000000 18709.000000 7010.000000
49074592.000000 18874.000000 7031.000000
49584127.000000 19128.000000 6223.000000
49762462.000000 18466.000000 6377.000000
49506883.000000 18713.000000 6437.000000
49486167.000000 18609.000000 6693.000000
