47816549.000000 17891.000000 13103.000000
47697791.000000 17891.000000 13430.000000
47699454.000000 17554.000000 13187.000000
47672357.000000 17905.000000 13197.000000
47676947.000000 18276.000000 13131.000000
47929832.000000 18315.000000 12882.000000
47735826.000000 17921.000000 13090.000000
47643006.000000 18309.000000 13761.000000
47429753.000000 17487.000000 14642.000000
47644212.000000 18009.000000 13309.000000
47707263.000000 18081.000000 13030.000000
47776858.000000 17899.000000 13563.000000
47704973.000000 17893.000000 13303.000000
47450832.000000 17897.000000 14098.000000
47750796.000000 18211.000000 12808.000000
47633467.000000 18121.000000 13586.000000
47624495.000000 17896.000000 13702.000000
47616213.000000 18332.000000 13618.000000
47604022.000000 18110.000000 13818.000000
47599281.000000 17972.000000 13417.000000
48202721.000000 18245.000000 11837.000000
47620122.000000 17893.000000 13343.000000
47510193.000000 17909.000000 14079.000000
47824154.000000 18222.000000 13397.000000
47818642.000000 17924.000000 13615.000000
47723688.000000 17896.000000 12992.000000
47710610.000000 17911.000000 13049.000000
47523597.000000 17886.000000 14165.000000
47816280.000000 18059.000000 12805.000000
47815762.000000 17901.000000 12931.000000
47757003.000000 18022.000000 13045.000000
48023687.000000 17888.000000 12543.000000
47535112.000000 18197.000000 14159.000000
47657435.000000 17896.000000 13410.000000
47569686.000000 17890.000000 13785.000000
47830063.000000 17896.000000 12968.000000
47759789.000000 17899.000000 13289.000000
47658345.000000 17901.000000 13335.000000
47845828.000000 18022.000000 12830.000000
47559607.000000 17678.000000 13659.000000
47759002.000000 17878.000000 13251.000000
47784743.000000 18378.000000 13303.000000
47534881.000000 17762.000000 13980.000000
47720733.000000 17901.000000 13758.000000
48150668.000000 18300.000000 12433.000000
47455007.000000 17841.000000 14676.000000
47368632.000000 17490.000000 14802.000000
47729841.000000 17877.000000 13779.000000
47875908.000000 17974.000000 12697.000000
47816744.000000 17968.000000 12931.000000
48162998.000000 17894.000000 11941.000000
47891557.000000 18189.000000 12889.000000
47565308.000000 17714.000000 13916.000000
47663353.000000 17989.000000 13621.000000
47508606.000000 17882.000000 14262.000000
47961450.000000 17954.000000 12964.000000
47446523.000000 17850.000000 14241.000000
47667205.000000 18264.000000 13292.000000
47654556.000000 17898.000000 13077.000000
47565306.000000 17897.000000 14060.000000
47646882.000000 17889.000000 13309.000000
47763419.000000 17893.000000 13193.000000
47740753.000000 18190.000000 13115.000000
47676136.000000 17969.000000 13498.000000
47761493.000000 18169.000000 12895.000000
47805722.000000 17890.000000 13280.000000
47583615.000000 17908.000000 13970.000000
47451792.000000 17881.000000 13995.000000
47701336.000000 17878.000000 13115.000000
47552310.000000 18016.000000 14013.000000
47631868.000000 17893.000000 13895.000000
47494420.000000 17884.000000 13938.000000
47551687.000000 17880.000000 13924.000000
47846447.000000 17956.000000 13318.000000
47346296.000000 17905.000000 14325.000000
47666595.000000 17889.000000 13559.000000
47833483.000000 17879.000000 13167.000000
47701131.000000 17889.000000 13297.000000
47485906.000000 18298.000000 13698.000000
47677993.000000 18016.000000 13620.000000
47958884.000000 17904.000000 12780.000000
47699496.000000 18179.000000 13223.000000
47633172.000000 17921.000000 13976.000000
47614609.000000 17876.000000 13799.000000
47644761.000000 18141.000000 13491.000000
47447158.000000 18114.000000 14564.000000
47708901.000000 17884.000000 13364.000000
47690704.000000 17881.000000 13620.000000
47663264.000000 17579.000000 13529.000000
47722434.000000 18481.000000 13469.000000
47219237.000000 17555.000000 13843.000000
47544060.000000 18179.000000 13639.000000
47351225.000000 17947.000000 14780.000000
47581926.000000 17873.000000 14148.000000
47871013.000000 18309.000000 12670.000000
47743531.000000 18326.000000 13332.000000
47619458.000000 18024.000000 13562.000000
47779195.000000 17963.000000 13520.000000
47818003.000000 18282.000000 13049.000000
48005955.000000 18262.000000 12840.000000
