6372185.000000 67774.000000 11097.000000
6255684.000000 67535.000000 11124.000000
6649135.000000 69704.000000 11716.000000
6135998.000000 63711.000000 11954.000000
5963513.000000 64011.000000 11808.000000
5558630.000000 57556.000000 11081.000000
5691683.000000 59474.000000 11695.000000
6900357.000000 75069.000000 11123.000000
5897764.000000 62512.000000 11690.000000
5984361.000000 63342.000000 10977.000000
6040207.000000 64625.000000 11575.000000
6586891.000000 70583.000000 11377.000000
6295063.000000 70816.000000 11249.000000
6085350.000000 63281.000000 11672.000000
5821277.000000 60709.000000 11721.000000
6984727.000000 68469.000000 11674.000000
6496593.000000 69222.000000 11946.000000
6076564.000000 61986.000000 11776.000000
5945481.000000 61496.000000 11808.000000
6621931.000000 65176.000000 11691.000000
7067704.000000 67681.000000 11674.000000
6907390.000000 71054.000000 11667.000000
6373941.000000 65067.000000 11687.000000
6505896.000000 68834.000000 11668.000000
6411373.000000 64390.000000 11690.000000
6480164.000000 69185.000000 11712.000000
6268372.000000 67711.000000 11353.000000
6466595.000000 68198.000000 11792.000000
5970252.000000 63093.000000 11720.000000
6021488.000000 65923.000000 11774.000000
5903692.000000 65102.000000 11268.000000
6764726.000000 71631.000000 11206.000000
7058690.000000 78655.000000 11254.000000
6470818.000000 70010.000000 12000.000000
6752054.000000 71487.000000 11352.000000
6968373.000000 69855.000000 11680.000000
6735021.000000 73079.000000 11308.000000
6558254.000000 71212.000000 10953.000000
6611446.000000 69067.000000 11163.000000
6884204.000000 71066.000000 11688.000000
7480370.000000 72438.000000 11674.000000
6561199.000000 72951.000000 11673.000000
6262647.000000 64382.000000 11198.000000
5683863.000000 56257.000000 11688.000000
6331677.000000 67993.000000 11439.000000
6817335.000000 70854.000000 11705.000000
6667248.000000 65388.000000 11673.000000
6078914.000000 67787.000000 11823.000000
6085406.000000 63294.000000 11428.000000
6633952.000000 72842.000000 11278.000000
6388061.000000 67620.000000 12668.000000
5983846.000000 65092.000000 11193.000000
6797959.000000 70802.000000 11687.000000
6176279.000000 62579.000000 11662.000000
6393493.000000 68324.000000 11703.000000
6039867.000000 61959.000000 11168.000000
6491658.000000 68663.000000 11950.000000
6538781.000000 70920.000000 10870.000000
6774862.000000 66946.000000 11689.000000
7256132.000000 72814.000000 11684.000000
6504450.000000 69757.000000 11679.000000
6371181.000000 66962.000000 12011.000000
6191704.000000 66265.000000 11690.000000
6526056.000000 70926.000000 11106.000000
6261077.000000 71847.000000 11699.000000
6015542.000000 62277.000000 11351.000000
6476094.000000 67394.000000 11669.000000
5696678.000000 60509.000000 11266.000000
6067488.000000 64615.000000 11820.000000
6832309.000000 68655.000000 11685.000000
6786798.000000 73813.000000 10695.000000
6640935.000000 70458.000000 11686.000000
6326752.000000 67587.000000 11037.000000
6309304.000000 65351.000000 11697.000000
6378889.000000 63190.000000 11689.000000
6836926.000000 69866.000000 11682.000000
6711577.000000 70732.000000 11242.000000
6687175.000000 75125.000000 10922.000000
6836456.000000 70955.000000 11061.000000
6336725.000000 68913.000000 11863.000000
6221026.000000 67658.000000 11355.000000
6490155.000000 69912.000000 11197.000000
5908680.000000 66618.000000 11700.000000
5657528.000000 68764.000000 11383.000000
6608512.000000 67909.000000 11702.000000
5882975.000000 63616.000000 11696.000000
7023680.000000 77234.000000 11519.000000
6256073.000000 66797.000000 11726.000000
6765411.000000 67769.000000 11681.000000
7120050.000000 82417.000000 11266.000000
7393726.000000 78913.000000 11668.000000
6741445.000000 64994.000000 11689.000000
6315246.000000 64376.000000 11694.000000
5772915.000000 61992.000000 10984.000000
6169226.000000 65502.000000 11020.000000
6958756.000000 72667.000000 11950.000000
6646424.000000 65777.000000 11812.000000
5425699.000000 54455.000000 10596.000000
5685461.000000 65401.000000 11680.000000
6180111.000000 66292.000000 11662.000000
