47093583.000000 18307.000000 16133.000000
46875917.000000 17865.000000 16480.000000
47142904.000000 17892.000000 15989.000000
47074844.000000 17906.000000 15893.000000
46974559.000000 18061.000000 16185.000000
47071402.000000 17759.000000 16007.000000
46918276.000000 17822.000000 16299.000000
46904903.000000 17430.000000 16369.000000
47342075.000000 17931.000000 15528.000000
47081922.000000 18039.000000 16109.000000
47127893.000000 17961.000000 16065.000000
47097237.000000 17862.000000 15831.000000
47247200.000000 17858.000000 15628.000000
47257492.000000 17883.000000 15350.000000
47035209.000000 17890.000000 15819.000000
46763167.000000 17891.000000 16437.000000
46843906.000000 17555.000000 16506.000000
46731589.000000 17897.000000 16618.000000
47003063.000000 17893.000000 16175.000000
47282641.000000 17920.000000 15460.000000
47197099.000000 17886.000000 15882.000000
46852075.000000 17863.000000 16128.000000
46859899.000000 17721.000000 16022.000000
46799631.000000 17651.000000 16056.000000
46955272.000000 17750.000000 15804.000000
47090825.000000 17882.000000 16311.000000
46950955.000000 18009.000000 16362.000000
46805032.000000 17139.000000 16141.000000
46957504.000000 17866.000000 16261.000000
46992582.000000 17890.000000 15468.000000
46888622.000000 17788.000000 16265.000000
46975618.000000 17763.000000 16102.000000
47068302.000000 17866.000000 16045.000000
47068847.000000 17621.000000 15734.000000
46952801.000000 17528.000000 14980.000000
47053476.000000 17873.000000 16035.000000
47047289.000000 18053.000000 16357.000000
46965341.000000 17853.000000 16202.000000
47157723.000000 17433.000000 15717.000000
46867303.000000 17579.000000 16644.000000
47022590.000000 17961.000000 16391.000000
46972524.000000 17665.000000 16316.000000
46965610.000000 17525.000000 15962.000000
47045604.000000 17558.000000 16004.000000
46985433.000000 17881.000000 16210.000000
46979669.000000 17960.000000 15921.000000
47286419.000000 17918.000000 15748.000000
46755078.000000 17506.000000 16678.000000
46993303.000000 17619.000000 16304.000000
47176291.000000 17867.000000 15950.000000
46833319.000000 17659.000000 16047.000000
47265273.000000 18075.000000 15354.000000
46959799.000000 18020.000000 16362.000000
46873200.000000 17863.000000 16221.000000
47049621.000000 18127.000000 15744.000000
47225114.000000 18100.000000 15760.000000
47098521.000000 17680.000000 15900.000000
46869914.000000 17431.000000 16178.000000
46953273.000000 17874.000000 16443.000000
47140375.000000 17686.000000 15426.000000
46846266.000000 17607.000000 16464.000000
47019770.000000 17623.000000 16211.000000
47147473.000000 17722.000000 15440.000000
46781802.000000 18204.000000 16320.000000
46947762.000000 17456.000000 15482.000000
47154765.000000 18224.000000 16079.000000
47110737.000000 17814.000000 15603.000000
47001068.000000 17854.000000 16153.000000
47017847.000000 17618.000000 15768.000000
46863370.000000 17496.000000 16478.000000
46933797.000000 18064.000000 15820.000000
47041426.000000 18132.000000 16308.000000
47040929.000000 18035.000000 16015.000000
47115959.000000 17859.000000 16040.000000
47036244.000000 17806.000000 15759.000000
47145674.000000 17862.000000 15758.000000
46866919.000000 17471.000000 16025.000000
47322101.000000 17963.000000 15470.000000
47111208.000000 17932.000000 15935.000000
46978785.000000 17923.000000 15850.000000
47070904.000000 17892.000000 16008.000000
47090912.000000 17885.000000 15736.000000
46764842.000000 17882.000000 16227.000000
47074739.000000 17729.000000 15949.000000
47185215.000000 17857.000000 15832.000000
46973249.000000 17941.000000 15597.000000
47157975.000000 17706.000000 16287.000000
46947789.000000 17728.000000 15994.000000
47111116.000000 18178.000000 15347.000000
47026675.000000 17869.000000 16210.000000
47070323.000000 17867.000000 16279.000000
47156728.000000 17720.000000 15860.000000
47190700.000000 17911.000000 15613.000000
46939530.000000 17705.000000 16615.000000
47021124.000000 17874.000000 16198.000000
46739221.000000 17585.000000 16491.000000
47231486.000000 17873.000000 15438.000000
47204926.000000 17864.000000 15715.000000
47162343.000000 18289.000000 15911.000000
46845922.000000 17455.000000 16408.000000
