49411071.000000 18605.000000 6020.000000
50003033.000000 18993.000000 4426.000000
49668195.000000 18718.000000 6256.000000
49781768.000000 18819.000000 5861.000000
49516754.000000 18860.000000 6491.000000
49680411.000000 18716.000000 6264.000000
49711466.000000 18760.000000 6148.000000
49664818.000000 18707.000000 6489.000000
49566914.000000 18888.000000 5851.000000
49648297.000000 18634.000000 5755.000000
49802587.000000 19087.000000 5663.000000
49754722.000000 18916.000000 5689.000000
49565062.000000 18621.000000 5848.000000
49957458.000000 18931.000000 5001.000000
49825325.000000 19069.000000 5707.000000
49820789.000000 18947.000000 5470.000000
49700740.000000 18760.000000 5222.000000
49696539.000000 18725.000000 5634.000000
49546810.000000 18723.000000 6308.000000
49762917.000000 18806.000000 5786.000000
49931888.000000 18721.000000 5349.000000
49744231.000000 18665.000000 5124.000000
49999177.000000 18809.000000 4368.000000
49912041.000000 18991.000000 4948.000000
49924368.000000 18768.000000 5444.000000
49634065.000000 18750.000000 5335.000000
49751362.000000 18710.000000 4596.000000
49711253.000000 18828.000000 4916.000000
49536676.000000 18744.000000 6020.000000
49803869.000000 18687.000000 4851.000000
49839184.000000 18979.000000 5236.000000
49877282.000000 18797.000000 5594.000000
50045516.000000 18650.000000 5391.000000
49889278.000000 18758.000000 6222.000000
49833037.000000 18829.000000 5288.000000
49898831.000000 18678.000000 5350.000000
49889535.000000 18709.000000 5494.000000
49911498.000000 18854.000000 4863.000000
49628834.000000 18568.000000 5829.000000
49747652.000000 18715.000000 5879.000000
49594749.000000 18552.000000 5848.000000
49755998.000000 18690.000000 5782.000000
49813521.000000 18648.000000 5335.000000
49588352.000000 18642.000000 6342.000000
49884327.000000 19001.000000 4302.000000
49541325.000000 18802.000000 5733.000000
49888737.000000 18865.000000 5604.000000
49906053.000000 18750.000000 5581.000000
49906632.000000 18714.000000 5269.000000
49953516.000000 18731.000000 4775.000000
49767667.000000 18695.000000 4394.000000
49848038.000000 18628.000000 5610.000000
50052976.000000 19002.000000 5047.000000
50042474.000000 18695.000000 4833.000000
49675102.000000 18518.000000 6003.000000
49926949.000000 18836.000000 5372.000000
49745812.000000 18769.000000 5625.000000
49850028.000000 18834.000000 5145.000000
49725010.000000 18712.000000 6029.000000
49915224.000000 18614.000000 5290.000000
49843472.000000 18904.000000 5154.000000
49991820.000000 19115.000000 4981.000000
50013102.000000 18817.000000 4917.000000
49852877.000000 18945.000000 5929.000000
49878294.000000 19025.000000 5565.000000
50061059.000000 18719.000000 4132.000000
49689479.000000 18763.000000 4952.000000
49644614.000000 18774.000000 6294.000000
50081861.000000 18610.000000 4751.000000
49970001.000000 18808.000000 5077.000000
49962973.000000 18723.000000 4970.000000
49890641.000000 18854.000000 5501.000000
49928528.000000 18756.000000 5783.000000
49723368.000000 18968.000000 5603.000000
49952388.000000 18911.000000 4729.000000
49744279.000000 18882.000000 5393.000000
49993617.000000 18819.000000 3640.000000
49817327.000000 18781.000000 5672.000000
49916566.000000 19003.000000 5117.000000
49825564.000000 18767.000000 5450.000000
49740072.000000 18766.000000 5149.000000
50100828.000000 18592.000000 4503.000000
49933804.000000 18635.000000 5312.000000
49867814.000000 18909.000000 4956.000000
49710589.000000 18617.000000 5652.000000
49791824.000000 18734.000000 4973.000000
49732278.000000 18624.000000 4697.000000
49694252.000000 18711.000000 5796.000000
49794714.000000 18674.000000 5330.000000
49849841.000000 18958.000000 6142.000000
49877060.000000 18552.000000 5779.000000
49917115.000000 18756.000000 5099.000000
49825147.000000 18907.000000 5535.000000
49912363.000000 18840.000000 5116.000000
49771431.000000 18661.000000 5536.000000
50012183.000000 18639.000000 4962.000000
49967942.000000 18674.000000 4803.000000
49984910.000000 18744.000000 5098.000000
49781095.000000 18742.000000 5579.000000
49563431.000000 18859.000000 6036.000000
