19466793.000000 160741.000000 158433.000000
19922312.000000 164388.000000 162346.000000
19697892.000000 162755.000000 161924.000000
19283276.000000 160503.000000 156157.000000
19851950.000000 165118.000000 161859.000000
16645812.000000 125663.000000 148261.000000
20000437.000000 165058.000000 162516.000000
16858044.000000 136957.000000 137526.000000
19914728.000000 164351.000000 161465.000000
19119531.000000 157670.000000 156357.000000
19799108.000000 163339.000000 161498.000000
19984811.000000 165931.000000 162560.000000
19929033.000000 164986.000000 162002.000000
19970509.000000 165470.000000 163156.000000
19281637.000000 157049.000000 161846.000000
19021997.000000 155045.000000 154188.000000
19917494.000000 164802.000000 161549.000000
19883467.000000 164253.000000 161792.000000
19388137.000000 160696.000000 157633.000000
19892002.000000 164897.000000 161913.000000
19230093.000000 157133.000000 162769.000000
19034996.000000 157092.000000 154974.000000
19652827.000000 162749.000000 159207.000000
19897668.000000 165576.000000 162054.000000
20070475.000000 165365.000000 162889.000000
14983163.000000 104706.000000 116459.000000
19913372.000000 164680.000000 161996.000000
19536715.000000 160718.000000 158450.000000
19903919.000000 164819.000000 162799.000000
19167675.000000 157821.000000 154801.000000
19959653.000000 165150.000000 162944.000000
18278384.000000 152563.000000 147976.000000
19917121.000000 165448.000000 162529.000000
19937554.000000 165119.000000 162944.000000
19499674.000000 161097.000000 159134.000000
19945164.000000 164299.000000 161791.000000
19896048.000000 165684.000000 162558.000000
19617706.000000 161027.000000 161575.000000
15441278.000000 115356.000000 124461.000000
20016968.000000 165834.000000 162557.000000
19334720.000000 160238.000000 157898.000000
19875286.000000 163744.000000 161200.000000
19115206.000000 156229.000000 160939.000000
19414369.000000 159646.000000 158788.000000
19913283.000000 164726.000000 162081.000000
19883036.000000 164826.000000 162058.000000
19978680.000000 164950.000000 162290.000000
19312346.000000 159427.000000 157599.000000
19238207.000000 159106.000000 155939.000000
20021494.000000 165816.000000 163223.000000
19978946.000000 165879.000000 162931.000000
20033412.000000 165770.000000 162505.000000
19906474.000000 164664.000000 162163.000000
19411139.000000 160536.000000 157846.000000
19980736.000000 164901.000000 163116.000000
19736893.000000 162368.000000 160170.000000
20010382.000000 165437.000000 162174.000000
19916440.000000 164778.000000 161250.000000
17475849.000000 142715.000000 142554.000000
18913796.000000 157675.000000 153792.000000
19685032.000000 162744.000000 159841.000000
19848382.000000 164224.000000 161352.000000
19950197.000000 164902.000000 161841.000000
19586418.000000 162115.000000 159472.000000
19935320.000000 165656.000000 162411.000000
19926239.000000 164976.000000 161939.000000
19880057.000000 165375.000000 161745.000000
19829695.000000 164437.000000 161519.000000
19980507.000000 165787.000000 162506.000000
19970957.000000 166280.000000 162752.000000
19847215.000000 164535.000000 161973.000000
19872205.000000 164238.000000 162177.000000
19966171.000000 164614.000000 162855.000000
19903789.000000 165306.000000 162704.000000
19857238.000000 164172.000000 162346.000000
19897011.000000 165044.000000 162776.000000
19469341.000000 160586.000000 158756.000000
19604549.000000 161009.000000 163122.000000
20023140.000000 164992.000000 162197.000000
18296759.000000 143613.000000 162271.000000
19451459.000000 159450.000000 160199.000000
19862626.000000 165318.000000 160922.000000
19922873.000000 165314.000000 162571.000000
19370880.000000 160757.000000 158314.000000
15051898.000000 148373.000000 163039.000000
19821670.000000 164525.000000 161823.000000
19996049.000000 164740.000000 162113.000000
19800070.000000 162966.000000 161087.000000
19833536.000000 163653.000000 162731.000000
19270457.000000 157389.000000 162312.000000
20072232.000000 165948.000000 162823.000000
19930391.000000 164276.000000 162676.000000
19934345.000000 165371.000000 162858.000000
20043458.000000 165495.000000 162671.000000
15079284.000000 102389.000000 117271.000000
19632228.000000 162005.000000 159745.000000
19949231.000000 165520.000000 162539.000000
19860715.000000 164209.000000 162976.000000
15453263.000000 113679.000000 125547.000000
20062156.000000 166319.000000 163131.000000
