13154060.000000 112236.000000 71689.000000
13000466.000000 109867.000000 70348.000000
13452474.000000 111341.000000 71827.000000
12846919.000000 108837.000000 69307.000000
13155843.000000 110563.000000 70484.000000
13388093.000000 111238.000000 72156.000000
12985514.000000 111592.000000 70495.000000
13215931.000000 107055.000000 70526.000000
12445314.000000 104514.000000 70322.000000
13031554.000000 108416.000000 71156.000000
12561356.000000 110716.000000 69761.000000
12794594.000000 108978.000000 70605.000000
13325498.000000 106812.000000 72534.000000
13109858.000000 110407.000000 70657.000000
12996946.000000 110257.000000 70864.000000
12834123.000000 110231.000000 70507.000000
12737727.000000 109768.000000 69273.000000
13481831.000000 110781.000000 73209.000000
13932333.000000 111993.000000 71824.000000
13160518.000000 106230.000000 69652.000000
13011531.000000 111931.000000 71957.000000
12901304.000000 107652.000000 70985.000000
12958368.000000 107633.000000 70470.000000
12737945.000000 109187.000000 71783.000000
13302073.000000 105823.000000 70902.000000
12795246.000000 105153.000000 71802.000000
12586598.000000 108973.000000 68891.000000
13312781.000000 109967.000000 71528.000000
13427406.000000 110190.000000 71542.000000
13054039.000000 103252.000000 70936.000000
12854552.000000 102465.000000 71895.000000
12581377.000000 109639.000000 69669.000000
12548129.000000 107282.000000 70396.000000
13116775.000000 112645.000000 70345.000000
12671086.000000 107528.000000 71190.000000
13182876.000000 108050.000000 72144.000000
12339787.000000 101845.000000 70483.000000
13004810.000000 105170.000000 69450.000000
12546017.000000 105871.000000 70478.000000
12935831.000000 108550.000000 69462.000000
13066466.000000 106623.000000 70943.000000
12908231.000000 107168.000000 69062.000000
13141336.000000 105201.000000 72970.000000
13146956.000000 103890.000000 70536.000000
12746876.000000 102445.000000 72878.000000
13035762.000000 107652.000000 69734.000000
13200414.000000 107827.000000 71533.000000
12685790.000000 105837.000000 71793.000000
13322340.000000 113841.000000 68936.000000
12830844.000000 104232.000000 69665.000000
13440214.000000 110795.000000 72696.000000
12995572.000000 107435.000000 70299.000000
12937659.000000 104489.000000 70518.000000
12632426.000000 102532.000000 69896.000000
12718928.000000 109262.000000 72707.000000
13037495.000000 108734.000000 70846.000000
13232428.000000 109301.000000 70570.000000
13142580.000000 113016.000000 69140.000000
12725037.000000 105962.000000 70479.000000
12585085.000000 105418.000000 70483.000000
12886458.000000 110962.000000 72724.000000
13036345.000000 106334.000000 70746.000000
13096273.000000 106318.000000 71230.000000
12972535.000000 108931.000000 69759.000000
13624559.000000 108660.000000 72207.000000
12626105.000000 106093.000000 70462.000000
12705029.000000 107436.000000 70690.000000
13170712.000000 112967.000000 71083.000000
13037750.000000 111647.000000 69499.000000
13462053.000000 112429.000000 70321.000000
13446204.000000 111464.000000 70853.000000
13070359.000000 111712.000000 68951.000000
13310368.000000 111573.000000 71092.000000
12990372.000000 107013.000000 70379.000000
13119667.000000 109915.000000 71831.000000
13324563.000000 105126.000000 71633.000000
13095424.000000 110980.000000 69405.000000
13431846.000000 110547.000000 70507.000000
13466087.000000 113913.000000 70381.000000
13232726.000000 111460.000000 72501.000000
13156024.000000 112894.000000 69689.000000
13223633.000000 109215.000000 69733.000000
13361760.000000 112395.000000 72412.000000
13541986.000000 115142.000000 69873.000000
13242736.000000 112305.000000 71292.000000
12982938.000000 106528.000000 68836.000000
13058717.000000 106492.000000 70263.000000
12665809.000000 105700.000000 68314.000000
12602673.000000 108642.000000 69413.000000
12903105.000000 107503.000000 70742.000000
13103175.000000 105921.000000 70973.000000
13299533.000000 106681.000000 70938.000000
12881506.000000 107411.000000 70434.000000
12736577.000000 104336.000000 69162.000000
12742264.000000 108265.000000 71576.000000
12517232.000000 105273.000000 63929.000000
12771787.000000 107983.000000 70956.000000
12903866.000000 103349.000000 71644.000000
12978429.000000 107949.000000 72447.000000
13186273.000000 109254.000000 70260.000000
