47188578.000000 17472.000000 14698.000000
47067077.000000 17840.000000 14989.000000
46836639.000000 17666.000000 15538.000000
47262722.000000 18153.000000 14886.000000
47182524.000000 18281.000000 14550.000000
47224684.000000 17485.000000 14879.000000
47119058.000000 18378.000000 15125.000000
47291990.000000 17840.000000 14475.000000
47282518.000000 17918.000000 14822.000000
47456732.000000 17856.000000 14339.000000
47292486.000000 18372.000000 14362.000000
47361703.000000 17843.000000 14698.000000
47494881.000000 17812.000000 14362.000000
47332792.000000 18106.000000 14742.000000
47057451.000000 17974.000000 15420.000000
46961676.000000 17552.000000 15312.000000
47144130.000000 17618.000000 14949.000000
47247736.000000 17900.000000 14678.000000
47087126.000000 18230.000000 15671.000000
47191343.000000 17459.000000 15172.000000
47304406.000000 17840.000000 14663.000000
47135825.000000 17842.000000 14994.000000
47156866.000000 17896.000000 15075.000000
47324098.000000 18057.000000 14449.000000
47425395.000000 17563.000000 14542.000000
47257018.000000 17688.000000 14985.000000
47344240.000000 17471.000000 14484.000000
47198993.000000 17846.000000 14911.000000
47368459.000000 18220.000000 14575.000000
47045923.000000 17942.000000 14898.000000
47383547.000000 17416.000000 14200.000000
47487124.000000 17956.000000 14253.000000
47173793.000000 17722.000000 15057.000000
47152094.000000 17961.000000 14911.000000
47433707.000000 18075.000000 14584.000000
47191347.000000 17429.000000 14998.000000
47441090.000000 18080.000000 14333.000000
47183887.000000 17840.000000 15005.000000
47219684.000000 17837.000000 14903.000000
47260020.000000 17840.000000 14588.000000
47136520.000000 17952.000000 15365.000000
47305197.000000 17992.000000 14710.000000
47286143.000000 17421.000000 14755.000000
47153963.000000 17704.000000 14999.000000
47287214.000000 18205.000000 15066.000000
47047888.000000 17856.000000 15624.000000
47303082.000000 17682.000000 14742.000000
47227663.000000 17739.000000 14479.000000
47125918.000000 17974.000000 15020.000000
47275339.000000 17896.000000 14767.000000
47072416.000000 17844.000000 15706.000000
47452376.000000 18269.000000 14311.000000
47299776.000000 17844.000000 14978.000000
47049233.000000 17852.000000 15095.000000
47295446.000000 17543.000000 14700.000000
47199033.000000 17845.000000 15141.000000
47447468.000000 17866.000000 14174.000000
47117180.000000 18023.000000 15319.000000
47211557.000000 18279.000000 14888.000000
47232815.000000 17427.000000 14606.000000
47256731.000000 17840.000000 14575.000000
47283550.000000 17928.000000 14431.000000
47170115.000000 17810.000000 14786.000000
47131477.000000 18284.000000 14990.000000
47075552.000000 18068.000000 15161.000000
47338864.000000 18293.000000 14629.000000
47426609.000000 18162.000000 14455.000000
47122568.000000 17838.000000 15067.000000
47191237.000000 17913.000000 14696.000000
47197335.000000 17850.000000 14758.000000
47485142.000000 17841.000000 14496.000000
47422200.000000 17806.000000 14782.000000
47182567.000000 18238.000000 15031.000000
47205270.000000 17416.000000 14853.000000
47181933.000000 18023.000000 15165.000000
47362514.000000 17414.000000 14718.000000
47255507.000000 17694.000000 15129.000000
47008416.000000 17879.000000 15136.000000
46998395.000000 17833.000000 15353.000000
47389042.000000 17429.000000 14305.000000
47247196.000000 18033.000000 15023.000000
47242856.000000 17845.000000 14570.000000
47399914.000000 17844.000000 14181.000000
47032217.000000 17606.000000 15258.000000
47278761.000000 17424.000000 14645.000000
47038195.000000 17846.000000 15484.000000
47098855.000000 17460.000000 15115.000000
47283453.000000 18333.000000 15184.000000
46989909.000000 17643.000000 14770.000000
47164364.000000 17903.000000 15121.000000
47254636.000000 17745.000000 14945.000000
47175127.000000 17756.000000 15134.000000
47248978.000000 17422.000000 14823.000000
47007135.000000 17856.000000 15041.000000
47206080.000000 18001.000000 14976.000000
47364499.000000 17740.000000 14914.000000
47217446.000000 18093.000000 15004.000000
47120164.000000 17851.000000 15083.000000
47053836.000000 17499.000000 14902.000000
47173684.000000 18187.000000 15064.000000
