51032673.000000 19018.000000 949.000000
51347083.000000 19219.000000 733.000000
51054526.000000 19211.000000 608.000000
51092597.000000 19196.000000 928.000000
51199808.000000 19306.000000 433.000000
51160440.000000 19331.000000 1351.000000
51174065.000000 19609.000000 739.000000
51211705.000000 19407.000000 676.000000
51032756.000000 19463.000000 1040.000000
50910807.000000 19147.000000 1325.000000
51452811.000000 19328.000000 326.000000
50987390.000000 19403.000000 301.000000
51043416.000000 19070.000000 545.000000
51120062.000000 19302.000000 1373.000000
51289989.000000 19432.000000 837.000000
51014103.000000 19299.000000 875.000000
51239755.000000 19352.000000 154.000000
51302943.000000 19444.000000 739.000000
51098235.000000 19047.000000 864.000000
51256682.000000 19137.000000 657.000000
51315703.000000 19315.000000 477.000000
51227670.000000 19163.000000 1159.000000
51101126.000000 19040.000000 1326.000000
51268918.000000 19410.000000 456.000000
51196763.000000 19214.000000 992.000000
51204507.000000 19171.000000 931.000000
50980451.000000 19271.000000 534.000000
51346214.000000 19219.000000 444.000000
51315254.000000 19311.000000 792.000000
50978683.000000 19302.000000 569.000000
51264561.000000 19345.000000 804.000000
51140210.000000 19599.000000 1113.000000
51049757.000000 19169.000000 1118.000000
51102164.000000 19341.000000 776.000000
51042654.000000 19224.000000 899.000000
51146360.000000 19572.000000 881.000000
50974350.000000 19153.000000 1261.000000
51184457.000000 19525.000000 923.000000
51123379.000000 19344.000000 811.000000
51060523.000000 19166.000000 614.000000
51143543.000000 19244.000000 535.000000
51347890.000000 19174.000000 384.000000
51135591.000000 19557.000000 699.000000
51150509.000000 19175.000000 1021.000000
51120419.000000 19450.000000 1065.000000
51153372.000000 19262.000000 1270.000000
50969345.000000 19570.000000 1334.000000
51232629.000000 19467.000000 537.000000
51065186.000000 19493.000000 991.000000
51123341.000000 19293.000000 696.000000
51022267.000000 19216.000000 817.000000
51111282.000000 19351.000000 579.000000
51120744.000000 19163.000000 870.000000
51074614.000000 19419.000000 857.000000
51119212.000000 19522.000000 1138.000000
51114939.000000 19147.000000 1395.000000
51120918.000000 19092.000000 1078.000000
51066479.000000 19303.000000 1443.000000
50964072.000000 19198.000000 853.000000
51090065.000000 19219.000000 968.000000
51139547.000000 19301.000000 1007.000000
51182538.000000 19410.000000 559.000000
51324502.000000 19462.000000 484.000000
51156159.000000 19475.000000 1580.000000
50929767.000000 19140.000000 1512.000000
51336387.000000 19412.000000 742.000000
51283805.000000 19375.000000 280.000000
51080864.000000 19511.000000 861.000000
50782511.000000 19261.000000 1663.000000
51132415.000000 19159.000000 1485.000000
51392319.000000 19361.000000 574.000000
51301753.000000 19159.000000 619.000000
51063290.000000 19101.000000 1291.000000
51117869.000000 19559.000000 700.000000
51225281.000000 19066.000000 498.000000
51300809.000000 19225.000000 1056.000000
50974010.000000 19312.000000 1595.000000
51007585.000000 19450.000000 1142.000000
50930833.000000 19141.000000 1608.000000
51181735.000000 19410.000000 862.000000
50705505.000000 19221.000000 1472.000000
50974650.000000 19324.000000 1220.000000
51009295.000000 19231.000000 822.000000
51132879.000000 19269.000000 1172.000000
51232032.000000 19228.000000 447.000000
51136748.000000 19331.000000 1331.000000
51060838.000000 19113.000000 987.000000
50985997.000000 19241.000000 880.000000
51026525.000000 19287.000000 1079.000000
51226191.000000 19280.000000 781.000000
51155294.000000 19423.000000 927.000000
50912325.000000 19131.000000 1182.000000
51396890.000000 19340.000000 606.000000
50971051.000000 19403.000000 1108.000000
51143957.000000 19367.000000 937.000000
51014451.000000 19206.000000 1463.000000
51088102.000000 19365.000000 890.000000
51087194.000000 19411.000000 943.000000
51150568.000000 19061.000000 805.000000
51124709.000000 19280.000000 909.000000
