48506855.000000 18326.000000 9862.000000
48674964.000000 18783.000000 9195.000000
48456268.000000 18414.000000 10359.000000
49105134.000000 18545.000000 7959.000000
48932263.000000 18477.000000 9026.000000
48684629.000000 18335.000000 9856.000000
48780298.000000 18493.000000 9069.000000
48683333.000000 18476.000000 9553.000000
48884113.000000 18411.000000 8884.000000
48541292.000000 18120.000000 9719.000000
48512798.000000 18350.000000 10320.000000
48844136.000000 18292.000000 8750.000000
49028397.000000 18453.000000 8858.000000
48842774.000000 18719.000000 10121.000000
48825643.000000 18161.000000 9912.000000
48878919.000000 18385.000000 9930.000000
48877835.000000 18348.000000 10235.000000
48749713.000000 18159.000000 9313.000000
48435359.000000 18471.000000 9638.000000
48693719.000000 18163.000000 9596.000000
48455604.000000 18327.000000 9748.000000
48916619.000000 18496.000000 8210.000000
48461028.000000 18342.000000 10981.000000
48501391.000000 18316.000000 10072.000000
48891493.000000 18327.000000 9909.000000
49073350.000000 18390.000000 8276.000000
48714230.000000 18145.000000 9077.000000
48919343.000000 18136.000000 9398.000000
48941309.000000 18565.000000 8913.000000
48992904.000000 18408.000000 8869.000000
49085010.000000 18296.000000 8710.000000
48832678.000000 18697.000000 8592.000000
48994071.000000 18687.000000 8579.000000
49015675.000000 18486.000000 9271.000000
48509550.000000 18351.000000 8904.000000
48653740.000000 18389.000000 9483.000000
48691112.000000 18384.000000 9260.000000
48813389.000000 18057.000000 8052.000000
48615831.000000 18386.000000 10216.000000
48692399.000000 18552.000000 10416.000000
48723278.000000 18279.000000 10025.000000
48779663.000000 18445.000000 9333.000000
48900407.000000 18723.000000 8854.000000
48657368.000000 18292.000000 9357.000000
48884238.000000 18449.000000 9357.000000
49098233.000000 18629.000000 8604.000000
48745431.000000 18516.000000 9600.000000
48992995.000000 18669.000000 8861.000000
48905529.000000 18614.000000 8607.000000
48591006.000000 18588.000000 8989.000000
49117819.000000 18275.000000 8689.000000
48769300.000000 18498.000000 9027.000000
48657359.000000 18170.000000 10251.000000
48678784.000000 18362.000000 9671.000000
48581125.000000 18416.000000 9903.000000
48864962.000000 18530.000000 8674.000000
48699696.000000 18375.000000 8826.000000
48939043.000000 18365.000000 7975.000000
48773989.000000 18374.000000 7872.000000
48929594.000000 18470.000000 9958.000000
48878382.000000 18511.000000 9960.000000
48604631.000000 18527.000000 10120.000000
48456741.000000 18512.000000 10027.000000
48583417.000000 18375.000000 9935.000000
48774487.000000 18251.000000 9667.000000
48830052.000000 18499.000000 9347.000000
48699512.000000 18343.000000 9243.000000
48471758.000000 18451.000000 10153.000000
48564364.000000 18463.000000 9156.000000
48595037.000000 18179.000000 9872.000000
48973165.000000 18465.000000 8940.000000
35847929.000000 67578.000000 19451.000000
48767576.000000 18367.000000 10924.000000
48780094.000000 18564.000000 9025.000000
48427482.000000 18422.000000 8785.000000
48473732.000000 18260.000000 10376.000000
48740280.000000 18275.000000 9286.000000
48617010.000000 18494.000000 9231.000000
48628989.000000 18249.000000 9245.000000
48630622.000000 18330.000000 9580.000000
49187120.000000 18421.000000 8188.000000
48606749.000000 18302.000000 9621.000000
48757527.000000 18159.000000 8991.000000
48977162.000000 18568.000000 9139.000000
48960370.000000 18737.000000 8986.000000
48647180.000000 18526.000000 10315.000000
48878416.000000 18542.000000 8906.000000
48845362.000000 18681.000000 9270.000000
48520457.000000 18309.000000 9373.000000
48955052.000000 18297.000000 8855.000000
48725242.000000 18293.000000 9598.000000
48809507.000000 18446.000000 10189.000000
48969304.000000 18141.000000 8696.000000
48802405.000000 18380.000000 9088.000000
48829513.000000 18204.000000 9236.000000
48540625.000000 18352.000000 10280.000000
48669390.000000 18323.000000 9247.000000
48628260.000000 18284.000000 9234.000000
48972086.000000 18067.000000 8840.000000
48736530.000000 18221.000000 9777.000000
