52036888.000000 4986.000000 0.000000
45292615.000000 5019.000000 0.000000
49415258.000000 5009.000000 0.000000
51087311.000000 4971.000000 0.000000
43566454.000000 4972.000000 0.000000
38496710.000000 4225.000000 0.000000
37553784.000000 4571.000000 0.000000
37962573.000000 4799.000000 0.000000
37772767.000000 4763.000000 0.000000
37927667.000000 4758.000000 0.000000
41494419.000000 5014.000000 0.000000
50379200.000000 5071.000000 0.000000
37548665.000000 3878.000000 0.000000
48500193.000000 5122.000000 0.000000
47635075.000000 5060.000000 0.000000
38065409.000000 4611.000000 0.000000
43505518.000000 4928.000000 0.000000
47888705.000000 5066.000000 0.000000
47760550.000000 5033.000000 0.000000
37712306.000000 4759.000000 0.000000
38729336.000000 4250.000000 0.000000
48207564.000000 5016.000000 0.000000
45940909.000000 5003.000000 0.000000
48500436.000000 5056.000000 0.000000
49480795.000000 4986.000000 0.000000
38164412.000000 4742.000000 0.000000
44413006.000000 4918.000000 0.000000
37914269.000000 4824.000000 0.000000
37485079.000000 4749.000000 0.000000
37817646.000000 4159.000000 0.000000
38006743.000000 4847.000000 0.000000
49719697.000000 4966.000000 0.000000
47575808.000000 5120.000000 0.000000
50599061.000000 5086.000000 0.000000
37548701.000000 4638.000000 0.000000
37183197.000000 4062.000000 0.000000
37911964.000000 4665.000000 0.000000
43446839.000000 4995.000000 0.000000
38518371.000000 4280.000000 0.000000
37759827.000000 4290.000000 0.000000
38140330.000000 4057.000000 0.000000
48252499.000000 5057.000000 0.000000
43851381.000000 5007.000000 0.000000
44076477.000000 4973.000000 0.000000
44308811.000000 4990.000000 0.000000
42893715.000000 5040.000000 0.000000
37584532.000000 4079.000000 0.000000
43176975.000000 5031.000000 0.000000
39908795.000000 5080.000000 0.000000
49356278.000000 5031.000000 0.000000
37403051.000000 3958.000000 0.000000
37931114.000000 4651.000000 0.000000
37913446.000000 4342.000000 0.000000
37687753.000000 4089.000000 0.000000
45382243.000000 5037.000000 0.000000
43676043.000000 4977.000000 0.000000
37965599.000000 4285.000000 0.000000
49352103.000000 5032.000000 0.000000
42884684.000000 4968.000000 0.000000
37337133.000000 4699.000000 0.000000
50273384.000000 4994.000000 0.000000
47598749.000000 4989.000000 0.000000
38018497.000000 4476.000000 0.000000
47190180.000000 5037.000000 0.000000
37664798.000000 4203.000000 0.000000
38259470.000000 4011.000000 0.000000
39647870.000000 5056.000000 0.000000
37941602.000000 4473.000000 0.000000
46743668.000000 5064.000000 0.000000
37488936.000000 4602.000000 0.000000
49188774.000000 5028.000000 0.000000
44694854.000000 4975.000000 0.000000
44693947.000000 4966.000000 0.000000
47237381.000000 5068.000000 0.000000
37635591.000000 4470.000000 0.000000
29872930.000000 4891.000000 0.000000
37757599.000000 4589.000000 0.000000
45267735.000000 4984.000000 0.000000
37500768.000000 4260.000000 0.000000
37095540.000000 4642.000000 0.000000
40578261.000000 4955.000000 0.000000
37256514.000000 4316.000000 0.000000
37270211.000000 4259.000000 0.000000
44037969.000000 5010.000000 0.000000
43612894.000000 4976.000000 0.000000
41552824.000000 4981.000000 0.000000
37843050.000000 4029.000000 0.000000
44146870.000000 5019.000000 0.000000
37520661.000000 4446.000000 0.000000
41408371.000000 5009.000000 0.000000
43989205.000000 4956.000000 0.000000
42753740.000000 4992.000000 0.000000
37830995.000000 4287.000000 0.000000
44409589.000000 5003.000000 0.000000
42957800.000000 5015.000000 0.000000
42570365.000000 4973.000000 0.000000
38691357.000000 4317.000000 0.000000
37624761.000000 4238.000000 0.000000
44036014.000000 4983.000000 0.000000
42181927.000000 4981.000000 0.000000
