1568013.000000 13023.000000 13115.000000
1567691.000000 11729.000000 12953.000000
1407779.000000 11147.000000 12950.000000
1405958.000000 11724.000000 11490.000000
1412779.000000 11778.000000 13221.000000
1405229.000000 11751.000000 12624.000000
1409645.000000 11765.000000 12227.000000
1549008.000000 11720.000000 12812.000000
1406523.000000 11703.000000 11734.000000
1407625.000000 11770.000000 12845.000000
1512487.000000 11713.000000 12495.000000
1450123.000000 12031.000000 13661.000000
1406306.000000 11575.000000 11953.000000
1407822.000000 11736.000000 12319.000000
1531979.000000 11695.000000 12668.000000
1558921.000000 13387.000000 12968.000000
1406537.000000 11706.000000 11478.000000
1388802.000000 11721.000000 11489.000000
1406664.000000 11741.000000 13015.000000
1407850.000000 11376.000000 12402.000000
1405754.000000 11758.000000 12297.000000
1448219.000000 12064.000000 13711.000000
1549099.000000 11724.000000 12791.000000
1406516.000000 11723.000000 11571.000000
1405043.000000 11706.000000 11579.000000
1408628.000000 11755.000000 13452.000000
1480351.000000 11696.000000 12197.000000
1566505.000000 11705.000000 12955.000000
1407364.000000 11257.000000 12690.000000
1565815.000000 11706.000000 12955.000000
1412214.000000 11716.000000 11420.000000
1407312.000000 11460.000000 12218.000000
1406596.000000 11813.000000 12657.000000
1405347.000000 11738.000000 13477.000000
1405993.000000 11741.000000 12798.000000
1423336.000000 10962.000000 13418.000000
1543678.000000 11713.000000 12759.000000
1528109.000000 11758.000000 12648.000000
1412308.000000 11858.000000 13265.000000
1564633.000000 11692.000000 12803.000000
1404910.000000 11579.000000 11986.000000
1406304.000000 11822.000000 12859.000000
1514848.000000 11739.000000 12535.000000
1406333.000000 11846.000000 13448.000000
1405927.000000 11192.000000 12672.000000
1410004.000000 11317.000000 12543.000000
1414054.000000 10603.000000 13924.000000
1406194.000000 11727.000000 12466.000000
1417925.000000 11801.000000 11871.000000
1410479.000000 10626.000000 13943.000000
1623678.000000 12130.000000 14274.000000
1447979.000000 11748.000000 11707.000000
1558539.000000 11809.000000 12828.000000
1405334.000000 11749.000000 11489.000000
1506495.000000 11718.000000 12402.000000
1406336.000000 11743.000000 11776.000000
1560672.000000 13497.000000 12919.000000
1408570.000000 11294.000000 12482.000000
1409485.000000 10961.000000 13135.000000
1411436.000000 11735.000000 11912.000000
1409036.000000 11762.000000 11657.000000
1414257.000000 11596.000000 12113.000000
1407544.000000 11736.000000 11553.000000
1435280.000000 11767.000000 12390.000000
1411967.000000 11756.000000 12338.000000
1406250.000000 10842.000000 13459.000000
1430704.000000 11947.000000 12985.000000
1461081.000000 11690.000000 11961.000000
1407792.000000 11731.000000 13455.000000
1406382.000000 10571.000000 14066.000000
1405860.000000 11181.000000 12679.000000
1406661.000000 10800.000000 13557.000000
1491145.000000 11668.000000 12283.000000
1506911.000000 11741.000000 11777.000000
1405621.000000 11758.000000 13153.000000
1422076.000000 11794.000000 11738.000000
1417724.000000 11731.000000 11706.000000
1406452.000000 11740.000000 12786.000000
1426672.000000 11900.000000 11806.000000
1407424.000000 11791.000000 11807.000000
1397287.000000 11707.000000 11565.000000
1424777.000000 11760.000000 11768.000000
1397237.000000 11705.000000 11555.000000
1510902.000000 12941.000000 12567.000000
1579604.000000 13155.000000 13456.000000
1410421.000000 11874.000000 12727.000000
1410174.000000 10694.000000 13736.000000
1566147.000000 13307.000000 12883.000000
1406754.000000 11728.000000 11339.000000
1411278.000000 11774.000000 12119.000000
1409406.000000 11746.000000 13075.000000
1567296.000000 11686.000000 12902.000000
1409494.000000 11697.000000 11530.000000
1417656.000000 11859.000000 12225.000000
1414776.000000 11756.000000 11676.000000
1416152.000000 10818.000000 13528.000000
1415808.000000 11783.000000 12293.000000
1450173.000000 12065.000000 13706.000000
1548682.000000 13450.000000 12863.000000
1407131.000000 10582.000000 14045.000000
