45234769.000000 4920.000000 0.000000
37160673.000000 3932.000000 0.000000
37905044.000000 4531.000000 0.000000
38123569.000000 4559.000000 0.000000
44842023.000000 4993.000000 0.000000
37880299.000000 4643.000000 0.000000
42767323.000000 4956.000000 0.000000
48343104.000000 5055.000000 0.000000
48200642.000000 5053.000000 0.000000
37760182.000000 4733.000000 0.000000
38213768.000000 4168.000000 0.000000
48506584.000000 5014.000000 0.000000
38318498.000000 4492.000000 0.000000
37690428.000000 4562.000000 0.000000
38179921.000000 4917.000000 0.000000
37968740.000000 4715.000000 0.000000
47085703.000000 5078.000000 0.000000
37942099.000000 4712.000000 0.000000
37816073.000000 4366.000000 0.000000
38195551.000000 4437.000000 0.000000
48535787.000000 5056.000000 0.000000
50937789.000000 5038.000000 0.000000
46607614.000000 4996.000000 0.000000
45655143.000000 5057.000000 0.000000
46567007.000000 5032.000000 0.000000
49867882.000000 4983.000000 0.000000
40456226.000000 4934.000000 0.000000
51419767.000000 5019.000000 0.000000
38034269.000000 4274.000000 0.000000
37648999.000000 3889.000000 0.000000
37831840.000000 4367.000000 3.000000
46083747.000000 5059.000000 0.000000
37836086.000000 4628.000000 0.000000
37906637.000000 4434.000000 0.000000
48496557.000000 5033.000000 0.000000
37712924.000000 4693.000000 0.000000
38112009.000000 4357.000000 0.000000
48451186.000000 5071.000000 0.000000
37779815.000000 4465.000000 0.000000
43648979.000000 4973.000000 0.000000
44659789.000000 4940.000000 0.000000
37705957.000000 4564.000000 0.000000
45839121.000000 5006.000000 0.000000
46517042.000000 5030.000000 0.000000
38745362.000000 4099.000000 0.000000
38006196.000000 4463.000000 0.000000
43796427.000000 5020.000000 0.000000
45966959.000000 4956.000000 0.000000
45796263.000000 5029.000000 0.000000
40600494.000000 5008.000000 0.000000
38064954.000000 4160.000000 0.000000
51002413.000000 4983.000000 0.000000
45537156.000000 4982.000000 0.000000
38152769.000000 4760.000000 0.000000
38727867.000000 4099.000000 0.000000
38705453.000000 4948.000000 0.000000
45691877.000000 4973.000000 0.000000
38071525.000000 4436.000000 0.000000
39842201.000000 5076.000000 0.000000
38381400.000000 4787.000000 0.000000
38180426.000000 4293.000000 0.000000
53595955.000000 5070.000000 0.000000
45103354.000000 5027.000000 0.000000
37955292.000000 4378.000000 0.000000
38306384.000000 4001.000000 0.000000
37682898.000000 4438.000000 0.000000
46248937.000000 4968.000000 0.000000
43501814.000000 4934.000000 0.000000
52809009.000000 5007.000000 0.000000
45911133.000000 4913.000000 0.000000
37847730.000000 4149.000000 0.000000
38115702.000000 4350.000000 0.000000
37816971.000000 4096.000000 0.000000
39927316.000000 5017.000000 0.000000
37713457.000000 4395.000000 0.000000
37457901.000000 4460.000000 0.000000
38025078.000000 4225.000000 0.000000
38040356.000000 4282.000000 0.000000
40808061.000000 5027.000000 0.000000
34995944.000000 4477.000000 0.000000
37506569.000000 4321.000000 0.000000
37909067.000000 4512.000000 0.000000
38470612.000000 4932.000000 0.000000
38172941.000000 4300.000000 0.000000
42251289.000000 4988.000000 0.000000
50428739.000000 5026.000000 0.000000
51230973.000000 5242.000000 0.000000
38904093.000000 3975.000000 0.000000
42509968.000000 4973.000000 0.000000
46533990.000000 4955.000000 0.000000
37793879.000000 4101.000000 0.000000
43993606.000000 5029.000000 0.000000
38164276.000000 4953.000000 0.000000
50546649.000000 5034.000000 0.000000
37333200.000000 4433.000000 0.000000
37756708.000000 4079.000000 0.000000
49412283.000000 5084.000000 0.000000
44239104.000000 5054.000000 0.000000
37624445.000000 4325.000000 0.000000
37080457.000000 4432.000000 0.000000
