46877941.000000 17783.000000 16295.000000
47120553.000000 17610.000000 15745.000000
46850297.000000 17822.000000 16517.000000
47233007.000000 17841.000000 15460.000000
46818128.000000 17531.000000 16396.000000
46953409.000000 17460.000000 16247.000000
47068691.000000 17443.000000 16120.000000
47078550.000000 17758.000000 15608.000000
46990094.000000 17958.000000 16099.000000
46921746.000000 17984.000000 16307.000000
47301585.000000 17841.000000 15619.000000
46952030.000000 17724.000000 15827.000000
46897759.000000 17970.000000 16166.000000
46860824.000000 17772.000000 16456.000000
46919783.000000 18009.000000 15923.000000
46872655.000000 17951.000000 16333.000000
47066054.000000 18361.000000 15684.000000
46643287.000000 17913.000000 16622.000000
46995809.000000 18121.000000 16063.000000
47019112.000000 17746.000000 15795.000000
47201153.000000 17735.000000 15549.000000
47272566.000000 17864.000000 15685.000000
47033253.000000 17889.000000 15622.000000
46931090.000000 17433.000000 16218.000000
47080139.000000 18061.000000 15925.000000
46925772.000000 17873.000000 16683.000000
46849900.000000 17744.000000 16333.000000
47116358.000000 17638.000000 16211.000000
46877625.000000 17605.000000 16420.000000
46945401.000000 18255.000000 16263.000000
47010311.000000 17603.000000 15944.000000
46670535.000000 17444.000000 16751.000000
46997438.000000 18112.000000 16189.000000
46687153.000000 17450.000000 16135.000000
46957586.000000 17965.000000 16141.000000
46854580.000000 17538.000000 16216.000000
47232542.000000 17764.000000 15876.000000
47080635.000000 17781.000000 15829.000000
47086992.000000 18170.000000 16442.000000
46779300.000000 17445.000000 16349.000000
46823974.000000 17456.000000 16226.000000
46986345.000000 17859.000000 16146.000000
46988156.000000 17849.000000 16289.000000
47035973.000000 18153.000000 16355.000000
46940156.000000 17961.000000 16344.000000
47024266.000000 17826.000000 16017.000000
47080469.000000 17876.000000 15782.000000
47057738.000000 17865.000000 15855.000000
46965174.000000 17948.000000 16360.000000
47298342.000000 17810.000000 15789.000000
47206958.000000 17896.000000 15674.000000
46604314.000000 17888.000000 16337.000000
47037734.000000 18146.000000 16315.000000
47033568.000000 17483.000000 16023.000000
47133017.000000 17864.000000 15936.000000
46868477.000000 17775.000000 16233.000000
47072908.000000 17491.000000 15567.000000
46831442.000000 17467.000000 16298.000000
46977318.000000 18165.000000 16472.000000
46888691.000000 17937.000000 16495.000000
47178302.000000 17856.000000 15690.000000
47087088.000000 17639.000000 16061.000000
47177600.000000 17890.000000 15646.000000
47386355.000000 17967.000000 14634.000000
47193634.000000 17818.000000 15489.000000
47126796.000000 18168.000000 16199.000000
47022632.000000 17838.000000 16069.000000
47158460.000000 17860.000000 15730.000000
46796609.000000 17144.000000 16476.000000
47044027.000000 17503.000000 15798.000000
46805480.000000 17880.000000 16603.000000
46973631.000000 17456.000000 16113.000000
46773602.000000 17714.000000 16260.000000
46967019.000000 17818.000000 16664.000000
47098258.000000 18325.000000 16318.000000
46979163.000000 17723.000000 15927.000000
46851699.000000 17932.000000 16337.000000
46929008.000000 17865.000000 16430.000000
46762087.000000 17605.000000 17127.000000
47025791.000000 17626.000000 16388.000000
46998680.000000 17727.000000 16377.000000
46868013.000000 17450.000000 16028.000000
47023742.000000 17638.000000 16072.000000
46692883.000000 17816.000000 17056.000000
46820712.000000 17820.000000 16583.000000
46968998.000000 17867.000000 16388.000000
46885948.000000 17555.000000 16632.000000
47013442.000000 17880.000000 16048.000000
47145083.000000 17796.000000 15508.000000
46973851.000000 17807.000000 16416.000000
47213021.000000 17885.000000 15786.000000
47000172.000000 17707.000000 15886.000000
46905969.000000 17800.000000 16274.000000
47319845.000000 17908.000000 15307.000000
47022895.000000 17806.000000 15597.000000
46917809.000000 17987.000000 16505.000000
46805748.000000 17459.000000 16715.000000
46868635.000000 17533.000000 16775.000000
46977672.000000 17864.000000 16499.000000
46891652.000000 17683.000000 15896.000000
