41967709.000000 324.000000 388.000000
41969273.000000 492.000000 0.000000
42179876.000000 441.000000 0.000000
41543870.000000 318.000000 408.000000
41529730.000000 449.000000 5.000000
42128924.000000 491.000000 0.000000
42067307.000000 310.000000 388.000000
45212942.000000 454.000000 4.000000
41592870.000000 492.000000 0.000000
41460336.000000 448.000000 0.000000
41981102.000000 471.000000 3.000000
41691341.000000 359.000000 418.000000
41880614.000000 517.000000 2.000000
41536582.000000 501.000000 5.000000
41509006.000000 365.000000 369.000000
41879845.000000 325.000000 476.000000
41767927.000000 330.000000 388.000000
41578638.000000 442.000000 0.000000
41797756.000000 482.000000 3.000000
41150230.000000 437.000000 0.000000
41454005.000000 367.000000 398.000000
41996917.000000 456.000000 0.000000
41334845.000000 334.000000 437.000000
41538987.000000 459.000000 0.000000
41834927.000000 451.000000 9.000000
42328536.000000 468.000000 0.000000
41628799.000000 338.000000 389.000000
41599808.000000 545.000000 2.000000
41699155.000000 357.000000 379.000000
41778186.000000 485.000000 0.000000
41932512.000000 478.000000 0.000000
42032232.000000 451.000000 4.000000
41712900.000000 518.000000 5.000000
41184282.000000 437.000000 0.000000
41902726.000000 510.000000 0.000000
41729300.000000 335.000000 393.000000
41851716.000000 331.000000 369.000000
41887073.000000 313.000000 394.000000
41029060.000000 356.000000 393.000000
41563052.000000 455.000000 5.000000
41958646.000000 330.000000 442.000000
42098062.000000 438.000000 0.000000
41733285.000000 478.000000 0.000000
41781296.000000 568.000000 0.000000
42112237.000000 520.000000 0.000000
41692377.000000 440.000000 0.000000
41421879.000000 436.000000 0.000000
41929320.000000 496.000000 0.000000
41668578.000000 443.000000 5.000000
41697966.000000 331.000000 398.000000
41791083.000000 435.000000 4.000000
41790834.000000 348.000000 388.000000
41683644.000000 460.000000 0.000000
41556012.000000 506.000000 0.000000
42198066.000000 438.000000 4.000000
42060366.000000 428.000000 0.000000
41729303.000000 517.000000 5.000000
41829751.000000 555.000000 0.000000
41698672.000000 441.000000 0.000000
42046481.000000 303.000000 398.000000
41902538.000000 340.000000 384.000000
41731309.000000 341.000000 432.000000
42553902.000000 534.000000 3.000000
42178993.000000 464.000000 0.000000
41901619.000000 509.000000 0.000000
41752637.000000 457.000000 5.000000
42093031.000000 423.000000 10.000000
41521344.000000 432.000000 5.000000
41907992.000000 491.000000 3.000000
41708695.000000 531.000000 0.000000
42249576.000000 347.000000 403.000000
41481711.000000 448.000000 0.000000
41827349.000000 373.000000 398.000000
41673569.000000 426.000000 0.000000
42155384.000000 451.000000 4.000000
42150781.000000 354.000000 394.000000
41645898.000000 462.000000 0.000000
41960742.000000 485.000000 3.000000
42203283.000000 333.000000 378.000000
41818307.000000 497.000000 0.000000
42216904.000000 481.000000 0.000000
41326518.000000 503.000000 5.000000
41913580.000000 454.000000 10.000000
42083906.000000 441.000000 0.000000
41388979.000000 446.000000 4.000000
41849235.000000 481.000000 0.000000
41719214.000000 471.000000 3.000000
40616631.000000 463.000000 0.000000
42256883.000000 329.000000 408.000000
42033477.000000 327.000000 413.000000
41938907.000000 567.000000 3.000000
41256587.000000 499.000000 3.000000
41350023.000000 388.000000 389.000000
42331765.000000 500.000000 5.000000
41685231.000000 430.000000 5.000000
41709946.000000 481.000000 0.000000
41199914.000000 389.000000 389.000000
41755150.000000 475.000000 0.000000
41631220.000000 424.000000 0.000000
41897915.000000 445.000000 4.000000
