36916827.000000 24978.000000 23467.000000
36472252.000000 24948.000000 23485.000000
36773018.000000 25184.000000 23661.000000
37437056.000000 25124.000000 23557.000000
36730450.000000 25370.000000 23492.000000
36294290.000000 25090.000000 23123.000000
37110620.000000 25901.000000 23931.000000
36953806.000000 25701.000000 23325.000000
36128014.000000 24713.000000 23103.000000
36077993.000000 24655.000000 23436.000000
37600916.000000 24908.000000 23624.000000
36657877.000000 25118.000000 23392.000000
36997783.000000 25505.000000 23789.000000
37245500.000000 24911.000000 23263.000000
36631056.000000 25294.000000 23308.000000
36517055.000000 26106.000000 23427.000000
36827986.000000 25001.000000 23692.000000
36758472.000000 25723.000000 23370.000000
36245854.000000 25692.000000 23475.000000
37435085.000000 25604.000000 23751.000000
37471863.000000 25844.000000 23871.000000
36256695.000000 25341.000000 23257.000000
36517473.000000 25711.000000 23176.000000
36530245.000000 25774.000000 23527.000000
36782473.000000 25809.000000 23511.000000
37011152.000000 25735.000000 23352.000000
37405471.000000 25147.000000 23573.000000
36721467.000000 24972.000000 23417.000000
36836818.000000 25313.000000 23847.000000
37371892.000000 25421.000000 23159.000000
36987888.000000 24695.000000 23441.000000
35650159.000000 24918.000000 23298.000000
36473192.000000 24044.000000 23572.000000
37075685.000000 25430.000000 24007.000000
36841563.000000 25295.000000 23407.000000
36688500.000000 25054.000000 23338.000000
35879954.000000 24628.000000 23520.000000
36964753.000000 25199.000000 23735.000000
36437736.000000 24755.000000 23568.000000
37213287.000000 25660.000000 23597.000000
35868010.000000 25236.000000 23399.000000
36186201.000000 25256.000000 23211.000000
36827334.000000 25249.000000 23503.000000
37041673.000000 25590.000000 23821.000000
35956295.000000 25460.000000 23302.000000
35869000.000000 26434.000000 22913.000000
36286156.000000 24938.000000 23314.000000
37192126.000000 25357.000000 23645.000000
36985532.000000 25486.000000 23586.000000
36948925.000000 25424.000000 23748.000000
36783203.000000 25048.000000 23587.000000
36829875.000000 25115.000000 23615.000000
36190205.000000 25150.000000 23026.000000
36874119.000000 25248.000000 23343.000000
36662355.000000 26094.000000 23493.000000
37350831.000000 25228.000000 23540.000000
36887614.000000 25063.000000 23680.000000
37061953.000000 25559.000000 23378.000000
36568259.000000 24493.000000 23475.000000
37534496.000000 24736.000000 23408.000000
37821388.000000 25197.000000 23647.000000
36653275.000000 25330.000000 23527.000000
36808347.000000 24486.000000 23540.000000
36559127.000000 24750.000000 23623.000000
37171959.000000 25217.000000 23220.000000
37101718.000000 25335.000000 23412.000000
36686431.000000 25768.000000 22998.000000
36409274.000000 25498.000000 23981.000000
36745393.000000 25243.000000 23513.000000
37195176.000000 25676.000000 23677.000000
36936842.000000 25137.000000 23342.000000
35865930.000000 25203.000000 23242.000000
37560361.000000 25475.000000 23614.000000
36534276.000000 24785.000000 23585.000000
36585949.000000 26061.000000 23626.000000
37505527.000000 26003.000000 24032.000000
37151293.000000 25778.000000 23683.000000
36530722.000000 24602.000000 23533.000000
37146519.000000 25866.000000 23422.000000
36636101.000000 25338.000000 23483.000000
36701549.000000 25603.000000 23878.000000
36615917.000000 25021.000000 22986.000000
36014605.000000 24989.000000 23702.000000
36427596.000000 25139.000000 22954.000000
36830612.000000 25473.000000 23504.000000
36511478.000000 25261.000000 23368.000000
37428543.000000 25394.000000 23842.000000
36461384.000000 25798.000000 23926.000000
37191269.000000 24969.000000 23504.000000
36535346.000000 24676.000000 23509.000000
36596798.000000 25460.000000 23544.000000
36959298.000000 25532.000000 23746.000000
36648124.000000 25610.000000 23231.000000
35799174.000000 24541.000000 23472.000000
37039635.000000 25375.000000 23689.000000
37439208.000000 25937.000000 23170.000000
37600160.000000 26138.000000 24277.000000
36784689.000000 26033.000000 23386.000000
35992370.000000 25093.000000 22919.000000
36542110.000000 25268.000000 23678.000000
