50853061.000000 19188.000000 2146.000000
50529337.000000 19188.000000 3070.000000
50280001.000000 18788.000000 3346.000000
50421880.000000 19045.000000 3316.000000
50672654.000000 19167.000000 2822.000000
50287561.000000 18733.000000 3469.000000
50742086.000000 18912.000000 2365.000000
50472942.000000 19082.000000 2899.000000
50677770.000000 19247.000000 2566.000000
50367937.000000 18815.000000 4051.000000
50201326.000000 18715.000000 3781.000000
50387658.000000 19132.000000 3498.000000
50252203.000000 19133.000000 4114.000000
50408344.000000 19018.000000 3931.000000
50365454.000000 19173.000000 3932.000000
50046628.000000 18940.000000 4557.000000
50493287.000000 19052.000000 3845.000000
50462033.000000 18730.000000 3647.000000
50492505.000000 19293.000000 3147.000000
50123952.000000 18377.000000 4514.000000
50044154.000000 18877.000000 5220.000000
50469825.000000 18928.000000 3382.000000
50369973.000000 19275.000000 3440.000000
50228268.000000 19245.000000 4254.000000
50361004.000000 18843.000000 3470.000000
50439573.000000 19154.000000 3319.000000
50387029.000000 19159.000000 4116.000000
50607095.000000 19161.000000 3229.000000
50401658.000000 18834.000000 3053.000000
50300244.000000 19148.000000 3816.000000
50550989.000000 19232.000000 3329.000000
50175548.000000 18745.000000 4170.000000
50447544.000000 18721.000000 3614.000000
50286281.000000 18733.000000 3620.000000
50346792.000000 18736.000000 3813.000000
50472303.000000 19028.000000 4031.000000
50277524.000000 18937.000000 4024.000000
50515221.000000 19088.000000 3824.000000
50138756.000000 19153.000000 4682.000000
50420314.000000 18767.000000 3384.000000
50453521.000000 19233.000000 3778.000000
50192242.000000 18767.000000 4453.000000
50285035.000000 19069.000000 4013.000000
50336191.000000 18738.000000 3157.000000
50152788.000000 19162.000000 4262.000000
50200390.000000 19092.000000 3726.000000
50022720.000000 18441.000000 4756.000000
50216891.000000 19052.000000 4658.000000
49963669.000000 18715.000000 4233.000000
50573770.000000 18937.000000 3731.000000
50324683.000000 18591.000000 3459.000000
50201611.000000 18812.000000 5453.000000
49978637.000000 19142.000000 4886.000000
50342128.000000 18718.000000 4025.000000
50167604.000000 19089.000000 4343.000000
50409752.000000 19171.000000 3723.000000
50262179.000000 19082.000000 4348.000000
50186577.000000 19151.000000 4320.000000
50299791.000000 18811.000000 4154.000000
50217616.000000 19063.000000 3934.000000
50224055.000000 19262.000000 2910.000000
50063513.000000 19107.000000 4693.000000
50432573.000000 18786.000000 3858.000000
50241739.000000 18738.000000 4105.000000
50389538.000000 19140.000000 4149.000000
50046787.000000 19165.000000 4577.000000
50569808.000000 19520.000000 2229.000000
50453275.000000 19111.000000 3295.000000
50555881.000000 18909.000000 3021.000000
50649550.000000 19159.000000 2501.000000
50678013.000000 19018.000000 2683.000000
50166167.000000 18735.000000 3974.000000
50017419.000000 18727.000000 4223.000000
50198679.000000 18733.000000 3968.000000
49770552.000000 18324.000000 4267.000000
50628002.000000 18800.000000 3351.000000
50331398.000000 19363.000000 3920.000000
50280841.000000 18728.000000 4078.000000
50344236.000000 19054.000000 3443.000000
50204799.000000 18713.000000 4170.000000
50250397.000000 19168.000000 3768.000000
50372938.000000 19165.000000 3661.000000
50196670.000000 19162.000000 4749.000000
50262477.000000 18786.000000 3930.000000
50096454.000000 18987.000000 4437.000000
50437138.000000 19320.000000 3584.000000
50312070.000000 19145.000000 3688.000000
50267037.000000 19133.000000 3760.000000
50019863.000000 18884.000000 3588.000000
50278412.000000 19009.000000 3462.000000
50430140.000000 18825.000000 3671.000000
50431653.000000 18920.000000 3687.000000
50338785.000000 18742.000000 2791.000000
50261989.000000 18742.000000 4395.000000
50210015.000000 18754.000000 4272.000000
50452979.000000 18733.000000 3701.000000
50467868.000000 19200.000000 3087.000000
50150540.000000 18404.000000 4319.000000
50385625.000000 19189.000000 3481.000000
50489465.000000 18739.000000 3253.000000
