50587105.000000 18807.000000 2759.000000
50579014.000000 19479.000000 2961.000000
50645093.000000 19260.000000 2563.000000
50665030.000000 18955.000000 2824.000000
50693353.000000 19615.000000 2655.000000
50468235.000000 19281.000000 2495.000000
50555924.000000 19102.000000 2813.000000
50796975.000000 18712.000000 2410.000000
50586477.000000 19551.000000 3174.000000
50497119.000000 19560.000000 3127.000000
50671377.000000 18692.000000 2412.000000
50583332.000000 18934.000000 2912.000000
50771568.000000 18761.000000 2673.000000
50651964.000000 19287.000000 2597.000000
50494658.000000 18806.000000 3121.000000
50419196.000000 18695.000000 3481.000000
50376878.000000 81935.000000 3262.000000
50333810.000000 18672.000000 3841.000000
50384626.000000 19111.000000 3740.000000
49785384.000000 18689.000000 4412.000000
50508318.000000 19534.000000 3101.000000
50356420.000000 19117.000000 3464.000000
50585948.000000 19070.000000 3087.000000
50391823.000000 19107.000000 3210.000000
50831871.000000 18955.000000 2199.000000
50456412.000000 18712.000000 3617.000000
45695249.000000 99030.000000 3905.000000
50509220.000000 19639.000000 3524.000000
50540244.000000 19111.000000 3199.000000
50467072.000000 19226.000000 3542.000000
50539235.000000 18831.000000 2961.000000
50203091.000000 19248.000000 3782.000000
50391216.000000 18902.000000 3879.000000
50439751.000000 18753.000000 3181.000000
50488430.000000 19133.000000 3332.000000
50383645.000000 19140.000000 3662.000000
50507778.000000 19104.000000 3406.000000
50663952.000000 19526.000000 2363.000000
50501259.000000 18692.000000 2868.000000
50764627.000000 19122.000000 2571.000000
50235264.000000 18702.000000 4169.000000
50727145.000000 18745.000000 2320.000000
50602016.000000 18743.000000 2737.000000
50526284.000000 19189.000000 3275.000000
50587888.000000 19136.000000 3228.000000
50687440.000000 18977.000000 2513.000000
50118102.000000 19118.000000 4536.000000
50359257.000000 18965.000000 3590.000000
50502308.000000 19238.000000 2856.000000
50465224.000000 18784.000000 3528.000000
50628610.000000 19121.000000 2913.000000
50873632.000000 19190.000000 2184.000000
50686999.000000 19124.000000 2421.000000
50552534.000000 18688.000000 3267.000000
50668943.000000 19101.000000 2596.000000
50411413.000000 19325.000000 3180.000000
50439786.000000 19128.000000 3560.000000
50737764.000000 19215.000000 2716.000000
50676644.000000 18708.000000 2568.000000
50495734.000000 18955.000000 3005.000000
50528668.000000 18692.000000 3177.000000
50540673.000000 18714.000000 3186.000000
50204572.000000 18680.000000 3936.000000
50562439.000000 19281.000000 2587.000000
50562415.000000 18689.000000 2675.000000
50334466.000000 18678.000000 3556.000000
50407673.000000 19113.000000 3258.000000
50386690.000000 19354.000000 3586.000000
50439771.000000 18701.000000 3372.000000
50660460.000000 19168.000000 2771.000000
50821593.000000 19107.000000 1775.000000
50911302.000000 19112.000000 1916.000000
50984648.000000 18701.000000 1960.000000
50477283.000000 18941.000000 3154.000000
50472411.000000 19074.000000 3092.000000
50375646.000000 18764.000000 3536.000000
50563719.000000 19135.000000 3285.000000
50348529.000000 19116.000000 3911.000000
50827278.000000 19347.000000 2163.000000
50585043.000000 18695.000000 2988.000000
50430154.000000 18975.000000 3894.000000
50352366.000000 18735.000000 3507.000000
50375103.000000 19099.000000 3940.000000
50525221.000000 19110.000000 2904.000000
50266383.000000 18699.000000 3898.000000
50364107.000000 18938.000000 3506.000000
50692331.000000 19483.000000 2472.000000
50837645.000000 18694.000000 2099.000000
50526050.000000 18778.000000 3161.000000
50312605.000000 19125.000000 3857.000000
50709845.000000 19151.000000 1888.000000
42904834.000000 95198.000000 1487.000000
48774108.000000 38573.000000 1874.000000
50672302.000000 18791.000000 2717.000000
50448051.000000 19102.000000 3220.000000
50475168.000000 19110.000000 3407.000000
50475560.000000 19302.000000 3023.000000
50504746.000000 19134.000000 3224.000000
50489595.000000 18921.000000 2830.000000
50502126.000000 18684.000000 3423.000000
