38708893.000000 4415.000000 0.000000
40917610.000000 4949.000000 0.000000
37347246.000000 4055.000000 0.000000
37873969.000000 4889.000000 0.000000
38677163.000000 4701.000000 0.000000
37297759.000000 4006.000000 0.000000
37246234.000000 4968.000000 0.000000
38147093.000000 5022.000000 0.000000
42291198.000000 4944.000000 0.000000
37207001.000000 4883.000000 0.000000
38318524.000000 3883.000000 0.000000
38167725.000000 4367.000000 0.000000
38321654.000000 4936.000000 0.000000
37370669.000000 3925.000000 0.000000
53446856.000000 5178.000000 0.000000
38089418.000000 4148.000000 0.000000
38631033.000000 4480.000000 0.000000
53734683.000000 5032.000000 0.000000
37398009.000000 4970.000000 0.000000
38201398.000000 4722.000000 0.000000
47862885.000000 4913.000000 0.000000
47985540.000000 4971.000000 0.000000
38661302.000000 4878.000000 0.000000
53427888.000000 5031.000000 0.000000
47900473.000000 5022.000000 0.000000
53132849.000000 5056.000000 0.000000
38270835.000000 4472.000000 0.000000
38453222.000000 4500.000000 0.000000
36689132.000000 4779.000000 0.000000
37718778.000000 4857.000000 0.000000
38291265.000000 5008.000000 0.000000
38539575.000000 3933.000000 0.000000
47617274.000000 5086.000000 0.000000
37967073.000000 4710.000000 0.000000
45671181.000000 4986.000000 0.000000
44333830.000000 4983.000000 0.000000
49032885.000000 5060.000000 0.000000
38321419.000000 4627.000000 0.000000
37732415.000000 4836.000000 0.000000
37322402.000000 4047.000000 0.000000
37306997.000000 3880.000000 0.000000
37855817.000000 4817.000000 0.000000
51188658.000000 5016.000000 0.000000
38466098.000000 4834.000000 0.000000
37785967.000000 4870.000000 0.000000
39282233.000000 5066.000000 0.000000
39189609.000000 5040.000000 0.000000
37210139.000000 4958.000000 0.000000
51134401.000000 5031.000000 0.000000
38178401.000000 4520.000000 0.000000
37538852.000000 4672.000000 0.000000
44670554.000000 5013.000000 0.000000
37617205.000000 4835.000000 0.000000
37813447.000000 4638.000000 0.000000
37267695.000000 4589.000000 0.000000
46051143.000000 5043.000000 0.000000
29638189.000000 4467.000000 0.000000
51939847.000000 4985.000000 0.000000
52783663.000000 5092.000000 0.000000
47022085.000000 5073.000000 0.000000
37502961.000000 4754.000000 0.000000
46186883.000000 4991.000000 0.000000
48416078.000000 5041.000000 0.000000
37855497.000000 4586.000000 0.000000
48044856.000000 4967.000000 0.000000
42228126.000000 4916.000000 0.000000
37804892.000000 4450.000000 0.000000
37732542.000000 3968.000000 0.000000
48751526.000000 5083.000000 0.000000
37681436.000000 4621.000000 0.000000
45349934.000000 5026.000000 0.000000
40538872.000000 5020.000000 0.000000
50613776.000000 5013.000000 0.000000
48445576.000000 5077.000000 0.000000
37643020.000000 4857.000000 0.000000
44112496.000000 4951.000000 0.000000
43191461.000000 5016.000000 0.000000
37990157.000000 4563.000000 0.000000
43806716.000000 5044.000000 0.000000
37807543.000000 4980.000000 0.000000
41769626.000000 4955.000000 0.000000
42945812.000000 4910.000000 0.000000
48781842.000000 5027.000000 0.000000
37647563.000000 3989.000000 0.000000
47371508.000000 4964.000000 0.000000
37048449.000000 4844.000000 0.000000
40740377.000000 5045.000000 0.000000
38457071.000000 4823.000000 0.000000
37629217.000000 4853.000000 0.000000
37779931.000000 4639.000000 0.000000
48614970.000000 5023.000000 0.000000
53057683.000000 5061.000000 0.000000
46320618.000000 4989.000000 0.000000
38524422.000000 4099.000000 0.000000
45241164.000000 5049.000000 0.000000
42814459.000000 4979.000000 0.000000
37519285.000000 4581.000000 0.000000
52079706.000000 4959.000000 0.000000
38659032.000000 3928.000000 0.000000
39257303.000000 5081.000000 0.000000
