44483214.000000 30459.000000 23822.000000
44902519.000000 30262.000000 21915.000000
44582051.000000 30477.000000 22953.000000
44197636.000000 29747.000000 22404.000000
44680909.000000 30173.000000 23514.000000
44852561.000000 30610.000000 22768.000000
44456063.000000 30209.000000 24191.000000
43918291.000000 30213.000000 23110.000000
44211276.000000 30291.000000 23419.000000
44691292.000000 31068.000000 22074.000000
44379191.000000 30208.000000 23615.000000
44612080.000000 30663.000000 22083.000000
44300708.000000 30158.000000 23621.000000
44613719.000000 30646.000000 22571.000000
44627361.000000 30182.000000 22489.000000
44474053.000000 30517.000000 23893.000000
44419480.000000 30337.000000 24587.000000
44492075.000000 30102.000000 22556.000000
44593795.000000 30509.000000 22523.000000
44100570.000000 30823.000000 23635.000000
44321679.000000 29809.000000 21981.000000
44213636.000000 30059.000000 22801.000000
44343208.000000 30423.000000 23774.000000
44320623.000000 30994.000000 23831.000000
44680398.000000 30261.000000 21678.000000
44219692.000000 29925.000000 23888.000000
44515745.000000 30239.000000 22687.000000
44575354.000000 30277.000000 24238.000000
44627168.000000 30473.000000 22103.000000
44458564.000000 30021.000000 22035.000000
44507025.000000 30466.000000 23659.000000
44878813.000000 30631.000000 22343.000000
44691033.000000 31277.000000 22339.000000
44565892.000000 30310.000000 24236.000000
44515776.000000 30415.000000 23570.000000
44211535.000000 29572.000000 21526.000000
44751047.000000 30234.000000 22117.000000
44169709.000000 30430.000000 23339.000000
44901282.000000 30781.000000 22438.000000
44428884.000000 30175.000000 23466.000000
44282796.000000 30233.000000 23561.000000
44550127.000000 30358.000000 23346.000000
44273161.000000 30651.000000 23905.000000
44616678.000000 30211.000000 23188.000000
44791099.000000 30673.000000 22252.000000
44702800.000000 30040.000000 22509.000000
44270767.000000 30334.000000 22915.000000
43967023.000000 30812.000000 23234.000000
44337652.000000 30391.000000 24977.000000
44724128.000000 30331.000000 22765.000000
44773919.000000 30693.000000 22931.000000
44348931.000000 30468.000000 23060.000000
44287199.000000 29772.000000 24114.000000
44637085.000000 30149.000000 23377.000000
44533535.000000 30236.000000 22729.000000
44346740.000000 30190.000000 23445.000000
44424746.000000 30196.000000 23719.000000
44720604.000000 30683.000000 22287.000000
44167284.000000 30214.000000 21892.000000
44602093.000000 30486.000000 24442.000000
44699719.000000 30200.000000 22806.000000
44558778.000000 31068.000000 23330.000000
44711694.000000 30509.000000 23144.000000
44776485.000000 30789.000000 23058.000000
44521239.000000 30225.000000 23234.000000
44717368.000000 30519.000000 22574.000000
44528313.000000 30282.000000 23070.000000
44840882.000000 30378.000000 23453.000000
44529405.000000 30315.000000 23217.000000
44754417.000000 30637.000000 21200.000000
45064063.000000 30339.000000 22642.000000
44427784.000000 30319.000000 21012.000000
44592890.000000 30487.000000 22572.000000
45087310.000000 30383.000000 21217.000000
44351023.000000 30551.000000 23136.000000
44670772.000000 30423.000000 24236.000000
44228679.000000 30292.000000 23776.000000
44572152.000000 30252.000000 22198.000000
44722518.000000 30336.000000 23233.000000
44804735.000000 30231.000000 22961.000000
44679009.000000 30098.000000 23901.000000
44583235.000000 30342.000000 25584.000000
44681500.000000 30674.000000 22843.000000
44182582.000000 29774.000000 23988.000000
44571496.000000 30275.000000 22573.000000
44897904.000000 30149.000000 22419.000000
44564744.000000 29683.000000 22783.000000
44886093.000000 30402.000000 22941.000000
44577399.000000 30663.000000 23337.000000
44777661.000000 30339.000000 22243.000000
44448064.000000 30150.000000 22533.000000
44319398.000000 29918.000000 23482.000000
44730154.000000 30436.000000 22293.000000
44684083.000000 30529.000000 21251.000000
44601715.000000 30192.000000 23090.000000
44526942.000000 30328.000000 22426.000000
44726771.000000 30533.000000 22863.000000
44415674.000000 30032.000000 21544.000000
44048116.000000 30015.000000 26099.000000
44348924.000000 30290.000000 23876.000000
