38675687.000000 58365.000000 14189.000000
40727193.000000 61479.000000 14065.000000
35379393.000000 59764.000000 44871.000000
34492588.000000 75836.000000 13295.000000
35873612.000000 70398.000000 12827.000000
41100939.000000 68354.000000 14027.000000
36896568.000000 60837.000000 16247.000000
41452451.000000 71861.000000 13786.000000
36412657.000000 64016.000000 14700.000000
35643886.000000 56099.000000 51651.000000
36026010.000000 58082.000000 41012.000000
40159303.000000 71598.000000 13279.000000
37172223.000000 65610.000000 13923.000000
37668168.000000 61928.000000 13372.000000
36813380.000000 50777.000000 56332.000000
35886555.000000 72450.000000 13019.000000
35650007.000000 69991.000000 12798.000000
34006231.000000 61140.000000 57745.000000
35619172.000000 70551.000000 12941.000000
39218384.000000 65367.000000 12915.000000
34414165.000000 64289.000000 40812.000000
35311662.000000 78085.000000 13744.000000
34484265.000000 59733.000000 55680.000000
34344551.000000 75409.000000 14746.000000
33762141.000000 87360.000000 14325.000000
41311838.000000 74297.000000 14136.000000
41069810.000000 76309.000000 13104.000000
34616275.000000 65190.000000 34440.000000
41101517.000000 34098.000000 53311.000000
33824523.000000 64666.000000 48585.000000
40914592.000000 73801.000000 14412.000000
33464910.000000 77709.000000 14555.000000
34127073.000000 61320.000000 57142.000000
39395246.000000 63879.000000 13751.000000
40336832.000000 75712.000000 14218.000000
35300100.000000 67520.000000 14282.000000
41493597.000000 78430.000000 13918.000000
35571833.000000 70382.000000 13877.000000
37935877.000000 60269.000000 13673.000000
35915633.000000 69340.000000 13814.000000
36082847.000000 67209.000000 14253.000000
40981461.000000 75121.000000 14041.000000
36024080.000000 67942.000000 14614.000000
35347582.000000 71123.000000 13514.000000
33733578.000000 81769.000000 14312.000000
40277472.000000 76210.000000 13512.000000
36518442.000000 63862.000000 14980.000000
39000741.000000 71331.000000 13520.000000
36756771.000000 72831.000000 13891.000000
35161412.000000 57083.000000 53754.000000
36821301.000000 64491.000000 13180.000000
39793688.000000 72796.000000 12758.000000
34171012.000000 64654.000000 44237.000000
39127544.000000 57811.000000 13699.000000
38405749.000000 66961.000000 13367.000000
35539811.000000 56147.000000 55363.000000
37320865.000000 62926.000000 13846.000000
37712498.000000 60748.000000 14094.000000
36415896.000000 54808.000000 47699.000000
35138144.000000 69536.000000 13349.000000
40020654.000000 39224.000000 49133.000000
40106718.000000 67714.000000 13238.000000
41056807.000000 68927.000000 13582.000000
34483460.000000 64656.000000 40781.000000
35391611.000000 72192.000000 12933.000000
35195993.000000 58532.000000 50413.000000
40677186.000000 78561.000000 13624.000000
38630539.000000 53053.000000 19543.000000
36022339.000000 67001.000000 13870.000000
38105960.000000 64514.000000 13605.000000
35954570.000000 56251.000000 50812.000000
35414740.000000 69741.000000 13054.000000
34289464.000000 61811.000000 51365.000000
36308538.000000 65428.000000 13021.000000
38147109.000000 66560.000000 13047.000000
39279277.000000 56071.000000 13780.000000
39507312.000000 70978.000000 13480.000000
37042008.000000 63395.000000 12947.000000
34164214.000000 68188.000000 30604.000000
39049491.000000 72465.000000 13005.000000
38776707.000000 56598.000000 12762.000000
40093837.000000 55694.000000 13300.000000
37290275.000000 61291.000000 13829.000000
39076359.000000 79158.000000 12902.000000
36371872.000000 56974.000000 40554.000000
37323867.000000 62433.000000 12865.000000
40581598.000000 79797.000000 13008.000000
38364566.000000 62786.000000 13090.000000
39197535.000000 52481.000000 16308.000000
40581582.000000 71012.000000 12805.000000
35749142.000000 66785.000000 13341.000000
41755242.000000 63297.000000 13876.000000
36478714.000000 55009.000000 45315.000000
40008450.000000 52185.000000 13463.000000
31148465.000000 81223.000000 29155.000000
37309618.000000 51922.000000 46026.000000
39907143.000000 62828.000000 13035.000000
37480569.000000 60141.000000 11408.000000
35812790.000000 57226.000000 49074.000000
39047726.000000 58383.000000 13397.000000
