41955111.000000 487.000000 8.000000
41533500.000000 361.000000 389.000000
42047849.000000 479.000000 3.000000
42116915.000000 485.000000 3.000000
41980264.000000 452.000000 10.000000
41540115.000000 371.000000 383.000000
41394192.000000 503.000000 5.000000
42001080.000000 434.000000 0.000000
41872683.000000 328.000000 379.000000
41872115.000000 457.000000 5.000000
42290544.000000 440.000000 10.000000
41876385.000000 416.000000 389.000000
41793945.000000 460.000000 0.000000
41675558.000000 347.000000 408.000000
41659826.000000 441.000000 0.000000
41424009.000000 479.000000 0.000000
42088551.000000 453.000000 3.000000
42294928.000000 442.000000 0.000000
41767759.000000 370.000000 379.000000
41776781.000000 410.000000 126.000000
41934822.000000 496.000000 3.000000
42117602.000000 445.000000 0.000000
41847465.000000 484.000000 0.000000
41769229.000000 466.000000 0.000000
41657053.000000 504.000000 0.000000
42970635.000000 451.000000 4.000000
41897626.000000 476.000000 0.000000
42031975.000000 472.000000 0.000000
41610752.000000 358.000000 413.000000
42135066.000000 481.000000 0.000000
41938864.000000 348.000000 394.000000
42102173.000000 521.000000 0.000000
41641717.000000 436.000000 5.000000
41991333.000000 499.000000 4.000000
41759604.000000 513.000000 0.000000
41991100.000000 471.000000 0.000000
42061927.000000 325.000000 398.000000
45510315.000000 455.000000 0.000000
41748506.000000 373.000000 384.000000
41923014.000000 474.000000 0.000000
42127267.000000 475.000000 3.000000
45687174.000000 484.000000 0.000000
41752211.000000 353.000000 403.000000
41856019.000000 473.000000 0.000000
42125556.000000 487.000000 0.000000
42065691.000000 480.000000 3.000000
41348652.000000 351.000000 384.000000
41647197.000000 337.000000 403.000000
42313973.000000 483.000000 0.000000
41752963.000000 351.000000 398.000000
41486566.000000 453.000000 4.000000
41662035.000000 438.000000 3.000000
41818875.000000 431.000000 0.000000
41928997.000000 464.000000 3.000000
41645838.000000 339.000000 384.000000
41709609.000000 357.000000 383.000000
41983738.000000 488.000000 0.000000
41957077.000000 490.000000 3.000000
41891423.000000 388.000000 384.000000
41859603.000000 441.000000 0.000000
41685610.000000 369.000000 427.000000
41896544.000000 473.000000 0.000000
41724117.000000 413.000000 34.000000
41832902.000000 334.000000 394.000000
41913404.000000 479.000000 0.000000
42013855.000000 339.000000 383.000000
41576980.000000 477.000000 0.000000
41573051.000000 442.000000 4.000000
42064706.000000 487.000000 0.000000
41946726.000000 468.000000 0.000000
41628424.000000 492.000000 3.000000
42051270.000000 506.000000 3.000000
41326212.000000 426.000000 0.000000
41697811.000000 422.000000 0.000000
42148779.000000 375.000000 408.000000
42027659.000000 427.000000 5.000000
41585715.000000 333.000000 427.000000
41903076.000000 448.000000 4.000000
41644245.000000 375.000000 277.000000
42029584.000000 447.000000 0.000000
41613446.000000 454.000000 0.000000
41481901.000000 440.000000 0.000000
41956495.000000 336.000000 432.000000
41988731.000000 485.000000 0.000000
41997029.000000 325.000000 394.000000
41190693.000000 443.000000 0.000000
42059361.000000 338.000000 384.000000
42017430.000000 338.000000 408.000000
41943980.000000 453.000000 4.000000
42342019.000000 444.000000 4.000000
41523735.000000 447.000000 0.000000
42277479.000000 483.000000 3.000000
42021005.000000 493.000000 0.000000
43617531.000000 325.000000 379.000000
41886014.000000 327.000000 403.000000
42098079.000000 328.000000 383.000000
41811749.000000 465.000000 0.000000
41787658.000000 423.000000 5.000000
41859952.000000 317.000000 388.000000
41550361.000000 467.000000 7.000000
