51168676.000000 19391.000000 1131.000000
51152439.000000 19539.000000 671.000000
51159707.000000 19215.000000 632.000000
51170556.000000 19373.000000 724.000000
51049411.000000 19287.000000 1032.000000
51032111.000000 19428.000000 587.000000
51128190.000000 19182.000000 671.000000
51281725.000000 19130.000000 339.000000
51236427.000000 19122.000000 847.000000
51022928.000000 19562.000000 846.000000
51422309.000000 19140.000000 283.000000
51304712.000000 19132.000000 362.000000
51169873.000000 19025.000000 692.000000
51295230.000000 19234.000000 563.000000
50941210.000000 19164.000000 914.000000
51320865.000000 19385.000000 588.000000
51307259.000000 19128.000000 597.000000
51207612.000000 19147.000000 597.000000
51388735.000000 19404.000000 303.000000
51342227.000000 19261.000000 979.000000
51184363.000000 19246.000000 982.000000
51251073.000000 19226.000000 442.000000
51232712.000000 19142.000000 641.000000
51074709.000000 19309.000000 756.000000
51357036.000000 19125.000000 527.000000
50967148.000000 19259.000000 1230.000000
51179691.000000 19154.000000 960.000000
51112529.000000 19685.000000 1102.000000
51209285.000000 19475.000000 856.000000
51243516.000000 19297.000000 908.000000
51291991.000000 19145.000000 460.000000
51170243.000000 19562.000000 569.000000
51366640.000000 19232.000000 430.000000
51039803.000000 19506.000000 1326.000000
51167974.000000 19274.000000 611.000000
51186930.000000 19079.000000 1058.000000
51024507.000000 19483.000000 1085.000000
51030216.000000 19147.000000 1180.000000
51216490.000000 19336.000000 366.000000
51209919.000000 19214.000000 1123.000000
51102049.000000 19128.000000 699.000000
51193955.000000 19185.000000 953.000000
50990832.000000 19528.000000 1452.000000
51402339.000000 19360.000000 734.000000
51039797.000000 19143.000000 1256.000000
51228789.000000 19160.000000 532.000000
51253863.000000 19548.000000 513.000000
51174576.000000 19315.000000 1160.000000
51216277.000000 19337.000000 873.000000
51267318.000000 19298.000000 480.000000
51192086.000000 19455.000000 720.000000
51166844.000000 19547.000000 930.000000
51269190.000000 19467.000000 687.000000
51215914.000000 19150.000000 754.000000
51073506.000000 19471.000000 816.000000
51167198.000000 19125.000000 724.000000
51286785.000000 19220.000000 593.000000
51123680.000000 19296.000000 604.000000
51177662.000000 19127.000000 1056.000000
51126074.000000 19186.000000 1087.000000
51147969.000000 19395.000000 912.000000
51187468.000000 19140.000000 985.000000
50902067.000000 18891.000000 1422.000000
51161252.000000 19136.000000 921.000000
51186642.000000 19175.000000 925.000000
51200140.000000 19147.000000 530.000000
51259685.000000 19650.000000 718.000000
51172866.000000 19495.000000 463.000000
51067060.000000 19457.000000 905.000000
51240128.000000 19129.000000 425.000000
51129865.000000 19243.000000 1062.000000
51046559.000000 19140.000000 1116.000000
51211168.000000 19126.000000 1106.000000
51130472.000000 19131.000000 797.000000
51172811.000000 19122.000000 869.000000
51207480.000000 19292.000000 910.000000
51131057.000000 19214.000000 974.000000
51210010.000000 19174.000000 567.000000
51316865.000000 19552.000000 601.000000
51274225.000000 19395.000000 696.000000
51090596.000000 19557.000000 736.000000
51203869.000000 19129.000000 578.000000
51117645.000000 19122.000000 1077.000000
51108697.000000 19130.000000 1214.000000
51149782.000000 19149.000000 916.000000
51251794.000000 19131.000000 520.000000
51218447.000000 19128.000000 670.000000
51253680.000000 19123.000000 637.000000
51335809.000000 19283.000000 531.000000
51191493.000000 19609.000000 512.000000
51261424.000000 19551.000000 440.000000
51361121.000000 19556.000000 456.000000
51100636.000000 19493.000000 910.000000
50733799.000000 19123.000000 1154.000000
51180590.000000 19266.000000 734.000000
51080554.000000 19138.000000 967.000000
51193024.000000 19293.000000 885.000000
51038063.000000 19136.000000 973.000000
51247646.000000 19636.000000 511.000000
51294588.000000 19140.000000 401.000000
