31663767.000000 94.000000 0.000000
31863773.000000 85.000000 10.000000
31746078.000000 93.000000 0.000000
31713563.000000 110.000000 0.000000
31690529.000000 108.000000 0.000000
31758323.000000 100.000000 0.000000
31712044.000000 165.000000 0.000000
31529474.000000 91.000000 0.000000
31799739.000000 129.000000 0.000000
31916315.000000 108.000000 12.000000
31876009.000000 102.000000 25.000000
31661974.000000 97.000000 0.000000
31836399.000000 116.000000 0.000000
31902078.000000 99.000000 0.000000
31650808.000000 89.000000 8.000000
31811754.000000 132.000000 0.000000
31777411.000000 94.000000 0.000000
31721816.000000 123.000000 4.000000
31725047.000000 85.000000 0.000000
31738940.000000 129.000000 8.000000
31577270.000000 136.000000 2.000000
31833842.000000 113.000000 0.000000
31926680.000000 113.000000 0.000000
31703711.000000 108.000000 0.000000
31710805.000000 94.000000 0.000000
31746397.000000 104.000000 6.000000
31727375.000000 85.000000 0.000000
31725590.000000 112.000000 0.000000
31913242.000000 73.000000 0.000000
31835232.000000 85.000000 0.000000
31728538.000000 109.000000 0.000000
31708649.000000 140.000000 0.000000
31771974.000000 97.000000 0.000000
31710597.000000 105.000000 3.000000
31676760.000000 85.000000 0.000000
31887628.000000 95.000000 4.000000
31624193.000000 111.000000 2.000000
31640310.000000 107.000000 3.000000
31675657.000000 98.000000 2.000000
31690539.000000 92.000000 0.000000
31535105.000000 108.000000 0.000000
31758644.000000 99.000000 2.000000
31705733.000000 89.000000 2.000000
31738929.000000 109.000000 2.000000
32130988.000000 86.000000 0.000000
31769809.000000 144.000000 2.000000
31721493.000000 119.000000 3.000000
31597306.000000 95.000000 3.000000
31728287.000000 103.000000 0.000000
31779962.000000 125.000000 0.000000
31701803.000000 117.000000 0.000000
31726898.000000 113.000000 4.000000
31644406.000000 93.000000 7.000000
31657897.000000 116.000000 10.000000
31901584.000000 104.000000 0.000000
31888912.000000 93.000000 0.000000
31842090.000000 99.000000 3.000000
31825251.000000 113.000000 0.000000
31723394.000000 110.000000 0.000000
31725235.000000 139.000000 4.000000
31853886.000000 108.000000 6.000000
31700355.000000 96.000000 0.000000
31737714.000000 98.000000 2.000000
31779559.000000 100.000000 6.000000
31924674.000000 108.000000 0.000000
31714205.000000 112.000000 0.000000
31765207.000000 123.000000 0.000000
31612255.000000 95.000000 2.000000
31766002.000000 109.000000 0.000000
31775555.000000 107.000000 2.000000
31747844.000000 130.000000 0.000000
31757332.000000 124.000000 6.000000
31862007.000000 101.000000 0.000000
31880930.000000 96.000000 0.000000
31847110.000000 78.000000 0.000000
31908535.000000 102.000000 11.000000
32006622.000000 90.000000 3.000000
31828099.000000 117.000000 3.000000
31771525.000000 122.000000 4.000000
31684397.000000 100.000000 0.000000
31836890.000000 99.000000 6.000000
31661685.000000 91.000000 0.000000
31758555.000000 93.000000 2.000000
31692443.000000 103.000000 0.000000
31792028.000000 74.000000 0.000000
31740163.000000 105.000000 0.000000
31830415.000000 123.000000 0.000000
31890472.000000 94.000000 0.000000
31730099.000000 111.000000 4.000000
31727773.000000 88.000000 0.000000
31750602.000000 108.000000 2.000000
31811910.000000 82.000000 3.000000
31679057.000000 95.000000 0.000000
31775718.000000 109.000000 2.000000
31831734.000000 116.000000 2.000000
31738150.000000 87.000000 6.000000
31705419.000000 112.000000 7.000000
31628244.000000 160.000000 2.000000
31910864.000000 94.000000 0.000000
31694665.000000 113.000000 2.000000
