51303678.000000 19550.000000 374.000000
51097484.000000 19487.000000 716.000000
51099608.000000 19215.000000 486.000000
51155074.000000 19554.000000 538.000000
51158167.000000 19124.000000 1179.000000
51244582.000000 19138.000000 660.000000
51179921.000000 19278.000000 553.000000
51201393.000000 19662.000000 492.000000
51263313.000000 19123.000000 720.000000
51170264.000000 19370.000000 765.000000
51381460.000000 19131.000000 640.000000
51229997.000000 19446.000000 745.000000
51301598.000000 19114.000000 636.000000
51147942.000000 19757.000000 365.000000
51335870.000000 19142.000000 504.000000
51189722.000000 19350.000000 940.000000
51096834.000000 19460.000000 847.000000
51068223.000000 19131.000000 635.000000
51399737.000000 19147.000000 535.000000
51315075.000000 19557.000000 467.000000
51196104.000000 19308.000000 895.000000
50848611.000000 19140.000000 1885.000000
51190179.000000 19132.000000 801.000000
51211977.000000 19229.000000 832.000000
51288122.000000 19732.000000 574.000000
51218958.000000 19133.000000 735.000000
51313178.000000 19313.000000 737.000000
51250591.000000 19385.000000 902.000000
51327650.000000 19634.000000 646.000000
51329763.000000 19174.000000 528.000000
51061315.000000 19136.000000 713.000000
51062340.000000 19141.000000 469.000000
51210482.000000 19160.000000 840.000000
51144642.000000 19125.000000 740.000000
51206774.000000 19123.000000 601.000000
51233023.000000 19420.000000 523.000000
51209255.000000 19199.000000 484.000000
51224665.000000 19489.000000 698.000000
51235064.000000 19206.000000 501.000000
51331632.000000 19545.000000 409.000000
51148058.000000 19121.000000 1021.000000
51318064.000000 19572.000000 329.000000
50971214.000000 18887.000000 340.000000
51301936.000000 19386.000000 548.000000
51194678.000000 19146.000000 791.000000
51289127.000000 19440.000000 411.000000
50946702.000000 19290.000000 450.000000
51347949.000000 19549.000000 410.000000
51201295.000000 19312.000000 625.000000
51261922.000000 19146.000000 807.000000
51333576.000000 19511.000000 434.000000
51204454.000000 19145.000000 310.000000
51313313.000000 19107.000000 539.000000
51222834.000000 19127.000000 682.000000
51108467.000000 19119.000000 1039.000000
51233365.000000 19147.000000 686.000000
51201027.000000 19124.000000 677.000000
51287231.000000 19116.000000 574.000000
51243637.000000 19623.000000 729.000000
51436714.000000 19226.000000 382.000000
51125963.000000 19131.000000 653.000000
51212828.000000 19139.000000 668.000000
51231617.000000 19565.000000 617.000000
51066301.000000 19278.000000 851.000000
51323121.000000 19131.000000 691.000000
51111542.000000 19576.000000 634.000000
51314557.000000 19351.000000 520.000000
51147821.000000 19195.000000 726.000000
51362541.000000 19127.000000 457.000000
51081524.000000 19146.000000 854.000000
51250987.000000 19215.000000 870.000000
51370571.000000 19127.000000 299.000000
51277361.000000 19611.000000 665.000000
51259284.000000 19247.000000 570.000000
51321228.000000 19554.000000 516.000000
51069473.000000 19144.000000 931.000000
50788424.000000 19143.000000 173.000000
51209768.000000 19557.000000 761.000000
51213919.000000 19537.000000 614.000000
51262306.000000 19542.000000 426.000000
51336674.000000 19514.000000 201.000000
51269987.000000 19130.000000 395.000000
51354553.000000 19328.000000 332.000000
51381959.000000 19144.000000 550.000000
51309727.000000 19138.000000 712.000000
51088808.000000 19414.000000 655.000000
51299854.000000 19135.000000 851.000000
51338863.000000 19456.000000 479.000000
51310643.000000 19138.000000 518.000000
51229909.000000 19423.000000 1053.000000
51106145.000000 19418.000000 1203.000000
51392095.000000 19291.000000 442.000000
51081784.000000 19298.000000 1055.000000
51343261.000000 19042.000000 740.000000
51178560.000000 18949.000000 775.000000
51138054.000000 19512.000000 779.000000
51183035.000000 19377.000000 666.000000
51126698.000000 19575.000000 431.000000
51279122.000000 19132.000000 668.000000
51089485.000000 19562.000000 782.000000
