48154099.000000 18134.000000 11110.000000
48455964.000000 18386.000000 10789.000000
48190339.000000 17982.000000 10902.000000
48242282.000000 18378.000000 11903.000000
48207963.000000 18217.000000 12198.000000
48668860.000000 18475.000000 11070.000000
48386383.000000 18183.000000 11751.000000
48403782.000000 18282.000000 9789.000000
43272183.000000 31523.000000 36628.000000
48160601.000000 17890.000000 12034.000000
48359698.000000 18372.000000 11516.000000
48245007.000000 18420.000000 10422.000000
48264315.000000 17806.000000 11419.000000
47459376.000000 22746.000000 10584.000000
47899601.000000 18181.000000 11878.000000
48130444.000000 17919.000000 11842.000000
48792229.000000 18452.000000 9824.000000
48386592.000000 18180.000000 10453.000000
48185864.000000 18268.000000 11367.000000
47824404.000000 18326.000000 12776.000000
47809066.000000 18253.000000 11852.000000
48553539.000000 18267.000000 8928.000000
48182125.000000 18289.000000 11647.000000
47995684.000000 18347.000000 11884.000000
48420417.000000 18195.000000 11695.000000
48124783.000000 17969.000000 11650.000000
48279182.000000 18335.000000 10852.000000
48244625.000000 18020.000000 11797.000000
48194322.000000 17993.000000 11172.000000
48700854.000000 18286.000000 9553.000000
48495403.000000 18310.000000 11092.000000
48324181.000000 18014.000000 11583.000000
48355052.000000 18042.000000 12854.000000
48192616.000000 18302.000000 11266.000000
47977505.000000 18104.000000 11965.000000
48135574.000000 18305.000000 12319.000000
48304564.000000 18177.000000 11345.000000
47971932.000000 18176.000000 11718.000000
48277835.000000 18096.000000 11639.000000
48117632.000000 17887.000000 12217.000000
48351131.000000 18151.000000 11634.000000
48240602.000000 18268.000000 11722.000000
48298001.000000 18138.000000 12054.000000
48155546.000000 18306.000000 11499.000000
48332884.000000 18067.000000 10416.000000
48395585.000000 18298.000000 10827.000000
48330489.000000 18320.000000 10445.000000
48286567.000000 18151.000000 10665.000000
48277450.000000 18307.000000 9860.000000
48288912.000000 18160.000000 10719.000000
48511502.000000 18520.000000 10562.000000
48436365.000000 18323.000000 11236.000000
48351277.000000 18082.000000 11148.000000
48478306.000000 17887.000000 10840.000000
48476919.000000 18294.000000 9120.000000
48391591.000000 18489.000000 11235.000000
48348819.000000 18341.000000 10115.000000
48411207.000000 18133.000000 9534.000000
48793491.000000 18319.000000 10328.000000
48440891.000000 18266.000000 9117.000000
48588828.000000 18712.000000 10921.000000
48582960.000000 18320.000000 10505.000000
48446367.000000 18323.000000 10402.000000
48364297.000000 18453.000000 11178.000000
48400733.000000 18281.000000 10687.000000
49167198.000000 18323.000000 9528.000000
48198694.000000 18009.000000 10285.000000
48359835.000000 18235.000000 10364.000000
48390475.000000 18300.000000 10395.000000
48460780.000000 18363.000000 10865.000000
49030086.000000 18389.000000 10544.000000
48498004.000000 18732.000000 10322.000000
48433862.000000 17860.000000 10294.000000
48417327.000000 18044.000000 11472.000000
48567650.000000 18327.000000 9945.000000
48257425.000000 18312.000000 10997.000000
48253649.000000 18044.000000 11398.000000
48751697.000000 18435.000000 8170.000000
48295873.000000 18076.000000 10601.000000
48696912.000000 18372.000000 9570.000000
49123188.000000 18349.000000 9366.000000
48449275.000000 18470.000000 10794.000000
48669226.000000 18345.000000 9904.000000
48174409.000000 18389.000000 10362.000000
48497704.000000 18147.000000 10806.000000
48753172.000000 18500.000000 10979.000000
48206352.000000 18356.000000 11679.000000
48388431.000000 18344.000000 10088.000000
48915559.000000 18388.000000 9561.000000
48268844.000000 18244.000000 10731.000000
48375382.000000 18470.000000 9888.000000
48893057.000000 18530.000000 9920.000000
48404919.000000 18339.000000 9493.000000
48567047.000000 18071.000000 9811.000000
48661636.000000 18270.000000 10468.000000
48860931.000000 18235.000000 9060.000000
48914552.000000 18397.000000 10346.000000
48531593.000000 18311.000000 10178.000000
48629197.000000 18024.000000 9500.000000
48402192.000000 18389.000000 10166.000000
