50595344.000000 5006.000000 3.000000
37335818.000000 4356.000000 23.000000
39978929.000000 4973.000000 15.000000
37836892.000000 4349.000000 19.000000
46348428.000000 5002.000000 8.000000
37326960.000000 4017.000000 17.000000
37478875.000000 4284.000000 14.000000
37387330.000000 4468.000000 6.000000
43952702.000000 4988.000000 12.000000
37641164.000000 4001.000000 13.000000
37782230.000000 4403.000000 13.000000
37199145.000000 4001.000000 29.000000
37131745.000000 4476.000000 12.000000
36407563.000000 4578.000000 27.000000
37532792.000000 4366.000000 23.000000
39358542.000000 4971.000000 16.000000
37612584.000000 4532.000000 22.000000
42159387.000000 4988.000000 75.000000
50294958.000000 4989.000000 90.000000
37899630.000000 4273.000000 14.000000
36936582.000000 4444.000000 28.000000
45143956.000000 4985.000000 37.000000
37497646.000000 5082.000000 95.000000
47346026.000000 5114.000000 20.000000
36810193.000000 4245.000000 29.000000
37148816.000000 4335.000000 23.000000
36755560.000000 4331.000000 23.000000
36711257.000000 5025.000000 7.000000
37163464.000000 4272.000000 10.000000
44849198.000000 4984.000000 10.000000
44158565.000000 4995.000000 2.000000
37755254.000000 4722.000000 17.000000
37516537.000000 4267.000000 0.000000
37052280.000000 5012.000000 8.000000
45877985.000000 5065.000000 8.000000
37498264.000000 5114.000000 16.000000
37729998.000000 4090.000000 16.000000
38254048.000000 4134.000000 8.000000
42663710.000000 5011.000000 10.000000
36639018.000000 4086.000000 24.000000
40625401.000000 5012.000000 22.000000
49951412.000000 5091.000000 23.000000
43051758.000000 4939.000000 25.000000
51268710.000000 5016.000000 10.000000
38760672.000000 5111.000000 14.000000
47046571.000000 5029.000000 48.000000
37202881.000000 4802.000000 38.000000
39138748.000000 5100.000000 9.000000
37490850.000000 4554.000000 9.000000
37926172.000000 3946.000000 5.000000
38234523.000000 4033.000000 18.000000
37844249.000000 4873.000000 5.000000
38262552.000000 5260.000000 14.000000
32751576.000000 5038.000000 14.000000
37024132.000000 4177.000000 4.000000
38109173.000000 5164.000000 14.000000
37868206.000000 4100.000000 12.000000
37032350.000000 5063.000000 30.000000
37596063.000000 4190.000000 46.000000
37307601.000000 4087.000000 58.000000
42597897.000000 5032.000000 41.000000
46408906.000000 5060.000000 17.000000
47867261.000000 5112.000000 11.000000
37393275.000000 3945.000000 14.000000
39445515.000000 5107.000000 9.000000
37183091.000000 4275.000000 29.000000
37856953.000000 5184.000000 19.000000
37056303.000000 4152.000000 19.000000
42818068.000000 5025.000000 10.000000
36944323.000000 4279.000000 18.000000
38212805.000000 4389.000000 16.000000
38477942.000000 4342.000000 37.000000
37370860.000000 4934.000000 67.000000
37602344.000000 5179.000000 16.000000
50982607.000000 5058.000000 7.000000
47780137.000000 4997.000000 5.000000
43832311.000000 4993.000000 10.000000
51566462.000000 5076.000000 94.000000
38042019.000000 4673.000000 148.000000
50579185.000000 5110.000000 19.000000
38422938.000000 5017.000000 16.000000
37409673.000000 4328.000000 65.000000
44222991.000000 4988.000000 24.000000
37528200.000000 5002.000000 73.000000
37666947.000000 5032.000000 13.000000
50056318.000000 5010.000000 18.000000
37919600.000000 5013.000000 9.000000
40713615.000000 4973.000000 11.000000
39294378.000000 5113.000000 7.000000
37465468.000000 3926.000000 28.000000
44164598.000000 4971.000000 20.000000
37603875.000000 4260.000000 11.000000
38735605.000000 5230.000000 112.000000
39015753.000000 5095.000000 18.000000
37896868.000000 4821.000000 10.000000
37686923.000000 4043.000000 42.000000
38125033.000000 5221.000000 23.000000
37363313.000000 4156.000000 8.000000
36861689.000000 3971.000000 18.000000
37410729.000000 4716.000000 6.000000
