49253489.000000 18676.000000 8412.000000
49461439.000000 18692.000000 6893.000000
49340896.000000 18305.000000 6967.000000
48931535.000000 18701.000000 8356.000000
49205468.000000 18785.000000 7093.000000
49329189.000000 18760.000000 6880.000000
49556052.000000 18692.000000 5859.000000
49618579.000000 18677.000000 6948.000000
49465737.000000 18694.000000 6837.000000
49054374.000000 18390.000000 7250.000000
49422535.000000 18964.000000 7110.000000
49392043.000000 18708.000000 6909.000000
49385813.000000 18702.000000 7750.000000
49629830.000000 18451.000000 6528.000000
49230480.000000 18715.000000 7675.000000
49457897.000000 18929.000000 7364.000000
49341483.000000 18699.000000 6953.000000
49658830.000000 18702.000000 6344.000000
49504177.000000 18830.000000 6737.000000
49572148.000000 18703.000000 6467.000000
49603272.000000 18710.000000 6507.000000
49496134.000000 18515.000000 6702.000000
49270263.000000 18695.000000 7177.000000
49006336.000000 18858.000000 7889.000000
49594092.000000 18680.000000 6424.000000
49586838.000000 18447.000000 6543.000000
49467849.000000 18562.000000 6730.000000
49350702.000000 18854.000000 7081.000000
49333715.000000 18981.000000 7336.000000
49505162.000000 18555.000000 6355.000000
49597485.000000 18854.000000 5847.000000
49573524.000000 18483.000000 7009.000000
49582053.000000 18690.000000 6569.000000
49413328.000000 18693.000000 6395.000000
49482025.000000 18605.000000 6852.000000
49347152.000000 18825.000000 7449.000000
49094769.000000 18491.000000 7975.000000
49332569.000000 18627.000000 6774.000000
49575573.000000 18363.000000 6554.000000
49450007.000000 18344.000000 7203.000000
49608651.000000 18712.000000 6771.000000
49539457.000000 18698.000000 6663.000000
49488541.000000 18697.000000 6878.000000
49463323.000000 18820.000000 7008.000000
49179734.000000 18659.000000 7593.000000
49363288.000000 18694.000000 7102.000000
49461561.000000 18506.000000 7081.000000
49119276.000000 18732.000000 7855.000000
49507945.000000 19085.000000 6952.000000
49371340.000000 18842.000000 7259.000000
49131337.000000 18692.000000 7641.000000
49169812.000000 18713.000000 7648.000000
49615393.000000 18788.000000 5935.000000
49284886.000000 19257.000000 7750.000000
49438473.000000 18456.000000 7491.000000
49317453.000000 18332.000000 7526.000000
49229078.000000 18538.000000 7256.000000
49175705.000000 18673.000000 7318.000000
49341504.000000 18410.000000 7432.000000
49508173.000000 18692.000000 6687.000000
49387197.000000 18671.000000 7129.000000
49726179.000000 18702.000000 5937.000000
49560962.000000 18761.000000 6730.000000
49428608.000000 18876.000000 6682.000000
49576128.000000 18458.000000 7314.000000
49198385.000000 18702.000000 7366.000000
49361639.000000 18285.000000 7316.000000
49254557.000000 18271.000000 7611.000000
49210051.000000 18655.000000 7356.000000
49158956.000000 18368.000000 7034.000000
49554959.000000 18698.000000 6902.000000
49563358.000000 18730.000000 6279.000000
49344789.000000 18789.000000 7012.000000
49358365.000000 18308.000000 7430.000000
49342226.000000 19038.000000 7209.000000
49410553.000000 18574.000000 7081.000000
49607623.000000 18413.000000 6902.000000
49445069.000000 18268.000000 7214.000000
49536981.000000 18687.000000 6487.000000
49423637.000000 18696.000000 7033.000000
49369279.000000 18983.000000 7036.000000
49798555.000000 18805.000000 5459.000000
49280244.000000 18309.000000 8571.000000
49672849.000000 19113.000000 5930.000000
49336987.000000 18689.000000 7314.000000
49416453.000000 18270.000000 7363.000000
49302540.000000 18275.000000 7704.000000
49470158.000000 18352.000000 7344.000000
49037345.000000 18688.000000 7439.000000
49308930.000000 18737.000000 7373.000000
49690670.000000 18691.000000 6565.000000
49530148.000000 18694.000000 6834.000000
48930330.000000 18538.000000 7731.000000
49547944.000000 18695.000000 6589.000000
49294944.000000 18934.000000 7582.000000
49274795.000000 18682.000000 7342.000000
49298746.000000 18807.000000 6655.000000
49316563.000000 19162.000000 7575.000000
49570658.000000 18667.000000 6726.000000
49675781.000000 18663.000000 6520.000000
