0.000000 3682007.810000 5113.140000 570.950000
0.010000 0.000000 0.000000 0.000000
0.020000 0.000000 0.000000 0.000000
0.030000 3682007.810000 5113.140000 570.950000
0.040000 22488469.930000 9825.440000 1828.480000
0.050000 1219828.940000 477.590000 95.780000
0.060000 24063218.950000 9012.600000 1827.080000
0.070000 26450258.390000 14106.300000 1938.670000
0.080000 1065340.320000 582.280000 78.610000
0.090000 24841170.500000 14242.800000 1788.020000
0.100000 13766614.260000 6068.410000 1066.670000
0.110000 12301242.960000 5039.500000 944.350000
0.120000 21863146.340000 8667.990000 1559.050000
0.130000 3354507.480000 1270.140000 250.200000
0.140000 21568087.000000 7795.170000 1502.730000
0.150000 23070836.010000 8365.510000 1628.420000
0.160000 2107671.540000 787.720000 148.680000
0.170000 22239887.890000 8558.050000 1595.990000
0.180000 13277855.310000 5300.040000 976.310000
0.190000 11039746.700000 4347.040000 812.820000
0.200000 22391022.250000 8549.340000 1635.620000
0.210000 5032254.600000 1842.030000 355.630000
0.220000 21638400.420000 7896.940000 1561.510000
0.230000 22418863.140000 8605.180000 1668.180000
0.240000 3216374.140000 1196.980000 236.540000
0.250000 22013084.300000 8510.230000 1655.950000
0.260000 14127733.270000 5632.610000 1071.520000
0.270000 11811276.220000 4632.620000 894.320000
0.280000 21335889.310000 9011.660000 1677.410000
0.290000 6708541.560000 3200.260000 545.320000
0.300000 23687127.100000 12398.780000 1884.960000
0.310000 24513619.190000 14070.940000 1876.090000
0.320000 5795018.190000 3242.170000 453.040000
0.330000 24813186.480000 13620.280000 1976.480000
0.340000 16961966.670000 9514.170000 1366.500000
0.350000 14089156.610000 7987.680000 1124.380000
0.360000 25378880.830000 14637.840000 1990.880000
0.370000 8643107.090000 4953.110000 663.170000
0.380000 22305187.300000 12928.260000 1713.370000
0.390000 22990816.790000 13494.190000 1753.120000
0.400000 8039426.720000 4588.260000 622.300000
0.410000 24539207.470000 13028.760000 1994.600000
0.420000 16322896.760000 8722.890000 1287.720000
0.430000 15345440.680000 8478.650000 1214.280000
0.440000 24298959.750000 13757.380000 1908.350000
0.450000 11573895.190000 6432.540000 899.460000
0.460000 21392181.980000 11725.430000 1661.950000
0.470000 21425257.690000 11529.710000 1731.900000
0.480000 9964045.690000 5620.010000 780.250000
0.490000 22564477.450000 12870.090000 1684.460000
0.500000 16695125.460000 9570.970000 1261.560000
0.510000 15174716.680000 8547.490000 1148.520000
0.520000 20143070.300000 10983.510000 1567.310000
0.530000 11157382.120000 6037.060000 875.420000
0.540000 20804380.520000 11531.120000 1613.960000
0.550000 21374903.750000 11851.450000 1685.840000
0.560000 10722402.130000 5839.300000 856.140000
0.570000 22938091.440000 12918.420000 1786.350000
0.580000 17397781.290000 9459.400000 1352.790000
0.590000 16553217.940000 9032.610000 1271.690000
0.600000 19911123.760000 11068.640000 1551.900000
0.610000 13327254.500000 7279.200000 1021.510000
0.620000 18508641.380000 10340.380000 1388.060000
0.630000 18841898.550000 10716.290000 1446.470000
0.640000 11823308.170000 6602.080000 887.470000
0.650000 22336658.870000 11999.000000 1776.180000
0.660000 16904209.660000 8992.300000 1317.970000
0.670000 15239678.770000 8327.280000 1158.110000
0.680000 20042253.070000 11190.700000 1570.670000
0.690000 15631186.020000 8843.990000 1213.650000
0.700000 19975977.280000 11308.620000 1520.510000
0.710000 17933337.150000 9778.890000 1342.420000
0.720000 14293862.130000 8030.420000 1097.060000
0.730000 22037462.210000 12626.500000 1674.460000
0.740000 17471094.170000 9937.150000 1320.280000
0.750000 16312917.830000 9105.090000 1242.150000
0.760000 18436241.710000 9792.760000 1442.090000
0.770000 14778009.430000 7864.420000 1129.990000
0.780000 18299478.670000 9895.370000 1391.760000
0.790000 18862226.280000 10575.590000 1436.020000
0.800000 14252338.700000 8244.400000 1026.160000
0.810000 20069119.920000 11183.800000 1567.130000
0.820000 18248653.340000 10013.110000 1419.550000
0.830000 17418847.940000 9627.750000 1326.410000
0.840000 18081266.270000 9902.770000 1373.000000
0.850000 16045737.400000 8651.820000 1225.190000
0.860000 18196254.400000 10049.730000 1353.450000
0.870000 16431605.520000 9055.990000 1231.990000
0.880000 15290286.740000 8069.810000 1182.280000
0.890000 20712381.220000 11001.530000 1564.000000
0.900000 16928455.360000 9097.510000 1234.680000
0.910000 16544645.910000 8863.940000 1228.490000
0.920000 18010434.100000 9959.390000 1327.940000
0.930000 15944755.780000 9093.600000 1184.640000
0.940000 17728008.030000 10152.530000 1300.230000
0.950000 15805853.520000 8895.830000 1169.090000
0.960000 14984874.030000 8107.770000 1140.800000
0.970000 20036900.630000 10836.870000 1535.710000
0.980000 18321553.010000 10476.130000 1355.860000
0.990000 17333197.600000 9428.240000 1272.590000
1.000000 18513709.700000 10226.070000 1362.630000
1.010000 17288477.220000 9106.910000 1260.180000
1.020000 18143451.700000 9635.570000 1344.080000
1.030000 16569111.020000 9266.100000 1209.460000
1.040000 15790053.560000 8780.740000 1127.290000
1.050000 18476372.380000 10164.800000 1324.340000
1.060000 15168490.050000 8157.380000 1088.800000
1.070000 15688648.790000 8737.340000 1116.660000
1.080000 17668834.180000 9742.840000 1310.650000
1.090000 17619737.670000 9663.330000 1314.130000
1.100000 19568016.720000 10731.340000 1449.030000
1.110000 17124381.080000 9566.670000 1245.920000
1.120000 17532441.170000 9982.880000 1271.890000
1.130000 21327922.600000 12271.420000 1553.410000
1.140000 18522776.020000 10813.700000 1356.270000
1.150000 17759759.200000 10483.780000 1247.060000
1.160000 15761984.140000 9042.690000 1087.070000
1.170000 16032849.370000 8676.940000 1112.740000
1.180000 18051663.600000 9935.760000 1283.990000
1.190000 16706042.680000 9045.210000 1229.050000
1.200000 16150170.040000 8415.040000 1187.760000
1.210000 20136013.540000 10713.990000 1466.210000
1.220000 17181765.400000 9325.510000 1219.750000
1.230000 16535112.290000 8969.490000 1175.260000
1.240000 18011969.550000 9315.580000 1397.550000
1.250000 17169846.640000 8430.390000 1334.730000
1.260000 18428305.410000 9435.330000 1434.640000
1.270000 16504424.620000 8624.110000 1262.360000
1.280000 15471971.210000 8406.380000 1300.060000
1.290000 2774357.770000 1837.490000 437.560000
1.300000 0.000000 0.000000 0.000000
1.310000 0.000000 0.000000 0.000000
1.320000 0.000000 0.000000 0.000000
1.330000 0.000000 0.000000 0.000000
1.340000 0.000000 0.000000 0.000000
1.350000 0.000000 0.000000 0.000000
1.360000 0.000000 0.000000 0.000000
1.370000 0.000000 0.000000 0.000000
1.380000 0.000000 0.000000 0.000000
1.390000 0.000000 0.000000 0.000000
1.400000 0.000000 0.000000 0.000000
1.410000 0.000000 0.000000 0.000000
1.420000 0.000000 0.000000 0.000000
1.430000 0.000000 0.000000 0.000000
1.440000 0.000000 0.000000 0.000000
1.450000 0.000000 0.000000 0.000000
1.460000 0.000000 0.000000 0.000000
1.470000 0.000000 0.000000 0.000000
1.480000 0.000000 0.000000 0.000000
1.490000 0.000000 0.000000 0.000000
1.500000 0.000000 0.000000 0.000000
