50094186.000000 1326.000000 82.000000
50120571.000000 952.000000 85.000000
49272241.000000 1504.000000 83.000000
49724354.000000 1979.000000 55.000000
49085809.000000 1704.000000 64.000000
49898069.000000 1820.000000 56.000000
49759551.000000 1416.000000 64.000000
49225378.000000 1681.000000 64.000000
49601760.000000 1506.000000 81.000000
50123276.000000 1179.000000 86.000000
49304080.000000 1844.000000 81.000000
50016885.000000 761.000000 94.000000
50117861.000000 927.000000 84.000000
49774579.000000 1364.000000 83.000000
50049355.000000 919.000000 82.000000
49947914.000000 1710.000000 55.000000
49499591.000000 2234.000000 31.000000
49859722.000000 643.000000 100.000000
49497941.000000 2131.000000 44.000000
50001349.000000 1250.000000 87.000000
49119261.000000 1636.000000 93.000000
49311556.000000 2023.000000 51.000000
49137488.000000 1648.000000 90.000000
49448151.000000 2342.000000 55.000000
49726134.000000 1291.000000 68.000000
49901606.000000 1374.000000 84.000000
49906251.000000 1332.000000 91.000000
49904671.000000 1328.000000 82.000000
49672979.000000 1824.000000 110.000000
49698953.000000 1496.000000 86.000000
50018805.000000 1297.000000 90.000000
49573270.000000 1392.000000 67.000000
49868337.000000 1339.000000 91.000000
50058129.000000 1357.000000 72.000000
49584611.000000 1261.000000 90.000000
49835146.000000 1256.000000 87.000000
49872280.000000 1304.000000 84.000000
49659027.000000 1221.000000 87.000000
49600462.000000 1866.000000 61.000000
49333482.000000 1429.000000 83.000000
49112877.000000 1786.000000 83.000000
49857314.000000 1614.000000 66.000000
49620860.000000 1212.000000 71.000000
49989773.000000 1684.000000 58.000000
49298857.000000 1703.000000 80.000000
49634437.000000 1685.000000 88.000000
49759686.000000 588.000000 99.000000
49915426.000000 1200.000000 92.000000
49120573.000000 1828.000000 79.000000
49692301.000000 1663.000000 70.000000
49634718.000000 1202.000000 85.000000
49939590.000000 1209.000000 86.000000
49758646.000000 2070.000000 51.000000
49605052.000000 1480.000000 98.000000
49788792.000000 1404.000000 94.000000
49232775.000000 1703.000000 89.000000
49858170.000000 1361.000000 84.000000
50086394.000000 904.000000 93.000000
49621607.000000 1880.000000 66.000000
49420656.000000 1681.000000 83.000000
49879051.000000 1540.000000 67.000000
49705661.000000 1658.000000 83.000000
49978935.000000 1151.000000 83.000000
50026596.000000 1369.000000 67.000000
49615872.000000 1432.000000 66.000000
49130217.000000 1752.000000 78.000000
49219546.000000 1693.000000 80.000000
49782952.000000 1149.000000 89.000000
49847842.000000 1799.000000 69.000000
49810470.000000 935.000000 94.000000
49079544.000000 1719.000000 72.000000
49839061.000000 1651.000000 63.000000
49443442.000000 2156.000000 53.000000
49409430.000000 2052.000000 51.000000
49939728.000000 1207.000000 94.000000
49855757.000000 1349.000000 84.000000
49984932.000000 1287.000000 91.000000
49226662.000000 1705.000000 86.000000
50237149.000000 602.000000 100.000000
49942514.000000 1797.000000 54.000000
49946983.000000 1330.000000 91.000000
49825328.000000 1707.000000 62.000000
49536858.000000 2168.000000 53.000000
49515946.000000 2532.000000 47.000000
49675494.000000 1392.000000 79.000000
49425500.000000 1961.000000 48.000000
49858188.000000 1786.000000 48.000000
49913356.000000 1663.000000 60.000000
49203213.000000 1726.000000 78.000000
49816262.000000 1984.000000 46.000000
49375283.000000 1543.000000 82.000000
49663524.000000 1463.000000 65.000000
49168724.000000 1763.000000 67.000000
49135827.000000 1750.000000 69.000000
49518124.000000 2074.000000 47.000000
49674301.000000 1564.000000 58.000000
49822085.000000 1352.000000 81.000000
49929711.000000 1227.000000 75.000000
49973716.000000 1235.000000 85.000000
50000224.000000 890.000000 82.000000
