76319470.000000 2994.000000 83.000000
76251356.000000 2860.000000 74.000000
75978204.000000 3434.000000 69.000000
75808273.000000 3326.000000 63.000000
76473762.000000 3510.000000 63.000000
75443002.000000 3571.000000 51.000000
76353883.000000 3301.000000 62.000000
76730266.000000 2481.000000 99.000000
75180693.000000 3610.000000 83.000000
114693891.000000 4132.000000 156.000000
76406416.000000 3137.000000 64.000000
74997037.000000 3656.000000 84.000000
75925578.000000 4499.000000 66.000000
76014068.000000 3550.000000 65.000000
75724935.000000 3166.000000 52.000000
76074403.000000 3447.000000 67.000000
76463240.000000 3242.000000 48.000000
76443301.000000 3531.000000 61.000000
75729186.000000 3382.000000 70.000000
75893760.000000 4526.000000 50.000000
75827782.000000 3429.000000 65.000000
75953493.000000 3361.000000 72.000000
76563301.000000 3584.000000 46.000000
76858726.000000 2372.000000 106.000000
76664604.000000 2683.000000 102.000000
76215167.000000 3494.000000 65.000000
76329963.000000 2713.000000 97.000000
75494689.000000 3553.000000 86.000000
75908873.000000 3595.000000 68.000000
75250493.000000 3205.000000 52.000000
76508948.000000 4009.000000 50.000000
76451424.000000 3085.000000 62.000000
113855761.000000 4952.000000 65.000000
76013010.000000 3549.000000 66.000000
75900135.000000 3398.000000 67.000000
75824936.000000 3600.000000 55.000000
76488524.000000 3380.000000 49.000000
76888099.000000 2819.000000 98.000000
76366185.000000 3550.000000 59.000000
76845007.000000 2780.000000 95.000000
75974523.000000 3069.000000 63.000000
76467620.000000 3929.000000 46.000000
76102165.000000 2689.000000 89.000000
76448902.000000 3365.000000 65.000000
75359667.000000 3884.000000 68.000000
76174749.000000 3592.000000 66.000000
76299951.000000 3470.000000 45.000000
76415700.000000 3923.000000 68.000000
76739750.000000 2758.000000 97.000000
75860249.000000 3494.000000 71.000000
76056710.000000 3382.000000 69.000000
75571597.000000 3253.000000 64.000000
76871893.000000 2555.000000 106.000000
75752426.000000 3603.000000 62.000000
75572764.000000 3645.000000 78.000000
76210562.000000 3714.000000 84.000000
76469129.000000 3362.000000 70.000000
76472904.000000 3150.000000 71.000000
75582892.000000 3740.000000 67.000000
76615366.000000 3383.000000 45.000000
76407927.000000 3582.000000 61.000000
76065703.000000 3502.000000 70.000000
95093217.000000 4054.000000 49.000000
76352077.000000 3659.000000 63.000000
76401945.000000 3034.000000 60.000000
75606151.000000 3500.000000 72.000000
76078240.000000 3365.000000 66.000000
76146222.000000 2960.000000 74.000000
57268279.000000 2887.000000 64.000000
75993475.000000 3606.000000 65.000000
76354488.000000 3477.000000 62.000000
75902230.000000 3062.000000 62.000000
77238382.000000 2480.000000 103.000000
76389760.000000 3391.000000 46.000000
76187287.000000 2977.000000 73.000000
75959084.000000 3461.000000 71.000000
75686910.000000 4634.000000 72.000000
75829052.000000 3524.000000 75.000000
76775637.000000 2644.000000 100.000000
76105379.000000 3508.000000 70.000000
75437099.000000 3559.000000 70.000000
76279803.000000 3055.000000 63.000000
76853243.000000 2893.000000 101.000000
76349188.000000 3335.000000 48.000000
75653628.000000 3720.000000 68.000000
76387680.000000 3463.000000 61.000000
76330100.000000 3420.000000 64.000000
76797316.000000 2698.000000 97.000000
75802864.000000 5109.000000 62.000000
96008232.000000 3177.000000 128.000000
76036883.000000 3562.000000 63.000000
76443121.000000 4321.000000 63.000000
75327863.000000 3304.000000 69.000000
75858367.000000 3564.000000 57.000000
76109583.000000 3385.000000 70.000000
76566571.000000 3303.000000 48.000000
76732458.000000 2725.000000 103.000000
76562027.000000 4688.000000 47.000000
76379682.000000 2891.000000 99.000000
75817539.000000 3567.000000 70.000000
