1713692.000000 708.000000 86.000000
2209004.000000 689.000000 122.000000
5156184.000000 524.000000 218.000000
1802567.000000 654.000000 94.000000
2236101.000000 686.000000 111.000000
2662730.000000 823.000000 148.000000
1373019.000000 684.000000 99.000000
1802603.000000 681.000000 100.000000
2232203.000000 699.000000 120.000000
2076640.000000 705.000000 134.000000
2232758.000000 688.000000 170.000000
1681566.000000 686.000000 116.000000
2123457.000000 701.000000 102.000000
1802467.000000 700.000000 145.000000
1803298.000000 692.000000 94.000000
1373645.000000 681.000000 98.000000
1373477.000000 682.000000 114.000000
1802935.000000 678.000000 86.000000
2231845.000000 702.000000 203.000000
1988816.000000 704.000000 166.000000
1373287.000000 684.000000 99.000000
4726443.000000 502.000000 267.000000
1802744.000000 709.000000 146.000000
2231926.000000 712.000000 188.000000
1803100.000000 692.000000 102.000000
1831497.000000 693.000000 113.000000
2232178.000000 695.000000 150.000000
1802654.000000 682.000000 135.000000
2231477.000000 687.000000 120.000000
1802569.000000 685.000000 112.000000
2485999.000000 707.000000 146.000000
2231765.000000 692.000000 96.000000
4726166.000000 475.000000 281.000000
4726259.000000 498.000000 302.000000
4726441.000000 479.000000 264.000000
1803167.000000 683.000000 84.000000
1802389.000000 682.000000 81.000000
2662112.000000 823.000000 196.000000
1802487.000000 694.000000 169.000000
1802483.000000 685.000000 105.000000
1803010.000000 692.000000 159.000000
1803198.000000 681.000000 127.000000
1802293.000000 691.000000 130.000000
1473936.000000 687.000000 127.000000
2231740.000000 689.000000 167.000000
2662852.000000 815.000000 148.000000
1373400.000000 640.000000 145.000000
1802665.000000 698.000000 145.000000
2662216.000000 818.000000 146.000000
2647838.000000 824.000000 171.000000
2231848.000000 690.000000 114.000000
2662212.000000 824.000000 190.000000
1674837.000000 948.000000 116.000000
2237137.000000 701.000000 166.000000
1802242.000000 650.000000 205.000000
5155880.000000 534.000000 300.000000
1802034.000000 675.000000 110.000000
4726257.000000 490.000000 264.000000
1804050.000000 940.000000 121.000000
2232236.000000 683.000000 135.000000
1061866.000000 693.000000 106.000000
2231937.000000 685.000000 141.000000
1802951.000000 688.000000 182.000000
1802125.000000 652.000000 177.000000
2667225.000000 813.000000 163.000000
2231650.000000 702.000000 169.000000
1373393.000000 684.000000 97.000000
2280978.000000 693.000000 103.000000
4726343.000000 489.000000 291.000000
1802663.000000 679.000000 105.000000
2231848.000000 694.000000 142.000000
1802588.000000 659.000000 123.000000
2666689.000000 826.000000 163.000000
2758050.000000 838.000000 180.000000
2232588.000000 700.000000 149.000000
1802041.000000 701.000000 148.000000
2662327.000000 822.000000 209.000000
1549547.000000 696.000000 106.000000
4725984.000000 488.000000 274.000000
1372942.000000 684.000000 106.000000
2231750.000000 690.000000 165.000000
1522605.000000 690.000000 86.000000
1404246.000000 676.000000 125.000000
2231492.000000 700.000000 125.000000
1803847.000000 683.000000 134.000000
1958228.000000 706.000000 124.000000
2232309.000000 682.000000 171.000000
1803115.000000 675.000000 111.000000
4726070.000000 497.000000 241.000000
2571155.000000 726.000000 107.000000
2652834.000000 809.000000 193.000000
1818315.000000 689.000000 111.000000
2231752.000000 689.000000 154.000000
4726347.000000 494.000000 296.000000
1802491.000000 679.000000 185.000000
2031009.000000 668.000000 118.000000
3078132.000000 826.000000 198.000000
2231379.000000 687.000000 138.000000
4726433.000000 482.000000 268.000000
2233156.000000 788.000000 176.000000
