82209770.000000 3129.000000 52.000000
81789677.000000 3564.000000 78.000000
82147642.000000 2582.000000 92.000000
82083150.000000 2568.000000 95.000000
82550995.000000 2971.000000 88.000000
82269393.000000 3145.000000 90.000000
81920832.000000 2689.000000 91.000000
81918270.000000 3438.000000 63.000000
81934771.000000 3064.000000 88.000000
82219164.000000 3025.000000 82.000000
81510481.000000 2980.000000 88.000000
81500299.000000 3426.000000 67.000000
81897512.000000 2773.000000 89.000000
81801039.000000 3265.000000 59.000000
82393850.000000 3203.000000 79.000000
81965443.000000 2962.000000 88.000000
81507068.000000 3304.000000 66.000000
81581589.000000 2531.000000 98.000000
82565055.000000 3262.000000 82.000000
81948728.000000 2847.000000 89.000000
82093785.000000 2360.000000 90.000000
82322053.000000 3083.000000 81.000000
82351439.000000 2880.000000 85.000000
81727463.000000 3335.000000 59.000000
81713749.000000 3446.000000 68.000000
82112372.000000 2464.000000 92.000000
82406130.000000 2834.000000 89.000000
82367258.000000 3232.000000 54.000000
82182652.000000 2065.000000 90.000000
81656089.000000 3243.000000 58.000000
81935733.000000 2373.000000 96.000000
81841855.000000 2305.000000 89.000000
81671210.000000 3378.000000 62.000000
81960137.000000 2626.000000 92.000000
82667661.000000 2932.000000 66.000000
82338275.000000 3163.000000 83.000000
82556854.000000 2770.000000 81.000000
82205835.000000 3332.000000 60.000000
82894745.000000 2695.000000 80.000000
81964622.000000 2839.000000 89.000000
83029231.000000 2779.000000 80.000000
81826857.000000 2326.000000 90.000000
82580524.000000 3012.000000 89.000000
82378981.000000 3017.000000 89.000000
82069571.000000 3000.000000 92.000000
82139219.000000 2152.000000 93.000000
81835334.000000 3304.000000 65.000000
81951656.000000 2675.000000 87.000000
82043768.000000 2132.000000 92.000000
82166237.000000 3071.000000 80.000000
101713741.000000 3833.000000 112.000000
81807408.000000 2922.000000 90.000000
81476797.000000 3185.000000 59.000000
81999991.000000 2766.000000 515.000000
82095883.000000 3125.000000 90.000000
82190047.000000 2783.000000 90.000000
82160870.000000 2040.000000 92.000000
82108067.000000 2369.000000 89.000000
81696307.000000 3482.000000 64.000000
82063478.000000 2125.000000 107.000000
82743293.000000 3105.000000 54.000000
81953446.000000 3010.000000 82.000000
82518265.000000 2979.000000 76.000000
81803866.000000 2393.000000 94.000000
82075278.000000 2192.000000 85.000000
82156995.000000 3390.000000 57.000000
82200286.000000 2896.000000 87.000000
82323443.000000 2737.000000 94.000000
81809219.000000 3431.000000 56.000000
81985134.000000 3007.000000 87.000000
81444056.000000 3384.000000 56.000000
82120279.000000 2335.000000 89.000000
82534589.000000 3066.000000 55.000000
81984894.000000 2527.000000 103.000000
81766718.000000 3321.000000 105.000000
82261963.000000 2708.000000 90.000000
82044390.000000 2435.000000 90.000000
81606965.000000 3371.000000 69.000000
82589475.000000 2913.000000 80.000000
81784474.000000 3558.000000 66.000000
82580539.000000 3026.000000 51.000000
82578160.000000 2982.000000 81.000000
81664489.000000 2422.000000 95.000000
81877042.000000 2894.000000 127.000000
82408405.000000 2801.000000 61.000000
81605637.000000 3363.000000 64.000000
81873861.000000 2797.000000 92.000000
81929037.000000 3443.000000 58.000000
81499818.000000 3385.000000 64.000000
82107413.000000 2976.000000 82.000000
82037865.000000 2448.000000 89.000000
81706039.000000 3407.000000 64.000000
82293432.000000 2965.000000 106.000000
82075983.000000 2405.000000 89.000000
82517774.000000 2904.000000 83.000000
102187958.000000 3717.000000 92.000000
81826102.000000 3465.000000 64.000000
81947926.000000 3251.000000 53.000000
81844037.000000 3190.000000 109.000000
81777425.000000 3278.000000 63.000000
