72111840.000000 3409.000000 74.000000
73158019.000000 2882.000000 88.000000
72723133.000000 3584.000000 55.000000
72825256.000000 3401.000000 67.000000
72808213.000000 3016.000000 56.000000
73688120.000000 2364.000000 91.000000
72512397.000000 3116.000000 51.000000
72903488.000000 3394.000000 63.000000
72569611.000000 3064.000000 56.000000
73106462.000000 3203.000000 49.000000
72760932.000000 2812.000000 66.000000
72572140.000000 2914.000000 71.000000
72319457.000000 3203.000000 42.000000
72639333.000000 2976.000000 54.000000
72750116.000000 3271.000000 63.000000
71943004.000000 3333.000000 49.000000
72875510.000000 2720.000000 68.000000
72090538.000000 3343.000000 51.000000
72381270.000000 3303.000000 63.000000
71700143.000000 3424.000000 51.000000
72975572.000000 3513.000000 64.000000
72172150.000000 4681.000000 68.000000
72655173.000000 2988.000000 51.000000
73209930.000000 2445.000000 98.000000
72561507.000000 3038.000000 54.000000
72949030.000000 3262.000000 66.000000
72809155.000000 2919.000000 71.000000
71938070.000000 3789.000000 69.000000
72634279.000000 2635.000000 69.000000
72288051.000000 3362.000000 70.000000
72521777.000000 3436.000000 65.000000
72656250.000000 2866.000000 68.000000
73104882.000000 2651.000000 79.000000
72898485.000000 3446.000000 66.000000
72495760.000000 3263.000000 61.000000
72840928.000000 3149.000000 61.000000
72555313.000000 2754.000000 68.000000
72575526.000000 3025.000000 52.000000
73188295.000000 2597.000000 81.000000
72031863.000000 3144.000000 52.000000
73164989.000000 2686.000000 71.000000
72116494.000000 3394.000000 68.000000
72820552.000000 3318.000000 62.000000
72921003.000000 3628.000000 60.000000
73085589.000000 2776.000000 95.000000
72320806.000000 3286.000000 66.000000
73651274.000000 2075.000000 104.000000
72047212.000000 3775.000000 69.000000
72903541.000000 3270.000000 48.000000
71731628.000000 3291.000000 45.000000
72720910.000000 3140.000000 58.000000
72874264.000000 3417.000000 63.000000
72533835.000000 3079.000000 69.000000
71663232.000000 3652.000000 45.000000
72525109.000000 2813.000000 61.000000
72888370.000000 3454.000000 64.000000
72296972.000000 3601.000000 61.000000
73099947.000000 2586.000000 90.000000
72496619.000000 3249.000000 62.000000
72421466.000000 3000.000000 50.000000
71805148.000000 3376.000000 47.000000
72693241.000000 3115.000000 53.000000
72365886.000000 3434.000000 67.000000
72367052.000000 3013.000000 56.000000
72806542.000000 3234.000000 64.000000
72911068.000000 3496.000000 65.000000
73013308.000000 3390.000000 47.000000
72276007.000000 3408.000000 68.000000
72988233.000000 2772.000000 68.000000
72506603.000000 3358.000000 72.000000
72986100.000000 3305.000000 64.000000
73106091.000000 2686.000000 70.000000
72650510.000000 2710.000000 68.000000
72949577.000000 3201.000000 47.000000
72140795.000000 3026.000000 55.000000
72564484.000000 3588.000000 66.000000
72789460.000000 3008.000000 54.000000
72739409.000000 3360.000000 64.000000
71693732.000000 3508.000000 67.000000
73013751.000000 3263.000000 46.000000
72296669.000000 3335.000000 67.000000
72632577.000000 3425.000000 81.000000
72387663.000000 3133.000000 53.000000
72424498.000000 3030.000000 55.000000
72041855.000000 3378.000000 68.000000
72149130.000000 3246.000000 44.000000
72135704.000000 3382.000000 70.000000
73242348.000000 2679.000000 85.000000
72659146.000000 3418.000000 68.000000
73004495.000000 2651.000000 92.000000
72240930.000000 3362.000000 37.000000
72497211.000000 3432.000000 64.000000
72075302.000000 3339.000000 66.000000
72820893.000000 2765.000000 71.000000
72760243.000000 2994.000000 57.000000
72813721.000000 2959.000000 57.000000
72603259.000000 2936.000000 72.000000
72638519.000000 3098.000000 58.000000
72893107.000000 3182.000000 65.000000
72196536.000000 3297.000000 45.000000
