43496475.000000 2216.000000 55.000000
43680291.000000 1733.000000 54.000000
43577993.000000 2185.000000 53.000000
43602779.000000 1849.000000 47.000000
43341804.000000 1874.000000 48.000000
43536270.000000 1793.000000 49.000000
42907127.000000 2340.000000 34.000000
43655700.000000 2046.000000 53.000000
43629212.000000 2309.000000 69.000000
43040935.000000 2563.000000 29.000000
43593945.000000 2159.000000 51.000000
43581850.000000 1890.000000 55.000000
43566331.000000 1757.000000 50.000000
43589237.000000 2162.000000 53.000000
53831346.000000 3055.000000 53.000000
43585668.000000 1905.000000 47.000000
43157488.000000 2579.000000 29.000000
43488522.000000 1909.000000 47.000000
43615323.000000 2060.000000 53.000000
42648960.000000 2834.000000 30.000000
43468232.000000 2158.000000 53.000000
64001608.000000 3811.000000 55.000000
42724941.000000 2561.000000 30.000000
43477036.000000 2127.000000 58.000000
42802789.000000 2641.000000 31.000000
43625000.000000 2098.000000 53.000000
43565368.000000 2138.000000 53.000000
43379210.000000 2078.000000 56.000000
43612890.000000 1812.000000 49.000000
43560570.000000 1820.000000 47.000000
53811487.000000 3042.000000 55.000000
43144087.000000 2322.000000 40.000000
43570203.000000 1828.000000 55.000000
43529794.000000 2186.000000 56.000000
42859838.000000 2549.000000 48.000000
43597315.000000 2099.000000 56.000000
42858850.000000 2319.000000 47.000000
43629358.000000 1782.000000 51.000000
43482649.000000 1833.000000 46.000000
42964896.000000 2345.000000 38.000000
43695176.000000 2106.000000 54.000000
43018905.000000 2394.000000 43.000000
43598928.000000 2090.000000 53.000000
43500934.000000 2102.000000 55.000000
43551306.000000 2109.000000 55.000000
43167659.000000 1960.000000 42.000000
42954765.000000 2410.000000 46.000000
43427137.000000 1813.000000 48.000000
43619592.000000 1831.000000 46.000000
43444108.000000 1855.000000 43.000000
43537718.000000 2185.000000 57.000000
43399470.000000 1956.000000 47.000000
43640732.000000 2197.000000 55.000000
43652461.000000 1819.000000 50.000000
43643677.000000 2037.000000 55.000000
42886260.000000 2318.000000 35.000000
42891214.000000 2413.000000 48.000000
43185032.000000 2603.000000 40.000000
43480411.000000 2084.000000 53.000000
43571993.000000 2086.000000 51.000000
43197840.000000 1975.000000 46.000000
43837837.000000 2253.000000 53.000000
42812964.000000 2629.000000 27.000000
43487202.000000 2088.000000 55.000000
43569749.000000 2133.000000 54.000000
42994260.000000 2359.000000 39.000000
43637007.000000 1779.000000 48.000000
43544884.000000 2224.000000 54.000000
43687605.000000 2077.000000 54.000000
43528233.000000 2079.000000 53.000000
42884156.000000 2455.000000 49.000000
43484934.000000 2160.000000 54.000000
43178618.000000 1921.000000 45.000000
43559088.000000 2108.000000 53.000000
43632910.000000 1857.000000 50.000000
43645358.000000 2113.000000 54.000000
43806513.000000 2448.000000 48.000000
42964031.000000 2326.000000 40.000000
43207899.000000 2599.000000 38.000000
43565881.000000 2078.000000 56.000000
43650857.000000 1841.000000 48.000000
43525003.000000 2177.000000 54.000000
43413399.000000 1847.000000 45.000000
43560905.000000 1785.000000 50.000000
43579434.000000 2079.000000 51.000000
43524470.000000 1891.000000 49.000000
43265973.000000 2526.000000 36.000000
43527430.000000 2144.000000 55.000000
43575437.000000 2207.000000 54.000000
43050688.000000 2509.000000 40.000000
43532936.000000 2130.000000 55.000000
43604115.000000 2060.000000 51.000000
43506369.000000 2076.000000 54.000000
43552555.000000 1931.000000 45.000000
42961808.000000 2639.000000 31.000000
43515794.000000 2167.000000 52.000000
43581786.000000 1775.000000 50.000000
43232718.000000 2718.000000 39.000000
43683962.000000 2188.000000 55.000000
42531362.000000 2672.000000 27.000000
