1056394.000000 3237.000000 111.000000
1056980.000000 3340.000000 105.000000
1056608.000000 3241.000000 103.000000
1056094.000000 3197.000000 120.000000
1056674.000000 3413.000000 105.000000
1056705.000000 3340.000000 95.000000
1056558.000000 3303.000000 110.000000
1056975.000000 3318.000000 90.000000
1056412.000000 3296.000000 104.000000
1056078.000000 3194.000000 96.000000
1056105.000000 3210.000000 100.000000
1056555.000000 3296.000000 80.000000
1056331.000000 3227.000000 96.000000
1056420.000000 3252.000000 94.000000
1056452.000000 3259.000000 100.000000
1056528.000000 3254.000000 114.000000
1056922.000000 3291.000000 153.000000
1056433.000000 3254.000000 82.000000
1056448.000000 3259.000000 122.000000
1056434.000000 3246.000000 108.000000
1056668.000000 3261.000000 93.000000
1056649.000000 3331.000000 95.000000
1056630.000000 3229.000000 94.000000
1056824.000000 3248.000000 105.000000
1056737.000000 3305.000000 107.000000
1056677.000000 3285.000000 102.000000
1056220.000000 3281.000000 99.000000
1056376.000000 3245.000000 93.000000
1056562.000000 3266.000000 109.000000
1056606.000000 3276.000000 102.000000
1056405.000000 3287.000000 91.000000
1056599.000000 3243.000000 87.000000
1056765.000000 3311.000000 123.000000
1056727.000000 3351.000000 91.000000
1056894.000000 3317.000000 106.000000
1056551.000000 3340.000000 101.000000
1056440.000000 3277.000000 117.000000
1056694.000000 3277.000000 86.000000
1056601.000000 3259.000000 112.000000
1056411.000000 3271.000000 93.000000
1056486.000000 3338.000000 97.000000
1056507.000000 3294.000000 98.000000
1056737.000000 3347.000000 105.000000
1056636.000000 3233.000000 94.000000
1056439.000000 3274.000000 109.000000
1056116.000000 3226.000000 113.000000
1056462.000000 3341.000000 103.000000
1056736.000000 3333.000000 115.000000
1056920.000000 3324.000000 82.000000
1056152.000000 3189.000000 87.000000
1056439.000000 3307.000000 97.000000
1056889.000000 3290.000000 93.000000
1056657.000000 3280.000000 89.000000
1056387.000000 3254.000000 98.000000
1056305.000000 3242.000000 117.000000
1056198.000000 3328.000000 110.000000
1056169.000000 3335.000000 91.000000
1056562.000000 3244.000000 91.000000
1056327.000000 3232.000000 108.000000
1056974.000000 3360.000000 100.000000
1056573.000000 3251.000000 95.000000
1056186.000000 3255.000000 99.000000
1056210.000000 3316.000000 91.000000
1056503.000000 3320.000000 117.000000
1056839.000000 3258.000000 94.000000
1056747.000000 3372.000000 89.000000
1056771.000000 3313.000000 114.000000
1056335.000000 3234.000000 93.000000
1056597.000000 3247.000000 101.000000
1056346.000000 3201.000000 123.000000
1056837.000000 3277.000000 99.000000
1056396.000000 3271.000000 103.000000
1056846.000000 3328.000000 94.000000
1056799.000000 3298.000000 88.000000
1056537.000000 3394.000000 92.000000
1056435.000000 3291.000000 100.000000
1056561.000000 3321.000000 91.000000
1056655.000000 3351.000000 95.000000
1056344.000000 3274.000000 120.000000
1056552.000000 3333.000000 122.000000
1056924.000000 3320.000000 131.000000
1056337.000000 3328.000000 92.000000
1056282.000000 3273.000000 100.000000
1056693.000000 3329.000000 108.000000
1058384.000000 3527.000000 135.000000
1057039.000000 3349.000000 80.000000
1056792.000000 3334.000000 102.000000
1056928.000000 3331.000000 101.000000
1057516.000000 3434.000000 115.000000
1056797.000000 3338.000000 84.000000
1056320.000000 3272.000000 129.000000
1056735.000000 3292.000000 109.000000
1056589.000000 3278.000000 109.000000
1056613.000000 3289.000000 115.000000
1056663.000000 3281.000000 104.000000
1057764.000000 3439.000000 98.000000
1056438.000000 3317.000000 90.000000
1056608.000000 3268.000000 160.000000
1056721.000000 3248.000000 90.000000
1056887.000000 3357.000000 109.000000
