2561530.000000 3660.000000 184.000000
1058376.000000 3484.000000 111.000000
3333400.000000 3672.000000 176.000000
2561171.000000 3635.000000 159.000000
1058449.000000 3535.000000 95.000000
2561081.000000 3594.000000 129.000000
1057922.000000 3409.000000 85.000000
2571361.000000 3640.000000 149.000000
3550078.000000 3698.000000 190.000000
2561267.000000 3659.000000 143.000000
2561441.000000 3670.000000 183.000000
2560899.000000 3617.000000 135.000000
2561257.000000 3701.000000 157.000000
3966314.000000 3721.000000 136.000000
2967490.000000 3660.000000 155.000000
2560891.000000 3698.000000 188.000000
3271976.000000 3671.000000 197.000000
2561437.000000 3638.000000 144.000000
2560532.000000 3650.000000 150.000000
2561345.000000 3641.000000 172.000000
3089243.000000 3674.000000 150.000000
2561071.000000 3614.000000 140.000000
3036105.000000 3619.000000 177.000000
2537718.000000 3677.000000 135.000000
2561072.000000 3666.000000 159.000000
2560989.000000 3646.000000 166.000000
2869747.000000 3680.000000 177.000000
1058378.000000 3471.000000 90.000000
2561443.000000 3667.000000 181.000000
2561434.000000 3628.000000 155.000000
2991059.000000 3645.000000 198.000000
3087878.000000 3710.000000 145.000000
2561255.000000 3712.000000 141.000000
2561173.000000 3704.000000 180.000000
3753553.000000 3706.000000 181.000000
3784856.000000 3716.000000 166.000000
1058429.000000 3499.000000 108.000000
2605198.000000 3681.000000 122.000000
2561262.000000 3640.000000 146.000000
3402834.000000 3675.000000 165.000000
2866481.000000 3594.000000 158.000000
3126831.000000 3654.000000 122.000000
3879865.000000 3764.000000 161.000000
3048388.000000 3648.000000 244.000000
1301799.000000 3592.000000 138.000000
1058411.000000 3542.000000 87.000000
2862661.000000 3705.000000 133.000000
2560897.000000 3635.000000 119.000000
2870032.000000 3634.000000 174.000000
3470723.000000 3691.000000 122.000000
2561125.000000 3577.000000 159.000000
1058474.000000 3600.000000 122.000000
2561444.000000 3668.000000 197.000000
2561171.000000 3695.000000 159.000000
2561442.000000 3650.000000 123.000000
2968497.000000 3682.000000 169.000000
2560716.000000 3666.000000 150.000000
3348331.000000 3650.000000 113.000000
2561626.000000 3691.000000 121.000000
2874852.000000 3664.000000 139.000000
2561629.000000 3610.000000 143.000000
2561268.000000 3756.000000 156.000000
3289720.000000 3698.000000 160.000000
2674003.000000 3668.000000 192.000000
2561172.000000 3658.000000 143.000000
2561078.000000 3668.000000 143.000000
1058325.000000 3554.000000 106.000000
2561075.000000 3627.000000 137.000000
2727592.000000 3682.000000 171.000000
3076865.000000 3695.000000 166.000000
2560072.000000 3647.000000 128.000000
2561167.000000 3685.000000 137.000000
2560532.000000 3649.000000 121.000000
3154220.000000 3657.000000 140.000000
2561125.000000 3652.000000 158.000000
2561442.000000 3615.000000 128.000000
2561166.000000 3605.000000 143.000000
2561619.000000 3644.000000 142.000000
2561445.000000 3711.000000 122.000000
2561128.000000 3675.000000 151.000000
1058429.000000 3555.000000 90.000000
2142962.000000 3642.000000 133.000000
2561526.000000 3633.000000 165.000000
2578599.000000 3663.000000 113.000000
3679393.000000 3728.000000 112.000000
3160680.000000 3690.000000 198.000000
2561259.000000 3655.000000 135.000000
3537609.000000 3629.000000 167.000000
2672011.000000 3698.000000 134.000000
2738865.000000 3628.000000 146.000000
2561167.000000 3684.000000 177.000000
3957485.000000 3701.000000 182.000000
2561353.000000 3616.000000 175.000000
3876311.000000 3756.000000 153.000000
2662887.000000 3636.000000 116.000000
2561442.000000 3697.000000 133.000000
2561256.000000 3606.000000 97.000000
2561256.000000 3662.000000 125.000000
2561438.000000 3733.000000 129.000000
3355613.000000 3661.000000 102.000000
