6217961.000000 25981.000000 8897.000000
5298120.000000 25980.000000 8778.000000
6234510.000000 25981.000000 8630.000000
6193231.000000 28338.000000 8880.000000
6220081.000000 25979.000000 8064.000000
6229531.000000 25975.000000 8870.000000
4026526.000000 25975.000000 8747.000000
5350481.000000 25974.000000 9813.000000
6222918.000000 25983.000000 9645.000000
5939035.000000 25978.000000 8416.000000
7778937.000000 25980.000000 8395.000000
6236062.000000 25971.000000 9716.000000
6235883.000000 25986.000000 9312.000000
6104528.000000 25974.000000 9392.000000
6216757.000000 25981.000000 9309.000000
6491085.000000 28335.000000 10106.000000
6186016.000000 25981.000000 10169.000000
6207472.000000 25977.000000 9706.000000
5335255.000000 25976.000000 9334.000000
6214035.000000 25978.000000 8757.000000
6166133.000000 25976.000000 8103.000000
6214439.000000 25974.000000 9061.000000
4035233.000000 25976.000000 8836.000000
6233848.000000 25980.000000 9281.000000
5295042.000000 25985.000000 9400.000000
6179135.000000 25980.000000 8878.000000
5313156.000000 25986.000000 8820.000000
6235445.000000 25979.000000 8361.000000
6211669.000000 25977.000000 9392.000000
6223449.000000 25976.000000 9346.000000
6492884.000000 28338.000000 8834.000000
6232030.000000 25980.000000 9426.000000
6222712.000000 25984.000000 8367.000000
5335691.000000 25979.000000 8887.000000
6175606.000000 25975.000000 9377.000000
4039129.000000 25979.000000 9116.000000
6195278.000000 25983.000000 8320.000000
4028476.000000 25970.000000 9144.000000
6221935.000000 25978.000000 9828.000000
6174045.000000 25972.000000 9550.000000
6227479.000000 25976.000000 8400.000000
6162341.000000 25983.000000 9591.000000
6165720.000000 25976.000000 8434.000000
6139966.000000 25975.000000 9168.000000
6239599.000000 25983.000000 9025.000000
5287594.000000 25979.000000 9139.000000
4290141.000000 25971.000000 8866.000000
5763826.000000 25980.000000 9063.000000
5353580.000000 25979.000000 7968.000000
6176523.000000 25973.000000 9657.000000
6217641.000000 25978.000000 8291.000000
6487763.000000 28342.000000 9564.000000
6220595.000000 25971.000000 8475.000000
6228791.000000 25976.000000 8143.000000
6172202.000000 25979.000000 8639.000000
6193923.000000 25976.000000 8396.000000
6198632.000000 28339.000000 8269.000000
5344673.000000 25975.000000 9579.000000
5333546.000000 25981.000000 9892.000000
6230738.000000 25978.000000 8790.000000
4032614.000000 25982.000000 8154.000000
6216531.000000 25971.000000 9143.000000
5928597.000000 25977.000000 8237.000000
6219314.000000 25980.000000 8690.000000
6233871.000000 25975.000000 9196.000000
6222485.000000 25971.000000 8175.000000
5339994.000000 25974.000000 8392.000000
7916847.000000 25981.000000 9170.000000
6224532.000000 25973.000000 8560.000000
5330294.000000 25980.000000 9242.000000
6215686.000000 25978.000000 9628.000000
6213794.000000 25974.000000 8484.000000
5357206.000000 25977.000000 8830.000000
6908376.000000 25978.000000 9650.000000
4904792.000000 28342.000000 8357.000000
6478318.000000 28333.000000 9524.000000
6208068.000000 25977.000000 9252.000000
6218617.000000 25980.000000 8567.000000
6218399.000000 25980.000000 9282.000000
6209778.000000 25980.000000 9124.000000
6213941.000000 25974.000000 10321.000000
5331513.000000 25978.000000 9297.000000
6481501.000000 28338.000000 9880.000000
4593324.000000 25973.000000 7994.000000
6178555.000000 25982.000000 8872.000000
6216235.000000 25975.000000 8933.000000
6209727.000000 25981.000000 9688.000000
4598281.000000 25975.000000 9533.000000
6215251.000000 25977.000000 8710.000000
6196581.000000 25981.000000 7928.000000
6484372.000000 28341.000000 9711.000000
6226877.000000 25977.000000 8619.000000
5341043.000000 25982.000000 9556.000000
5316836.000000 25977.000000 8802.000000
6211388.000000 25971.000000 9803.000000
6225187.000000 25981.000000 8505.000000
6448466.000000 28336.000000 9151.000000
6172084.000000 25979.000000 9889.000000
6219080.000000 25979.000000 9043.000000
5924007.000000 25979.000000 7451.000000
