40538811.000000 2251.000000 0.000000
40431490.000000 2508.000000 1.000000
40829478.000000 2883.000000 2.000000
40916261.000000 2602.000000 2.000000
40737928.000000 2418.000000 78.000000
40754524.000000 2512.000000 3.000000
40809740.000000 2582.000000 1.000000
40989228.000000 2550.000000 1.000000
40652711.000000 2597.000000 1.000000
40869918.000000 2272.000000 1.000000
40917804.000000 2788.000000 1.000000
40227110.000000 2962.000000 0.000000
40833751.000000 2697.000000 1.000000
41017193.000000 2534.000000 1.000000
40699608.000000 2287.000000 0.000000
40827311.000000 2336.000000 1.000000
40708141.000000 2306.000000 0.000000
40731497.000000 2324.000000 0.000000
40769012.000000 2231.000000 0.000000
40694918.000000 2503.000000 1.000000
40815914.000000 2451.000000 3.000000
40704291.000000 2292.000000 0.000000
40815455.000000 2568.000000 1.000000
40685780.000000 2280.000000 0.000000
40857453.000000 2164.000000 0.000000
40667495.000000 2117.000000 0.000000
40604291.000000 2657.000000 1.000000
40897944.000000 2395.000000 0.000000
40636185.000000 2474.000000 1.000000
40847710.000000 2509.000000 1.000000
40564948.000000 2397.000000 0.000000
40796321.000000 2495.000000 1.000000
40818783.000000 3335.000000 1.000000
40760740.000000 2581.000000 1.000000
40881243.000000 2194.000000 0.000000
40342517.000000 2320.000000 0.000000
40715310.000000 2325.000000 0.000000
40942722.000000 2533.000000 1.000000
40806547.000000 2334.000000 0.000000
40853464.000000 2338.000000 0.000000
40699924.000000 2240.000000 0.000000
40890937.000000 2501.000000 1.000000
40668290.000000 2271.000000 0.000000
40859190.000000 2606.000000 2.000000
41007316.000000 2536.000000 1.000000
40896001.000000 2497.000000 1.000000
40578423.000000 2407.000000 0.000000
40757459.000000 2444.000000 1.000000
40456219.000000 2506.000000 1.000000
40521492.000000 2242.000000 0.000000
40527574.000000 2344.000000 0.000000
40900227.000000 2202.000000 0.000000
40846438.000000 2497.000000 1.000000
40845726.000000 2113.000000 0.000000
41009839.000000 2365.000000 1.000000
40925698.000000 2555.000000 2.000000
40408436.000000 2259.000000 0.000000
40764902.000000 2201.000000 0.000000
40822740.000000 2161.000000 0.000000
40955828.000000 2642.000000 1.000000
41016200.000000 2447.000000 2.000000
40612577.000000 2411.000000 1.000000
40927551.000000 2562.000000 1.000000
40816436.000000 2614.000000 2.000000
40670936.000000 2598.000000 3.000000
40767468.000000 2203.000000 0.000000
40498481.000000 2388.000000 1.000000
40841822.000000 2424.000000 1.000000
40902331.000000 2557.000000 1.000000
40885842.000000 2519.000000 1.000000
40728556.000000 2531.000000 1.000000
40918034.000000 2676.000000 1.000000
40797822.000000 2218.000000 0.000000
40978194.000000 2109.000000 43.000000
40596312.000000 2371.000000 0.000000
40865104.000000 2468.000000 2.000000
40933394.000000 2546.000000 2.000000
40648565.000000 2914.000000 2.000000
40467938.000000 2365.000000 0.000000
40690592.000000 2449.000000 1.000000
40775028.000000 2266.000000 0.000000
40973911.000000 2434.000000 1.000000
40644072.000000 2316.000000 0.000000
40797001.000000 2476.000000 1.000000
40940491.000000 2510.000000 1.000000
40656341.000000 2364.000000 0.000000
40727172.000000 2323.000000 0.000000
40788886.000000 2234.000000 0.000000
40692380.000000 2572.000000 1.000000
41070235.000000 2536.000000 1.000000
40928422.000000 2555.000000 1.000000
40700162.000000 2383.000000 0.000000
40723404.000000 2271.000000 0.000000
40977238.000000 2514.000000 1.000000
40811529.000000 2503.000000 1.000000
40500129.000000 2466.000000 0.000000
40646519.000000 2372.000000 2.000000
40674914.000000 2571.000000 1.000000
40904732.000000 2412.000000 1.000000
40891650.000000 2408.000000 1.000000
