72194352.000000 3391.000000 40.000000
71862319.000000 3623.000000 122.000000
76270133.000000 3462.000000 45.000000
74338430.000000 3994.000000 79.000000
75707356.000000 3760.000000 31.000000
71495752.000000 3275.000000 26.000000
72031171.000000 3885.000000 49.000000
73405987.000000 3686.000000 77.000000
73330359.000000 3338.000000 50.000000
76694457.000000 3225.000000 104.000000
72251477.000000 3264.000000 44.000000
71862147.000000 3357.000000 35.000000
75566460.000000 3610.000000 29.000000
75786355.000000 3533.000000 18.000000
76246353.000000 3170.000000 31.000000
94532644.000000 3827.000000 38.000000
73804793.000000 3593.000000 30.000000
71853137.000000 3615.000000 26.000000
72587199.000000 3485.000000 81.000000
73199774.000000 3367.000000 20.000000
72636490.000000 3401.000000 28.000000
75539786.000000 3696.000000 69.000000
74429124.000000 2978.000000 45.000000
73238004.000000 3424.000000 37.000000
73156396.000000 3250.000000 41.000000
71501359.000000 3338.000000 66.000000
76131485.000000 3202.000000 17.000000
74376855.000000 3550.000000 21.000000
72600037.000000 3427.000000 54.000000
72194446.000000 3505.000000 24.000000
76001482.000000 3046.000000 18.000000
74926940.000000 3877.000000 27.000000
74581263.000000 3707.000000 48.000000
72066429.000000 3448.000000 53.000000
72446897.000000 3751.000000 28.000000
71723653.000000 3315.000000 39.000000
74328630.000000 3498.000000 25.000000
72617605.000000 3329.000000 29.000000
72422752.000000 2996.000000 21.000000
71603204.000000 3441.000000 72.000000
72568184.000000 3511.000000 43.000000
71930900.000000 3492.000000 22.000000
75886374.000000 3450.000000 10.000000
74245014.000000 4079.000000 52.000000
73748351.000000 3718.000000 59.000000
74272139.000000 3474.000000 49.000000
71584281.000000 3491.000000 25.000000
73259738.000000 3432.000000 21.000000
76176912.000000 3200.000000 54.000000
76690068.000000 3063.000000 56.000000
76516683.000000 3431.000000 37.000000
73239969.000000 3245.000000 42.000000
76050012.000000 3611.000000 25.000000
75508566.000000 3773.000000 25.000000
72489025.000000 3468.000000 24.000000
72252156.000000 4282.000000 19.000000
72500203.000000 3882.000000 51.000000
73184839.000000 3506.000000 81.000000
76337338.000000 3169.000000 31.000000
76547739.000000 3276.000000 182.000000
73734610.000000 3563.000000 22.000000
74771133.000000 4199.000000 20.000000
71996874.000000 3371.000000 64.000000
71473439.000000 3956.000000 24.000000
76026203.000000 3301.000000 28.000000
72131704.000000 3520.000000 42.000000
76116324.000000 2996.000000 16.000000
75764738.000000 3814.000000 43.000000
76591403.000000 3212.000000 21.000000
74212240.000000 3765.000000 44.000000
71480777.000000 3762.000000 33.000000
73224507.000000 3247.000000 33.000000
72082959.000000 3387.000000 25.000000
72597208.000000 3628.000000 47.000000
71707356.000000 3241.000000 40.000000
73216876.000000 3433.000000 49.000000
71889362.000000 3413.000000 42.000000
74302029.000000 3739.000000 18.000000
89582076.000000 5284.000000 67.000000
73669587.000000 3438.000000 197.000000
76170349.000000 3241.000000 20.000000
73103422.000000 3207.000000 43.000000
76013618.000000 3664.000000 52.000000
75337669.000000 3688.000000 14.000000
74729179.000000 3547.000000 25.000000
76659747.000000 3196.000000 28.000000
73143335.000000 3292.000000 28.000000
76734125.000000 3080.000000 29.000000
72172330.000000 3236.000000 22.000000
72119294.000000 3280.000000 49.000000
75205587.000000 3637.000000 19.000000
75471349.000000 3537.000000 118.000000
76162490.000000 2996.000000 21.000000
75542643.000000 3392.000000 42.000000
71800060.000000 3338.000000 23.000000
108471754.000000 5536.000000 106.000000
73007357.000000 3289.000000 53.000000
74343840.000000 3685.000000 17.000000
74399605.000000 3519.000000 26.000000
71849043.000000 3291.000000 18.000000
