26296382.000000 1113.000000 637.000000
36768342.000000 1534.000000 740.000000
36857466.000000 1543.000000 669.000000
28786335.000000 1169.000000 716.000000
31389688.000000 1197.000000 723.000000
28817661.000000 1164.000000 713.000000
26283654.000000 1125.000000 704.000000
26163075.000000 1134.000000 693.000000
36772189.000000 1507.000000 735.000000
28790907.000000 1137.000000 662.000000
26304635.000000 1111.000000 639.000000
26226882.000000 1127.000000 688.000000
26293579.000000 1130.000000 699.000000
28834779.000000 1149.000000 655.000000
26271865.000000 1149.000000 662.000000
23706029.000000 1108.000000 672.000000
31374261.000000 1186.000000 671.000000
41595849.000000 1323.000000 763.000000
23750746.000000 1088.000000 672.000000
31362663.000000 1185.000000 675.000000
28949277.000000 1129.000000 659.000000
23822342.000000 1072.000000 614.000000
26268994.000000 1148.000000 694.000000
36794567.000000 1500.000000 641.000000
34759115.000000 1467.000000 728.000000
26227475.000000 1125.000000 695.000000
23744909.000000 1104.000000 645.000000
26246998.000000 1163.000000 722.000000
39320936.000000 1573.000000 683.000000
28842457.000000 1142.000000 664.000000
31376150.000000 1197.000000 684.000000
31368782.000000 1186.000000 684.000000
29355811.000000 1426.000000 670.000000
23738518.000000 1092.000000 654.000000
23724598.000000 1110.000000 671.000000
23701417.000000 1113.000000 670.000000
26286727.000000 1138.000000 654.000000
28825210.000000 1153.000000 675.000000
36752004.000000 1505.000000 714.000000
23703422.000000 1085.000000 664.000000
36747635.000000 1542.000000 722.000000
31392382.000000 1175.000000 728.000000
26300908.000000 1142.000000 686.000000
26239723.000000 1107.000000 600.000000
28801291.000000 1153.000000 717.000000
26295320.000000 1125.000000 666.000000
31388425.000000 1182.000000 672.000000
31382569.000000 1207.000000 738.000000
36873071.000000 1523.000000 731.000000
34770324.000000 1460.000000 672.000000
28846510.000000 1172.000000 702.000000
34243441.000000 1504.000000 649.000000
31390689.000000 1193.000000 668.000000
26260263.000000 1134.000000 718.000000
24240670.000000 1123.000000 611.000000
36834955.000000 1502.000000 679.000000
31359779.000000 1219.000000 731.000000
23703273.000000 1100.000000 668.000000
28820593.000000 1154.000000 668.000000
36909507.000000 1546.000000 747.000000
28861234.000000 1204.000000 662.000000
26284984.000000 1133.000000 656.000000
28844831.000000 1172.000000 661.000000
26243649.000000 1124.000000 689.000000
23748260.000000 1111.000000 608.000000
28927848.000000 1131.000000 670.000000
26286258.000000 1132.000000 657.000000
36781162.000000 1502.000000 721.000000
23715687.000000 1091.000000 642.000000
28964731.000000 1109.000000 728.000000
26294520.000000 1134.000000 652.000000
36767897.000000 1534.000000 664.000000
23704123.000000 1109.000000 612.000000
26274430.000000 1100.000000 700.000000
28836859.000000 1145.000000 662.000000
28859325.000000 1153.000000 669.000000
26282362.000000 1106.000000 635.000000
23735990.000000 1109.000000 664.000000
31380740.000000 1196.000000 702.000000
26289993.000000 1139.000000 699.000000
23852517.000000 1101.000000 621.000000
36830035.000000 1527.000000 673.000000
36715916.000000 1539.000000 704.000000
26285450.000000 1114.000000 666.000000
35196718.000000 1524.000000 735.000000
28829405.000000 1175.000000 643.000000
28828534.000000 1183.000000 712.000000
28821899.000000 1129.000000 654.000000
21270525.000000 1056.000000 659.000000
31358858.000000 1207.000000 718.000000
26277460.000000 1140.000000 659.000000
36824950.000000 1527.000000 739.000000
26275951.000000 1121.000000 687.000000
23706309.000000 1117.000000 606.000000
28943198.000000 1103.000000 655.000000
31377488.000000 1208.000000 721.000000
26249001.000000 1125.000000 667.000000
28846518.000000 1144.000000 730.000000
26255210.000000 1120.000000 637.000000
36715179.000000 1521.000000 713.000000
