51617747.000000 2525.000000 331.000000
52183947.000000 1728.000000 414.000000
51534545.000000 1875.000000 512.000000
52166861.000000 1710.000000 114.000000
52768582.000000 1361.000000 83.000000
52300010.000000 1755.000000 435.000000
52385958.000000 1518.000000 119.000000
51382039.000000 1899.000000 528.000000
51691696.000000 1801.000000 294.000000
51808104.000000 1649.000000 190.000000
52633421.000000 1549.000000 156.000000
51260689.000000 1439.000000 109.000000
51809343.000000 1696.000000 198.000000
52302702.000000 1597.000000 145.000000
52185214.000000 1504.000000 180.000000
52308352.000000 1660.000000 270.000000
51705833.000000 1768.000000 330.000000
51996053.000000 2195.000000 239.000000
52517375.000000 1505.000000 112.000000
52567443.000000 1708.000000 490.000000
52512750.000000 1852.000000 171.000000
52389373.000000 1488.000000 226.000000
52411977.000000 1555.000000 356.000000
52654874.000000 1783.000000 319.000000
52218966.000000 1400.000000 198.000000
52524960.000000 1647.000000 136.000000
52301836.000000 1732.000000 253.000000
52298532.000000 1455.000000 365.000000
52654641.000000 1650.000000 278.000000
52027866.000000 2124.000000 243.000000
52488090.000000 1573.000000 177.000000
51942171.000000 1645.000000 315.000000
52397695.000000 1845.000000 179.000000
51773213.000000 1803.000000 253.000000
52657645.000000 1537.000000 320.000000
52528743.000000 1587.000000 117.000000
51632442.000000 1692.000000 336.000000
51488698.000000 1577.000000 249.000000
52906846.000000 1473.000000 281.000000
51658621.000000 1601.000000 284.000000
51556357.000000 1667.000000 286.000000
51625390.000000 1671.000000 378.000000
52746279.000000 2035.000000 202.000000
52355957.000000 1486.000000 310.000000
52974375.000000 1786.000000 232.000000
52453374.000000 1882.000000 233.000000
51695668.000000 1663.000000 189.000000
52394709.000000 1661.000000 186.000000
52743028.000000 1449.000000 190.000000
52176912.000000 1583.000000 125.000000
52428078.000000 1655.000000 157.000000
51480888.000000 1636.000000 297.000000
52178400.000000 1832.000000 458.000000
52137174.000000 1404.000000 294.000000
51520974.000000 1503.000000 213.000000
52571864.000000 1590.000000 237.000000
52432035.000000 1543.000000 162.000000
52339829.000000 1540.000000 228.000000
52981896.000000 1390.000000 225.000000
51779312.000000 1738.000000 203.000000
52334627.000000 1481.000000 281.000000
52138132.000000 1491.000000 278.000000
52350376.000000 2053.000000 241.000000
52275286.000000 1376.000000 187.000000
52092505.000000 1365.000000 155.000000
52543415.000000 1432.000000 119.000000
52603516.000000 1509.000000 172.000000
52147043.000000 1751.000000 165.000000
52374472.000000 1480.000000 177.000000
39319307.000000 1374.000000 335.000000
51625361.000000 1559.000000 474.000000
52888343.000000 1518.000000 221.000000
51332079.000000 1987.000000 311.000000
51758555.000000 1909.000000 392.000000
51848810.000000 1532.000000 258.000000
52031320.000000 1518.000000 323.000000
64761757.000000 2947.000000 390.000000
51641743.000000 1625.000000 238.000000
52107352.000000 1998.000000 199.000000
51331710.000000 1682.000000 380.000000
52497276.000000 1537.000000 187.000000
51826862.000000 1651.000000 335.000000
51695959.000000 1648.000000 366.000000
52628639.000000 1694.000000 177.000000
52007272.000000 1702.000000 163.000000
51610584.000000 1543.000000 156.000000
52280152.000000 1547.000000 194.000000
51820613.000000 1729.000000 283.000000
52349387.000000 1515.000000 268.000000
52118725.000000 1598.000000 320.000000
51652485.000000 2107.000000 763.000000
52481712.000000 2090.000000 606.000000
51532477.000000 1667.000000 226.000000
52351594.000000 1629.000000 300.000000
52600451.000000 1744.000000 156.000000
52399863.000000 1523.000000 177.000000
51760287.000000 2161.000000 192.000000
51968763.000000 1557.000000 189.000000
52571833.000000 1527.000000 191.000000
52617422.000000 1422.000000 196.000000
