48943492.000000 2395.000000 13.000000
47866431.000000 2836.000000 10.000000
48761010.000000 2324.000000 12.000000
47361269.000000 2623.000000 11.000000
47934507.000000 2754.000000 14.000000
46566987.000000 2487.000000 2.000000
49697295.000000 2653.000000 5.000000
47636623.000000 2577.000000 10.000000
46995778.000000 2331.000000 0.000000
46795476.000000 2472.000000 0.000000
46617841.000000 2823.000000 0.000000
47871954.000000 2755.000000 10.000000
47772978.000000 2812.000000 10.000000
46723697.000000 2775.000000 6.000000
48993323.000000 2607.000000 14.000000
48053800.000000 2659.000000 12.000000
47284742.000000 2839.000000 10.000000
46473368.000000 2685.000000 2.000000
47764465.000000 2651.000000 9.000000
48619991.000000 2463.000000 13.000000
48490420.000000 2455.000000 13.000000
48030959.000000 2596.000000 10.000000
47040070.000000 2548.000000 7.000000
47279672.000000 2768.000000 10.000000
49040951.000000 2598.000000 14.000000
48685888.000000 2660.000000 13.000000
49074298.000000 2602.000000 12.000000
47464313.000000 2650.000000 11.000000
69752609.000000 3966.000000 8.000000
48571662.000000 2326.000000 12.000000
49058352.000000 2987.000000 13.000000
48115223.000000 2371.000000 14.000000
47597771.000000 3040.000000 13.000000
48445832.000000 2399.000000 13.000000
46987573.000000 2469.000000 6.000000
46685700.000000 2351.000000 1.000000
47852453.000000 2740.000000 11.000000
48074128.000000 3024.000000 12.000000
46640328.000000 2510.000000 0.000000
47715644.000000 2847.000000 10.000000
47671413.000000 2572.000000 11.000000
46758360.000000 2597.000000 0.000000
46611990.000000 2709.000000 0.000000
47793343.000000 2586.000000 9.000000
47847559.000000 2629.000000 10.000000
46792993.000000 2374.000000 0.000000
46936044.000000 2479.000000 7.000000
48864152.000000 2509.000000 12.000000
47287078.000000 2797.000000 10.000000
46614284.000000 2362.000000 0.000000
48036003.000000 2677.000000 13.000000
46915642.000000 2331.000000 0.000000
47830376.000000 2598.000000 11.000000
49021904.000000 3016.000000 13.000000
47617749.000000 2878.000000 8.000000
46784640.000000 3075.000000 1.000000
49181016.000000 2626.000000 95.000000
48109106.000000 2410.000000 13.000000
46752174.000000 2571.000000 6.000000
72472839.000000 3875.000000 13.000000
46697592.000000 2611.000000 7.000000
47639727.000000 2606.000000 13.000000
47137491.000000 2562.000000 10.000000
47024983.000000 2692.000000 8.000000
48184711.000000 2395.000000 12.000000
47593482.000000 2525.000000 10.000000
48105764.000000 2459.000000 13.000000
46819390.000000 2257.000000 0.000000
48934289.000000 2341.000000 13.000000
47867083.000000 2463.000000 14.000000
46714837.000000 2806.000000 8.000000
48540204.000000 2448.000000 13.000000
48490637.000000 2453.000000 13.000000
46840966.000000 2768.000000 7.000000
48992710.000000 2581.000000 13.000000
47248349.000000 3299.000000 10.000000
70413613.000000 4082.000000 1.000000
48707111.000000 2327.000000 13.000000
48073774.000000 2610.000000 15.000000
46949473.000000 2724.000000 7.000000
46988627.000000 2489.000000 0.000000
46643072.000000 2564.000000 0.000000
48894811.000000 2361.000000 13.000000
47066995.000000 2644.000000 12.000000
47608917.000000 2476.000000 11.000000
48149333.000000 2504.000000 13.000000
48886661.000000 2451.000000 14.000000
47369393.000000 2712.000000 11.000000
46780890.000000 2438.000000 0.000000
47379443.000000 2728.000000 7.000000
48464094.000000 2470.000000 11.000000
46503801.000000 2478.000000 0.000000
46831076.000000 2473.000000 1.000000
49079100.000000 2614.000000 13.000000
47960057.000000 2611.000000 13.000000
46561345.000000 2446.000000 115.000000
47061938.000000 2914.000000 6.000000
48175486.000000 2651.000000 13.000000
46751682.000000 2796.000000 9.000000
46831492.000000 2560.000000 7.000000
