39715869.000000 1953.000000 0.000000
39790095.000000 1995.000000 2.000000
39753555.000000 1845.000000 0.000000
39583670.000000 1908.000000 0.000000
40678762.000000 1681.000000 0.000000
40314195.000000 1905.000000 0.000000
40412803.000000 1790.000000 0.000000
40260170.000000 1930.000000 4.000000
39895998.000000 1962.000000 0.000000
39820035.000000 1982.000000 1.000000
40962785.000000 1499.000000 1.000000
40091154.000000 1780.000000 74.000000
40263691.000000 1763.000000 0.000000
40563718.000000 1868.000000 0.000000
39705789.000000 1952.000000 0.000000
39703369.000000 1954.000000 0.000000
40229886.000000 1975.000000 0.000000
40408257.000000 1711.000000 0.000000
40903860.000000 1815.000000 1.000000
39865710.000000 1943.000000 0.000000
40471322.000000 2294.000000 0.000000
39883232.000000 2045.000000 0.000000
40479639.000000 1836.000000 0.000000
39661282.000000 2041.000000 0.000000
40082962.000000 2141.000000 0.000000
40363694.000000 2141.000000 0.000000
40071127.000000 1928.000000 0.000000
40276770.000000 1821.000000 0.000000
40457327.000000 1936.000000 0.000000
39536612.000000 1972.000000 0.000000
39936424.000000 2096.000000 0.000000
40391189.000000 1751.000000 0.000000
39984975.000000 2087.000000 0.000000
40316345.000000 1784.000000 0.000000
39970418.000000 1734.000000 1.000000
40648519.000000 1749.000000 1.000000
40387621.000000 1963.000000 0.000000
40026031.000000 2126.000000 0.000000
40103532.000000 1977.000000 0.000000
40357740.000000 1772.000000 4.000000
40607204.000000 1833.000000 0.000000
39830003.000000 1999.000000 0.000000
39785987.000000 1895.000000 0.000000
39893215.000000 1987.000000 0.000000
39811433.000000 1840.000000 0.000000
40249229.000000 1769.000000 2.000000
40444181.000000 1855.000000 0.000000
40574647.000000 1782.000000 1.000000
40333033.000000 2077.000000 2.000000
40189315.000000 1912.000000 1.000000
40208332.000000 1756.000000 1.000000
40209629.000000 1957.000000 0.000000
40502663.000000 1811.000000 0.000000
40474076.000000 1834.000000 2.000000
40545240.000000 1818.000000 3.000000
40361159.000000 1849.000000 0.000000
40344693.000000 1893.000000 0.000000
39608326.000000 1958.000000 0.000000
39895810.000000 2175.000000 0.000000
39802068.000000 1922.000000 0.000000
40296730.000000 1695.000000 0.000000
40438604.000000 1745.000000 0.000000
40364953.000000 1728.000000 1.000000
40021597.000000 1864.000000 0.000000
40161871.000000 1832.000000 0.000000
39684244.000000 2075.000000 0.000000
40535635.000000 1930.000000 0.000000
40112539.000000 1912.000000 2.000000
40291561.000000 1986.000000 0.000000
39858516.000000 2128.000000 1.000000
39996551.000000 1964.000000 0.000000
40447746.000000 1864.000000 2.000000
40483768.000000 1846.000000 0.000000
40302808.000000 2057.000000 2.000000
40350578.000000 1794.000000 0.000000
39743247.000000 1882.000000 0.000000
40351116.000000 1759.000000 1.000000
39573535.000000 1832.000000 1.000000
40310199.000000 1822.000000 1.000000
40489966.000000 2023.000000 1.000000
39774342.000000 1847.000000 0.000000
40586205.000000 1946.000000 0.000000
39756846.000000 2564.000000 0.000000
39779430.000000 2109.000000 0.000000
40220088.000000 1987.000000 0.000000
39866205.000000 2060.000000 0.000000
39711075.000000 1882.000000 1.000000
40327559.000000 1945.000000 0.000000
39919298.000000 1964.000000 0.000000
40128901.000000 1768.000000 0.000000
40242393.000000 1821.000000 0.000000
40293079.000000 1923.000000 0.000000
40150025.000000 1770.000000 0.000000
40300900.000000 1841.000000 0.000000
39830903.000000 1950.000000 1.000000
39822049.000000 1900.000000 0.000000
40161690.000000 1827.000000 0.000000
39724031.000000 2010.000000 0.000000
40411609.000000 1825.000000 0.000000
40355228.000000 1737.000000 0.000000
