2723147.000000 627.000000 191.000000
4114657.000000 626.000000 236.000000
2832587.000000 643.000000 181.000000
3402737.000000 642.000000 239.000000
3402743.000000 635.000000 201.000000
2723352.000000 648.000000 185.000000
2853163.000000 643.000000 189.000000
2723163.000000 654.000000 153.000000
2723266.000000 647.000000 198.000000
4896086.000000 633.000000 251.000000
2723268.000000 651.000000 186.000000
2723321.000000 652.000000 174.000000
3401018.000000 631.000000 185.000000
4200317.000000 631.000000 225.000000
4761317.000000 636.000000 286.000000
5440767.000000 620.000000 318.000000
4700785.000000 630.000000 255.000000
4761458.000000 628.000000 275.000000
2723295.000000 656.000000 200.000000
3402687.000000 632.000000 227.000000
2720695.000000 627.000000 160.000000
4081952.000000 624.000000 239.000000
3402690.000000 634.000000 246.000000
3402159.000000 663.000000 226.000000
3402600.000000 657.000000 266.000000
4082026.000000 623.000000 260.000000
4761233.000000 630.000000 249.000000
2723186.000000 645.000000 114.000000
2723173.000000 640.000000 179.000000
4761308.000000 630.000000 297.000000
2723251.000000 635.000000 180.000000
4082115.000000 646.000000 246.000000
2723320.000000 633.000000 179.000000
3402640.000000 633.000000 204.000000
4152362.000000 636.000000 289.000000
2783630.000000 645.000000 133.000000
4761238.000000 639.000000 295.000000
2723303.000000 638.000000 215.000000
4802526.000000 625.000000 282.000000
3401624.000000 648.000000 225.000000
3402606.000000 637.000000 199.000000
4169274.000000 627.000000 180.000000
4761444.000000 631.000000 294.000000
4259549.000000 633.000000 233.000000
4761269.000000 634.000000 229.000000
3402775.000000 647.000000 207.000000
4761391.000000 631.000000 272.000000
7479006.000000 599.000000 333.000000
3764632.000000 652.000000 213.000000
4761535.000000 629.000000 301.000000
2723237.000000 637.000000 169.000000
4081922.000000 633.000000 265.000000
4761412.000000 623.000000 322.000000
2723240.000000 648.000000 172.000000
7478656.000000 597.000000 374.000000
3402755.000000 632.000000 230.000000
2723133.000000 645.000000 211.000000
3402735.000000 643.000000 226.000000
4085279.000000 686.000000 279.000000
3401932.000000 661.000000 186.000000
4081779.000000 640.000000 232.000000
2836298.000000 634.000000 197.000000
4824712.000000 624.000000 256.000000
2723226.000000 634.000000 202.000000
4088179.000000 616.000000 232.000000
2723144.000000 644.000000 224.000000
2723263.000000 637.000000 178.000000
2723362.000000 638.000000 231.000000
2723270.000000 644.000000 172.000000
3402683.000000 625.000000 195.000000
2722799.000000 643.000000 221.000000
4761429.000000 614.000000 267.000000
4179567.000000 625.000000 269.000000
7479116.000000 597.000000 358.000000
4081973.000000 626.000000 268.000000
4352717.000000 643.000000 263.000000
2723278.000000 632.000000 140.000000
2043652.000000 644.000000 126.000000
4761382.000000 621.000000 243.000000
3402517.000000 638.000000 196.000000
2723133.000000 641.000000 212.000000
3402470.000000 628.000000 200.000000
2723202.000000 640.000000 160.000000
2723347.000000 648.000000 206.000000
3402718.000000 656.000000 218.000000
2723124.000000 642.000000 208.000000
3402541.000000 664.000000 183.000000
3402634.000000 646.000000 209.000000
3467076.000000 631.000000 201.000000
2843211.000000 635.000000 200.000000
4919271.000000 630.000000 283.000000
2723177.000000 650.000000 166.000000
4082019.000000 624.000000 255.000000
3402516.000000 648.000000 175.000000
3402587.000000 631.000000 199.000000
2722963.000000 637.000000 160.000000
4761254.000000 642.000000 312.000000
2723188.000000 636.000000 178.000000
6799638.000000 625.000000 363.000000
3402515.000000 616.000000 188.000000
