512477.000000 596.000000 57.000000
917919.000000 636.000000 116.000000
9106986.000000 1496.000000 146.000000
514556.000000 557.000000 106.000000
972929.000000 668.000000 142.000000
514472.000000 551.000000 73.000000
514427.000000 563.000000 67.000000
9107056.000000 1500.000000 260.000000
514359.000000 554.000000 67.000000
9106965.000000 1494.000000 238.000000
6163.000000 680.000000 17.000000
9107055.000000 1522.000000 220.000000
514678.000000 600.000000 55.000000
9106926.000000 1476.000000 266.000000
514813.000000 585.000000 106.000000
514495.000000 563.000000 70.000000
872686.000000 599.000000 123.000000
514353.000000 549.000000 67.000000
914128.000000 678.000000 121.000000
512973.000000 549.000000 52.000000
835335.000000 662.000000 105.000000
514827.000000 601.000000 68.000000
1022008.000000 676.000000 103.000000
514143.000000 524.000000 62.000000
977235.000000 629.000000 86.000000
869928.000000 599.000000 104.000000
511461.000000 562.000000 95.000000
881627.000000 671.000000 81.000000
514744.000000 587.000000 86.000000
9107020.000000 1515.000000 159.000000
514320.000000 557.000000 69.000000
514365.000000 551.000000 58.000000
514231.000000 561.000000 58.000000
514234.000000 562.000000 108.000000
514494.000000 555.000000 89.000000
513096.000000 564.000000 75.000000
9107059.000000 1529.000000 206.000000
514294.000000 555.000000 115.000000
9107061.000000 1519.000000 282.000000
9106971.000000 1493.000000 275.000000
514547.000000 557.000000 64.000000
514242.000000 546.000000 45.000000
9107032.000000 1482.000000 235.000000
9106963.000000 1491.000000 174.000000
9106891.000000 1514.000000 245.000000
511728.000000 551.000000 58.000000
9107009.000000 1499.000000 179.000000
514829.000000 592.000000 114.000000
514510.000000 556.000000 81.000000
9106931.000000 1502.000000 216.000000
514534.000000 554.000000 58.000000
514179.000000 518.000000 82.000000
9107056.000000 1504.000000 252.000000
514828.000000 590.000000 64.000000
515051.000000 636.000000 71.000000
514419.000000 597.000000 99.000000
838182.000000 671.000000 150.000000
9106906.000000 1475.000000 239.000000
9106902.000000 1481.000000 195.000000
9106937.000000 1488.000000 236.000000
9106913.000000 1440.000000 258.000000
9107062.000000 1518.000000 134.000000
514286.000000 556.000000 97.000000
9106975.000000 1487.000000 141.000000
514416.000000 546.000000 97.000000
514898.000000 630.000000 74.000000
9107063.000000 1505.000000 287.000000
938050.000000 674.000000 83.000000
9107060.000000 1500.000000 160.000000
9107070.000000 1501.000000 166.000000
9106902.000000 1470.000000 239.000000
851933.000000 647.000000 93.000000
514174.000000 563.000000 53.000000
514566.000000 591.000000 82.000000
515136.000000 638.000000 64.000000
514678.000000 593.000000 80.000000
509707.000000 520.000000 91.000000
515060.000000 629.000000 100.000000
876434.000000 555.000000 74.000000
9107062.000000 1509.000000 217.000000
9106907.000000 1494.000000 186.000000
934659.000000 606.000000 125.000000
514493.000000 552.000000 100.000000
514380.000000 560.000000 51.000000
975685.000000 637.000000 114.000000
514372.000000 547.000000 80.000000
514429.000000 557.000000 101.000000
514276.000000 558.000000 53.000000
9106918.000000 1447.000000 156.000000
9107075.000000 1501.000000 278.000000
514503.000000 579.000000 97.000000
514214.000000 554.000000 68.000000
514469.000000 596.000000 83.000000
515048.000000 631.000000 69.000000
834252.000000 671.000000 114.000000
514523.000000 561.000000 86.000000
514594.000000 561.000000 96.000000
9106910.000000 1498.000000 173.000000
9107053.000000 1461.000000 217.000000
515007.000000 622.000000 67.000000
