44994994.000000 137.000000 25.000000
45042093.000000 130.000000 25.000000
44929280.000000 209.000000 30.000000
44798870.000000 125.000000 25.000000
44858114.000000 137.000000 31.000000
44883439.000000 177.000000 100.000000
44895274.000000 145.000000 29.000000
45087726.000000 180.000000 38.000000
45116956.000000 131.000000 34.000000
45089635.000000 202.000000 34.000000
44686705.000000 124.000000 28.000000
44979120.000000 204.000000 42.000000
45032112.000000 169.000000 42.000000
45084482.000000 142.000000 33.000000
44779857.000000 189.000000 27.000000
44941214.000000 141.000000 28.000000
44832855.000000 156.000000 25.000000
45085864.000000 132.000000 28.000000
44879878.000000 95.000000 31.000000
45058560.000000 120.000000 24.000000
44886501.000000 134.000000 30.000000
44861540.000000 182.000000 24.000000
44835977.000000 170.000000 31.000000
44897808.000000 133.000000 30.000000
45227217.000000 125.000000 23.000000
44975161.000000 140.000000 34.000000
67649047.000000 254.000000 54.000000
44984225.000000 123.000000 27.000000
44777936.000000 167.000000 29.000000
44965183.000000 186.000000 34.000000
44936284.000000 144.000000 25.000000
45007978.000000 155.000000 25.000000
44946285.000000 137.000000 28.000000
45213848.000000 185.000000 22.000000
45026438.000000 134.000000 31.000000
44924737.000000 205.000000 43.000000
44690360.000000 162.000000 30.000000
44840067.000000 128.000000 30.000000
44898028.000000 113.000000 33.000000
44876614.000000 157.000000 25.000000
44935642.000000 186.000000 31.000000
44730233.000000 164.000000 29.000000
45072638.000000 150.000000 45.000000
44953886.000000 135.000000 31.000000
45061432.000000 141.000000 39.000000
45128385.000000 121.000000 28.000000
45098407.000000 163.000000 40.000000
45008135.000000 135.000000 31.000000
44994645.000000 177.000000 28.000000
44852442.000000 195.000000 27.000000
44856130.000000 119.000000 30.000000
44922119.000000 189.000000 28.000000
45026113.000000 125.000000 27.000000
44897172.000000 140.000000 29.000000
44997181.000000 130.000000 28.000000
44797638.000000 151.000000 30.000000
45015931.000000 140.000000 27.000000
44702465.000000 128.000000 29.000000
45006746.000000 155.000000 30.000000
44867296.000000 181.000000 29.000000
44816028.000000 134.000000 27.000000
44970377.000000 110.000000 32.000000
44798551.000000 140.000000 29.000000
45071967.000000 178.000000 50.000000
44713483.000000 164.000000 33.000000
44777316.000000 119.000000 30.000000
44759712.000000 139.000000 31.000000
44806833.000000 135.000000 26.000000
44721402.000000 138.000000 32.000000
44944602.000000 130.000000 26.000000
44970832.000000 130.000000 32.000000
44966240.000000 179.000000 28.000000
44771543.000000 167.000000 43.000000
44730548.000000 151.000000 29.000000
44932965.000000 125.000000 32.000000
44675251.000000 96.000000 30.000000
44938865.000000 139.000000 32.000000
44672961.000000 125.000000 31.000000
44907782.000000 160.000000 31.000000
45016898.000000 179.000000 36.000000
44671884.000000 145.000000 31.000000
44750656.000000 230.000000 42.000000
44681586.000000 121.000000 29.000000
45015226.000000 148.000000 30.000000
45071131.000000 223.000000 45.000000
44941971.000000 174.000000 25.000000
44674432.000000 193.000000 32.000000
44981552.000000 117.000000 27.000000
44815987.000000 131.000000 31.000000
44649109.000000 155.000000 29.000000
44990965.000000 149.000000 39.000000
44771555.000000 192.000000 30.000000
45062621.000000 236.000000 40.000000
44764205.000000 143.000000 32.000000
45050886.000000 127.000000 34.000000
45027083.000000 141.000000 32.000000
44780104.000000 155.000000 31.000000
44871200.000000 180.000000 47.000000
45011846.000000 155.000000 27.000000
44823089.000000 144.000000 29.000000
