50330717.000000 18962.000000 3865.000000
50413605.000000 18955.000000 3441.000000
50441464.000000 18949.000000 3688.000000
50312196.000000 19055.000000 4020.000000
50460059.000000 18951.000000 3406.000000
50258058.000000 18945.000000 3900.000000
50261111.000000 18945.000000 4105.000000
50249101.000000 18950.000000 4195.000000
50268176.000000 18877.000000 3977.000000
50262482.000000 18967.000000 4148.000000
50189710.000000 18945.000000 3954.000000
50501525.000000 19015.000000 3547.000000
50557225.000000 18956.000000 3185.000000
50169508.000000 18943.000000 4404.000000
50324177.000000 18945.000000 4123.000000
50401453.000000 18934.000000 3790.000000
50486135.000000 19118.000000 3484.000000
50235835.000000 18950.000000 4287.000000
37249348.000000 73008.000000 2998.000000
50501648.000000 19003.000000 3505.000000
50423807.000000 18949.000000 3876.000000
50366766.000000 18943.000000 3848.000000
50323238.000000 18765.000000 3831.000000
50339273.000000 18845.000000 4029.000000
50228870.000000 18939.000000 4178.000000
50490570.000000 18957.000000 3511.000000
50370227.000000 18947.000000 3820.000000
50189407.000000 18953.000000 4468.000000
50496345.000000 18940.000000 3376.000000
50218789.000000 18919.000000 4493.000000
50325084.000000 18867.000000 4034.000000
50413812.000000 18946.000000 3733.000000
50401925.000000 18946.000000 3975.000000
50316633.000000 18942.000000 4045.000000
50248867.000000 18953.000000 4096.000000
50306369.000000 19018.000000 4285.000000
50362629.000000 18987.000000 3402.000000
50371553.000000 19035.000000 3640.000000
50489816.000000 18951.000000 3426.000000
50507921.000000 18936.000000 3343.000000
50376540.000000 18944.000000 3608.000000
50191362.000000 18949.000000 4442.000000
50419532.000000 18947.000000 3457.000000
50107614.000000 18949.000000 4538.000000
44504068.000000 48275.000000 3094.000000
50232859.000000 18943.000000 3988.000000
50316095.000000 19006.000000 4125.000000
50167233.000000 18946.000000 4413.000000
50351256.000000 18950.000000 4083.000000
50049653.000000 18941.000000 4921.000000
50303996.000000 18976.000000 3891.000000
50289812.000000 18797.000000 3900.000000
50422979.000000 19094.000000 3689.000000
50395772.000000 18946.000000 3773.000000
50261304.000000 18948.000000 3968.000000
50339999.000000 18958.000000 3864.000000
50358973.000000 18949.000000 3878.000000
50376829.000000 19033.000000 3800.000000
50413160.000000 18958.000000 3491.000000
50285143.000000 18955.000000 3805.000000
50281342.000000 18849.000000 4492.000000
50086913.000000 18941.000000 4527.000000
50184170.000000 18775.000000 4492.000000
50337673.000000 18872.000000 3924.000000
50086719.000000 18946.000000 4410.000000
50088747.000000 18684.000000 4756.000000
38863699.000000 74931.000000 3511.000000
50602842.000000 18944.000000 3105.000000
50322089.000000 18868.000000 3891.000000
50475077.000000 18950.000000 3533.000000
50338104.000000 18946.000000 3697.000000
50289855.000000 18953.000000 3545.000000
50365430.000000 18943.000000 3762.000000
50244856.000000 18696.000000 4259.000000
50181361.000000 18867.000000 4150.000000
50336503.000000 18935.000000 3892.000000
50465819.000000 18989.000000 3751.000000
50363651.000000 18950.000000 3845.000000
50110007.000000 18949.000000 4466.000000
50504772.000000 18952.000000 3452.000000
50402241.000000 18941.000000 3685.000000
50014857.000000 18695.000000 3569.000000
50262347.000000 18949.000000 4011.000000
50051216.000000 18936.000000 4658.000000
50309027.000000 19030.000000 4319.000000
50479649.000000 19071.000000 3290.000000
50310102.000000 18941.000000 3766.000000
50424127.000000 19058.000000 3566.000000
50426078.000000 19066.000000 3544.000000
50236971.000000 18947.000000 4240.000000
50294992.000000 19010.000000 4296.000000
50384145.000000 19098.000000 3708.000000
50533365.000000 19017.000000 3750.000000
50305191.000000 18941.000000 4045.000000
50499831.000000 18978.000000 3263.000000
50352157.000000 18956.000000 4137.000000
50308728.000000 18940.000000 4009.000000
50362255.000000 18997.000000 3836.000000
50103242.000000 18937.000000 4353.000000
50297283.000000 18970.000000 3968.000000
