41741461.000000 277.000000 108.000000
41641817.000000 297.000000 111.000000
41542991.000000 286.000000 116.000000
41602485.000000 284.000000 108.000000
210373505.000000 3670.000000 166.000000
41858350.000000 303.000000 116.000000
41441050.000000 291.000000 113.000000
41427950.000000 281.000000 110.000000
41641829.000000 272.000000 102.000000
41550235.000000 293.000000 119.000000
41425695.000000 282.000000 105.000000
41469718.000000 299.000000 121.000000
41545961.000000 319.000000 133.000000
41727603.000000 288.000000 108.000000
41523374.000000 290.000000 128.000000
41540495.000000 289.000000 112.000000
41468125.000000 293.000000 114.000000
41622329.000000 295.000000 130.000000
41472352.000000 318.000000 126.000000
41622995.000000 274.000000 106.000000
41533363.000000 302.000000 163.000000
41362768.000000 282.000000 111.000000
38743879.000000 110.000000 5.000000
41671133.000000 291.000000 121.000000
41686079.000000 288.000000 137.000000
41519546.000000 293.000000 119.000000
41451821.000000 271.000000 86.000000
41463063.000000 289.000000 109.000000
41451861.000000 293.000000 131.000000
41528454.000000 276.000000 116.000000
41763813.000000 283.000000 106.000000
41589055.000000 300.000000 118.000000
41410825.000000 278.000000 97.000000
41612449.000000 287.000000 98.000000
41447412.000000 304.000000 127.000000
41329149.000000 306.000000 133.000000
41458843.000000 294.000000 119.000000
43484161.000000 300.000000 129.000000
41372972.000000 303.000000 154.000000
41500289.000000 296.000000 127.000000
41490226.000000 314.000000 140.000000
41568277.000000 283.000000 144.000000
41291026.000000 283.000000 167.000000
41474626.000000 292.000000 118.000000
41527771.000000 277.000000 121.000000
42162764.000000 309.000000 115.000000
41504235.000000 289.000000 90.000000
41468275.000000 286.000000 101.000000
41591511.000000 288.000000 108.000000
41471096.000000 284.000000 167.000000
41489476.000000 294.000000 110.000000
41493400.000000 294.000000 105.000000
41903132.000000 277.000000 97.000000
41717990.000000 270.000000 107.000000
41652057.000000 289.000000 100.000000
41615452.000000 285.000000 124.000000
41559143.000000 286.000000 102.000000
41391347.000000 291.000000 142.000000
41602209.000000 298.000000 115.000000
41598251.000000 272.000000 109.000000
41592047.000000 293.000000 111.000000
41637595.000000 287.000000 106.000000
41526286.000000 295.000000 130.000000
41704036.000000 286.000000 101.000000
41719916.000000 295.000000 185.000000
41526977.000000 292.000000 171.000000
42161282.000000 301.000000 105.000000
41508862.000000 284.000000 96.000000
41518884.000000 294.000000 100.000000
41645099.000000 297.000000 173.000000
41590019.000000 302.000000 115.000000
41423767.000000 282.000000 113.000000
41560338.000000 283.000000 113.000000
41474452.000000 279.000000 131.000000
41504698.000000 281.000000 104.000000
41530957.000000 285.000000 108.000000
41523619.000000 289.000000 124.000000
41494730.000000 291.000000 132.000000
212605267.000000 3595.000000 197.000000
41623649.000000 294.000000 104.000000
41488994.000000 299.000000 122.000000
41464128.000000 307.000000 113.000000
41518080.000000 284.000000 122.000000
41522780.000000 280.000000 116.000000
41250998.000000 279.000000 116.000000
41594997.000000 274.000000 105.000000
41522048.000000 284.000000 123.000000
41636594.000000 292.000000 101.000000
41582713.000000 291.000000 109.000000
41574146.000000 289.000000 114.000000
41730216.000000 296.000000 148.000000
41496689.000000 310.000000 110.000000
41534863.000000 305.000000 120.000000
41617105.000000 275.000000 124.000000
41471028.000000 295.000000 109.000000
41553947.000000 307.000000 123.000000
41298714.000000 286.000000 142.000000
41430010.000000 297.000000 111.000000
41562037.000000 279.000000 107.000000
