417982272.000000 4186.000000 181.000000
45088501.000000 2891.000000 51.000000
45040505.000000 2885.000000 48.000000
45116399.000000 2879.000000 49.000000
44926839.000000 2873.000000 50.000000
39324225.000000 2857.000000 49.000000
45078260.000000 2890.000000 49.000000
45204164.000000 2885.000000 49.000000
45112627.000000 2899.000000 46.000000
45173343.000000 2893.000000 48.000000
45192527.000000 2835.000000 44.000000
45145578.000000 2936.000000 48.000000
45109089.000000 2916.000000 54.000000
225889099.000000 3660.000000 134.000000
45045962.000000 2879.000000 48.000000
45128009.000000 2897.000000 49.000000
45154070.000000 2911.000000 46.000000
44932615.000000 2889.000000 50.000000
45092338.000000 2970.000000 52.000000
45153746.000000 2881.000000 46.000000
44889086.000000 2870.000000 56.000000
45047909.000000 2953.000000 51.000000
44926841.000000 2889.000000 48.000000
45197698.000000 2895.000000 50.000000
45229685.000000 2863.000000 44.000000
45229681.000000 2922.000000 47.000000
44893773.000000 3039.000000 45.000000
44975647.000000 2931.000000 46.000000
45229680.000000 2886.000000 47.000000
44926837.000000 2868.000000 48.000000
45116166.000000 2917.000000 48.000000
45012895.000000 2916.000000 47.000000
45154037.000000 2886.000000 45.000000
44661883.000000 2894.000000 47.000000
45116153.000000 2899.000000 54.000000
44964731.000000 2929.000000 43.000000
45078262.000000 2943.000000 47.000000
45094408.000000 2899.000000 45.000000
43469091.000000 2889.000000 47.000000
45238061.000000 2916.000000 49.000000
45078791.000000 2907.000000 49.000000
44936090.000000 2896.000000 49.000000
44985261.000000 2907.000000 52.000000
255720055.000000 3785.000000 140.000000
45154036.000000 2855.000000 46.000000
45032155.000000 2898.000000 47.000000
45099183.000000 2930.000000 50.000000
45183357.000000 2876.000000 47.000000
43347076.000000 2940.000000 46.000000
45191928.000000 2909.000000 46.000000
45154589.000000 2870.000000 49.000000
45119710.000000 2944.000000 49.000000
45050125.000000 2888.000000 47.000000
44840840.000000 2923.000000 48.000000
45116151.000000 2889.000000 52.000000
45040508.000000 2907.000000 48.000000
45305463.000000 2885.000000 46.000000
251611371.000000 3757.000000 137.000000
45014507.000000 2912.000000 49.000000
147999283.000000 3276.000000 49.000000
45148183.000000 2929.000000 48.000000
44922797.000000 2900.000000 49.000000
45032164.000000 2873.000000 47.000000
44957920.000000 2926.000000 45.000000
45065193.000000 2938.000000 48.000000
286262771.000000 3860.000000 155.000000
45040508.000000 2886.000000 48.000000
44631838.000000 2910.000000 48.000000
45210393.000000 2882.000000 46.000000
45040509.000000 2951.000000 46.000000
45040502.000000 2906.000000 47.000000
45191930.000000 2891.000000 47.000000
223362808.000000 3612.000000 139.000000
44851193.000000 2961.000000 48.000000
45191926.000000 2893.000000 47.000000
45002620.000000 2932.000000 52.000000
45267574.000000 2871.000000 48.000000
253308609.000000 3755.000000 139.000000
45165750.000000 2877.000000 46.000000
45065936.000000 2878.000000 51.000000
44754640.000000 2912.000000 48.000000
45010490.000000 2921.000000 45.000000
45048178.000000 2863.000000 50.000000
44943762.000000 2924.000000 55.000000
45013061.000000 2924.000000 46.000000
45407546.000000 2863.000000 45.000000
44913959.000000 2965.000000 50.000000
206908316.000000 3648.000000 139.000000
45169267.000000 2911.000000 48.000000
45006505.000000 2923.000000 51.000000
44833078.000000 2893.000000 48.000000
44726184.000000 2936.000000 45.000000
44933943.000000 2916.000000 48.000000
45040507.000000 2957.000000 51.000000
44967537.000000 2932.000000 42.000000
44995300.000000 2849.000000 46.000000
45022213.000000 2921.000000 52.000000
44964082.000000 2873.000000 48.000000
45104606.000000 2917.000000 42.000000
382530334.000000 4037.000000 148.000000
