43317583.000000 29496.000000 28270.000000
43490754.000000 29485.000000 27823.000000
43314615.000000 29749.000000 28358.000000
43315880.000000 29454.000000 28227.000000
43014071.000000 29641.000000 27892.000000
43356892.000000 29133.000000 28193.000000
43322789.000000 29661.000000 28088.000000
43442142.000000 29149.000000 27891.000000
43410868.000000 29655.000000 27705.000000
43354089.000000 29556.000000 28165.000000
43313841.000000 29405.000000 28443.000000
43447778.000000 29289.000000 27738.000000
43415178.000000 29030.000000 27970.000000
43435473.000000 29041.000000 27928.000000
43329680.000000 29538.000000 28233.000000
43416524.000000 29173.000000 27962.000000
43147819.000000 30145.000000 29069.000000
43224131.000000 29428.000000 28201.000000
43458231.000000 29199.000000 27855.000000
43248382.000000 29642.000000 28284.000000
43391965.000000 29266.000000 28092.000000
43168095.000000 29563.000000 28492.000000
43495376.000000 29100.000000 27633.000000
43411439.000000 29198.000000 28313.000000
43127978.000000 29559.000000 28518.000000
43285998.000000 29556.000000 28073.000000
43415780.000000 29114.000000 27989.000000
43438105.000000 29173.000000 28037.000000
43031272.000000 29355.000000 28032.000000
43114157.000000 29465.000000 28577.000000
43267940.000000 29702.000000 27996.000000
43108013.000000 29140.000000 28045.000000
42887484.000000 29147.000000 28244.000000
43264096.000000 29361.000000 27963.000000
43127765.000000 29610.000000 28501.000000
42938528.000000 29463.000000 28494.000000
43250329.000000 29528.000000 28213.000000
42882929.000000 29615.000000 28089.000000
43118226.000000 29379.000000 28416.000000
43296311.000000 30089.000000 28322.000000
42839946.000000 29584.000000 28544.000000
43095408.000000 29700.000000 28725.000000
42696820.000000 29248.000000 28350.000000
43113113.000000 29512.000000 28630.000000
43002786.000000 29108.000000 28016.000000
43118679.000000 29426.000000 28461.000000
43234723.000000 29554.000000 28454.000000
43150173.000000 29598.000000 28635.000000
43344514.000000 29350.000000 28287.000000
43392825.000000 29777.000000 28115.000000
43324253.000000 30025.000000 28011.000000
43164366.000000 29442.000000 28706.000000
42922299.000000 29032.000000 28055.000000
43145067.000000 29562.000000 28468.000000
42971831.000000 29269.000000 28376.000000
43384880.000000 29164.000000 28141.000000
43385015.000000 29591.000000 27897.000000
43073583.000000 29869.000000 28213.000000
42608994.000000 29496.000000 28242.000000
43473333.000000 29318.000000 27885.000000
41434817.000000 34316.000000 32700.000000
42993452.000000 29552.000000 28023.000000
42993001.000000 29055.000000 27910.000000
43138421.000000 30041.000000 28508.000000
43238644.000000 29543.000000 28243.000000
43127992.000000 29545.000000 28503.000000
42973974.000000 29799.000000 28571.000000
42867776.000000 29149.000000 28398.000000
43187103.000000 30077.000000 28298.000000
43333292.000000 29517.000000 28315.000000
43292304.000000 29819.000000 28185.000000
43318609.000000 29666.000000 28219.000000
42947058.000000 29151.000000 28375.000000
43350109.000000 29071.000000 28186.000000
43391949.000000 29436.000000 28184.000000
43306690.000000 29242.000000 28317.000000
42837771.000000 29552.000000 28735.000000
43411830.000000 29185.000000 27827.000000
43279966.000000 29203.000000 28524.000000
43100619.000000 29181.000000 27777.000000
43113103.000000 29573.000000 28659.000000
43090083.000000 29520.000000 27744.000000
43199928.000000 30079.000000 28383.000000
43435407.000000 29145.000000 28003.000000
42948990.000000 29356.000000 28117.000000
43201970.000000 29054.000000 27463.000000
43019886.000000 29090.000000 27792.000000
43353268.000000 29154.000000 27996.000000
43132307.000000 29071.000000 27773.000000
43258702.000000 29607.000000 28437.000000
43160939.000000 29549.000000 28387.000000
43388643.000000 29444.000000 27910.000000
43381254.000000 29237.000000 28100.000000
43119445.000000 30014.000000 28750.000000
43295709.000000 29691.000000 28104.000000
43129519.000000 29041.000000 27784.000000
42920811.000000 29447.000000 28017.000000
42870481.000000 29598.000000 28127.000000
43268782.000000 29064.000000 28306.000000
43050020.000000 29085.000000 28056.000000
