42520313.000000 29873.000000 29440.000000
42406674.000000 30296.000000 29927.000000
40819077.000000 36684.000000 36363.000000
41698332.000000 31726.000000 31288.000000
42401613.000000 31358.000000 30991.000000
40723229.000000 37004.000000 36734.000000
41194912.000000 36244.000000 35456.000000
40326495.000000 36489.000000 36140.000000
41287981.000000 31644.000000 31311.000000
33205403.000000 55932.000000 55673.000000
41157530.000000 34654.000000 34294.000000
39787474.000000 37454.000000 36931.000000
32086084.000000 63416.000000 63159.000000
40827107.000000 36187.000000 35684.000000
39781056.000000 40201.000000 39851.000000
42781468.000000 30298.000000 29965.000000
42686356.000000 30183.000000 29842.000000
27884273.000000 79504.000000 79200.000000
41184683.000000 35563.000000 35239.000000
42120965.000000 30687.000000 30345.000000
42230847.000000 32663.000000 31839.000000
39631213.000000 39521.000000 39154.000000
42557732.000000 30557.000000 29717.000000
31082370.000000 67979.000000 67751.000000
40476057.000000 37601.000000 37231.000000
28280711.000000 75098.000000 74981.000000
41631593.000000 30735.000000 30368.000000
34700086.000000 55061.000000 54772.000000
42022149.000000 32228.000000 31855.000000
40912452.000000 36058.000000 35999.000000
40982506.000000 34860.000000 34590.000000
33036512.000000 61271.000000 60506.000000
42322416.000000 31640.000000 31297.000000
42671908.000000 30141.000000 29830.000000
41052306.000000 35088.000000 34746.000000
42833652.000000 29669.000000 29195.000000
36430799.000000 49815.000000 49554.000000
39107363.000000 41567.000000 41207.000000
41403325.000000 34914.000000 34543.000000
37215731.000000 46569.000000 46177.000000
39278869.000000 40132.000000 39775.000000
36984613.000000 49259.000000 48590.000000
40374945.000000 35841.000000 35477.000000
40821725.000000 36314.000000 35996.000000
41196548.000000 35660.000000 34899.000000
42002008.000000 31701.000000 31315.000000
42372648.000000 30238.000000 29937.000000
41258434.000000 35346.000000 34957.000000
39070520.000000 42121.000000 41724.000000
41956397.000000 30328.000000 29990.000000
41076128.000000 35617.000000 35196.000000
40813937.000000 35420.000000 34977.000000
38675484.000000 40701.000000 40352.000000
41470914.000000 34884.000000 34121.000000
38958542.000000 43735.000000 43696.000000
40051781.000000 39413.000000 39061.000000
39812634.000000 37695.000000 37336.000000
35930892.000000 53222.000000 52921.000000
41736207.000000 31896.000000 31546.000000
42376208.000000 31730.000000 31306.000000
41917706.000000 31591.000000 30835.000000
40615134.000000 37085.000000 36706.000000
34139070.000000 58483.000000 58228.000000
38362118.000000 43602.000000 42882.000000
39807226.000000 38466.000000 37687.000000
38389545.000000 43152.000000 42869.000000
40830202.000000 34608.000000 34267.000000
42485096.000000 31141.000000 30739.000000
42375429.000000 30224.000000 29880.000000
41051376.000000 36563.000000 35894.000000
42863528.000000 29943.000000 29540.000000
42490890.000000 31193.000000 30835.000000
41065391.000000 36113.000000 35743.000000
40386384.000000 36568.000000 36218.000000
41196831.000000 36580.000000 35792.000000
40758431.000000 36605.000000 35807.000000
40791591.000000 36665.000000 35764.000000
40888776.000000 36129.000000 35809.000000
38493855.000000 44172.000000 43852.000000
39223393.000000 37127.000000 36696.000000
33964463.000000 61059.000000 60796.000000
42036455.000000 30782.000000 30384.000000
42518841.000000 29868.000000 29504.000000
42355938.000000 31329.000000 31004.000000
40497221.000000 37646.000000 37260.000000
41512017.000000 35014.000000 34705.000000
42494280.000000 31430.000000 30371.000000
38264169.000000 45769.000000 45140.000000
38254021.000000 46067.000000 45385.000000
40345378.000000 39028.000000 38765.000000
42459815.000000 30034.000000 30025.000000
39187578.000000 40541.000000 39921.000000
39601972.000000 39679.000000 39352.000000
39237453.000000 42048.000000 41684.000000
39213201.000000 42551.000000 42192.000000
38148311.000000 45383.000000 45089.000000
32256710.000000 67790.000000 67488.000000
39345207.000000 40867.000000 40617.000000
39762340.000000 38284.000000 37946.000000
39950406.000000 38228.000000 37851.000000
