49461692.000000 18733.000000 7302.000000
49095519.000000 18468.000000 8222.000000
49109197.000000 18580.000000 8387.000000
49070200.000000 18471.000000 8359.000000
49065183.000000 18482.000000 8451.000000
48905351.000000 18486.000000 9165.000000
48874309.000000 18482.000000 8846.000000
49150650.000000 18478.000000 8192.000000
48905994.000000 18422.000000 8630.000000
49098311.000000 18512.000000 8612.000000
49138809.000000 18635.000000 7980.000000
49107112.000000 18722.000000 8284.000000
48981417.000000 18491.000000 8467.000000
49191722.000000 18513.000000 7907.000000
49120886.000000 18479.000000 8467.000000
49284414.000000 18471.000000 8188.000000
49336948.000000 18655.000000 7809.000000
49288674.000000 18520.000000 7730.000000
49150834.000000 18627.000000 8452.000000
49159654.000000 18464.000000 8449.000000
48759316.000000 18486.000000 8572.000000
49165465.000000 18480.000000 8448.000000
49154157.000000 18480.000000 8297.000000
49544285.000000 18738.000000 7091.000000
49361415.000000 18462.000000 7752.000000
49227005.000000 18711.000000 7769.000000
49398969.000000 18482.000000 7613.000000
49268044.000000 18479.000000 7934.000000
49167228.000000 18472.000000 8420.000000
48980280.000000 18472.000000 8497.000000
49089226.000000 18478.000000 8614.000000
48807422.000000 18219.000000 8350.000000
49236144.000000 18484.000000 7983.000000
49191190.000000 18478.000000 7851.000000
49248820.000000 18611.000000 7862.000000
49153572.000000 18729.000000 8055.000000
49331692.000000 18481.000000 7677.000000
49209288.000000 18479.000000 8293.000000
49111401.000000 18475.000000 8279.000000
49223080.000000 18471.000000 8176.000000
49091280.000000 18477.000000 8324.000000
49348910.000000 18573.000000 7208.000000
49181694.000000 18477.000000 8466.000000
49223534.000000 18469.000000 8052.000000
49020726.000000 18480.000000 8177.000000
49070715.000000 18476.000000 8394.000000
49223810.000000 18486.000000 8421.000000
48992679.000000 18454.000000 8699.000000
49065439.000000 18480.000000 8713.000000
49135259.000000 18509.000000 8285.000000
49348987.000000 18732.000000 7779.000000
49065147.000000 18627.000000 8632.000000
49066334.000000 18472.000000 8495.000000
49063759.000000 18516.000000 8429.000000
48990729.000000 18478.000000 8624.000000
48836414.000000 18470.000000 8494.000000
49241599.000000 18727.000000 7968.000000
49197360.000000 18473.000000 8196.000000
48914809.000000 18477.000000 8998.000000
49479351.000000 18480.000000 7365.000000
48983851.000000 18472.000000 8750.000000
49023760.000000 18641.000000 8707.000000
49009577.000000 18470.000000 8488.000000
49092521.000000 18465.000000 8368.000000
49226591.000000 18477.000000 8117.000000
49015123.000000 18505.000000 8587.000000
49100922.000000 18727.000000 8019.000000
49115161.000000 18478.000000 8087.000000
49181252.000000 18714.000000 7935.000000
49185473.000000 18474.000000 8318.000000
49011336.000000 18470.000000 8626.000000
49141556.000000 18527.000000 8107.000000
49187677.000000 18736.000000 7907.000000
48937877.000000 18480.000000 8586.000000
49060256.000000 18492.000000 8297.000000
49128568.000000 18670.000000 8212.000000
48948598.000000 18486.000000 8990.000000
49048939.000000 18522.000000 8508.000000
49032590.000000 18476.000000 8611.000000
48923849.000000 18512.000000 8974.000000
48943367.000000 18490.000000 9123.000000
49155797.000000 18724.000000 7967.000000
48950415.000000 18469.000000 8961.000000
49209932.000000 18786.000000 7993.000000
48845499.000000 18476.000000 8072.000000
48939001.000000 18475.000000 8851.000000
49217061.000000 18485.000000 8091.000000
49016409.000000 18482.000000 8645.000000
48956438.000000 18477.000000 9218.000000
48955916.000000 18486.000000 8800.000000
49405364.000000 18470.000000 7461.000000
49432095.000000 18697.000000 7340.000000
48938683.000000 18545.000000 8768.000000
49089190.000000 18729.000000 8324.000000
49145723.000000 18732.000000 7947.000000
49110056.000000 18478.000000 8665.000000
49153388.000000 18474.000000 7798.000000
49230898.000000 18721.000000 7780.000000
48952820.000000 18470.000000 9036.000000
49175182.000000 18478.000000 8231.000000
