43317732.000000 30412.000000 28266.000000
43478355.000000 29467.000000 27817.000000
43154660.000000 29902.000000 27747.000000
43014269.000000 29422.000000 27896.000000
43286926.000000 29333.000000 28055.000000
43149907.000000 29434.000000 27988.000000
43448835.000000 29788.000000 27762.000000
43365401.000000 29759.000000 28271.000000
43106827.000000 29422.000000 27694.000000
43287210.000000 29880.000000 28086.000000
43381127.000000 29618.000000 27875.000000
43293564.000000 29850.000000 28306.000000
43252095.000000 29824.000000 28387.000000
43334505.000000 29727.000000 28279.000000
43272202.000000 29861.000000 28205.000000
43364093.000000 29576.000000 28014.000000
43511480.000000 29602.000000 27653.000000
43381573.000000 29437.000000 27895.000000
43517151.000000 29797.000000 27423.000000
43422063.000000 29480.000000 28057.000000
43219171.000000 30385.000000 28383.000000
43236735.000000 29847.000000 28606.000000
43049984.000000 29687.000000 27935.000000
42968881.000000 30179.000000 28202.000000
42971700.000000 29446.000000 28195.000000
43218911.000000 29844.000000 28425.000000
43033481.000000 29579.000000 27950.000000
43087886.000000 29894.000000 27737.000000
43199623.000000 29799.000000 28112.000000
43417384.000000 29746.000000 28374.000000
43400718.000000 29847.000000 28099.000000
43286800.000000 29417.000000 28177.000000
43435761.000000 29829.000000 27893.000000
42935793.000000 29898.000000 27965.000000
43359207.000000 29757.000000 28287.000000
43486311.000000 29448.000000 27904.000000
43427762.000000 29520.000000 27858.000000
43329751.000000 29544.000000 28091.000000
43354244.000000 29498.000000 28283.000000
43348762.000000 29733.000000 28343.000000
43496332.000000 29469.000000 27874.000000
43316324.000000 29623.000000 28107.000000
43413098.000000 29792.000000 27982.000000
43411538.000000 29989.000000 28016.000000
43214971.000000 30272.000000 28362.000000
43404770.000000 29122.000000 27869.000000
43448173.000000 29408.000000 27909.000000
42761793.000000 29282.000000 28038.000000
43163794.000000 29872.000000 28149.000000
43044044.000000 29766.000000 28084.000000
43105101.000000 30036.000000 27962.000000
43511850.000000 29750.000000 27691.000000
43353515.000000 29640.000000 27980.000000
43381459.000000 29832.000000 28156.000000
43366953.000000 29572.000000 28121.000000
43471787.000000 30048.000000 28097.000000
43553514.000000 29624.000000 27758.000000
43232924.000000 29719.000000 28174.000000
43437653.000000 29434.000000 27908.000000
42844409.000000 29298.000000 28155.000000
43330082.000000 29315.000000 27804.000000
43037638.000000 29728.000000 27920.000000
42946207.000000 29444.000000 27755.000000
43371570.000000 29878.000000 28089.000000
42957218.000000 29804.000000 28371.000000
43528635.000000 29582.000000 27804.000000
43313866.000000 29889.000000 28242.000000
43476614.000000 29550.000000 27903.000000
43246713.000000 29928.000000 27991.000000
43404701.000000 29743.000000 28260.000000
43011978.000000 30159.000000 28073.000000
43410588.000000 29466.000000 28068.000000
43269701.000000 29921.000000 28431.000000
43358231.000000 30145.000000 28117.000000
43480532.000000 29994.000000 27812.000000
43165228.000000 29604.000000 28210.000000
43271862.000000 30304.000000 28512.000000
43441547.000000 29414.000000 28028.000000
42890561.000000 29444.000000 28033.000000
43334577.000000 30122.000000 27961.000000
43466123.000000 29877.000000 27997.000000
43033057.000000 29513.000000 27732.000000
43233304.000000 29351.000000 27458.000000
43337574.000000 29991.000000 28135.000000
43500369.000000 30195.000000 27798.000000
43282524.000000 30293.000000 28230.000000
43307577.000000 30015.000000 28271.000000
43328383.000000 29873.000000 28514.000000
43494230.000000 29480.000000 27758.000000
43261749.000000 29502.000000 28263.000000
43401998.000000 29437.000000 28303.000000
43407993.000000 30266.000000 28097.000000
43316279.000000 29833.000000 28286.000000
43457488.000000 29445.000000 27977.000000
42836239.000000 29124.000000 27922.000000
43310713.000000 29648.000000 28479.000000
43355650.000000 30042.000000 28088.000000
43413693.000000 29739.000000 28197.000000
43040805.000000 29502.000000 28157.000000
43056033.000000 29735.000000 28438.000000
