44530685.000000 30537.000000 23696.000000
44472409.000000 30543.000000 23779.000000
43919538.000000 30526.000000 25665.000000
44305207.000000 29703.000000 24688.000000
43977969.000000 30052.000000 25772.000000
44041018.000000 30052.000000 25328.000000
44237495.000000 29948.000000 25089.000000
44030533.000000 30393.000000 25216.000000
43695494.000000 29788.000000 25309.000000
44109212.000000 30395.000000 25379.000000
44154922.000000 30054.000000 25075.000000
43581083.000000 29336.000000 25362.000000
44130106.000000 29953.000000 25019.000000
44044702.000000 30037.000000 25123.000000
44118165.000000 30047.000000 25123.000000
44158059.000000 30047.000000 25047.000000
44280926.000000 29826.000000 24614.000000
43778888.000000 30302.000000 24748.000000
44061662.000000 30053.000000 25322.000000
44177136.000000 30056.000000 25092.000000
44242823.000000 30047.000000 24767.000000
43938607.000000 29564.000000 24571.000000
44211781.000000 29703.000000 24727.000000
44449645.000000 30055.000000 23974.000000
44393293.000000 30057.000000 24317.000000
44050446.000000 30151.000000 24058.000000
44285356.000000 30068.000000 24412.000000
44288124.000000 30344.000000 24535.000000
44321990.000000 29975.000000 24293.000000
43873410.000000 30412.000000 24289.000000
43973815.000000 29977.000000 24233.000000
44052543.000000 30049.000000 23992.000000
44262652.000000 30055.000000 24470.000000
44075214.000000 29559.000000 23944.000000
44599214.000000 30054.000000 23477.000000
44347372.000000 30077.000000 24418.000000
44104886.000000 30069.000000 23883.000000
44319617.000000 30478.000000 24436.000000
44328629.000000 30072.000000 24564.000000
44400237.000000 30128.000000 24340.000000
44016504.000000 30392.000000 24094.000000
44431044.000000 30189.000000 23986.000000
44383586.000000 30057.000000 24096.000000
44053247.000000 29548.000000 24063.000000
44276221.000000 30406.000000 24676.000000
44309321.000000 30042.000000 24396.000000
43888737.000000 29806.000000 24668.000000
44290521.000000 30052.000000 24541.000000
44397427.000000 30024.000000 24217.000000
44222449.000000 29975.000000 24846.000000
44231367.000000 29882.000000 23845.000000
43954265.000000 30067.000000 24218.000000
44153782.000000 30056.000000 23932.000000
44215530.000000 30060.000000 23730.000000
44280152.000000 30068.000000 24665.000000
44229561.000000 30078.000000 24664.000000
44269972.000000 30534.000000 24373.000000
44357586.000000 29980.000000 24234.000000
44252949.000000 30038.000000 24718.000000
43883929.000000 29542.000000 24740.000000
44050476.000000 30413.000000 24978.000000
43924854.000000 30079.000000 24401.000000
44008811.000000 29547.000000 24566.000000
44173346.000000 30055.000000 24760.000000
44263997.000000 29851.000000 24281.000000
43962837.000000 29588.000000 24468.000000
44362919.000000 29970.000000 24269.000000
44363909.000000 30050.000000 24598.000000
44296419.000000 30050.000000 24550.000000
44565814.000000 30048.000000 23375.000000
44599676.000000 30048.000000 23695.000000
44659715.000000 30550.000000 23069.000000
44472170.000000 30381.000000 23726.000000
44802487.000000 30384.000000 22896.000000
44476398.000000 30045.000000 23203.000000
44579723.000000 30195.000000 23565.000000
44620642.000000 30038.000000 23551.000000
44436150.000000 30107.000000 23955.000000
44606196.000000 30066.000000 23300.000000
44474820.000000 30451.000000 23958.000000
44470292.000000 30055.000000 23968.000000
44248299.000000 30549.000000 23452.000000
44657633.000000 30483.000000 23389.000000
44397599.000000 30411.000000 24130.000000
44526531.000000 30060.000000 23744.000000
44583874.000000 30061.000000 23789.000000
44520393.000000 30097.000000 23960.000000
43945666.000000 30057.000000 25907.000000
44095808.000000 30411.000000 23972.000000
43681408.000000 30015.000000 24683.000000
44230105.000000 30470.000000 23540.000000
44542843.000000 30055.000000 23664.000000
44158063.000000 30057.000000 23557.000000
44541226.000000 30051.000000 23720.000000
44201085.000000 30505.000000 23718.000000
44529746.000000 30172.000000 23492.000000
44217254.000000 30491.000000 23549.000000
44482094.000000 30434.000000 23752.000000
44461492.000000 30296.000000 23958.000000
44428853.000000 30395.000000 24078.000000
