47555773.000000 17937.000000 14475.000000
47692079.000000 18030.000000 14202.000000
47616435.000000 17989.000000 14318.000000
47652043.000000 17946.000000 14370.000000
47506467.000000 17748.000000 14791.000000
47758846.000000 17918.000000 13905.000000
47648663.000000 18010.000000 13907.000000
47549554.000000 17933.000000 14345.000000
47666462.000000 18128.000000 14134.000000
47663828.000000 17940.000000 14112.000000
47628106.000000 17946.000000 14329.000000
47664037.000000 17943.000000 14184.000000
47736297.000000 17929.000000 13771.000000
47582287.000000 17960.000000 14065.000000
47658039.000000 17943.000000 14069.000000
47606395.000000 17834.000000 13940.000000
47600446.000000 17940.000000 14386.000000
47492429.000000 17935.000000 14215.000000
47438748.000000 17680.000000 14447.000000
47657435.000000 17942.000000 14029.000000
47590866.000000 18016.000000 14479.000000
47525186.000000 17937.000000 14315.000000
47655781.000000 17945.000000 14240.000000
47644600.000000 17947.000000 14355.000000
47489884.000000 17931.000000 14110.000000
47474578.000000 17943.000000 14703.000000
47567451.000000 17720.000000 14333.000000
47634993.000000 17959.000000 14182.000000
47612734.000000 17944.000000 13959.000000
47705238.000000 17981.000000 13979.000000
47539598.000000 18005.000000 14713.000000
47710101.000000 17999.000000 14306.000000
47765278.000000 17933.000000 13704.000000
47610176.000000 17954.000000 14333.000000
47673010.000000 17937.000000 14039.000000
47443274.000000 17931.000000 15011.000000
47673838.000000 17927.000000 14037.000000
47606191.000000 17938.000000 14395.000000
47576721.000000 17942.000000 14219.000000
47513145.000000 17935.000000 14550.000000
47623989.000000 17938.000000 13989.000000
47579357.000000 17934.000000 14589.000000
47747692.000000 18025.000000 13874.000000
47663619.000000 17939.000000 13836.000000
47684146.000000 17934.000000 13900.000000
47555962.000000 17857.000000 14772.000000
47543852.000000 17778.000000 14602.000000
47567525.000000 17683.000000 14481.000000
47510366.000000 17937.000000 14521.000000
47703111.000000 17939.000000 13935.000000
47720665.000000 18101.000000 13710.000000
47697251.000000 17939.000000 13771.000000
47639934.000000 17936.000000 13941.000000
47607036.000000 18009.000000 14372.000000
47627199.000000 17928.000000 14655.000000
47509488.000000 17941.000000 14006.000000
47576569.000000 17696.000000 14716.000000
47733542.000000 17942.000000 14031.000000
47547754.000000 17954.000000 14479.000000
47413801.000000 17936.000000 14577.000000
47558403.000000 17943.000000 14223.000000
47576924.000000 17944.000000 14266.000000
47614794.000000 17943.000000 13951.000000
47592534.000000 17957.000000 14540.000000
47454101.000000 17936.000000 14212.000000
47724729.000000 18012.000000 13936.000000
47557341.000000 17823.000000 14664.000000
47615214.000000 17952.000000 14441.000000
47640231.000000 17940.000000 14088.000000
47600387.000000 17938.000000 14649.000000
47531109.000000 17933.000000 14640.000000
47531315.000000 17932.000000 14676.000000
47562527.000000 17819.000000 14298.000000
47795379.000000 17948.000000 13607.000000
47695410.000000 17986.000000 14161.000000
47624236.000000 17949.000000 14383.000000
47652333.000000 18029.000000 14230.000000
47711838.000000 18006.000000 13987.000000
47644212.000000 17941.000000 14402.000000
47655746.000000 17934.000000 14137.000000
47746612.000000 18130.000000 13398.000000
47555397.000000 17950.000000 14575.000000
47639194.000000 17935.000000 13837.000000
47609453.000000 17997.000000 14416.000000
47864180.000000 18148.000000 13742.000000
47399808.000000 17934.000000 14715.000000
47600987.000000 17928.000000 14314.000000
47594502.000000 17940.000000 14123.000000
47701720.000000 18005.000000 13974.000000
47731493.000000 17927.000000 13764.000000
47554284.000000 17934.000000 14289.000000
47530711.000000 17692.000000 14338.000000
47410300.000000 17952.000000 14881.000000
47458932.000000 18028.000000 14437.000000
47634938.000000 17933.000000 14192.000000
47452785.000000 17935.000000 14651.000000
47638750.000000 17979.000000 14320.000000
47558351.000000 17944.000000 14489.000000
47649885.000000 17937.000000 14045.000000
47807281.000000 17948.000000 13636.000000
