43520738.000000 29576.000000 27534.000000
43473044.000000 29217.000000 27340.000000
43333415.000000 29137.000000 26848.000000
43582256.000000 29941.000000 27299.000000
43578711.000000 29754.000000 27185.000000
43378889.000000 30098.000000 27351.000000
43614499.000000 29752.000000 26929.000000
43543889.000000 30445.000000 26993.000000
43791970.000000 29655.000000 26595.000000
43535349.000000 29642.000000 27609.000000
43381626.000000 29693.000000 26372.000000
43856100.000000 29762.000000 26408.000000
43108976.000000 29528.000000 27177.000000
43572796.000000 29662.000000 27165.000000
43612261.000000 29666.000000 26776.000000
43469188.000000 29595.000000 27520.000000
43504452.000000 29654.000000 27456.000000
43121216.000000 29744.000000 27576.000000
43672298.000000 29740.000000 26768.000000
43502833.000000 29729.000000 27511.000000
43806891.000000 29748.000000 26481.000000
43352885.000000 29580.000000 27690.000000
43165968.000000 29478.000000 27289.000000
43583766.000000 30302.000000 26911.000000
43556898.000000 29911.000000 27271.000000
43258520.000000 29402.000000 27524.000000
43623456.000000 29640.000000 27066.000000
43560858.000000 29521.000000 27093.000000
43594279.000000 29464.000000 27184.000000
43539727.000000 29558.000000 27271.000000
43280874.000000 29856.000000 26603.000000
43600469.000000 29435.000000 26863.000000
43520415.000000 29700.000000 27356.000000
42961509.000000 29374.000000 27454.000000
43523855.000000 29730.000000 27333.000000
43393668.000000 30028.000000 27179.000000
43623156.000000 29524.000000 27005.000000
43589617.000000 29534.000000 26692.000000
43655086.000000 29761.000000 26958.000000
43490183.000000 29834.000000 27313.000000
43542616.000000 30000.000000 27384.000000
43543347.000000 29959.000000 27499.000000
43601479.000000 29774.000000 27164.000000
43413213.000000 29285.000000 26805.000000
43471490.000000 29632.000000 26445.000000
42948177.000000 29631.000000 27307.000000
43582121.000000 29477.000000 27294.000000
43398485.000000 29974.000000 27443.000000
43512112.000000 29584.000000 27335.000000
43331487.000000 29839.000000 26670.000000
43289491.000000 30152.000000 27015.000000
43177182.000000 29927.000000 27189.000000
43570912.000000 29623.000000 27066.000000
43644074.000000 29662.000000 26902.000000
43603300.000000 29965.000000 27168.000000
43330390.000000 29664.000000 27863.000000
43518359.000000 29778.000000 27485.000000
43512706.000000 29739.000000 27175.000000
43058997.000000 30116.000000 27623.000000
43547612.000000 29288.000000 27258.000000
43594581.000000 29642.000000 26921.000000
43168874.000000 29668.000000 27091.000000
43382896.000000 29399.000000 26744.000000
43367049.000000 29140.000000 26619.000000
43479911.000000 29404.000000 26610.000000
43480239.000000 30069.000000 27375.000000
43680174.000000 29923.000000 26656.000000
43185824.000000 29662.000000 27111.000000
43731049.000000 29926.000000 26557.000000
43477831.000000 29631.000000 27804.000000
43555710.000000 29704.000000 27188.000000
43507369.000000 29638.000000 27401.000000
43782883.000000 29925.000000 26359.000000
43461753.000000 29663.000000 27573.000000
43752211.000000 29734.000000 26464.000000
43558789.000000 29709.000000 26846.000000
43654577.000000 29622.000000 26849.000000
42985245.000000 29995.000000 27454.000000
43504188.000000 29616.000000 27198.000000
43556193.000000 29668.000000 27117.000000
43789776.000000 29716.000000 26496.000000
43561069.000000 29581.000000 27307.000000
43436839.000000 29783.000000 27550.000000
43405901.000000 29764.000000 27537.000000
43565362.000000 29662.000000 27419.000000
43060886.000000 29518.000000 27362.000000
43192780.000000 29600.000000 27261.000000
43499081.000000 29661.000000 27336.000000
43630523.000000 29519.000000 27144.000000
43127907.000000 29482.000000 27094.000000
43531261.000000 29621.000000 27236.000000
43624279.000000 29667.000000 27164.000000
43373642.000000 29669.000000 27199.000000
43477667.000000 29609.000000 27348.000000
43486898.000000 29455.000000 26246.000000
43794228.000000 29649.000000 26236.000000
43164658.000000 29366.000000 27271.000000
43500771.000000 29710.000000 27359.000000
43888785.000000 29663.000000 26387.000000
43397742.000000 29794.000000 27510.000000
