50453129.000000 19241.000000 3468.000000
50514322.000000 19000.000000 3229.000000
50199809.000000 18998.000000 3619.000000
50488416.000000 18984.000000 3465.000000
50409144.000000 18995.000000 3724.000000
50420766.000000 18999.000000 3939.000000
50512109.000000 18995.000000 3732.000000
50457505.000000 18985.000000 3614.000000
50351804.000000 18990.000000 3801.000000
50368083.000000 18995.000000 3711.000000
50383713.000000 18994.000000 3769.000000
50442200.000000 19016.000000 3659.000000
50420389.000000 19081.000000 3364.000000
50214879.000000 18836.000000 3905.000000
50439449.000000 19164.000000 3575.000000
50159203.000000 18984.000000 4358.000000
50380674.000000 19126.000000 3469.000000
50220034.000000 19006.000000 4443.000000
50426913.000000 19005.000000 3726.000000
50391900.000000 18998.000000 3730.000000
50368203.000000 19003.000000 3733.000000
50402001.000000 18985.000000 3678.000000
50259643.000000 18819.000000 4287.000000
50363900.000000 18983.000000 3657.000000
50493485.000000 18987.000000 3504.000000
50412314.000000 18994.000000 3636.000000
50411340.000000 19015.000000 3287.000000
50456635.000000 19008.000000 3875.000000
50209348.000000 18996.000000 3571.000000
50385450.000000 18987.000000 3875.000000
50265565.000000 18992.000000 4232.000000
50271518.000000 18983.000000 3844.000000
49856307.000000 18738.000000 4495.000000
50241165.000000 18991.000000 4101.000000
50394375.000000 18998.000000 3887.000000
50114698.000000 18987.000000 4452.000000
50275990.000000 18992.000000 4116.000000
50372884.000000 18997.000000 3764.000000
50444067.000000 19021.000000 3572.000000
50435512.000000 18998.000000 3732.000000
50597282.000000 18992.000000 2989.000000
50376720.000000 18992.000000 3967.000000
50335453.000000 18989.000000 3780.000000
50210401.000000 18984.000000 3929.000000
50376932.000000 18991.000000 3909.000000
50513175.000000 19005.000000 3220.000000
50530861.000000 19086.000000 3493.000000
50364821.000000 18995.000000 3709.000000
50340306.000000 18987.000000 3998.000000
50320474.000000 18994.000000 4095.000000
50596299.000000 19252.000000 3333.000000
50497808.000000 19013.000000 3299.000000
50458843.000000 18999.000000 3715.000000
50350362.000000 18996.000000 3732.000000
50331068.000000 18858.000000 3772.000000
50565130.000000 19005.000000 3106.000000
50435171.000000 18994.000000 3564.000000
50446439.000000 18992.000000 3481.000000
50484462.000000 18990.000000 3402.000000
50311501.000000 18996.000000 3737.000000
50387190.000000 19117.000000 3773.000000
50447621.000000 19003.000000 3533.000000
50443218.000000 19052.000000 3646.000000
50542225.000000 19173.000000 3146.000000
50555828.000000 19052.000000 3247.000000
50318577.000000 18996.000000 4053.000000
50561443.000000 18991.000000 3237.000000
50621409.000000 18985.000000 3131.000000
50527021.000000 18992.000000 3452.000000
50590565.000000 19253.000000 3226.000000
50590600.000000 19005.000000 3155.000000
50461202.000000 18999.000000 3307.000000
50420227.000000 18990.000000 3709.000000
50339114.000000 18983.000000 3825.000000
50447375.000000 19017.000000 3529.000000
50232665.000000 18984.000000 4069.000000
50413764.000000 18987.000000 3480.000000
50542153.000000 18995.000000 3169.000000
50532213.000000 18988.000000 3117.000000
50300919.000000 18995.000000 3822.000000
50170989.000000 18981.000000 3436.000000
50364426.000000 18994.000000 3864.000000
50393147.000000 18995.000000 3719.000000
50348695.000000 18998.000000 3548.000000
50337334.000000 18993.000000 3731.000000
50430381.000000 18987.000000 3591.000000
50490208.000000 19245.000000 3291.000000
50342503.000000 18995.000000 3507.000000
50474510.000000 19252.000000 3654.000000
50417808.000000 18988.000000 3799.000000
50543396.000000 18992.000000 3329.000000
50602136.000000 19021.000000 3191.000000
50301050.000000 18996.000000 3972.000000
50372970.000000 18996.000000 3963.000000
49836846.000000 18980.000000 3871.000000
50103481.000000 18730.000000 3828.000000
50454686.000000 18994.000000 3554.000000
50383720.000000 18987.000000 3870.000000
50323232.000000 18854.000000 3969.000000
50515853.000000 18992.000000 3262.000000
