41833361.000000 285.000000 139.000000
41712885.000000 290.000000 163.000000
41597449.000000 290.000000 168.000000
41719672.000000 288.000000 180.000000
41586819.000000 295.000000 165.000000
41784215.000000 290.000000 147.000000
41709981.000000 295.000000 159.000000
42283233.000000 302.000000 193.000000
41733125.000000 286.000000 145.000000
41647621.000000 301.000000 146.000000
41693059.000000 296.000000 181.000000
41746041.000000 291.000000 139.000000
41637281.000000 287.000000 130.000000
41625078.000000 289.000000 187.000000
41710053.000000 291.000000 150.000000
41828828.000000 291.000000 139.000000
41948134.000000 282.000000 145.000000
41751067.000000 287.000000 153.000000
41629210.000000 291.000000 203.000000
41832816.000000 298.000000 147.000000
41802507.000000 286.000000 175.000000
41896113.000000 298.000000 161.000000
41805286.000000 295.000000 205.000000
41666398.000000 292.000000 163.000000
41792368.000000 294.000000 190.000000
41727299.000000 279.000000 162.000000
41695057.000000 292.000000 186.000000
41756557.000000 288.000000 144.000000
41807207.000000 306.000000 150.000000
41828283.000000 291.000000 198.000000
41632173.000000 293.000000 169.000000
41825723.000000 287.000000 155.000000
41778308.000000 282.000000 148.000000
41734951.000000 281.000000 134.000000
42323885.000000 298.000000 137.000000
41804172.000000 298.000000 193.000000
41771958.000000 290.000000 182.000000
41764021.000000 312.000000 159.000000
41773820.000000 293.000000 132.000000
43575165.000000 304.000000 185.000000
41752271.000000 298.000000 191.000000
41697509.000000 298.000000 148.000000
41844052.000000 306.000000 158.000000
41583096.000000 287.000000 157.000000
41809723.000000 296.000000 138.000000
41692873.000000 289.000000 182.000000
41666936.000000 289.000000 142.000000
41832119.000000 284.000000 127.000000
41721638.000000 276.000000 129.000000
41642068.000000 279.000000 138.000000
41728599.000000 289.000000 145.000000
41666698.000000 287.000000 175.000000
41355325.000000 270.000000 141.000000
41667226.000000 286.000000 204.000000
41765898.000000 285.000000 171.000000
41614113.000000 280.000000 139.000000
41810404.000000 282.000000 149.000000
41726890.000000 285.000000 147.000000
41735107.000000 298.000000 172.000000
41806897.000000 288.000000 167.000000
43639161.000000 319.000000 195.000000
41764558.000000 294.000000 140.000000
41517393.000000 288.000000 153.000000
42487843.000000 294.000000 150.000000
41723589.000000 292.000000 148.000000
41643905.000000 308.000000 154.000000
42483347.000000 301.000000 185.000000
41810255.000000 293.000000 163.000000
41676456.000000 278.000000 181.000000
41629805.000000 293.000000 153.000000
41759667.000000 298.000000 152.000000
41743799.000000 276.000000 143.000000
41777989.000000 292.000000 186.000000
41693668.000000 290.000000 169.000000
41651892.000000 293.000000 120.000000
41789001.000000 278.000000 171.000000
41550992.000000 284.000000 146.000000
41746765.000000 288.000000 158.000000
40793996.000000 299.000000 170.000000
41671455.000000 293.000000 138.000000
41643483.000000 302.000000 129.000000
41860279.000000 301.000000 168.000000
41549578.000000 303.000000 190.000000
41788104.000000 294.000000 170.000000
41703147.000000 289.000000 197.000000
41815068.000000 304.000000 160.000000
41702930.000000 287.000000 176.000000
41770965.000000 293.000000 194.000000
41673613.000000 292.000000 145.000000
41572963.000000 290.000000 174.000000
41744030.000000 307.000000 152.000000
41747253.000000 302.000000 167.000000
41682533.000000 295.000000 130.000000
41649704.000000 293.000000 184.000000
41681278.000000 294.000000 182.000000
41596611.000000 287.000000 158.000000
41595285.000000 291.000000 162.000000
41647316.000000 294.000000 152.000000
41575340.000000 311.000000 180.000000
