41248096.000000 36325.000000 35473.000000
31820375.000000 68559.000000 68328.000000
38845563.000000 40251.000000 39898.000000
29759849.000000 74835.000000 74513.000000
42325759.000000 30861.000000 30343.000000
41043309.000000 36977.000000 36441.000000
42630620.000000 31051.000000 30167.000000
42897496.000000 30029.000000 29511.000000
41513000.000000 34525.000000 34122.000000
41041556.000000 32939.000000 32143.000000
31255061.000000 70840.000000 70575.000000
42877201.000000 30053.000000 29283.000000
41536789.000000 32425.000000 31936.000000
42588315.000000 29960.000000 29416.000000
31732981.000000 69672.000000 69399.000000
42873713.000000 30087.000000 29395.000000
40985701.000000 36081.000000 35288.000000
41300749.000000 34794.000000 34321.000000
41433521.000000 35753.000000 34957.000000
40722170.000000 35758.000000 35344.000000
31481685.000000 70213.000000 69901.000000
42197936.000000 31032.000000 30471.000000
42787747.000000 29923.000000 28866.000000
40410004.000000 38083.000000 37547.000000
40269602.000000 36742.000000 36488.000000
42556616.000000 30305.000000 29385.000000
40832830.000000 37813.000000 37138.000000
42403592.000000 31703.000000 31294.000000
42356523.000000 31437.000000 30205.000000
41234160.000000 35089.000000 34616.000000
39305243.000000 41913.000000 41591.000000
42367672.000000 30012.000000 29556.000000
28159206.000000 80759.000000 80589.000000
39605253.000000 40307.000000 39507.000000
41893370.000000 31883.000000 31442.000000
43029953.000000 29475.000000 29033.000000
41104555.000000 36602.000000 35886.000000
42049365.000000 31406.000000 31081.000000
42484808.000000 30737.000000 30071.000000
37885004.000000 46879.000000 46530.000000
40891239.000000 35251.000000 34608.000000
42798487.000000 29348.000000 28780.000000
42861677.000000 29763.000000 29511.000000
42570552.000000 29819.000000 29355.000000
42806712.000000 29624.000000 29323.000000
41866794.000000 33234.000000 32172.000000
41074664.000000 35587.000000 35336.000000
42807031.000000 30143.000000 29722.000000
40539334.000000 36223.000000 35571.000000
39023633.000000 42556.000000 42161.000000
42774180.000000 30918.000000 30402.000000
40969131.000000 35783.000000 35249.000000
42583023.000000 29570.000000 28705.000000
40057785.000000 38409.000000 37945.000000
41412638.000000 35356.000000 34788.000000
41774945.000000 34492.000000 33690.000000
39826689.000000 40918.000000 40350.000000
42855976.000000 30172.000000 29646.000000
38630745.000000 44632.000000 44294.000000
37531568.000000 48870.000000 48060.000000
41122965.000000 35673.000000 35080.000000
41369720.000000 34110.000000 33673.000000
40424207.000000 35862.000000 35347.000000
39239458.000000 41709.000000 41105.000000
38346774.000000 43736.000000 43239.000000
37389302.000000 49085.000000 48672.000000
34142751.000000 57703.000000 57152.000000
41723275.000000 33012.000000 32612.000000
36496895.000000 49471.000000 49193.000000
41110109.000000 37076.000000 36112.000000
41554928.000000 33319.000000 32867.000000
41216132.000000 36112.000000 35481.000000
42401414.000000 30367.000000 29935.000000
42355824.000000 30774.000000 30251.000000
40505354.000000 36987.000000 36639.000000
40575147.000000 35981.000000 35595.000000
42211033.000000 29597.000000 29016.000000
41016015.000000 36625.000000 36326.000000
39993455.000000 37868.000000 37386.000000
42857322.000000 30289.000000 29682.000000
41577828.000000 34270.000000 33919.000000
40893382.000000 36851.000000 35894.000000
36733348.000000 48666.000000 48483.000000
42799363.000000 30636.000000 29775.000000
41248547.000000 35474.000000 35101.000000
39045258.000000 41759.000000 41086.000000
41622248.000000 34763.000000 34311.000000
42568358.000000 30708.000000 30367.000000
42644237.000000 30585.000000 30082.000000
28476222.000000 80022.000000 79787.000000
42543415.000000 30721.000000 30118.000000
42480463.000000 30521.000000 30057.000000
41341466.000000 35260.000000 34799.000000
38591491.000000 45131.000000 44678.000000
40020513.000000 40225.000000 39784.000000
40647733.000000 37042.000000 36363.000000
38289525.000000 42844.000000 42618.000000
32671753.000000 60502.000000 59924.000000
38609927.000000 44743.000000 43977.000000
42433460.000000 30119.000000 29802.000000
