17196766.000000 139773.000000 91260.000000
17011931.000000 136380.000000 87401.000000
12658975.000000 67096.000000 61717.000000
17040693.000000 139235.000000 91515.000000
16914265.000000 137284.000000 92623.000000
17070893.000000 140085.000000 92583.000000
18695492.000000 154724.000000 127462.000000
14867483.000000 107094.000000 92745.000000
17676947.000000 146406.000000 120985.000000
16762859.000000 138939.000000 115152.000000
15964534.000000 125552.000000 103352.000000
16861554.000000 140172.000000 118801.000000
16952953.000000 140509.000000 115677.000000
16529509.000000 135631.000000 111574.000000
16605006.000000 137941.000000 115503.000000
16703656.000000 138876.000000 114685.000000
16941879.000000 140839.000000 118357.000000
16878835.000000 140386.000000 119333.000000
16646376.000000 137240.000000 112152.000000
16573459.000000 136596.000000 112240.000000
17061551.000000 141830.000000 118523.000000
16496207.000000 136961.000000 116146.000000
16632195.000000 138036.000000 115152.000000
16608420.000000 138125.000000 116713.000000
16687218.000000 138764.000000 114754.000000
17028848.000000 141645.000000 116248.000000
16976149.000000 141159.000000 117685.000000
16832628.000000 139896.000000 116295.000000
17013148.000000 141485.000000 120331.000000
16615121.000000 137707.000000 116647.000000
16623071.000000 138073.000000 115611.000000
16484469.000000 135701.000000 114008.000000
16986194.000000 141203.000000 117980.000000
17075448.000000 141934.000000 119402.000000
14945091.000000 109633.000000 96804.000000
16909492.000000 140604.000000 116682.000000
16850393.000000 140122.000000 118221.000000
17003717.000000 141325.000000 115420.000000
17732736.000000 147361.000000 119826.000000
17031211.000000 141096.000000 115155.000000
16901208.000000 140589.000000 115499.000000
16980603.000000 141178.000000 116876.000000
16944211.000000 140917.000000 116254.000000
17370807.000000 143857.000000 119282.000000
17147211.000000 142535.000000 118911.000000
17074611.000000 141996.000000 120342.000000
16851989.000000 140099.000000 115973.000000
14287857.000000 96009.000000 84531.000000
16683071.000000 137651.000000 115092.000000
17095760.000000 142164.000000 119928.000000
14356933.000000 97947.000000 86313.000000
17341778.000000 144228.000000 121835.000000
16689038.000000 138793.000000 115615.000000
16885891.000000 139893.000000 116859.000000
16630424.000000 138330.000000 117279.000000
16776723.000000 139500.000000 114913.000000
17173455.000000 142294.000000 116361.000000
12762849.000000 67708.000000 63806.000000
17554170.000000 145863.000000 123471.000000
17941410.000000 149016.000000 124175.000000
16957043.000000 140493.000000 115709.000000
17382348.000000 144445.000000 121788.000000
17205498.000000 143042.000000 119496.000000
16794066.000000 139186.000000 117738.000000
17262346.000000 142979.000000 118783.000000
16995815.000000 141303.000000 118124.000000
14888475.000000 107043.000000 91635.000000
14425580.000000 99565.000000 87470.000000
17209153.000000 143038.000000 119292.000000
17113912.000000 142289.000000 120873.000000
17565342.000000 145980.000000 120987.000000
16987366.000000 141256.000000 119647.000000
17232204.000000 143218.000000 117668.000000
17088156.000000 142081.000000 119519.000000
17173771.000000 142304.000000 118171.000000
16900494.000000 140082.000000 116855.000000
14109115.000000 93893.000000 82503.000000
20250087.000000 168001.000000 134737.000000
17114513.000000 139817.000000 91863.000000
17080392.000000 140203.000000 92114.000000
17155678.000000 140645.000000 92960.000000
17015797.000000 139148.000000 92980.000000
17096742.000000 142200.000000 120183.000000
16684293.000000 138769.000000 116976.000000
17029740.000000 141581.000000 119751.000000
16839816.000000 140050.000000 118295.000000
17037574.000000 141304.000000 120117.000000
16914503.000000 140667.000000 116889.000000
17038962.000000 141118.000000 120817.000000
16751279.000000 139353.000000 114846.000000
16974710.000000 141106.000000 118960.000000
16719029.000000 139064.000000 115154.000000
16981464.000000 141165.000000 119892.000000
16710521.000000 138984.000000 114721.000000
16704233.000000 138896.000000 117179.000000
17066229.000000 141885.000000 120542.000000
16882869.000000 140419.000000 119322.000000
16822094.000000 139946.000000 116191.000000
16664062.000000 138561.000000 116115.000000
16586225.000000 137461.000000 116521.000000
