47784724.000000 17987.000000 13126.000000
47982674.000000 18066.000000 12421.000000
47378882.000000 17947.000000 14254.000000
47577397.000000 17937.000000 13805.000000
47420845.000000 17939.000000 14270.000000
47619561.000000 17943.000000 13698.000000
47355083.000000 17936.000000 13982.000000
47387659.000000 17937.000000 14543.000000
47685407.000000 18213.000000 13581.000000
47522623.000000 18026.000000 14014.000000
47658905.000000 17954.000000 13500.000000
47465109.000000 17970.000000 14320.000000
47723062.000000 17951.000000 13501.000000
47566011.000000 17945.000000 13588.000000
47615354.000000 17942.000000 13914.000000
47685002.000000 17944.000000 13356.000000
47538040.000000 17762.000000 13933.000000
47503011.000000 17853.000000 14426.000000
47519491.000000 17733.000000 13736.000000
47489439.000000 18016.000000 14162.000000
47756065.000000 17945.000000 13137.000000
47709453.000000 18030.000000 13817.000000
47570499.000000 17957.000000 13790.000000
47779759.000000 17959.000000 13287.000000
47382247.000000 17686.000000 14484.000000
47563105.000000 17792.000000 14130.000000
47827501.000000 17940.000000 13077.000000
47373017.000000 17938.000000 14537.000000
47453934.000000 17948.000000 14113.000000
47365676.000000 17933.000000 13813.000000
47683213.000000 18009.000000 13468.000000
47449418.000000 17948.000000 13973.000000
47444152.000000 17942.000000 14376.000000
47631774.000000 17947.000000 13559.000000
47452167.000000 17947.000000 13609.000000
47565113.000000 17938.000000 13609.000000
47602511.000000 17845.000000 13568.000000
47622340.000000 17966.000000 14158.000000
47150459.000000 17935.000000 14400.000000
47488301.000000 17981.000000 14022.000000
47548998.000000 17721.000000 13943.000000
47659864.000000 18072.000000 13766.000000
47570002.000000 17938.000000 13800.000000
47809907.000000 17986.000000 13185.000000
47546052.000000 17940.000000 13790.000000
47550430.000000 17950.000000 13872.000000
47694390.000000 17940.000000 13221.000000
47654619.000000 17948.000000 13535.000000
47614611.000000 17919.000000 13849.000000
47510458.000000 17944.000000 14287.000000
47445769.000000 17949.000000 14049.000000
47420837.000000 18021.000000 14484.000000
47634761.000000 17924.000000 13584.000000
47434370.000000 17938.000000 13999.000000
47710633.000000 18137.000000 13393.000000
47644151.000000 17935.000000 13572.000000
47636222.000000 17950.000000 13563.000000
47631491.000000 17952.000000 13566.000000
47640681.000000 17940.000000 13673.000000
47641085.000000 17996.000000 13524.000000
47519938.000000 17942.000000 13961.000000
47487780.000000 17760.000000 14156.000000
47469368.000000 17948.000000 14068.000000
47619261.000000 17872.000000 13755.000000
47509825.000000 17883.000000 14286.000000
47207898.000000 17941.000000 13969.000000
47645839.000000 17941.000000 13683.000000
47633623.000000 17947.000000 13383.000000
47506564.000000 17941.000000 13935.000000
47707623.000000 17958.000000 13077.000000
47352109.000000 17951.000000 14302.000000
47725959.000000 17945.000000 13228.000000
47474514.000000 18004.000000 14447.000000
47629668.000000 18026.000000 13722.000000
47448744.000000 17946.000000 14028.000000
47549895.000000 17694.000000 14165.000000
47575544.000000 17941.000000 13786.000000
47564240.000000 17948.000000 13587.000000
47423086.000000 17886.000000 14102.000000
47342224.000000 17924.000000 14691.000000
47341316.000000 17939.000000 14395.000000
47491918.000000 17935.000000 13963.000000
47594913.000000 18046.000000 13594.000000
47528386.000000 17915.000000 13977.000000
47564329.000000 17950.000000 13825.000000
47508631.000000 17939.000000 14052.000000
47557131.000000 17949.000000 13785.000000
47498066.000000 17939.000000 13795.000000
47591963.000000 17939.000000 13554.000000
47654283.000000 17931.000000 13596.000000
47615659.000000 17949.000000 13842.000000
47558015.000000 17944.000000 13590.000000
47719070.000000 17943.000000 13044.000000
47221205.000000 17686.000000 14256.000000
47621254.000000 17941.000000 13209.000000
47288990.000000 17932.000000 14756.000000
47502644.000000 18082.000000 13789.000000
47579972.000000 17799.000000 13682.000000
47532340.000000 17958.000000 13769.000000
47577190.000000 17730.000000 13979.000000
