47040778.000000 17692.000000 16113.000000
47078160.000000 17947.000000 15829.000000
46960915.000000 17818.000000 16459.000000
47066053.000000 17893.000000 16001.000000
47072502.000000 17687.000000 15696.000000
47057658.000000 17684.000000 16081.000000
47061494.000000 17690.000000 15986.000000
47132696.000000 18048.000000 16081.000000
47312182.000000 17754.000000 15671.000000
47044254.000000 17688.000000 16238.000000
46949156.000000 17715.000000 16277.000000
47014033.000000 17933.000000 16665.000000
47012633.000000 17736.000000 16053.000000
47080421.000000 17691.000000 15920.000000
47032390.000000 17939.000000 15857.000000
47179374.000000 17693.000000 15670.000000
47191573.000000 17796.000000 16021.000000
47027567.000000 17691.000000 16119.000000
47057701.000000 17683.000000 16229.000000
47324742.000000 17794.000000 15745.000000
47195706.000000 18020.000000 15864.000000
47120205.000000 17744.000000 16164.000000
47033064.000000 17946.000000 15961.000000
47012944.000000 17743.000000 16350.000000
46917622.000000 17685.000000 16442.000000
47082901.000000 17881.000000 15999.000000
47062404.000000 17687.000000 15978.000000
47074163.000000 17899.000000 16038.000000
47081543.000000 17769.000000 15946.000000
47065682.000000 17831.000000 16369.000000
47001646.000000 17793.000000 16448.000000
46944103.000000 17667.000000 16469.000000
46974592.000000 17744.000000 16170.000000
47050775.000000 17755.000000 16258.000000
47135376.000000 17691.000000 15938.000000
47017751.000000 17735.000000 16223.000000
47073558.000000 17865.000000 15918.000000
47069706.000000 17764.000000 15900.000000
47155231.000000 17687.000000 15796.000000
46957043.000000 17751.000000 16176.000000
47099344.000000 17697.000000 15986.000000
47107416.000000 17692.000000 15965.000000
47149779.000000 17685.000000 15985.000000
47034838.000000 17699.000000 16105.000000
47078545.000000 17893.000000 16102.000000
46982117.000000 17781.000000 16182.000000
46992801.000000 17889.000000 16281.000000
46945103.000000 17690.000000 16281.000000
47001248.000000 17687.000000 16112.000000
47082548.000000 17753.000000 16212.000000
46893602.000000 17695.000000 16352.000000
46994211.000000 17705.000000 16127.000000
47064308.000000 17883.000000 15973.000000
46958523.000000 17729.000000 16390.000000
47100377.000000 17716.000000 16058.000000
47202962.000000 17764.000000 15997.000000
47037288.000000 17810.000000 16081.000000
47017949.000000 17748.000000 16359.000000
47038715.000000 17706.000000 16090.000000
47171407.000000 17700.000000 15747.000000
47130275.000000 17708.000000 15910.000000
46997099.000000 17894.000000 16155.000000
47172760.000000 17715.000000 15988.000000
47114683.000000 17951.000000 15748.000000
47199828.000000 17789.000000 15767.000000
47175954.000000 17697.000000 15845.000000
47034105.000000 17700.000000 16323.000000
47081386.000000 17674.000000 16049.000000
47084801.000000 17763.000000 16164.000000
47150126.000000 17736.000000 15635.000000
46975569.000000 17743.000000 16097.000000
46995984.000000 17847.000000 16111.000000
47089120.000000 17728.000000 15985.000000
47219934.000000 17759.000000 15727.000000
47309842.000000 17772.000000 15648.000000
47024981.000000 17754.000000 16102.000000
46661891.000000 17744.000000 15977.000000
47096705.000000 17768.000000 16021.000000
47084762.000000 17810.000000 16125.000000
47108601.000000 17951.000000 16032.000000
47007600.000000 17685.000000 15936.000000
47052577.000000 17689.000000 15842.000000
47255832.000000 17736.000000 15742.000000
47174970.000000 17907.000000 16227.000000
47008393.000000 17860.000000 16168.000000
47195580.000000 17790.000000 15869.000000
47072039.000000 17895.000000 16088.000000
47129055.000000 17739.000000 15903.000000
47064634.000000 17764.000000 16122.000000
46912087.000000 17695.000000 16502.000000
47168234.000000 17733.000000 15716.000000
46992099.000000 17705.000000 16326.000000
47016842.000000 17852.000000 16449.000000
47074335.000000 17859.000000 15906.000000
47028561.000000 17868.000000 16262.000000
47003637.000000 17794.000000 16141.000000
47081333.000000 17691.000000 16025.000000
47053604.000000 17704.000000 16058.000000
46864776.000000 17682.000000 16362.000000
47004682.000000 17906.000000 16420.000000
