43104433.000000 29772.000000 28888.000000
43002861.000000 29708.000000 29134.000000
42869625.000000 29608.000000 29108.000000
43024845.000000 29882.000000 28918.000000
42704010.000000 29465.000000 29086.000000
42974132.000000 29617.000000 29149.000000
42941093.000000 30106.000000 29315.000000
42962140.000000 29713.000000 29294.000000
42871127.000000 29513.000000 28941.000000
42597678.000000 30659.000000 29829.000000
43065287.000000 29497.000000 28930.000000
43020486.000000 29781.000000 29201.000000
42804075.000000 29473.000000 28876.000000
43078600.000000 30104.000000 29141.000000
42951276.000000 29824.000000 29193.000000
43062317.000000 29425.000000 28977.000000
42975724.000000 29942.000000 29270.000000
42838055.000000 29396.000000 28852.000000
42457912.000000 29923.000000 29545.000000
43001157.000000 29612.000000 29175.000000
43069834.000000 29464.000000 28904.000000
42778663.000000 29289.000000 28756.000000
43121470.000000 29530.000000 28973.000000
43157473.000000 29530.000000 28974.000000
43014764.000000 30048.000000 29154.000000
43117032.000000 29726.000000 28752.000000
42530497.000000 30101.000000 28980.000000
42855725.000000 30527.000000 29500.000000
43026471.000000 30037.000000 28942.000000
43106393.000000 29372.000000 28900.000000
43064739.000000 29540.000000 29019.000000
43029513.000000 29872.000000 28995.000000
42867737.000000 30029.000000 28986.000000
43007167.000000 29621.000000 29053.000000
43075052.000000 29360.000000 28748.000000
42941491.000000 29780.000000 29267.000000
42783838.000000 29027.000000 28535.000000
42652694.000000 29459.000000 28924.000000
43034022.000000 29511.000000 28894.000000
42558134.000000 28884.000000 28769.000000
42761131.000000 29737.000000 29177.000000
42734181.000000 29388.000000 28888.000000
42789908.000000 29226.000000 28751.000000
42943414.000000 29630.000000 29189.000000
42920575.000000 29420.000000 28805.000000
42936047.000000 29730.000000 29218.000000
42748625.000000 28865.000000 28403.000000
42910203.000000 29700.000000 28901.000000
43038293.000000 29817.000000 29202.000000
43005348.000000 29778.000000 29287.000000
43184334.000000 29406.000000 28907.000000
42816788.000000 29415.000000 28859.000000
43105801.000000 29461.000000 28878.000000
43117773.000000 29434.000000 28891.000000
42981675.000000 30145.000000 29148.000000
42923179.000000 29631.000000 29127.000000
43106339.000000 29806.000000 28841.000000
42573495.000000 29951.000000 28879.000000
43045673.000000 29431.000000 28918.000000
43073271.000000 30403.000000 28953.000000
43060463.000000 29530.000000 29056.000000
43025608.000000 29422.000000 28861.000000
43083225.000000 29869.000000 29315.000000
42996013.000000 29540.000000 29076.000000
43106896.000000 29414.000000 28913.000000
42960896.000000 29753.000000 28968.000000
43176790.000000 29443.000000 28860.000000
42807436.000000 29433.000000 28860.000000
43009310.000000 30296.000000 29115.000000
43218228.000000 29773.000000 28767.000000
42951271.000000 29883.000000 29435.000000
43068113.000000 29359.000000 28933.000000
43111368.000000 29090.000000 28982.000000
43121293.000000 29767.000000 28959.000000
43015443.000000 29509.000000 29072.000000
42741954.000000 29095.000000 28784.000000
42740273.000000 29657.000000 29210.000000
42799194.000000 29426.000000 28797.000000
43083240.000000 29523.000000 29007.000000
43051460.000000 29452.000000 29006.000000
42806663.000000 29335.000000 28800.000000
42805195.000000 29770.000000 29334.000000
42755160.000000 29076.000000 28717.000000
43039597.000000 29446.000000 29030.000000
43071947.000000 29929.000000 28932.000000
43089082.000000 29545.000000 29022.000000
43066864.000000 29443.000000 28987.000000
42405574.000000 29658.000000 29220.000000
42767200.000000 29443.000000 28909.000000
43062387.000000 29563.000000 28967.000000
43181405.000000 29331.000000 28922.000000
42962900.000000 29748.000000 29364.000000
42719801.000000 29405.000000 28935.000000
42773853.000000 29316.000000 28864.000000
43097572.000000 29397.000000 28967.000000
43032453.000000 30132.000000 28927.000000
42952789.000000 29710.000000 29197.000000
43020666.000000 29617.000000 29166.000000
43015704.000000 29724.000000 28959.000000
43055146.000000 29882.000000 28985.000000
