31407565.000000 73.000000 0.000000
31809540.000000 78.000000 2.000000
31895329.000000 76.000000 3.000000
31751554.000000 89.000000 0.000000
31816513.000000 65.000000 0.000000
31877874.000000 80.000000 0.000000
31867324.000000 99.000000 0.000000
31902889.000000 76.000000 0.000000
31906147.000000 69.000000 0.000000
31842763.000000 74.000000 1.000000
31853881.000000 74.000000 2.000000
31863369.000000 87.000000 1.000000
31860587.000000 64.000000 0.000000
31880180.000000 79.000000 0.000000
31864810.000000 74.000000 0.000000
31853125.000000 68.000000 0.000000
31881864.000000 83.000000 0.000000
31874180.000000 78.000000 3.000000
31813816.000000 72.000000 0.000000
31885328.000000 62.000000 1.000000
31869271.000000 97.000000 4.000000
31850851.000000 80.000000 0.000000
31912107.000000 73.000000 0.000000
31900963.000000 66.000000 1.000000
31864993.000000 70.000000 0.000000
32373940.000000 75.000000 1.000000
31876634.000000 69.000000 0.000000
31887176.000000 72.000000 1.000000
31884923.000000 72.000000 2.000000
31904132.000000 75.000000 0.000000
31843361.000000 69.000000 0.000000
31883226.000000 76.000000 0.000000
31905525.000000 74.000000 0.000000
31504190.000000 70.000000 0.000000
31863936.000000 63.000000 0.000000
31884055.000000 76.000000 0.000000
31854750.000000 69.000000 0.000000
31734399.000000 70.000000 0.000000
31851854.000000 88.000000 2.000000
31887565.000000 76.000000 0.000000
31842960.000000 79.000000 0.000000
31877331.000000 73.000000 0.000000
31853740.000000 85.000000 0.000000
31858270.000000 78.000000 0.000000
31846621.000000 79.000000 0.000000
31887814.000000 74.000000 0.000000
31872936.000000 77.000000 0.000000
31882574.000000 69.000000 0.000000
31835630.000000 89.000000 2.000000
31817983.000000 73.000000 0.000000
31880953.000000 68.000000 3.000000
31867358.000000 79.000000 0.000000
31798330.000000 75.000000 0.000000
31836479.000000 78.000000 0.000000
31920433.000000 71.000000 1.000000
31909178.000000 69.000000 0.000000
31874657.000000 83.000000 0.000000
31858409.000000 77.000000 0.000000
31853520.000000 82.000000 3.000000
31845957.000000 77.000000 2.000000
31841032.000000 74.000000 0.000000
31871882.000000 74.000000 0.000000
31895977.000000 70.000000 1.000000
31888831.000000 76.000000 0.000000
31867492.000000 76.000000 0.000000
31889672.000000 70.000000 0.000000
31863830.000000 74.000000 0.000000
31854993.000000 81.000000 0.000000
31867566.000000 69.000000 0.000000
31861583.000000 83.000000 0.000000
31879263.000000 81.000000 0.000000
31370614.000000 73.000000 1.000000
31620561.000000 76.000000 0.000000
31757028.000000 85.000000 0.000000
31851885.000000 80.000000 2.000000
31906951.000000 70.000000 1.000000
31857474.000000 80.000000 1.000000
31798113.000000 76.000000 1.000000
31847261.000000 74.000000 0.000000
31861772.000000 79.000000 0.000000
31819197.000000 69.000000 0.000000
31888413.000000 67.000000 1.000000
31894750.000000 70.000000 0.000000
31867846.000000 68.000000 0.000000
31897070.000000 74.000000 1.000000
31865500.000000 80.000000 0.000000
31886609.000000 78.000000 0.000000
31866059.000000 72.000000 0.000000
31888037.000000 69.000000 0.000000
31887455.000000 79.000000 1.000000
31841826.000000 64.000000 0.000000
31838658.000000 78.000000 1.000000
32018681.000000 71.000000 0.000000
31880744.000000 76.000000 0.000000
31879583.000000 80.000000 0.000000
31877637.000000 70.000000 0.000000
31887442.000000 85.000000 3.000000
31905799.000000 78.000000 1.000000
31845079.000000 70.000000 0.000000
31855170.000000 70.000000 0.000000
