49872760.000000 18728.000000 6015.000000
49795503.000000 18916.000000 6201.000000
49940228.000000 18975.000000 5362.000000
49826067.000000 18931.000000 5435.000000
49989763.000000 18767.000000 4971.000000
49870222.000000 18702.000000 5505.000000
49864106.000000 18701.000000 5602.000000
49841218.000000 18719.000000 5854.000000
50053110.000000 18698.000000 5107.000000
50000081.000000 18696.000000 5361.000000
49946459.000000 18823.000000 5541.000000
50015570.000000 18698.000000 5432.000000
49797616.000000 18694.000000 5671.000000
50022369.000000 18715.000000 5191.000000
49738592.000000 18696.000000 5830.000000
49984842.000000 18804.000000 5074.000000
49915211.000000 18704.000000 5641.000000
49875170.000000 18964.000000 5516.000000
49470475.000000 18809.000000 7081.000000
49717441.000000 18720.000000 6421.000000
49161635.000000 18684.000000 8268.000000
49588358.000000 18727.000000 6977.000000
49420627.000000 18701.000000 7443.000000
49452018.000000 18669.000000 7545.000000
49493114.000000 18722.000000 7006.000000
49621802.000000 18704.000000 6579.000000
49501186.000000 18466.000000 7057.000000
49818866.000000 18720.000000 6442.000000
49403568.000000 18684.000000 7221.000000
49530395.000000 18726.000000 7133.000000
49168103.000000 18759.000000 7584.000000
49672100.000000 18733.000000 6602.000000
49659892.000000 18771.000000 6481.000000
49257607.000000 18472.000000 7857.000000
49175300.000000 18516.000000 7338.000000
49668977.000000 18735.000000 6825.000000
49641198.000000 18735.000000 6652.000000
49422610.000000 18724.000000 7215.000000
49480863.000000 18618.000000 7409.000000
49622735.000000 18727.000000 6984.000000
49452948.000000 18597.000000 7379.000000
49741994.000000 18860.000000 6318.000000
49763502.000000 18714.000000 6453.000000
49392142.000000 18673.000000 7400.000000
49868496.000000 18721.000000 6040.000000
49473752.000000 18726.000000 7184.000000
49214672.000000 18612.000000 7676.000000
49555979.000000 18508.000000 7102.000000
49222203.000000 18468.000000 7887.000000
49398970.000000 18723.000000 7305.000000
49568064.000000 18745.000000 6985.000000
49592946.000000 18640.000000 6826.000000
49638196.000000 18727.000000 6373.000000
49565292.000000 18722.000000 6783.000000
49507674.000000 18726.000000 6636.000000
49121584.000000 18594.000000 8186.000000
49487426.000000 18462.000000 7277.000000
49365714.000000 18736.000000 7429.000000
49675516.000000 18718.000000 6697.000000
50219333.000000 18975.000000 4462.000000
50019196.000000 18978.000000 4708.000000
49660664.000000 18723.000000 6403.000000
49988738.000000 18951.000000 5182.000000
49820057.000000 18704.000000 6062.000000
49804231.000000 18903.000000 5572.000000
49980521.000000 18697.000000 5169.000000
49946244.000000 18710.000000 5416.000000
49765606.000000 18947.000000 5841.000000
49925386.000000 18698.000000 5512.000000
49947043.000000 18832.000000 5556.000000
49613908.000000 18754.000000 5695.000000
49948159.000000 18963.000000 5069.000000
49778558.000000 18764.000000 5836.000000
50034045.000000 18756.000000 4973.000000
49774853.000000 18786.000000 5948.000000
49163876.000000 18567.000000 8274.000000
49760075.000000 18728.000000 6057.000000
49654825.000000 18800.000000 6745.000000
49768838.000000 18729.000000 5946.000000
49339805.000000 18717.000000 7087.000000
49175078.000000 18577.000000 8187.000000
49507233.000000 18467.000000 7239.000000
49442565.000000 18475.000000 7573.000000
49268061.000000 18721.000000 7991.000000
49750325.000000 18721.000000 5902.000000
50461507.000000 19216.000000 3380.000000
49877193.000000 19012.000000 5876.000000
50029636.000000 18772.000000 5279.000000
50158109.000000 18947.000000 4694.000000
49783175.000000 18952.000000 5993.000000
50162923.000000 18967.000000 4588.000000
50013845.000000 18792.000000 5002.000000
50140084.000000 18868.000000 4826.000000
50214148.000000 18707.000000 4334.000000
49687182.000000 18721.000000 5362.000000
49766004.000000 18748.000000 6159.000000
49884105.000000 18703.000000 5398.000000
49789429.000000 18759.000000 5725.000000
49772181.000000 18970.000000 5790.000000
49819935.000000 19030.000000 5669.000000
