44699774.000000 2929.000000 50.000000
45054224.000000 2893.000000 45.000000
45073667.000000 2878.000000 50.000000
44974950.000000 2873.000000 47.000000
45099720.000000 2893.000000 49.000000
45002619.000000 2921.000000 45.000000
45173868.000000 2875.000000 48.000000
44889909.000000 2898.000000 51.000000
45040503.000000 2875.000000 43.000000
44964727.000000 2866.000000 48.000000
44965983.000000 2898.000000 50.000000
44745688.000000 2942.000000 46.000000
44910137.000000 2922.000000 45.000000
45229684.000000 2888.000000 41.000000
193407167.000000 3556.000000 136.000000
45099724.000000 2921.000000 46.000000
45116150.000000 2879.000000 43.000000
45200719.000000 2857.000000 50.000000
45202871.000000 2887.000000 45.000000
45002616.000000 2898.000000 50.000000
44782064.000000 2907.000000 47.000000
44889703.000000 2890.000000 49.000000
45073173.000000 2908.000000 51.000000
45149531.000000 2895.000000 47.000000
44964730.000000 2879.000000 46.000000
45154039.000000 2906.000000 48.000000
45101054.000000 2876.000000 49.000000
45099573.000000 2897.000000 48.000000
45175791.000000 2840.000000 50.000000
45065099.000000 2862.000000 47.000000
45120535.000000 2888.000000 48.000000
45078259.000000 2893.000000 46.000000
44991068.000000 2896.000000 45.000000
45087296.000000 2912.000000 48.000000
45047565.000000 2869.000000 50.000000
45044824.000000 2911.000000 48.000000
45002617.000000 2888.000000 51.000000
45280550.000000 2926.000000 48.000000
45003983.000000 2909.000000 48.000000
45208217.000000 2921.000000 46.000000
44926840.000000 2882.000000 45.000000
44958432.000000 2885.000000 46.000000
44926841.000000 2887.000000 47.000000
44796780.000000 2966.000000 45.000000
44884407.000000 2866.000000 48.000000
44707694.000000 2871.000000 47.000000
44775420.000000 2891.000000 47.000000
44922054.000000 2960.000000 51.000000
44908617.000000 2870.000000 48.000000
44962538.000000 2869.000000 45.000000
44889082.000000 2921.000000 48.000000
44964726.000000 2865.000000 48.000000
44939179.000000 2899.000000 54.000000
45067932.000000 2894.000000 48.000000
44965531.000000 2851.000000 45.000000
44835058.000000 2906.000000 47.000000
223696100.000000 3648.000000 133.000000
45116149.000000 2880.000000 52.000000
44926838.000000 2906.000000 48.000000
44988001.000000 2869.000000 48.000000
45177718.000000 2889.000000 48.000000
44823689.000000 2916.000000 48.000000
44863631.000000 2899.000000 50.000000
44960082.000000 2869.000000 47.000000
45061550.000000 2900.000000 50.000000
45032137.000000 2851.000000 53.000000
45246008.000000 2919.000000 47.000000
44896300.000000 2944.000000 51.000000
44926840.000000 2906.000000 49.000000
45001076.000000 2910.000000 52.000000
45050117.000000 2872.000000 51.000000
44813305.000000 2909.000000 49.000000
45089904.000000 2913.000000 50.000000
45030783.000000 2897.000000 52.000000
45154038.000000 2912.000000 50.000000
45076935.000000 2990.000000 52.000000
45394949.000000 2927.000000 52.000000
45036000.000000 2891.000000 49.000000
44997426.000000 2909.000000 52.000000
44497966.000000 2874.000000 54.000000
44985984.000000 2855.000000 45.000000
44889084.000000 2912.000000 46.000000
44586240.000000 2946.000000 50.000000
44223204.000000 2899.000000 49.000000
45063781.000000 2908.000000 52.000000
44981139.000000 2925.000000 43.000000
44889081.000000 2902.000000 49.000000
244407448.000000 3730.000000 129.000000
44598052.000000 2867.000000 48.000000
249661956.000000 3714.000000 129.000000
45152866.000000 2898.000000 46.000000
45020928.000000 2877.000000 52.000000
45078274.000000 2899.000000 48.000000
44926036.000000 2903.000000 49.000000
44973261.000000 2902.000000 40.000000
45054101.000000 2900.000000 43.000000
44938307.000000 2966.000000 47.000000
45148890.000000 2881.000000 44.000000
45040507.000000 2880.000000 50.000000
45117331.000000 2891.000000 43.000000
