42991705.000000 29910.000000 29275.000000
43047134.000000 29781.000000 28868.000000
43001502.000000 29911.000000 29350.000000
42893116.000000 29965.000000 28946.000000
42465739.000000 30788.000000 30389.000000
42699670.000000 29596.000000 29089.000000
42830601.000000 29648.000000 28648.000000
42611512.000000 29193.000000 28863.000000
42880842.000000 29189.000000 29069.000000
42829390.000000 29320.000000 28974.000000
43057347.000000 29153.000000 28956.000000
42775953.000000 28956.000000 28724.000000
43158054.000000 29484.000000 28868.000000
42927771.000000 29661.000000 29267.000000
43034885.000000 29449.000000 29195.000000
42786806.000000 29210.000000 28715.000000
42678731.000000 29372.000000 28949.000000
42887282.000000 29472.000000 28955.000000
42986659.000000 29882.000000 29296.000000
43095275.000000 29411.000000 28982.000000
43091276.000000 29548.000000 28937.000000
43014155.000000 29362.000000 28971.000000
42664314.000000 29627.000000 28934.000000
43099498.000000 29382.000000 28848.000000
42798057.000000 29160.000000 28542.000000
42977493.000000 30197.000000 29296.000000
43103645.000000 30081.000000 29079.000000
42170605.000000 32224.000000 31657.000000
42851438.000000 29770.000000 28587.000000
43093708.000000 29531.000000 29010.000000
42611740.000000 30070.000000 28951.000000
42888184.000000 30622.000000 29466.000000
42982094.000000 30037.000000 28908.000000
43165182.000000 29302.000000 28695.000000
43100087.000000 29563.000000 28935.000000
42971985.000000 29550.000000 28949.000000
43030399.000000 29887.000000 29331.000000
42834760.000000 29267.000000 28515.000000
43141397.000000 29538.000000 28905.000000
42777817.000000 29396.000000 28714.000000
43078883.000000 29495.000000 28940.000000
43012568.000000 30145.000000 29138.000000
42955065.000000 30031.000000 29402.000000
43030561.000000 29619.000000 29260.000000
42687641.000000 30002.000000 28882.000000
43056167.000000 29966.000000 29050.000000
42964138.000000 29963.000000 29472.000000
42960278.000000 29954.000000 29039.000000
42684729.000000 29460.000000 28931.000000
43073699.000000 29443.000000 29114.000000
42882257.000000 29397.000000 28628.000000
42956441.000000 29696.000000 29252.000000
42721263.000000 29557.000000 29052.000000
42870346.000000 29698.000000 29058.000000
42831119.000000 29928.000000 28723.000000
43049465.000000 29575.000000 28991.000000
42877910.000000 29352.000000 28700.000000
43132282.000000 30127.000000 28855.000000
43175095.000000 29390.000000 28822.000000
43195049.000000 30089.000000 29024.000000
43014917.000000 29478.000000 28991.000000
43162273.000000 29742.000000 28848.000000
42713154.000000 30489.000000 29507.000000
43117783.000000 29516.000000 29011.000000
43139646.000000 29488.000000 28972.000000
43106568.000000 29643.000000 29200.000000
42888126.000000 30367.000000 29878.000000
42852863.000000 29515.000000 29075.000000
43103401.000000 29530.000000 29044.000000
42952837.000000 30794.000000 29510.000000
43068821.000000 29490.000000 28966.000000
43098529.000000 29766.000000 29312.000000
42884333.000000 29368.000000 28758.000000
42772609.000000 30820.000000 30220.000000
42776665.000000 29737.000000 28874.000000
42958242.000000 29835.000000 29341.000000
42919303.000000 30218.000000 29200.000000
42976435.000000 29909.000000 29431.000000
42629076.000000 31022.000000 30532.000000
42940292.000000 29989.000000 29408.000000
43038004.000000 29843.000000 29433.000000
43035527.000000 30098.000000 29153.000000
42988112.000000 29928.000000 29171.000000
42988977.000000 30114.000000 29174.000000
43193375.000000 29958.000000 28611.000000
43045492.000000 29699.000000 29181.000000
43038840.000000 29676.000000 28989.000000
43095596.000000 29736.000000 29027.000000
43140674.000000 29508.000000 29092.000000
43153129.000000 29988.000000 28948.000000
43004381.000000 29350.000000 28796.000000
42684726.000000 29110.000000 28892.000000
43096656.000000 29609.000000 29094.000000
43081449.000000 29887.000000 28922.000000
43015182.000000 29537.000000 29050.000000
42817068.000000 29418.000000 28814.000000
43011234.000000 29922.000000 29360.000000
42958786.000000 29913.000000 29406.000000
43212121.000000 29104.000000 29005.000000
42568345.000000 30165.000000 29490.000000
