51123514.000000 19230.000000 1175.000000
51217849.000000 19241.000000 794.000000
51134959.000000 19229.000000 1036.000000
51083894.000000 19247.000000 1244.000000
51093786.000000 19427.000000 1149.000000
51086479.000000 19232.000000 1209.000000
50780933.000000 19274.000000 1399.000000
51061117.000000 19273.000000 1358.000000
51156415.000000 19293.000000 1187.000000
51203941.000000 19236.000000 1094.000000
51115036.000000 19244.000000 1268.000000
51009506.000000 19216.000000 1278.000000
50469461.000000 19000.000000 1680.000000
51162028.000000 19265.000000 1055.000000
51286745.000000 19234.000000 1002.000000
51059940.000000 19243.000000 1458.000000
50990762.000000 19229.000000 1652.000000
51132506.000000 19227.000000 1191.000000
51219763.000000 19236.000000 919.000000
51087852.000000 19223.000000 1129.000000
51067745.000000 19395.000000 1425.000000
51047313.000000 19278.000000 1493.000000
50897101.000000 19239.000000 1286.000000
50948073.000000 19227.000000 1499.000000
50953853.000000 19224.000000 1586.000000
51126556.000000 19248.000000 1206.000000
51200312.000000 19256.000000 1086.000000
51034682.000000 19231.000000 1467.000000
51160038.000000 19544.000000 1310.000000
51157969.000000 19243.000000 1120.000000
51177379.000000 19225.000000 925.000000
51083416.000000 19228.000000 1293.000000
51104561.000000 19242.000000 1196.000000
51087895.000000 19248.000000 1558.000000
51023238.000000 19228.000000 1439.000000
51150746.000000 19227.000000 1131.000000
51005469.000000 19182.000000 1779.000000
51272854.000000 19244.000000 985.000000
51054294.000000 19228.000000 1469.000000
51160765.000000 19231.000000 1011.000000
51251785.000000 19232.000000 986.000000
51151679.000000 19281.000000 1126.000000
51029052.000000 19306.000000 1303.000000
51120207.000000 19235.000000 1228.000000
51130385.000000 19233.000000 933.000000
50948887.000000 18998.000000 1812.000000
51070881.000000 19225.000000 1360.000000
51160239.000000 19462.000000 944.000000
51069096.000000 19202.000000 1355.000000
50905340.000000 19185.000000 2051.000000
51018217.000000 19193.000000 1723.000000
51112720.000000 19201.000000 990.000000
51338825.000000 19204.000000 679.000000
50978252.000000 19234.000000 1485.000000
51016066.000000 19130.000000 1411.000000
50949424.000000 19246.000000 1559.000000
51107356.000000 19302.000000 1372.000000
50918131.000000 19223.000000 1480.000000
51048210.000000 19293.000000 1696.000000
51006194.000000 19237.000000 1237.000000
50983706.000000 19154.000000 1721.000000
51182005.000000 19282.000000 1334.000000
51012586.000000 19243.000000 1521.000000
51067884.000000 19228.000000 1109.000000
51118281.000000 19324.000000 1371.000000
51121859.000000 19251.000000 1215.000000
50898554.000000 19235.000000 1715.000000
50958135.000000 19138.000000 1769.000000
51105601.000000 19223.000000 1349.000000
51125207.000000 19255.000000 1248.000000
50955637.000000 19237.000000 1427.000000
50967485.000000 19247.000000 1555.000000
50930282.000000 19244.000000 1781.000000
51094522.000000 19230.000000 1106.000000
50985290.000000 19230.000000 1518.000000
51077952.000000 19479.000000 1411.000000
50757148.000000 19244.000000 1024.000000
51073695.000000 19228.000000 1219.000000
51004701.000000 19226.000000 1698.000000
51047432.000000 19247.000000 1515.000000
51125019.000000 19235.000000 1501.000000
51119068.000000 19232.000000 961.000000
51072732.000000 19221.000000 1551.000000
51066014.000000 19247.000000 1206.000000
51070065.000000 19247.000000 1267.000000
50936078.000000 18975.000000 1349.000000
51158664.000000 19492.000000 1168.000000
51101318.000000 19228.000000 1290.000000
50935887.000000 19232.000000 1687.000000
51034563.000000 19233.000000 1380.000000
51140096.000000 19234.000000 936.000000
50696243.000000 18971.000000 1204.000000
51058369.000000 19232.000000 1409.000000
51128370.000000 19448.000000 1086.000000
51125334.000000 19237.000000 1329.000000
51237107.000000 19242.000000 1077.000000
51087160.000000 19298.000000 1304.000000
51078081.000000 19247.000000 1333.000000
50903069.000000 19257.000000 1555.000000
51243397.000000 19244.000000 1008.000000
