44170764.000000 30458.000000 24076.000000
44536745.000000 30144.000000 23329.000000
44198481.000000 30082.000000 24134.000000
44012615.000000 30291.000000 23477.000000
44259259.000000 30430.000000 23799.000000
44277897.000000 30081.000000 23978.000000
44304768.000000 30064.000000 23344.000000
44403283.000000 30161.000000 23474.000000
44432165.000000 30754.000000 23660.000000
44050660.000000 30840.000000 23357.000000
44063363.000000 30407.000000 23191.000000
44456586.000000 30388.000000 23621.000000
44532833.000000 30088.000000 23340.000000
44504689.000000 30506.000000 23314.000000
44265877.000000 30038.000000 24119.000000
44335382.000000 31038.000000 23487.000000
44879032.000000 30583.000000 22438.000000
44134527.000000 29780.000000 23374.000000
44344013.000000 30072.000000 23825.000000
44352007.000000 30097.000000 23631.000000
44492131.000000 30795.000000 23311.000000
44401937.000000 30517.000000 23598.000000
44455859.000000 31059.000000 23205.000000
44520678.000000 30303.000000 23351.000000
44161194.000000 30127.000000 23461.000000
44475169.000000 30614.000000 23460.000000
44631574.000000 30826.000000 23050.000000
44262659.000000 29835.000000 23421.000000
44461280.000000 30576.000000 23400.000000
44509127.000000 30550.000000 23377.000000
44566032.000000 30409.000000 23111.000000
44074693.000000 29908.000000 22762.000000
44533516.000000 30229.000000 23242.000000
44339938.000000 30060.000000 23815.000000
44361691.000000 30068.000000 23534.000000
44445759.000000 30303.000000 23641.000000
44650181.000000 30461.000000 22905.000000
44371684.000000 30672.000000 22719.000000
44594905.000000 30087.000000 23068.000000
44621858.000000 30075.000000 23188.000000
44569985.000000 30070.000000 23064.000000
44624645.000000 30064.000000 23073.000000
44667520.000000 30070.000000 23009.000000
44470258.000000 30324.000000 23460.000000
44304442.000000 30440.000000 23833.000000
43958346.000000 29591.000000 22930.000000
39464328.000000 42812.000000 35975.000000
44374823.000000 30497.000000 23062.000000
44341002.000000 29914.000000 23904.000000
44643323.000000 30101.000000 22962.000000
44226122.000000 29828.000000 23279.000000
44691072.000000 30508.000000 23071.000000
45179552.000000 30640.000000 21367.000000
44816879.000000 31102.000000 21013.000000
45221790.000000 30570.000000 21390.000000
44951843.000000 31084.000000 21527.000000
44826936.000000 30561.000000 21281.000000
44920209.000000 30587.000000 21524.000000
45221959.000000 30569.000000 21183.000000
45103132.000000 30554.000000 21439.000000
44962362.000000 30222.000000 21571.000000
45105083.000000 31055.000000 21545.000000
45084915.000000 30361.000000 21507.000000
44808440.000000 30200.000000 22723.000000
44841960.000000 30073.000000 22625.000000
44327737.000000 31107.000000 23866.000000
44793907.000000 30882.000000 22858.000000
44449315.000000 30605.000000 23556.000000
44494469.000000 30973.000000 23495.000000
44157775.000000 30100.000000 23169.000000
44417638.000000 30454.000000 23527.000000
44497011.000000 30418.000000 23060.000000
44370569.000000 31011.000000 23423.000000
44588773.000000 30350.000000 23137.000000
44562955.000000 30528.000000 23208.000000
44681857.000000 30569.000000 23109.000000
44166838.000000 29772.000000 23373.000000
44496016.000000 30498.000000 23430.000000
44413002.000000 30618.000000 23571.000000
44360426.000000 30079.000000 22754.000000
44298172.000000 30080.000000 24036.000000
44508496.000000 30378.000000 23368.000000
44319813.000000 30031.000000 23860.000000
45090149.000000 31332.000000 21522.000000
44625267.000000 30206.000000 21518.000000
45002804.000000 30564.000000 22129.000000
45152346.000000 30628.000000 21442.000000
45138717.000000 30557.000000 21358.000000
44805554.000000 30574.000000 22611.000000
45210486.000000 30567.000000 21163.000000
45141919.000000 30565.000000 21487.000000
44805600.000000 30819.000000 21120.000000
45381734.000000 30551.000000 20749.000000
45209039.000000 30548.000000 21271.000000
45054456.000000 30942.000000 21031.000000
45102412.000000 30402.000000 21997.000000
45170694.000000 30565.000000 21442.000000
44858832.000000 30111.000000 20939.000000
45135363.000000 30558.000000 21424.000000
45043656.000000 30560.000000 21946.000000
