43835761.000000 29522.000000 25090.000000
44136216.000000 30223.000000 25302.000000
44172573.000000 29787.000000 25329.000000
43992370.000000 30150.000000 25494.000000
45280817.000000 30746.000000 21026.000000
45154634.000000 30801.000000 21422.000000
45104496.000000 30677.000000 21579.000000
44974594.000000 30561.000000 21034.000000
45107770.000000 30701.000000 21558.000000
45242378.000000 30991.000000 21141.000000
44867695.000000 30762.000000 22146.000000
45172729.000000 31015.000000 21297.000000
45037401.000000 31073.000000 21751.000000
44987784.000000 31207.000000 21717.000000
44947776.000000 30536.000000 22204.000000
45261907.000000 30710.000000 21110.000000
45175023.000000 30644.000000 21481.000000
44613303.000000 30724.000000 21905.000000
44104964.000000 30269.000000 25454.000000
44143799.000000 30162.000000 25079.000000
43688559.000000 29703.000000 25475.000000
44348651.000000 30096.000000 24668.000000
43673318.000000 29902.000000 25381.000000
44386836.000000 30523.000000 24407.000000
44060458.000000 30190.000000 25614.000000
44092128.000000 30240.000000 25546.000000
43789332.000000 29733.000000 25182.000000
44096665.000000 29657.000000 25457.000000
44266259.000000 30047.000000 24903.000000
44003874.000000 29828.000000 24688.000000
44292344.000000 30264.000000 24896.000000
43996464.000000 30167.000000 25598.000000
43591078.000000 29622.000000 25553.000000
44089798.000000 30579.000000 25329.000000
43841747.000000 29714.000000 24927.000000
43777267.000000 30286.000000 25266.000000
43679815.000000 29785.000000 25455.000000
44118525.000000 29763.000000 25516.000000
44155679.000000 29821.000000 25045.000000
43850712.000000 30000.000000 24834.000000
43950063.000000 29710.000000 24383.000000
44133988.000000 29987.000000 25161.000000
44050388.000000 30035.000000 25513.000000
44286237.000000 29908.000000 24923.000000
44196209.000000 29705.000000 24829.000000
44262143.000000 29726.000000 25053.000000
43680758.000000 29740.000000 25398.000000
44086161.000000 29932.000000 25394.000000
44201869.000000 29951.000000 24853.000000
44144332.000000 30386.000000 25203.000000
44041799.000000 30657.000000 25373.000000
44169707.000000 29958.000000 25279.000000
44020848.000000 29959.000000 25671.000000
44199409.000000 30383.000000 25342.000000
44162435.000000 29709.000000 25500.000000
43839959.000000 29867.000000 24980.000000
44202351.000000 30639.000000 24797.000000
44173884.000000 29877.000000 25395.000000
44016804.000000 30540.000000 25563.000000
44006684.000000 29903.000000 25595.000000
44095881.000000 30146.000000 25200.000000
44703828.000000 30403.000000 21718.000000
44896447.000000 31030.000000 22307.000000
45068641.000000 30370.000000 21793.000000
45059307.000000 30619.000000 21935.000000
45152469.000000 30657.000000 21398.000000
44989465.000000 30681.000000 22053.000000
45131145.000000 30680.000000 21391.000000
45259800.000000 30711.000000 21052.000000
45260518.000000 30539.000000 21204.000000
44836020.000000 30651.000000 21676.000000
45033082.000000 30645.000000 21764.000000
45194122.000000 30791.000000 21346.000000
45185416.000000 30878.000000 21196.000000
44197113.000000 30778.000000 25084.000000
44130398.000000 30175.000000 25046.000000
44033891.000000 30089.000000 25490.000000
44256398.000000 29965.000000 24814.000000
44080234.000000 30082.000000 25434.000000
44207411.000000 30337.000000 24761.000000
44059725.000000 29718.000000 24485.000000
43933279.000000 30531.000000 25700.000000
43731464.000000 30215.000000 24997.000000
43981632.000000 29924.000000 24868.000000
44202051.000000 30090.000000 25113.000000
43971041.000000 30300.000000 25884.000000
45021645.000000 30884.000000 21873.000000
44731452.000000 30542.000000 21568.000000
45203604.000000 30599.000000 21061.000000
45009721.000000 30696.000000 20985.000000
44791828.000000 30962.000000 21358.000000
44582904.000000 30726.000000 21872.000000
45092287.000000 30738.000000 21618.000000
45118479.000000 30651.000000 21567.000000
45026922.000000 30587.000000 21492.000000
44894889.000000 30145.000000 21144.000000
45300981.000000 30660.000000 21034.000000
44844430.000000 30644.000000 22405.000000
44910973.000000 30625.000000 20715.000000
44815830.000000 30733.000000 22604.000000
