46401095.000000 31904.000000 16994.000000
46260916.000000 32372.000000 17260.000000
46551874.000000 31703.000000 16587.000000
46458505.000000 31848.000000 16761.000000
46538554.000000 31905.000000 16486.000000
46627484.000000 31801.000000 16095.000000
46276604.000000 31563.000000 16460.000000
46594651.000000 31864.000000 16323.000000
46698200.000000 32116.000000 15994.000000
46617241.000000 31794.000000 16256.000000
46558983.000000 31547.000000 16328.000000
46522559.000000 32318.000000 16454.000000
46619166.000000 31824.000000 16310.000000
46600146.000000 32329.000000 16139.000000
46511986.000000 31839.000000 16706.000000
46652172.000000 31869.000000 16177.000000
46593731.000000 31931.000000 16251.000000
46527342.000000 31837.000000 16502.000000
46664743.000000 32353.000000 15929.000000
46625661.000000 31861.000000 16310.000000
46558353.000000 32287.000000 16307.000000
46534158.000000 31852.000000 16390.000000
46299711.000000 31842.000000 16453.000000
46558123.000000 32332.000000 16232.000000
46188955.000000 31436.000000 16481.000000
46184944.000000 31347.000000 16614.000000
46591851.000000 31848.000000 16273.000000
46424506.000000 31858.000000 16855.000000
46469690.000000 31812.000000 16793.000000
46540623.000000 31871.000000 16513.000000
46575274.000000 31623.000000 16315.000000
46676160.000000 31836.000000 16137.000000
46562448.000000 32187.000000 16604.000000
46489375.000000 31893.000000 16449.000000
46414840.000000 31827.000000 16933.000000
46522461.000000 31876.000000 16442.000000
46568394.000000 31821.000000 16343.000000
46517634.000000 31861.000000 16342.000000
46337202.000000 31879.000000 17336.000000
46044574.000000 32159.000000 16812.000000
46686611.000000 32250.000000 16087.000000
46292055.000000 31867.000000 15793.000000
46653820.000000 32313.000000 15838.000000
46276818.000000 31800.000000 16085.000000
46627102.000000 31948.000000 16244.000000
46643559.000000 31835.000000 16282.000000
46606286.000000 31872.000000 16342.000000
46421751.000000 32152.000000 16829.000000
46483427.000000 31926.000000 16490.000000
46603731.000000 31759.000000 16336.000000
46625687.000000 31866.000000 16036.000000
46056047.000000 32282.000000 16777.000000
46683822.000000 31902.000000 15866.000000
46351396.000000 31674.000000 16296.000000
46647971.000000 31825.000000 16152.000000
46420998.000000 31918.000000 16804.000000
46447528.000000 31881.000000 16575.000000
46254595.000000 31548.000000 16172.000000
46522461.000000 31631.000000 16544.000000
46237843.000000 31815.000000 15920.000000
46783545.000000 32385.000000 15647.000000
46520739.000000 31905.000000 16528.000000
46614267.000000 31937.000000 16188.000000
46190991.000000 31365.000000 15868.000000
46380586.000000 31717.000000 15919.000000
46547590.000000 32296.000000 16248.000000
46548952.000000 31951.000000 16522.000000
46082034.000000 31405.000000 16665.000000
46582451.000000 31635.000000 16413.000000
46601609.000000 31935.000000 16211.000000
46472371.000000 31074.000000 16452.000000
46460081.000000 32298.000000 16580.000000
46307554.000000 31382.000000 16222.000000
46540545.000000 31793.000000 16388.000000
46388276.000000 31050.000000 16497.000000
46556906.000000 32040.000000 16530.000000
46575934.000000 31803.000000 16590.000000
46551659.000000 31497.000000 16521.000000
46450869.000000 31922.000000 16556.000000
46505923.000000 31970.000000 16500.000000
46642091.000000 31839.000000 16173.000000
46402424.000000 31869.000000 16615.000000
46264834.000000 31544.000000 16311.000000
46398386.000000 31575.000000 15788.000000
46522037.000000 32307.000000 16570.000000
46205218.000000 32262.000000 16275.000000
46656970.000000 32374.000000 15919.000000
46480101.000000 31889.000000 16750.000000
46197104.000000 31200.000000 16629.000000
46270306.000000 32194.000000 17125.000000
46496710.000000 31539.000000 16689.000000
46504105.000000 31842.000000 16776.000000
45966241.000000 31782.000000 16538.000000
46488342.000000 32203.000000 16573.000000
46410542.000000 31901.000000 16894.000000
46574298.000000 31835.000000 16498.000000
46576125.000000 32428.000000 16104.000000
46404144.000000 31726.000000 16182.000000
46751481.000000 31851.000000 15866.000000
46443442.000000 31986.000000 16737.000000
