44939296.000000 2872.000000 47.000000
44872735.000000 2933.000000 45.000000
45287048.000000 2901.000000 44.000000
44897666.000000 2902.000000 41.000000
45127674.000000 2874.000000 44.000000
44873763.000000 2897.000000 42.000000
243880576.000000 3754.000000 193.000000
44876335.000000 2902.000000 47.000000
45085232.000000 2881.000000 41.000000
44920720.000000 2858.000000 39.000000
44802706.000000 2937.000000 39.000000
45219122.000000 2916.000000 38.000000
45174791.000000 2913.000000 46.000000
45002579.000000 2879.000000 40.000000
44953768.000000 2914.000000 42.000000
45165298.000000 2920.000000 47.000000
44899861.000000 3082.000000 47.000000
45154034.000000 2859.000000 43.000000
45038097.000000 2882.000000 44.000000
45223982.000000 2895.000000 40.000000
45026958.000000 2876.000000 42.000000
203238025.000000 3585.000000 157.000000
45169282.000000 2885.000000 44.000000
45191928.000000 2912.000000 46.000000
45091233.000000 2863.000000 47.000000
44968117.000000 2902.000000 50.000000
45036585.000000 2884.000000 45.000000
45054131.000000 2881.000000 45.000000
313668300.000000 3881.000000 166.000000
45060995.000000 2940.000000 47.000000
44793548.000000 2895.000000 44.000000
45046551.000000 2895.000000 46.000000
238250211.000000 3687.000000 145.000000
45085767.000000 2907.000000 43.000000
39566835.000000 2891.000000 47.000000
44927763.000000 2918.000000 44.000000
45123607.000000 2912.000000 45.000000
44985648.000000 2880.000000 42.000000
45113304.000000 2941.000000 45.000000
44930923.000000 2895.000000 45.000000
44877340.000000 2863.000000 45.000000
45148263.000000 2875.000000 44.000000
45115465.000000 2877.000000 37.000000
45069733.000000 2870.000000 47.000000
45154043.000000 2897.000000 42.000000
20258474.000000 2800.000000 47.000000
268078654.000000 3837.000000 162.000000
45174855.000000 2910.000000 44.000000
45157755.000000 2914.000000 45.000000
45081830.000000 2892.000000 47.000000
45154039.000000 2870.000000 46.000000
45152648.000000 2890.000000 42.000000
45116150.000000 2904.000000 45.000000
44915889.000000 2895.000000 46.000000
36290184.000000 2870.000000 42.000000
45081294.000000 2884.000000 39.000000
45154039.000000 2884.000000 47.000000
45166992.000000 2927.000000 40.000000
45029980.000000 2910.000000 48.000000
45101942.000000 2840.000000 39.000000
45095901.000000 2941.000000 43.000000
45154035.000000 2873.000000 38.000000
157446155.000000 3453.000000 143.000000
45078261.000000 2872.000000 47.000000
45040509.000000 2888.000000 42.000000
45231176.000000 2969.000000 41.000000
45067989.000000 2936.000000 41.000000
45069460.000000 2906.000000 43.000000
45034243.000000 2885.000000 39.000000
45040505.000000 2906.000000 51.000000
45078258.000000 2862.000000 47.000000
44895112.000000 2879.000000 47.000000
44883316.000000 2865.000000 45.000000
225916438.000000 3689.000000 157.000000
45054634.000000 2939.000000 51.000000
44986215.000000 2842.000000 44.000000
45078259.000000 2856.000000 42.000000
147165009.000000 3328.000000 54.000000
44970260.000000 2911.000000 51.000000
45055490.000000 2879.000000 44.000000
44979403.000000 2932.000000 47.000000
244169838.000000 3765.000000 180.000000
258612915.000000 3768.000000 147.000000
44880834.000000 2926.000000 47.000000
44935052.000000 2860.000000 45.000000
45108834.000000 2915.000000 47.000000
45126666.000000 2892.000000 48.000000
45067371.000000 2903.000000 48.000000
44856388.000000 2878.000000 48.000000
45007630.000000 2917.000000 48.000000
45264506.000000 2948.000000 42.000000
44999141.000000 2931.000000 43.000000
45040505.000000 2854.000000 46.000000
45047868.000000 2925.000000 48.000000
45118318.000000 2863.000000 48.000000
44996317.000000 2879.000000 49.000000
44434817.000000 2892.000000 46.000000
44985372.000000 2930.000000 43.000000
44841176.000000 2888.000000 42.000000
45002617.000000 2860.000000 42.000000
