38021224.000000 97.000000 1.000000
41837797.000000 276.000000 80.000000
41622879.000000 283.000000 79.000000
41455033.000000 274.000000 79.000000
41707844.000000 273.000000 80.000000
41597074.000000 291.000000 80.000000
41617272.000000 285.000000 81.000000
41610289.000000 276.000000 79.000000
41570539.000000 277.000000 80.000000
41510444.000000 272.000000 80.000000
41567598.000000 273.000000 81.000000
41653468.000000 285.000000 80.000000
41424586.000000 287.000000 84.000000
41653096.000000 286.000000 79.000000
41604151.000000 269.000000 79.000000
41659926.000000 279.000000 80.000000
41628325.000000 272.000000 82.000000
41540127.000000 289.000000 87.000000
41665680.000000 276.000000 79.000000
41547725.000000 274.000000 79.000000
41629322.000000 275.000000 80.000000
41788820.000000 286.000000 79.000000
41750501.000000 281.000000 79.000000
41522861.000000 291.000000 80.000000
41696658.000000 278.000000 79.000000
42384906.000000 314.000000 81.000000
41738345.000000 276.000000 79.000000
41616664.000000 278.000000 80.000000
41572462.000000 280.000000 78.000000
41656575.000000 288.000000 81.000000
41705524.000000 279.000000 80.000000
41893435.000000 283.000000 79.000000
41576046.000000 301.000000 97.000000
37604487.000000 276.000000 87.000000
41557394.000000 277.000000 81.000000
41513239.000000 292.000000 93.000000
41712455.000000 284.000000 85.000000
41518066.000000 293.000000 81.000000
41533057.000000 281.000000 79.000000
41575937.000000 285.000000 80.000000
41514901.000000 284.000000 80.000000
41558053.000000 281.000000 79.000000
41569659.000000 290.000000 80.000000
41611969.000000 297.000000 79.000000
41561208.000000 288.000000 81.000000
41348869.000000 276.000000 80.000000
41656078.000000 279.000000 80.000000
41634957.000000 280.000000 80.000000
41504098.000000 289.000000 80.000000
41540741.000000 278.000000 80.000000
41641021.000000 272.000000 79.000000
41597034.000000 276.000000 80.000000
41584222.000000 290.000000 79.000000
41711156.000000 287.000000 80.000000
41566595.000000 285.000000 83.000000
41443223.000000 305.000000 81.000000
41368998.000000 283.000000 81.000000
41603921.000000 273.000000 81.000000
41700297.000000 270.000000 86.000000
41684021.000000 293.000000 81.000000
41611789.000000 275.000000 79.000000
41535325.000000 288.000000 82.000000
41672212.000000 281.000000 78.000000
41458050.000000 287.000000 82.000000
41765287.000000 260.000000 80.000000
41630849.000000 287.000000 80.000000
41716966.000000 278.000000 81.000000
41696872.000000 288.000000 81.000000
41742947.000000 287.000000 79.000000
41579039.000000 285.000000 82.000000
41746012.000000 291.000000 81.000000
41281934.000000 285.000000 80.000000
41519666.000000 293.000000 77.000000
41578889.000000 288.000000 82.000000
41698169.000000 277.000000 80.000000
41505701.000000 288.000000 79.000000
201233924.000000 3578.000000 132.000000
41502085.000000 284.000000 82.000000
41754043.000000 273.000000 80.000000
41475744.000000 280.000000 80.000000
41603634.000000 285.000000 80.000000
41738462.000000 280.000000 81.000000
41691539.000000 274.000000 83.000000
41390901.000000 290.000000 79.000000
41660076.000000 284.000000 80.000000
41588731.000000 293.000000 81.000000
41786979.000000 285.000000 101.000000
41532696.000000 275.000000 91.000000
41591783.000000 285.000000 79.000000
41598371.000000 285.000000 80.000000
41617705.000000 271.000000 81.000000
43653502.000000 283.000000 80.000000
41666822.000000 284.000000 83.000000
41621572.000000 281.000000 85.000000
41569445.000000 280.000000 79.000000
41266317.000000 282.000000 81.000000
41655105.000000 288.000000 78.000000
41462156.000000 297.000000 85.000000
41542021.000000 290.000000 80.000000
