44659170.000000 30527.000000 21994.000000
44975804.000000 30937.000000 21926.000000
45188935.000000 31032.000000 21286.000000
45083160.000000 30798.000000 21882.000000
45114414.000000 31234.000000 21778.000000
44618512.000000 30843.000000 21616.000000
45016480.000000 30674.000000 21827.000000
44711653.000000 31355.000000 22699.000000
45011753.000000 31343.000000 22039.000000
45059533.000000 30821.000000 21764.000000
44500198.000000 30644.000000 21592.000000
44946259.000000 30906.000000 22192.000000
45064604.000000 30859.000000 21874.000000
45114678.000000 30862.000000 21691.000000
44932388.000000 30776.000000 22135.000000
44865684.000000 31197.000000 21941.000000
45130714.000000 30838.000000 21557.000000
45009469.000000 31276.000000 22210.000000
45000539.000000 30824.000000 22125.000000
45059253.000000 31428.000000 21632.000000
44830204.000000 30905.000000 21438.000000
45112282.000000 30766.000000 21678.000000
44986545.000000 30961.000000 21941.000000
44815691.000000 30882.000000 22442.000000
44985994.000000 30407.000000 21795.000000
45065290.000000 30878.000000 21747.000000
45065829.000000 30932.000000 21771.000000
45211837.000000 31234.000000 21127.000000
44756812.000000 30944.000000 22911.000000
44907193.000000 30534.000000 21366.000000
44801373.000000 30325.000000 22174.000000
45080279.000000 31081.000000 21734.000000
44791762.000000 30345.000000 21512.000000
44907976.000000 30344.000000 22346.000000
45090495.000000 30753.000000 21540.000000
44932337.000000 30610.000000 22470.000000
45076567.000000 30912.000000 21769.000000
45089806.000000 31172.000000 21695.000000
45028316.000000 30954.000000 22023.000000
44856867.000000 30890.000000 22607.000000
44788425.000000 30314.000000 21474.000000
45094422.000000 30808.000000 21714.000000
44840754.000000 30868.000000 22520.000000
45060963.000000 30933.000000 21694.000000
44681643.000000 30847.000000 21900.000000
44735322.000000 30531.000000 22821.000000
44836278.000000 30926.000000 22408.000000
44461970.000000 30751.000000 22429.000000
45122935.000000 30900.000000 21609.000000
44953301.000000 30438.000000 22388.000000
44866015.000000 30462.000000 22553.000000
44948698.000000 30919.000000 22198.000000
44976408.000000 30930.000000 21974.000000
45081392.000000 30811.000000 21464.000000
45169280.000000 30823.000000 21359.000000
44984740.000000 30981.000000 21967.000000
45022483.000000 30493.000000 22174.000000
44474549.000000 31185.000000 22496.000000
44776150.000000 30887.000000 22588.000000
45072354.000000 30843.000000 21761.000000
44701484.000000 30593.000000 21338.000000
45191273.000000 30840.000000 21348.000000
44781124.000000 30586.000000 21815.000000
45017735.000000 30698.000000 21991.000000
44927925.000000 30440.000000 22370.000000
44728856.000000 30811.000000 21670.000000
44930848.000000 30468.000000 21268.000000
44935764.000000 30819.000000 22513.000000
45078134.000000 30670.000000 22103.000000
44947797.000000 30867.000000 22034.000000
45102058.000000 30761.000000 21653.000000
44562791.000000 30850.000000 22020.000000
44718126.000000 30356.000000 21727.000000
44741760.000000 30776.000000 22862.000000
44862944.000000 30435.000000 22844.000000
44998296.000000 30709.000000 22210.000000
44886853.000000 30726.000000 22408.000000
44860859.000000 30940.000000 22000.000000
44921554.000000 30780.000000 22157.000000
45081677.000000 30908.000000 21793.000000
45098771.000000 30796.000000 21868.000000
44977637.000000 30846.000000 21959.000000
44899508.000000 30518.000000 22337.000000
44933255.000000 30792.000000 22127.000000
44530789.000000 30936.000000 22487.000000
44960083.000000 30923.000000 21925.000000
44921083.000000 30555.000000 22500.000000
44856725.000000 30802.000000 22493.000000
44967251.000000 31350.000000 21815.000000
44836252.000000 30355.000000 21687.000000
45142735.000000 30986.000000 21509.000000
45061058.000000 30835.000000 21958.000000
45089144.000000 30677.000000 21804.000000
45035095.000000 30936.000000 21975.000000
44951537.000000 31181.000000 22033.000000
44642460.000000 30512.000000 22129.000000
45037911.000000 30396.000000 21985.000000
44537764.000000 31063.000000 22053.000000
44710731.000000 30419.000000 22074.000000
44838302.000000 30405.000000 22689.000000
