44737662.000000 2888.000000 47.000000
44893404.000000 2875.000000 48.000000
45040507.000000 2885.000000 49.000000
44851197.000000 2907.000000 53.000000
45193218.000000 5419.000000 72.000000
44926837.000000 2909.000000 51.000000
44799076.000000 2887.000000 51.000000
45153704.000000 2869.000000 51.000000
44759575.000000 2935.000000 45.000000
45276041.000000 5512.000000 89.000000
44857400.000000 2983.000000 50.000000
44742525.000000 2915.000000 50.000000
44813747.000000 2950.000000 48.000000
44870061.000000 2867.000000 47.000000
44810864.000000 2892.000000 55.000000
288011010.000000 3781.000000 259.000000
44791401.000000 2906.000000 46.000000
44903392.000000 2904.000000 50.000000
44790087.000000 2997.000000 46.000000
44901875.000000 2892.000000 45.000000
45162176.000000 5501.000000 83.000000
41814362.000000 2857.000000 49.000000
44825300.000000 2967.000000 52.000000
44893084.000000 2914.000000 47.000000
45193629.000000 5527.000000 91.000000
45191879.000000 2875.000000 53.000000
45222532.000000 5490.000000 89.000000
45315166.000000 5471.000000 89.000000
44876821.000000 2886.000000 51.000000
44980882.000000 2859.000000 52.000000
44904345.000000 2880.000000 49.000000
44836744.000000 2868.000000 47.000000
45040510.000000 2930.000000 49.000000
44902724.000000 2897.000000 49.000000
44791606.000000 2881.000000 52.000000
45030160.000000 2917.000000 51.000000
44790723.000000 3035.000000 52.000000
44966594.000000 2890.000000 48.000000
45427018.000000 5460.000000 90.000000
44909818.000000 2889.000000 47.000000
44776402.000000 2917.000000 49.000000
45014980.000000 2872.000000 48.000000
44958568.000000 2848.000000 50.000000
45000151.000000 2898.000000 49.000000
44994180.000000 2914.000000 47.000000
44844358.000000 3052.000000 48.000000
44917088.000000 2862.000000 50.000000
44815037.000000 2998.000000 50.000000
44899933.000000 2902.000000 50.000000
44764179.000000 3003.000000 50.000000
198427184.000000 3612.000000 266.000000
44796165.000000 2904.000000 49.000000
44514828.000000 2918.000000 54.000000
44905059.000000 2839.000000 51.000000
44917868.000000 2978.000000 50.000000
44283398.000000 2879.000000 54.000000
44510466.000000 2873.000000 51.000000
306835843.000000 3955.000000 246.000000
44949864.000000 2865.000000 51.000000
44931956.000000 2906.000000 50.000000
45076295.000000 2866.000000 50.000000
45145087.000000 2847.000000 49.000000
44783005.000000 2870.000000 49.000000
44908720.000000 2887.000000 49.000000
44677961.000000 3017.000000 51.000000
44781117.000000 2950.000000 53.000000
44868081.000000 2898.000000 49.000000
44876825.000000 2912.000000 46.000000
44925870.000000 2852.000000 49.000000
44765753.000000 2872.000000 49.000000
45346074.000000 5489.000000 90.000000
44813305.000000 2911.000000 47.000000
44753870.000000 2875.000000 50.000000
44742510.000000 2895.000000 49.000000
45308185.000000 5461.000000 95.000000
44844664.000000 2879.000000 49.000000
44944706.000000 2896.000000 52.000000
44852017.000000 2874.000000 51.000000
45343018.000000 5522.000000 89.000000
44847158.000000 2899.000000 46.000000
45002616.000000 2926.000000 46.000000
45198461.000000 2934.000000 52.000000
44806435.000000 2863.000000 47.000000
44978371.000000 2932.000000 46.000000
44926834.000000 2857.000000 50.000000
45080201.000000 2923.000000 50.000000
44848878.000000 2894.000000 46.000000
44548353.000000 2891.000000 47.000000
45385410.000000 5466.000000 84.000000
44817417.000000 2886.000000 49.000000
44854027.000000 2854.000000 50.000000
45040506.000000 2911.000000 57.000000
44928056.000000 2914.000000 50.000000
44775420.000000 2950.000000 49.000000
44911605.000000 2905.000000 55.000000
45343305.000000 5492.000000 90.000000
44886768.000000 2896.000000 48.000000
44843875.000000 2897.000000 45.000000
45233388.000000 5465.000000 96.000000
44745433.000000 2974.000000 52.000000
