19147315.000000 158899.000000 153787.000000
18964128.000000 157406.000000 152288.000000
18812777.000000 156177.000000 150682.000000
19182813.000000 159229.000000 153495.000000
18852604.000000 156500.000000 150857.000000
18828991.000000 155694.000000 149402.000000
18994063.000000 157672.000000 151474.000000
19156781.000000 158996.000000 152513.000000
18982594.000000 156970.000000 151564.000000
18798016.000000 156070.000000 150746.000000
19408278.000000 161053.000000 155037.000000
13719747.000000 87206.000000 84576.000000
19257457.000000 159781.000000 153472.000000
19128271.000000 158758.000000 153119.000000
19158741.000000 159006.000000 153132.000000
18880492.000000 156152.000000 150251.000000
19356591.000000 160610.000000 154378.000000
18961517.000000 157396.000000 151579.000000
19116315.000000 158706.000000 152910.000000
19911762.000000 164560.000000 155982.000000
19091515.000000 157860.000000 152430.000000
19862488.000000 164771.000000 158045.000000
19064605.000000 158267.000000 152310.000000
18871758.000000 156676.000000 151669.000000
19959666.000000 165016.000000 158384.000000
19149675.000000 158917.000000 152383.000000
18932682.000000 157153.000000 150650.000000
18885212.000000 156192.000000 151256.000000
19324211.000000 160348.000000 155411.000000
19530047.000000 161504.000000 156248.000000
19110015.000000 158066.000000 153092.000000
19149984.000000 158919.000000 153966.000000
19134899.000000 158791.000000 153061.000000
19326725.000000 160343.000000 154882.000000
14575412.000000 102021.000000 98455.000000
19054964.000000 157601.000000 152405.000000
19067456.000000 158281.000000 152879.000000
19002209.000000 157696.000000 152186.000000
18685343.000000 154600.000000 149696.000000
18734092.000000 155503.000000 150768.000000
18737910.000000 154978.000000 150349.000000
13678057.000000 85976.000000 83936.000000
18952672.000000 157275.000000 151588.000000
19000471.000000 157698.000000 152481.000000
19845378.000000 164042.000000 155623.000000
19894462.000000 164437.000000 158082.000000
18849841.000000 156491.000000 151871.000000
18886839.000000 156240.000000 150915.000000
18849939.000000 156521.000000 150532.000000
19062772.000000 158233.000000 153396.000000
18927269.000000 157088.000000 151007.000000
18422304.000000 152963.000000 147208.000000
18915338.000000 157008.000000 151670.000000
19126533.000000 158713.000000 153120.000000
19048331.000000 158139.000000 152184.000000
18818284.000000 156152.000000 149946.000000
19869525.000000 164838.000000 157605.000000
19007683.000000 157806.000000 151971.000000
19010659.000000 157809.000000 151523.000000
18824805.000000 156292.000000 150245.000000
15355590.000000 118106.000000 114619.000000
18932948.000000 157136.000000 150515.000000
19024262.000000 157883.000000 151118.000000
18884676.000000 155869.000000 148964.000000
19035077.000000 158000.000000 152196.000000
19079914.000000 158364.000000 152494.000000
18758892.000000 155210.000000 149503.000000
18647496.000000 154297.000000 147960.000000
19023659.000000 157902.000000 152087.000000
18655920.000000 154442.000000 148617.000000
19355329.000000 160094.000000 153605.000000
18880103.000000 156183.000000 151155.000000
18773720.000000 155860.000000 149927.000000
14528694.000000 102527.000000 99303.000000
18826693.000000 156259.000000 151133.000000
18992827.000000 157645.000000 151996.000000
19022087.000000 157859.000000 151812.000000
19078803.000000 158359.000000 152265.000000
19296924.000000 160097.000000 154598.000000
19073564.000000 158326.000000 151680.000000
18835598.000000 155931.000000 150228.000000
19032754.000000 157968.000000 152373.000000
18844013.000000 155854.000000 151156.000000
19098429.000000 158533.000000 153495.000000
19356152.000000 160103.000000 154699.000000
19161497.000000 159036.000000 152875.000000
19523786.000000 162003.000000 156252.000000
18932376.000000 157139.000000 151349.000000
18943123.000000 157259.000000 152360.000000
19564454.000000 162296.000000 157252.000000
18726453.000000 155475.000000 149113.000000
19084358.000000 158261.000000 153175.000000
18894947.000000 156315.000000 149610.000000
18771897.000000 155786.000000 139366.000000
18577131.000000 154161.000000 138454.000000
18611000.000000 154498.000000 139231.000000
18473423.000000 153344.000000 137230.000000
18643315.000000 154724.000000 137814.000000
18574123.000000 153644.000000 137446.000000
18793608.000000 155977.000000 140092.000000
