44942350.000000 2922.000000 48.000000
44892048.000000 2866.000000 47.000000
45040506.000000 2857.000000 48.000000
44957481.000000 2911.000000 49.000000
45075643.000000 2900.000000 48.000000
44863849.000000 2862.000000 47.000000
44782071.000000 2865.000000 49.000000
190615167.000000 3557.000000 216.000000
44851198.000000 2919.000000 47.000000
44823092.000000 2914.000000 49.000000
44964729.000000 2955.000000 53.000000
44926836.000000 2978.000000 48.000000
44800733.000000 2889.000000 45.000000
44879921.000000 2853.000000 48.000000
44617499.000000 2904.000000 48.000000
44957564.000000 2899.000000 50.000000
45067174.000000 2884.000000 51.000000
44964730.000000 2899.000000 48.000000
44813305.000000 2902.000000 46.000000
45071155.000000 2928.000000 46.000000
44948230.000000 2909.000000 44.000000
44873040.000000 2834.000000 47.000000
44926841.000000 2870.000000 49.000000
44935973.000000 2915.000000 47.000000
44928069.000000 2879.000000 48.000000
44892634.000000 2962.000000 52.000000
44955478.000000 2883.000000 47.000000
44889080.000000 2912.000000 48.000000
44889085.000000 2916.000000 49.000000
45146881.000000 5477.000000 98.000000
44914919.000000 2915.000000 53.000000
45002616.000000 2873.000000 51.000000
45006768.000000 2881.000000 49.000000
44964728.000000 2911.000000 48.000000
45024267.000000 2918.000000 52.000000
45408867.000000 5466.000000 91.000000
45048013.000000 3033.000000 51.000000
44897165.000000 2967.000000 51.000000
44926855.000000 2866.000000 54.000000
188343031.000000 3616.000000 168.000000
44964728.000000 2902.000000 52.000000
45068955.000000 2847.000000 48.000000
44984530.000000 2934.000000 50.000000
45025557.000000 2925.000000 53.000000
45228569.000000 2920.000000 48.000000
45158387.000000 2870.000000 45.000000
45008589.000000 2890.000000 51.000000
44988410.000000 2920.000000 46.000000
44907904.000000 2895.000000 49.000000
45116147.000000 2932.000000 49.000000
44950296.000000 2895.000000 50.000000
111584342.000000 3169.000000 55.000000
45083105.000000 2903.000000 49.000000
44953661.000000 2870.000000 48.000000
44884935.000000 2880.000000 49.000000
44879388.000000 2951.000000 51.000000
44980859.000000 2882.000000 48.000000
45023816.000000 2848.000000 48.000000
44563903.000000 2889.000000 49.000000
44840711.000000 2880.000000 49.000000
45358908.000000 5512.000000 100.000000
45003673.000000 2943.000000 45.000000
271451689.000000 3868.000000 183.000000
45104554.000000 2953.000000 47.000000
45021165.000000 2907.000000 49.000000
45216440.000000 2896.000000 50.000000
45125895.000000 2874.000000 49.000000
44774804.000000 2966.000000 50.000000
45260149.000000 5593.000000 95.000000
44900198.000000 2868.000000 56.000000
44836329.000000 2879.000000 48.000000
44734968.000000 2884.000000 56.000000
45078262.000000 2897.000000 50.000000
45078288.000000 2852.000000 49.000000
44703218.000000 5495.000000 100.000000
45024094.000000 2894.000000 48.000000
44701174.000000 2946.000000 50.000000
44943971.000000 2866.000000 48.000000
44786975.000000 2981.000000 55.000000
44169730.000000 2908.000000 50.000000
44938087.000000 2879.000000 50.000000
44575372.000000 2859.000000 49.000000
45015789.000000 3089.000000 47.000000
44925126.000000 2898.000000 47.000000
45330077.000000 5480.000000 100.000000
44926838.000000 2904.000000 49.000000
44928695.000000 2982.000000 48.000000
155265035.000000 3267.000000 51.000000
44850255.000000 2856.000000 50.000000
44990267.000000 2893.000000 54.000000
44861134.000000 2990.000000 49.000000
44926839.000000 2871.000000 51.000000
44860585.000000 2927.000000 46.000000
44986943.000000 2893.000000 51.000000
44710925.000000 2865.000000 48.000000
44960376.000000 2967.000000 48.000000
45073526.000000 2855.000000 46.000000
44914360.000000 2922.000000 55.000000
44851194.000000 2919.000000 71.000000
44964730.000000 2878.000000 48.000000
