49856728.000000 18915.000000 5332.000000
49826698.000000 18738.000000 5570.000000
49898824.000000 18809.000000 5570.000000
49911793.000000 18700.000000 5517.000000
50010787.000000 18792.000000 5132.000000
49845599.000000 18709.000000 6071.000000
49721094.000000 18707.000000 5883.000000
49633590.000000 18716.000000 6407.000000
49732554.000000 18694.000000 6060.000000
49871225.000000 18705.000000 5696.000000
49701508.000000 18697.000000 6047.000000
50033541.000000 18716.000000 4846.000000
50061452.000000 18801.000000 5287.000000
49887209.000000 18706.000000 5268.000000
49779595.000000 18700.000000 5681.000000
50110606.000000 18956.000000 5014.000000
49789564.000000 18694.000000 5476.000000
49936863.000000 18971.000000 5350.000000
49669420.000000 18699.000000 6076.000000
49957295.000000 18956.000000 5482.000000
49853773.000000 18978.000000 5620.000000
49857438.000000 18704.000000 5651.000000
49671867.000000 18671.000000 6522.000000
49980661.000000 18768.000000 5589.000000
50082702.000000 18795.000000 4664.000000
49984909.000000 18913.000000 5181.000000
49958405.000000 18871.000000 5346.000000
49743076.000000 18707.000000 6222.000000
49976811.000000 18701.000000 5500.000000
49388777.000000 18695.000000 6564.000000
50010780.000000 18721.000000 5098.000000
49885843.000000 18773.000000 5792.000000
49876298.000000 18783.000000 5545.000000
49942976.000000 18701.000000 5330.000000
49973519.000000 18702.000000 5524.000000
49841478.000000 18951.000000 5801.000000
49909599.000000 18756.000000 5388.000000
49925918.000000 18706.000000 5408.000000
50164625.000000 18777.000000 4933.000000
49852643.000000 18709.000000 5832.000000
49780731.000000 18950.000000 5774.000000
50025680.000000 18827.000000 5249.000000
49847730.000000 18977.000000 5406.000000
49723300.000000 18781.000000 6145.000000
49755270.000000 18797.000000 5841.000000
50052162.000000 18710.000000 4924.000000
49859182.000000 18946.000000 5514.000000
49809985.000000 18836.000000 5404.000000
49607760.000000 18583.000000 6324.000000
49717341.000000 18901.000000 6388.000000
49828207.000000 18964.000000 5750.000000
49871328.000000 18690.000000 5460.000000
49895676.000000 18702.000000 5684.000000
50055742.000000 19028.000000 5077.000000
49962350.000000 18950.000000 5266.000000
49899570.000000 18956.000000 5432.000000
50018858.000000 18702.000000 5086.000000
49963650.000000 18698.000000 5347.000000
49733899.000000 18745.000000 6008.000000
49456763.000000 18451.000000 5485.000000
49721323.000000 18725.000000 6161.000000
50011720.000000 18712.000000 5225.000000
50063803.000000 18695.000000 5209.000000
49755663.000000 18715.000000 5812.000000
49946583.000000 18938.000000 5328.000000
49809323.000000 18870.000000 5660.000000
49831573.000000 18768.000000 5927.000000
50011729.000000 18944.000000 4724.000000
49949316.000000 18704.000000 5586.000000
49958427.000000 18716.000000 5347.000000
49789707.000000 18701.000000 5624.000000
50054348.000000 18731.000000 4789.000000
49959650.000000 18697.000000 5287.000000
49849958.000000 18956.000000 5841.000000
49807325.000000 19004.000000 5887.000000
49840347.000000 18703.000000 5534.000000
49835495.000000 18757.000000 5761.000000
49857533.000000 18954.000000 5359.000000
49911141.000000 18770.000000 5789.000000
49635037.000000 18699.000000 5235.000000
50076411.000000 18705.000000 5172.000000
49966816.000000 18761.000000 5341.000000
49799392.000000 18695.000000 5747.000000
49883594.000000 18947.000000 5516.000000
50127954.000000 18951.000000 4869.000000
49934168.000000 18707.000000 5519.000000
49826173.000000 18711.000000 5812.000000
50084006.000000 18965.000000 4754.000000
50021321.000000 18953.000000 4929.000000
50026770.000000 18804.000000 5144.000000
49868146.000000 18953.000000 5276.000000
49957573.000000 18698.000000 5400.000000
49866331.000000 18706.000000 5943.000000
49760619.000000 18820.000000 5841.000000
49937542.000000 18780.000000 5575.000000
49795848.000000 18703.000000 5519.000000
49645016.000000 18713.000000 6037.000000
49826686.000000 18695.000000 5730.000000
50125363.000000 18829.000000 5104.000000
49951840.000000 18789.000000 5369.000000
