18129294.000000 150000.000000 118327.000000
17646510.000000 146579.000000 117999.000000
17730881.000000 147282.000000 117401.000000
17549593.000000 145824.000000 116550.000000
17328323.000000 143936.000000 115104.000000
17327490.000000 143937.000000 115265.000000
18015401.000000 149588.000000 117640.000000
17724415.000000 147233.000000 116555.000000
17928461.000000 148894.000000 118474.000000
17622772.000000 146427.000000 115319.000000
13002280.000000 73322.000000 67793.000000
17969130.000000 149222.000000 118970.000000
18014186.000000 149579.000000 117891.000000
17729774.000000 147329.000000 116501.000000
18658135.000000 154273.000000 122915.000000
17568303.000000 145941.000000 116558.000000
17684639.000000 146887.000000 117535.000000
17640452.000000 146540.000000 116264.000000
17800329.000000 147847.000000 119820.000000
17810503.000000 147968.000000 118409.000000
18564125.000000 154124.000000 123216.000000
17917188.000000 148777.000000 118691.000000
17507178.000000 145407.000000 117702.000000
17823318.000000 147462.000000 119795.000000
17625565.000000 145910.000000 116785.000000
17736131.000000 147338.000000 118796.000000
17508757.000000 144919.000000 115964.000000
17542801.000000 145734.000000 117469.000000
17591386.000000 145570.000000 118241.000000
17656325.000000 146638.000000 118202.000000
17696774.000000 146439.000000 118320.000000
17455743.000000 144511.000000 115726.000000
17445585.000000 144923.000000 114871.000000
17814269.000000 147954.000000 118307.000000
17539663.000000 145227.000000 116426.000000
17606754.000000 146262.000000 116679.000000
20469792.000000 169184.000000 134914.000000
17854429.000000 148298.000000 117840.000000
17599218.000000 146221.000000 118548.000000
17849638.000000 147703.000000 118145.000000
17626249.000000 145877.000000 116472.000000
17644469.000000 146592.000000 118019.000000
17499223.000000 144834.000000 116322.000000
16027916.000000 125302.000000 103017.000000
17569002.000000 146124.000000 117725.000000
17416176.000000 144669.000000 117166.000000
17464591.000000 145144.000000 115215.000000
14657915.000000 102492.000000 87714.000000
17679643.000000 146821.000000 117419.000000
17497365.000000 145410.000000 115915.000000
17611220.000000 145836.000000 116377.000000
15069153.000000 108734.000000 91587.000000
17811275.000000 147984.000000 118844.000000
18027409.000000 149706.000000 121668.000000
17687237.000000 146925.000000 118520.000000
17366878.000000 143765.000000 115419.000000
17976657.000000 149281.000000 117965.000000
19099924.000000 157955.000000 125663.000000
18022957.000000 149693.000000 118808.000000
17661167.000000 146179.000000 116739.000000
17789509.000000 147183.000000 116331.000000
18128726.000000 150610.000000 118420.000000
17863987.000000 148342.000000 116589.000000
17646637.000000 146640.000000 116835.000000
17644891.000000 146039.000000 116653.000000
17766121.000000 147584.000000 116819.000000
18970650.000000 157421.000000 124788.000000
17762242.000000 147564.000000 118161.000000
17508498.000000 145467.000000 114963.000000
17778094.000000 147693.000000 116964.000000
17736759.000000 147335.000000 117962.000000
17942730.000000 149036.000000 119397.000000
17678276.000000 146263.000000 115059.000000
17845296.000000 147666.000000 117215.000000
17731542.000000 146740.000000 115505.000000
17586409.000000 146131.000000 116215.000000
17702207.000000 147019.000000 118358.000000
17550061.000000 145779.000000 116688.000000
17976138.000000 148878.000000 120686.000000
17521509.000000 145513.000000 117060.000000
17721988.000000 147136.000000 117924.000000
17764494.000000 147587.000000 118440.000000
17590060.000000 146093.000000 116690.000000
17743324.000000 147391.000000 119233.000000
17874174.000000 147931.000000 118797.000000
17822419.000000 148013.000000 119600.000000
15948995.000000 124763.000000 102126.000000
17542211.000000 145170.000000 117805.000000
17517391.000000 144957.000000 117199.000000
17992137.000000 149410.000000 120215.000000
18092228.000000 150231.000000 120669.000000
17569724.000000 146005.000000 117719.000000
17447690.000000 144584.000000 116219.000000
17782678.000000 147712.000000 118555.000000
17880579.000000 148529.000000 118424.000000
17809754.000000 147924.000000 118860.000000
17646959.000000 146070.000000 118450.000000
17727371.000000 147276.000000 119032.000000
17548325.000000 145288.000000 116821.000000
18565320.000000 153562.000000 124516.000000
