0,2931461.19217983,5836.44440324267,700.55476143015,2422509.2,6743.2,563
0.01,3964080.31678653,6572.62817525873,662.350012052886,3624084.66391694,6105.93757214196,688.640697097967
0.02,5877953.58097552,7384.96191931013,698.386278480527,6316908.95064438,7702.9754033865,443.233640960188
0.03,9078252.63908667,8717.23365246658,767.470433670108,9562342.19575001,8692.78716087651,621.882533232316
0.04,15030291.763192,11288.6686540582,1167.81625474805,15926573.2250418,10768.341904517,1041.78060459213
0.05,30997709.8623464,21334.2117288476,4492.10452608239,34063251,17886,0
0.06,30337975.2231926,19271.5221321624,3610.08803597841,32768367.5342153,16188.1296861983,0
0.07,29122363.6233544,17585.967779868,3295.8487972337,28411493.7209855,19712.8815995266,3061.53265235434
0.08,27924155.8493502,15928.6305311083,3038.35173946499,27407768.0925465,18140.1758207562,2993.42016568649
0.09,27131336.7108015,14445.9516120014,2905.70057923025,26472542.0476203,12599.9038149789,0
0.1,26145605.9461601,13332.1538485787,3372.89200891244,25599034.8,11733,0
0.11,26339185.868821,13804.2417295403,2995.94503397473,25823796.7907064,15259.2135210128,3147.88724052561
0.12,26373745.9213036,14368.4565305508,2897.26211271778,26052540.6060623,14892.9013831251,3491.42207280152
0.13,26619529.1746744,14597.188608369,2826.895321966,26285373.0031541,14543.764293974,3919.123346242
0.14,26788236.6426156,14734.1442000651,3115.92440979203,26522404.5898492,14210.6220085682,0
0.15,26317628.7367571,14914.5072806298,4413.99650314347,26763750,13892.4,0
0.16,27870821.2209642,16503.8475827295,3405.95904219761,27604599.569627,15164.3197748897,0
0.17,28936365.7431285,18128.5234365612,3228.02105541331,28499997.6648437,16692.6132986224,0
0.18,29899148.6519608,20118.0083301313,3520.27429868341,29455430.3327664,18563.481858757,3855.28175568626
0.19,30870366.0569905,22710.9614569305,3998.79135332895,30477144.794069,20906.6496294172,3550.74616702142
0.2,31170912.0262835,26007.4369998981,4597.92138914329,35080318,23926.8,0
0.21,32236751.0184718,25752.7120126323,3532.09223076807,31715511.4286576,23547.6387787682,3249.35198661968
0.22,32406585.5575942,25842.9613625912,3288.87799369985,31860042.0393717,23180.307020307,3208.93507164877
0.23,33044206.9434687,26375.2461036171,3382.41724900193,32005895.9600935,28530.3245327755,3169.51125197704
0.24,33564740.0897996,26332.0293297275,3350.4903493654,35725657.1650859,28098.7306026583,3131.04436939846
0.25,32948840.8103114,26203.5337267002,4254.01885847458,35890719,22144,0
0.26,33478553.4144133,25913.381692978,3415.01938575302,35642509.8733541,26900.3553454569,0
0.27,33136704.1964225,25537.9194206251,3167.43400148287,31857939.2186916,26163.427020983,3441.05624244053
0.28,32836778.2589585,25042.1447044946,2982.19682630444,31640625.3031955,25465.79802577,3645.86351986331
0.29,32529963.6386305,24158.9870646511,3136.28047919049,34918062.273865,24804.4063411579,0
0.3,31699634.077749,23645.3287747856,4298.40013754722,34683080,24176.5,0
0.31,32158647.9598846,23772.3386911464,3062.38025985603,31248218.7298224,24333.4175231357,4006.63298970757
0.32,31896212.7246713,24063.7583692723,3015.12551906444,31281737.2130886,24492.3852991508,3882.90996720896
0.33,31725650.67841,24351.9264167271,3158.00270203038,31315327.6809461,24653.4437745676,3766.59908364024
0.34,31774340.366918,24096.4216497058,3426.50168671392,31348990.3655364,24816.6344668332,3657.0536287094
0.35,31417241.7219722,23768.5511245002,4415.81193585222,31382725.5,24982,0
0.36,31802474.8154306,24485.0594210023,3353.10515188191,31514212.7984229,24918.4600734319,3477.2177187181
0.37,31880266.3385743,24936.2526466612,2793.00083639563,31646806.5432231,24855.2425453651,3403.95816230059
0.38,32025670.6181318,24908.0338645395,2523.9075340323,31780520.7592857,24792.3449682574,3333.72184033333
0.39,32288915.5149318,25185.988547085,2769.19650017071,31915369.7095339,24729.7649192788,0
0.4,32059817.7871547,26538.0902931901,3747.46537794107,32051367.9,24667.5,0
0.41,32290488.2848167,25401.0131822103,2984.93393991967,32114196.0948149,24406.3938011029,0
0.42,32218132.1020406,24897.3717266172,2725.92681066488,32177271.0893962,24150.7573381836,3331.85443795312
0.43,32396447.1351362,24743.7817533715,2736.89374441749,32240594.3408126,23900.4205201415,3401.03865497916
0.44,32555675.8649563,24554.575629839,3020.43996212999,32304167.3176249,23655.2202359012,0
0.45,31757294.3538095,24321.2998620717,4168.89821066167,32367991.5,23415,0
0.46,32486693.9082894,23941.0383076174,2927.500968534,31958240.9266617,23721.1094021937,0
0.47,32243174.5901316,23793.4538776549,2593.4321682478,31558734.837643,24035.3284940945,3596.40563240288
0.48,31988127.7634036,23746.1592285861,2558.68807936027,31169093.78126,24357.9838743194,3620.89886028799
0.49,31795815.0727307,23094.9663841393,2665.991296103,34209952.0188179,24689.419917432,0
0.5,30466135.0042919,22788.4647836785,3780.54612750308,33797756,20024,0
0.51,31639480.30623,22960.0979138955,3090.89558064218,33900494.6020338,20477.6689773437,0
0.52,31708264.7531653,22928.1881057842,2838.07598434332,34003859.7192715,20952.3713792898,0
0.53,31858230.6823041,23006.3477313898,2722.3852537255,34107857.1001141,21449.6046762973,0
0.54,32053694.4022063,23290.8552445197,2979.99918732366,34212492.5635019,21971.0119437428,0
0.55,31085395.7910721,23578.5882613545,3982.08228303562,34317772,22518.4,0
0.56,32317758.3275148,23969.3267714868,2984.22046022639,34577889.7776184,23222.9660976914,0
0.57,32473436.404649,24168.4953661278,2536.18819584135,34841980.8916147,23973.0458257,0
0.58,32601371.0191657,24689.0436418676,2673.2316234937,31599123.3743303,24773.1965227078,3866.5319535897
0.59,32376640.8301596,24976.8942178825,3038.90154231631,35382452.9373199,25628.6049796431,0
0.6,31255091.6082676,24633.9603257436,3996.82470109359,35659026,26545.2,0
0.61,32462857.5966608,24331.7503779177,2936.15063660933,35507799.4415718,24283.6788333556,0
0.62,32283371.1530235,23930.345567214,2943.9111209405,31822065.1273405,22377.2468806202,2993.25713013098
0.63,32054699.0392005,24293.0085036744,3529.46546429862,31688245.7876062,25935.4514029146,2771.74657309127
0.64,31932066.0191633,24124.5109217208,4036.48926352624,31555547.2189591,24175.6557681725,0
0.65,30913561.1993646,23413.2346271179,4493.28146137257,31423955.4,22639.5,0
0.66,27233446.6138592,20039.6284882089,3502.81700942254,27854460.889927,17343.6906910785,0
0.67,22817954.4966152,16906.0409062367,2922.21829713284,20832713.0746345,16638.2496059948,2170.13589787624
0.68,18866920.8833089,14649.1457184799,2790.12707429258,17312419.2609604,11990.9640967516,2065.64553743325
0.69,17062647.5849924,14783.8787384556,3027.19801162864,6905804.36818802,3846.64392175555,0
0.7,18120236.0819021,17432.2948004026,4217.31511832401,0,0,0
0.71,17994556.630173,17436.9352258007,3880.11437828076,3443672.47605824,3981.74224314678,0
0.72,15134618.958571,14718.4285221122,3474.1548978352,13775886.4162953,12900.5999630958,2649.35577314027
0.73,11719297.8742142,11968.3264652334,3392.92336680879,10332812.3521808,9348.05252039043,3324.34911760112
0.74,11300341.0162333,12043.5009904521,3980.89818088619,3444570.01603115,5119.03581382862,0
0.75,14076104.728636,16259.7405610494,7111.60520799186,0,0,0
0.76,12378214.3702359,14472.654885399,5671.68777717891,0,0,0
0.77,9478036.27838201,11147.5311977329,4381.59924934819,0,0,0
0.78,8476306.84394731,10308.0597351688,4406.41009089316,0,0,0
0.79,9034457.44066355,11812.6573263887,5576.64105789812,0,0,0
0.8,11682946.8878698,16285.3439668986,8500.96171682909,0,0,0
0.81,10252420.1123198,13512.3199541,6554.5624712505,0,0,0
0.82,7403542.41594926,9733.02221980564,4682.87138118785,0,0,0
0.83,5250025.74484588,7206.40202374145,3597.12718536052,0,0,0
0.84,4140149.95119478,6499.98316504575,3475.84213392589,0,0,0
0.85,6825186.1217755,11020.837097915,6821.38187765651,0,0,0
0.86,3843980.71834317,6254.23209297741,3226.24172751105,0,0,0
0.87,3011262.43302342,4599.29779009974,2161.59353737562,0,0,0
0.88,2351500.09654078,3410.17328529069,1441.62487070941,0,0,0
0.89,2501532.85839496,3363.09368493994,1438.29237703781,0,0,0
0.9,5631439.25394036,9767.07055867975,6042.60931424931,0,0,0
0.91,2339869.6649405,3262.08640095121,1519.64971195504,0,0,0
0.92,1406695.12867499,1718.13361602947,676.920255782364,0,0,0
0.93,878528.788329485,875.897824554559,195.614183876915,0,0,0
0.94,862205.957914504,669.258733042858,165.865236306036,0,0,0
0.95,4479435.22379219,8097.41273106773,5242.44229543872,0,0,0
0.96,631795.09422055,1021.38919512544,425.041865887339,0,0,0
0.97,474646.278192903,636.778382654859,208.962346545026,0,0,0
0.98,840929.823981293,1191.8343727691,469.479896225463,0,0,0
0.99,1705062.68361424,2505.87581257714,1167.81018640699,0,0,0
