0.000000 64057586.530000 2976.590000 55.960000
0.010000 0.000000 0.000000 0.000000
0.020000 0.000000 0.000000 0.000000
0.030000 40969553.740000 2642.620000 42.100000
0.040000 50980612.510000 202.850000 0.680000
0.050000 49527099.690000 173.950000 5.630000
0.060000 44384863.590000 369.930000 99.670000
0.070000 40321605.030000 167.670000 6.130000
0.080000 34406873.200000 91.420000 2.970000
0.090000 38673186.670000 157.800000 4.680000
0.100000 32078606.330000 79.790000 1.560000
0.110000 35313056.140000 114.920000 2.930000
0.120000 31301706.440000 364.350000 142.030000
0.130000 28528179.720000 47190.650000 24018.280000
0.140000 20945966.480000 172253.970000 100082.120000
0.150000 20744490.030000 171930.270000 111165.360000
0.160000 16911900.930000 136721.000000 93000.350000
0.170000 15069412.240000 79671.830000 74831.080000
0.180000 15195813.240000 79975.220000 76413.690000
0.190000 18143615.600000 89813.450000 85782.650000
0.200000 43250484.530000 38430.320000 25443.770000
0.210000 45969630.410000 31244.730000 17980.700000
0.220000 45851360.020000 31080.300000 18441.660000
0.230000 45673835.400000 31014.000000 19038.690000
0.240000 45633977.550000 31287.750000 19128.180000
0.250000 45605030.780000 31330.520000 19418.140000
0.260000 45448866.050000 31118.830000 19981.630000
0.270000 44787948.280000 30642.760000 20481.950000
0.280000 45140857.310000 30918.560000 20885.120000
0.290000 45183769.520000 30933.290000 20881.990000
0.300000 44999976.070000 30811.720000 21629.940000
0.310000 44742172.020000 30524.420000 22475.380000
0.320000 44555141.560000 30483.570000 23088.620000
0.330000 44771485.340000 30567.290000 22382.250000
0.340000 44560045.960000 30485.100000 23309.200000
0.350000 44312436.060000 30232.300000 24253.930000
0.360000 43703845.270000 31572.630000 25524.780000
0.370000 27009609.760000 109040.850000 46802.530000
0.380000 22642594.910000 117014.780000 62691.500000
0.390000 39523643.470000 52875.780000 30177.660000
0.400000 50323654.280000 19116.820000 3928.140000
0.410000 50352721.890000 18953.420000 3851.300000
0.420000 50295328.430000 18921.200000 3987.700000
0.430000 50199439.200000 18943.950000 4361.300000
0.440000 50131265.010000 18899.950000 4670.180000
0.450000 50050305.840000 18835.120000 4953.190000
0.460000 50011298.170000 18858.040000 4999.350000
0.470000 50075060.720000 18873.140000 4874.340000
0.480000 50055267.000000 18850.900000 4895.490000
0.490000 49954678.520000 18791.550000 5130.490000
0.500000 49805924.610000 18800.990000 5713.710000
0.510000 49699272.670000 18727.000000 6221.120000
0.520000 49404479.990000 19539.100000 6630.620000
0.530000 32446821.560000 99237.800000 13716.090000
0.540000 23105020.480000 120404.600000 50885.050000
0.550000 222592.370000 1163.880000 584.290000
0.560000 0.000000 0.000000 0.000000
0.570000 0.000000 0.000000 0.000000
0.580000 0.000000 0.000000 0.000000
0.590000 0.000000 0.000000 0.000000
0.600000 0.000000 0.000000 0.000000
