0.000000 47028969.690000 3151.330000 56.020000
0.010000 0.000000 0.000000 0.000000
0.020000 0.000000 0.000000 0.000000
0.030000 44324277.320000 3113.480000 53.430000
0.040000 53460339.310000 186.760000 3.110000
0.050000 52995081.740000 188.230000 17.770000
0.060000 41267142.800000 293.230000 160.690000
0.070000 36948453.820000 102.570000 4.700000
0.080000 37855012.370000 135.330000 9.050000
0.090000 33387048.010000 86.100000 4.000000
0.100000 32387817.350000 85.450000 4.900000
0.110000 31813822.220000 78.040000 3.870000
0.120000 31289515.420000 78.280000 6.560000
0.130000 28984666.310000 31303.250000 27610.870000
0.140000 19844010.280000 164374.000000 153941.370000
0.150000 19953525.080000 165303.320000 158708.830000
0.160000 19384999.530000 160653.960000 156143.180000
0.170000 13100697.030000 69403.760000 66961.420000
0.180000 15186666.280000 79864.040000 78096.620000
0.190000 16638543.370000 87233.150000 85575.740000
0.200000 36955450.740000 50105.090000 44606.470000
0.210000 44365560.710000 30164.010000 24050.690000
0.220000 44135174.590000 29951.450000 25045.110000
0.230000 43806079.680000 29748.420000 25979.300000
0.240000 43767223.170000 29876.700000 25770.440000
0.250000 43935528.700000 30256.140000 25510.210000
0.260000 43731119.700000 30032.590000 26538.510000
0.270000 43488052.290000 29796.400000 27224.690000
0.280000 43280130.410000 29610.270000 27634.220000
0.290000 43527169.050000 29864.730000 26703.030000
0.300000 43383472.690000 29733.320000 27596.460000
0.310000 43256286.920000 29583.560000 28181.460000
0.320000 43085909.070000 29414.700000 28487.550000
0.330000 43105902.200000 29493.350000 28098.640000
0.340000 43142782.670000 29452.330000 28213.960000
0.350000 43066948.980000 29395.150000 28723.690000
0.360000 42981917.850000 29346.130000 28908.720000
0.370000 42596395.220000 30428.370000 29938.130000
0.380000 18924419.550000 97690.030000 95050.510000
0.390000 18713015.710000 97774.520000 95317.010000
0.400000 28089322.730000 73035.250000 68365.980000
0.410000 48869575.550000 18423.890000 9329.490000
0.420000 48914322.150000 18434.410000 9377.370000
0.430000 48758188.620000 18357.030000 9781.020000
0.440000 48488735.190000 18290.360000 10527.820000
0.450000 48355320.120000 18234.820000 11380.240000
0.460000 48172364.520000 18162.730000 11986.710000
0.470000 48014946.350000 18077.990000 12277.320000
0.480000 47965521.510000 18094.510000 12430.460000
0.490000 47953774.900000 18099.300000 12790.280000
0.500000 47760063.310000 17990.400000 13257.610000
0.510000 47480934.660000 17895.920000 13953.780000
0.520000 47377208.050000 17881.870000 14649.540000
0.530000 47273159.100000 17831.840000 15188.430000
0.540000 47107700.190000 17731.250000 15440.310000
0.550000 25132322.640000 87915.940000 70655.330000
0.560000 18937049.960000 98923.730000 93348.230000
0.570000 0.000000 0.000000 0.000000
0.580000 0.000000 0.000000 0.000000
0.590000 0.000000 0.000000 0.000000
0.600000 0.000000 0.000000 0.000000
