0.000000 67160764.670000 2987.750000 57.650000
0.010000 0.000000 0.000000 0.000000
0.020000 0.000000 0.000000 0.000000
0.030000 39876206.750000 2580.830000 42.660000
0.040000 50455863.800000 227.970000 1.280000
0.050000 49058187.840000 170.300000 5.220000
0.060000 41927728.770000 332.610000 89.220000
0.070000 37424824.000000 129.650000 3.930000
0.080000 41806898.670000 203.750000 7.820000
0.090000 38682981.800000 158.410000 4.130000
0.100000 32092896.940000 79.070000 1.180000
0.110000 35215038.950000 114.830000 2.360000
0.120000 31302454.710000 252.560000 88.140000
0.130000 28784520.580000 48491.040000 22501.490000
0.140000 21746827.760000 178715.790000 93337.890000
0.150000 21537285.510000 178385.090000 102105.960000
0.160000 16863193.690000 131224.720000 82806.050000
0.170000 15370912.170000 81080.950000 74354.110000
0.180000 15363896.010000 80759.150000 76216.060000
0.190000 20727566.280000 89310.850000 82753.930000
0.200000 45787598.320000 32391.710000 18327.580000
0.210000 45651006.270000 31019.530000 17374.160000
0.220000 45942020.970000 31159.150000 18158.070000
0.230000 45710001.560000 31002.460000 18914.020000
0.240000 45824460.680000 31510.600000 18450.480000
0.250000 45759708.030000 31481.950000 18814.240000
0.260000 45583895.720000 31233.140000 19454.010000
0.270000 45272586.720000 30968.100000 20495.010000
0.280000 45352275.130000 31042.390000 20107.840000
0.290000 45373448.320000 31069.580000 20183.430000
0.300000 45159366.200000 30905.680000 21013.160000
0.310000 44834640.780000 30560.610000 22113.590000
0.320000 44800333.670000 30623.740000 22156.740000
0.330000 44976105.430000 30763.920000 21665.760000
0.340000 44778892.780000 30576.830000 22507.310000
0.350000 44476374.060000 30357.690000 23612.250000
0.360000 41972006.380000 41419.690000 26322.090000
0.370000 24656005.020000 121163.700000 45163.070000
0.380000 23161019.060000 115636.350000 59986.170000
0.390000 46878596.430000 30890.010000 11798.700000
0.400000 50537557.250000 19062.550000 3227.400000
0.410000 50550766.780000 19004.390000 3194.300000
0.420000 50496619.770000 19026.880000 3290.410000
0.430000 50425983.870000 19015.740000 3616.790000
0.440000 50350813.970000 18972.360000 3925.530000
0.450000 50288291.850000 18932.530000 4138.340000
0.460000 50243869.540000 18969.640000 4223.960000
0.470000 50281630.970000 18960.510000 4127.580000
0.480000 50289922.980000 18934.050000 4094.210000
0.490000 50139213.110000 18885.840000 4486.570000
0.500000 50032891.330000 18869.140000 4980.480000
0.510000 49924061.630000 18818.580000 5422.160000
0.520000 47302011.890000 31177.020000 5743.990000
0.530000 26839622.070000 124273.290000 15635.270000
0.540000 2924478.200000 15278.330000 3639.440000
0.550000 0.000000 0.000000 0.000000
0.560000 0.000000 0.000000 0.000000
0.570000 0.000000 0.000000 0.000000
0.580000 0.000000 0.000000 0.000000
0.590000 0.000000 0.000000 0.000000
0.600000 0.000000 0.000000 0.000000
