0.000000 50588790.690000 2918.700000 47.040000
0.010000 0.000000 0.000000 0.000000
0.020000 0.000000 0.000000 0.000000
0.030000 43342759.060000 2778.590000 42.240000
0.040000 52913665.290000 209.020000 0.950000
0.050000 53785753.500000 217.610000 10.410000
0.060000 42800585.560000 310.740000 95.790000
0.070000 39386299.010000 134.450000 3.150000
0.080000 35525589.110000 93.510000 1.830000
0.090000 33414524.440000 82.590000 1.090000
0.100000 32429723.820000 81.560000 1.830000
0.110000 31825557.610000 75.490000 1.260000
0.120000 31328210.750000 232.820000 77.180000
0.130000 28849195.450000 42704.160000 22202.710000
0.140000 21216508.920000 171657.910000 103266.920000
0.150000 20643310.170000 170982.530000 123684.990000
0.160000 16888670.470000 137958.180000 110169.160000
0.170000 15290548.350000 81423.420000 76565.480000
0.180000 15278061.300000 80285.960000 77632.400000
0.190000 17814488.960000 90165.390000 86973.960000
0.200000 42423240.660000 39108.210000 27915.570000
0.210000 45066177.700000 30550.820000 19477.400000
0.220000 45305913.280000 30763.930000 20498.250000
0.230000 45013277.340000 30502.310000 21459.360000
0.240000 45015362.250000 30845.480000 21351.000000
0.250000 45056426.720000 31033.110000 21422.440000
0.260000 44811481.930000 30837.470000 22378.950000
0.270000 44524260.610000 30508.610000 23356.170000
0.280000 44378646.630000 30395.030000 23647.070000
0.290000 44537118.250000 30518.620000 23224.840000
0.300000 44335537.480000 30399.450000 24217.940000
0.310000 44065978.770000 30064.580000 25133.580000
0.320000 43808417.540000 29910.100000 25902.890000
0.330000 44067113.860000 30106.590000 24814.340000
0.340000 43894535.620000 30019.230000 25751.670000
0.350000 43686738.010000 29855.070000 26622.400000
0.360000 43438015.300000 29811.580000 27355.990000
0.370000 30629767.490000 78423.070000 53990.580000
0.380000 21009928.430000 108495.050000 78792.850000
0.390000 25517639.680000 90519.380000 69487.430000
0.400000 49416808.700000 20757.730000 6619.450000
0.410000 50099281.860000 18875.390000 4913.930000
0.420000 50059760.050000 18848.810000 4992.300000
0.430000 49926006.560000 18809.240000 5432.760000
0.440000 49747580.490000 18755.540000 6102.370000
0.450000 49622976.700000 18699.730000 6663.730000
0.460000 49581852.130000 18671.840000 6708.900000
0.470000 49638623.100000 18718.360000 6477.730000
0.480000 49739571.240000 18744.220000 6255.730000
0.490000 49631405.700000 18695.810000 6491.170000
0.500000 49413781.630000 18628.900000 7138.920000
0.510000 49197373.130000 18567.460000 8137.780000
0.520000 49084458.610000 18466.400000 8636.470000
0.530000 45419238.890000 36062.630000 10000.710000
0.540000 25146829.960000 123630.370000 29353.170000
0.550000 2054419.030000 10736.170000 4578.310000
0.560000 0.000000 0.000000 0.000000
0.570000 0.000000 0.000000 0.000000
0.580000 0.000000 0.000000 0.000000
0.590000 0.000000 0.000000 0.000000
0.600000 0.000000 0.000000 0.000000
