0.000000 58671934.740000 3273.710000 65.610000
0.010000 0.000000 0.000000 0.000000
0.020000 0.000000 0.000000 0.000000
0.030000 42438964.220000 3044.950000 52.070000
0.040000 50978453.830000 177.650000 1.360000
0.050000 52195164.920000 214.630000 16.440000
0.060000 41608085.190000 309.190000 133.220000
0.070000 35807678.120000 96.970000 3.380000
0.080000 42629945.110000 206.990000 11.170000
0.090000 33015063.150000 82.590000 2.570000
0.100000 32053776.690000 81.250000 3.470000
0.110000 35237445.430000 115.700000 4.760000
0.120000 31294584.730000 158.980000 68.210000
0.130000 28451986.930000 39961.330000 30977.480000
0.140000 19943776.780000 164761.930000 138740.090000
0.150000 19959576.020000 165401.690000 146081.950000
0.160000 18668183.000000 153578.960000 138296.460000
0.170000 13560827.550000 71844.730000 69161.750000
0.180000 15240629.160000 80116.040000 78170.870000
0.190000 17237586.140000 86998.790000 85042.300000
0.200000 38365796.670000 47721.410000 39974.820000
0.210000 44985377.250000 30585.330000 21648.550000
0.220000 44730573.970000 30406.750000 22653.310000
0.230000 43912456.320000 29784.960000 23644.990000
0.240000 44328545.360000 30266.670000 23743.220000
0.250000 44543600.590000 30637.950000 23235.530000
0.260000 44293892.840000 30397.640000 24319.130000
0.270000 43957207.780000 30058.410000 25434.570000
0.280000 43711446.590000 29831.620000 26036.760000
0.290000 44076152.990000 30244.500000 24715.080000
0.300000 43862170.330000 30102.860000 25822.530000
0.310000 43615953.520000 29777.680000 26734.970000
0.320000 43350406.280000 29630.390000 27487.760000
0.330000 43528596.530000 29787.390000 26599.710000
0.340000 43546081.190000 29743.750000 26859.240000
0.350000 43361091.040000 29561.970000 27700.620000
0.360000 43127159.490000 29478.700000 28326.530000
0.370000 37403270.780000 46861.420000 43550.000000
0.380000 19458406.990000 101315.750000 90629.420000
0.390000 19246046.790000 99583.830000 91740.230000
0.400000 37513601.030000 50185.210000 40578.030000
0.410000 49501041.620000 18665.940000 7063.440000
0.420000 49528022.690000 18669.530000 6997.300000
0.430000 49409541.850000 18597.320000 7292.770000
0.440000 49233645.610000 18573.650000 7893.770000
0.450000 49100238.470000 18512.380000 8603.170000
0.460000 48917150.230000 18425.420000 9156.010000
0.470000 48807149.400000 18395.750000 9324.090000
0.480000 48894303.340000 18458.550000 9230.740000
0.490000 48876784.930000 18414.760000 9357.810000
0.500000 48653614.270000 18305.430000 9902.450000
0.510000 48384317.860000 18275.790000 10803.150000
0.520000 48241407.720000 18174.540000 11662.610000
0.530000 48019087.410000 18095.250000 12342.360000
0.540000 38987504.470000 54568.840000 27529.140000
0.550000 20803579.800000 108498.210000 77038.190000
0.560000 582841.120000 3046.160000 2698.180000
0.570000 0.000000 0.000000 0.000000
0.580000 0.000000 0.000000 0.000000
0.590000 0.000000 0.000000 0.000000
0.600000 0.000000 0.000000 0.000000
