0.000000 50005755.770000 3132.200000 50.410000
0.010000 0.000000 0.000000 0.000000
0.020000 0.000000 0.000000 0.000000
0.030000 43303294.980000 3023.880000 44.540000
0.040000 53539314.220000 214.750000 3.820000
0.050000 52177492.330000 185.320000 20.850000
0.060000 40915937.770000 285.240000 155.650000
0.070000 39201959.520000 135.460000 7.290000
0.080000 37848446.100000 136.030000 10.570000
0.090000 33392702.620000 88.900000 7.910000
0.100000 32414935.490000 86.870000 8.930000
0.110000 31834766.810000 83.500000 9.450000
0.120000 31321709.820000 92.430000 23.360000
0.130000 28855861.490000 32640.440000 30365.650000
0.140000 19792143.160000 163380.740000 159325.650000
0.150000 19973714.370000 165453.050000 164200.150000
0.160000 19421606.670000 160334.580000 159801.480000
0.170000 13012920.140000 69240.500000 66948.970000
0.180000 15152707.770000 79691.970000 78043.340000
0.190000 16784651.110000 86102.170000 84515.330000
0.200000 36088063.760000 50921.060000 47210.060000
0.210000 43829437.850000 29794.830000 25962.590000
0.220000 43624975.900000 29661.830000 26900.680000
0.230000 43437745.080000 29489.100000 27290.030000
0.240000 43341631.960000 29586.350000 27274.790000
0.250000 43382274.590000 29865.790000 27361.030000
0.260000 43264561.170000 29744.680000 28055.180000
0.270000 43138321.810000 29594.980000 28384.140000
0.280000 42616091.250000 29169.470000 28165.330000
0.290000 43064258.260000 29564.160000 28358.190000
0.300000 43101205.000000 29526.150000 28701.480000
0.310000 43067663.170000 29502.180000 28918.320000
0.320000 42992554.360000 29390.780000 28941.270000
0.330000 42942836.940000 29354.470000 28849.550000
0.340000 42979814.510000 29298.360000 28916.760000
0.350000 43010748.100000 29344.350000 29060.540000
0.360000 42966414.510000 29356.290000 29062.460000
0.370000 42760319.360000 29740.800000 29427.350000
0.380000 22079573.450000 88299.720000 86730.370000
0.390000 18416994.880000 96225.020000 94807.470000
0.400000 23055366.020000 85457.810000 82925.840000
0.410000 48238252.870000 18503.120000 11559.140000
0.420000 48353374.680000 18225.460000 11493.570000
0.430000 48112231.070000 18116.760000 12249.850000
0.440000 47761496.580000 18004.720000 13178.480000
0.450000 47677236.700000 17986.540000 13883.850000
0.460000 47635845.070000 17956.210000 14176.610000
0.470000 47468866.990000 17893.010000 14340.880000
0.480000 47376662.930000 17866.810000 14505.700000
0.490000 47392909.440000 17874.880000 14808.310000
0.500000 47216225.810000 17783.430000 15348.940000
0.510000 46966840.030000 17686.640000 15887.310000
0.520000 46876661.240000 17704.360000 16414.040000
0.530000 46908018.590000 17696.460000 16585.990000
0.540000 46807351.210000 17640.610000 16694.640000
0.550000 33804785.970000 56846.260000 50246.410000
0.560000 18719477.820000 97840.090000 93999.380000
0.570000 3540426.810000 18496.280000 18186.690000
0.580000 0.000000 0.000000 0.000000
0.590000 0.000000 0.000000 0.000000
0.600000 0.000000 0.000000 0.000000
