0.000000 44398475.310000 2903.750000 57.300000
0.010000 0.000000 0.000000 0.000000
0.020000 0.000000 0.000000 0.000000
0.030000 44398475.310000 2903.750000 57.300000
0.040000 53598413.060000 190.480000 11.500000
0.050000 53309581.560000 191.620000 24.810000
0.060000 41848475.570000 300.750000 162.130000
0.070000 37426606.710000 110.650000 16.590000
0.080000 35556739.860000 106.100000 17.230000
0.090000 33442443.150000 94.270000 14.850000
0.100000 32424530.280000 95.150000 17.880000
0.110000 31829693.020000 87.480000 16.030000
0.120000 31315802.430000 87.230000 20.010000
0.130000 29015729.910000 29033.180000 27266.510000
0.140000 19736484.150000 161590.820000 160502.180000
0.150000 19820516.560000 164361.670000 163837.170000
0.160000 19782616.960000 164046.240000 163545.430000
0.170000 12521771.830000 67638.170000 64390.550000
0.180000 14881801.610000 78350.510000 76837.360000
0.190000 15925232.850000 83643.760000 82182.640000
0.200000 33304574.350000 56613.790000 54304.860000
0.210000 43325283.400000 29637.610000 27657.760000
0.220000 43265684.170000 29470.100000 28045.830000
0.230000 43197304.180000 29334.580000 28155.050000
0.240000 43112959.400000 29339.400000 28188.050000
0.250000 43044965.920000 29639.480000 28408.460000
0.260000 43029859.760000 29545.600000 28717.220000
0.270000 42977620.200000 29476.080000 28846.190000
0.280000 42931650.880000 29385.980000 28848.230000
0.290000 42895841.800000 29399.800000 28826.310000
0.300000 42950877.500000 29423.210000 28975.200000
0.310000 42938211.660000 29424.430000 29026.490000
0.320000 42916282.600000 29312.530000 29008.160000
0.330000 42878059.480000 29305.950000 28961.090000
0.340000 42901317.270000 29327.400000 29021.940000
0.350000 42943787.300000 29335.480000 29062.290000
0.360000 42947190.230000 29281.060000 29016.250000
0.370000 42903583.650000 29278.560000 29010.890000
0.380000 25957174.740000 76459.040000 74909.180000
0.390000 18371526.030000 96088.530000 94611.010000
0.400000 18361525.940000 96085.000000 94650.840000
0.410000 46300349.930000 22076.000000 16912.820000
0.420000 47579651.770000 17940.060000 14180.520000
0.430000 47470703.860000 17862.020000 14490.240000
0.440000 47129430.780000 17775.780000 15300.950000
0.450000 47038699.720000 17746.130000 15926.330000
0.460000 47005886.940000 17710.820000 16240.020000
0.470000 46866027.820000 17662.930000 16419.360000
0.480000 46739608.920000 17598.590000 16595.320000
0.490000 46778509.470000 17645.540000 16790.670000
0.500000 46732685.880000 17634.110000 17015.150000
0.510000 46637114.210000 17541.730000 17132.460000
0.520000 46546293.510000 17580.610000 17276.380000
0.530000 46631940.300000 17581.840000 17375.510000
0.540000 46606389.680000 17560.560000 17410.100000
0.550000 43356057.800000 27523.600000 25494.320000
0.560000 18650067.740000 95319.850000 93146.080000
0.570000 18402482.040000 96339.750000 94900.950000
0.580000 183987.950000 962.960000 949.600000
0.590000 0.000000 0.000000 0.000000
0.600000 0.000000 0.000000 0.000000
