0.000000 56423979.300000 2953.270000 54.160000
0.010000 0.000000 0.000000 0.000000
0.020000 0.000000 0.000000 0.000000
0.030000 42524901.300000 2732.780000 45.970000
0.040000 51253507.290000 177.580000 0.040000
0.050000 50956142.570000 178.540000 2.020000
0.060000 47652958.730000 411.200000 84.300000
0.070000 39106862.920000 134.170000 4.030000
0.080000 37983206.910000 129.730000 4.600000
0.090000 33053638.600000 81.640000 1.170000
0.100000 32438990.780000 80.470000 1.330000
0.110000 31820199.990000 75.200000 0.820000
0.120000 31327694.190000 73.370000 3.730000
0.130000 29181576.410000 52918.500000 19112.850000
0.140000 23371294.000000 193776.540000 76841.750000
0.150000 23424644.030000 194226.570000 79403.810000
0.160000 16361495.310000 116323.670000 58993.410000
0.170000 15374190.640000 80938.530000 70505.690000
0.180000 15338405.190000 80710.150000 73774.400000
0.190000 27940600.060000 78896.930000 67314.090000
0.200000 46615345.180000 31645.990000 15889.460000
0.210000 46567403.000000 31625.910000 16034.390000
0.220000 46513954.310000 31545.880000 16240.400000
0.230000 46444771.030000 31574.190000 16475.650000
0.240000 46375818.640000 31890.780000 16542.820000
0.250000 46297826.230000 31839.180000 16872.650000
0.260000 46216508.370000 31621.800000 17177.530000
0.270000 46087168.130000 31508.480000 17636.060000
0.280000 46091212.280000 31651.830000 17546.270000
0.290000 45988314.770000 31520.200000 17995.560000
0.300000 45866550.490000 31343.240000 18483.410000
0.310000 45655132.290000 31138.710000 19149.950000
0.320000 45699908.310000 31239.870000 18997.080000
0.330000 45604652.420000 31138.280000 19447.510000
0.340000 45444709.410000 31027.590000 20029.110000
0.350000 45174491.410000 30986.120000 20884.140000
0.360000 33809534.100000 91894.930000 18397.060000
0.370000 25296709.760000 131980.560000 23874.160000
0.380000 39519192.850000 64009.250000 18997.670000
0.390000 50856498.190000 19162.350000 2111.310000
0.400000 50833778.880000 19139.710000 2140.590000
0.410000 50809949.270000 19133.910000 2271.260000
0.420000 50739574.510000 19153.760000 2397.690000
0.430000 50732208.030000 19085.200000 2557.800000
0.440000 50625946.960000 19082.880000 2835.650000
0.450000 50600111.840000 19046.830000 2927.490000
0.460000 50627318.610000 19107.560000 2879.180000
0.470000 50605140.390000 19064.090000 2903.000000
0.480000 50529081.810000 19018.250000 3131.780000
0.490000 50476816.160000 19040.610000 3381.310000
0.500000 50375186.100000 18984.620000 3743.650000
0.510000 50032199.080000 20345.060000 3914.450000
0.520000 30571481.810000 112822.140000 4108.190000
0.530000 7716485.750000 40327.670000 7565.510000
0.540000 0.000000 0.000000 0.000000
0.550000 0.000000 0.000000 0.000000
0.560000 0.000000 0.000000 0.000000
0.570000 0.000000 0.000000 0.000000
0.580000 0.000000 0.000000 0.000000
0.590000 0.000000 0.000000 0.000000
0.600000 0.000000 0.000000 0.000000
