43940717.000000 1475.000000 56.000000
44259073.000000 480.000000 53.000000
43811455.000000 1007.000000 53.000000
44113995.000000 890.000000 52.000000
44125083.000000 1021.000000 54.000000
44032589.000000 1164.000000 50.000000
43524642.000000 1468.000000 45.000000
43946680.000000 434.000000 48.000000
42819630.000000 1685.000000 16.000000
43952808.000000 850.000000 53.000000
44160403.000000 943.000000 57.000000
44011539.000000 1075.000000 53.000000
44029360.000000 1282.000000 50.000000
43574616.000000 1863.000000 54.000000
43815243.000000 1356.000000 55.000000
44247972.000000 483.000000 49.000000
44051296.000000 517.000000 50.000000
43812692.000000 1568.000000 55.000000
44192038.000000 974.000000 55.000000
43820851.000000 1539.000000 55.000000
43814558.000000 1253.000000 51.000000
43921890.000000 530.000000 50.000000
43284194.000000 1526.000000 44.000000
44166465.000000 468.000000 53.000000
43678488.000000 1499.000000 54.000000
43825730.000000 972.000000 54.000000
43894682.000000 1208.000000 53.000000
44085651.000000 536.000000 49.000000
44127325.000000 1173.000000 54.000000
43984832.000000 413.000000 51.000000
44303563.000000 508.000000 55.000000
43787254.000000 889.000000 52.000000
43992593.000000 1485.000000 50.000000
44197526.000000 912.000000 55.000000
44202415.000000 508.000000 51.000000
44149808.000000 485.000000 49.000000
43946017.000000 464.000000 51.000000
43904569.000000 1323.000000 58.000000
43955848.000000 427.000000 52.000000
43789422.000000 1426.000000 53.000000
43964137.000000 1024.000000 53.000000
43645068.000000 1536.000000 54.000000
43682393.000000 424.000000 49.000000
44140491.000000 1076.000000 54.000000
43871053.000000 481.000000 44.000000
44188413.000000 533.000000 53.000000
44084887.000000 459.000000 50.000000
44167882.000000 445.000000 49.000000
43920947.000000 1089.000000 54.000000
44197177.000000 909.000000 55.000000
43990497.000000 1109.000000 56.000000
44120998.000000 480.000000 52.000000
44133797.000000 429.000000 51.000000
44205941.000000 404.000000 54.000000
44033789.000000 424.000000 51.000000
44158421.000000 832.000000 53.000000
43958848.000000 1185.000000 58.000000
44227756.000000 974.000000 57.000000
44012701.000000 1233.000000 52.000000
44089472.000000 1345.000000 51.000000
44077649.000000 1033.000000 51.000000
43765757.000000 1438.000000 54.000000
44183010.000000 490.000000 49.000000
43835844.000000 1346.000000 53.000000
43878228.000000 873.000000 51.000000
43335829.000000 2021.000000 28.000000
44095256.000000 1110.000000 50.000000
43982314.000000 1318.000000 47.000000
43510817.000000 1320.000000 54.000000
43942471.000000 1319.000000 59.000000
44203516.000000 494.000000 54.000000
43673874.000000 1598.000000 50.000000
43790236.000000 1463.000000 54.000000
44164400.000000 1018.000000 59.000000
43497932.000000 1579.000000 41.000000
44050978.000000 1109.000000 54.000000
44242256.000000 502.000000 47.000000
43751614.000000 1493.000000 53.000000
44113186.000000 437.000000 52.000000
43903061.000000 1603.000000 50.000000
44095559.000000 1203.000000 55.000000
43762733.000000 1530.000000 52.000000
42620104.000000 859.000000 49.000000
43977379.000000 1417.000000 49.000000
44145924.000000 426.000000 51.000000
43956312.000000 1491.000000 51.000000
44072867.000000 497.000000 51.000000
43840388.000000 1541.000000 50.000000
43986005.000000 1057.000000 56.000000
43842055.000000 1385.000000 53.000000
43986922.000000 433.000000 50.000000
44130709.000000 392.000000 50.000000
44116448.000000 450.000000 49.000000
44056645.000000 525.000000 50.000000
43983711.000000 477.000000 52.000000
43613581.000000 1864.000000 50.000000
44142786.000000 1169.000000 55.000000
44115072.000000 986.000000 59.000000
44202037.000000 999.000000 62.000000
44131981.000000 406.000000 50.000000
