43469523.000000 2349.000000 23.000000
43339441.000000 1643.000000 46.000000
43466500.000000 1635.000000 48.000000
43808219.000000 1913.000000 149.000000
43666563.000000 1989.000000 10.000000
43576287.000000 2362.000000 20.000000
43602126.000000 2150.000000 38.000000
43661457.000000 2134.000000 39.000000
43686818.000000 1823.000000 94.000000
43139689.000000 2562.000000 12.000000
43496672.000000 1766.000000 87.000000
43707911.000000 2339.000000 50.000000
43616078.000000 2307.000000 23.000000
43626768.000000 2038.000000 4.000000
43977955.000000 1848.000000 75.000000
43285533.000000 2192.000000 32.000000
43439668.000000 2164.000000 33.000000
43246844.000000 2177.000000 79.000000
43513479.000000 2953.000000 84.000000
43654983.000000 2313.000000 27.000000
43636909.000000 2313.000000 85.000000
43629216.000000 1886.000000 39.000000
43926394.000000 2061.000000 3.000000
43607420.000000 1860.000000 3.000000
43540802.000000 2405.000000 98.000000
42816851.000000 2363.000000 92.000000
43628970.000000 2023.000000 22.000000
43557904.000000 2006.000000 44.000000
43623124.000000 2108.000000 71.000000
43058745.000000 2098.000000 79.000000
43556671.000000 1849.000000 121.000000
43593268.000000 2456.000000 9.000000
43564413.000000 1902.000000 106.000000
43477245.000000 2337.000000 18.000000
43563449.000000 1940.000000 19.000000
43759047.000000 2810.000000 78.000000
43512607.000000 2519.000000 58.000000
43544597.000000 2129.000000 67.000000
43716852.000000 2255.000000 97.000000
43488523.000000 2130.000000 30.000000
43547651.000000 2936.000000 85.000000
43671995.000000 2290.000000 24.000000
43520719.000000 1916.000000 78.000000
43650440.000000 2481.000000 34.000000
43557673.000000 2423.000000 79.000000
43322716.000000 1997.000000 28.000000
43620173.000000 2271.000000 0.000000
43729891.000000 2002.000000 70.000000
43562329.000000 1862.000000 20.000000
43634489.000000 1949.000000 45.000000
43681284.000000 1999.000000 89.000000
43793666.000000 1740.000000 51.000000
43346455.000000 2222.000000 105.000000
43531331.000000 1990.000000 58.000000
43628096.000000 1703.000000 83.000000
43337783.000000 2110.000000 78.000000
43600877.000000 2037.000000 20.000000
43392273.000000 1895.000000 58.000000
43687935.000000 2052.000000 53.000000
43617475.000000 1872.000000 33.000000
43547623.000000 2319.000000 74.000000
43795747.000000 1980.000000 0.000000
43356817.000000 2197.000000 13.000000
43574170.000000 2152.000000 33.000000
43154332.000000 2021.000000 65.000000
43452493.000000 2520.000000 44.000000
43846716.000000 2181.000000 12.000000
43601420.000000 2525.000000 64.000000
43460547.000000 2480.000000 67.000000
43677878.000000 2101.000000 19.000000
43715177.000000 1875.000000 39.000000
43652663.000000 2063.000000 34.000000
43444786.000000 1974.000000 42.000000
43734591.000000 2282.000000 73.000000
43306820.000000 2045.000000 0.000000
43493462.000000 1757.000000 51.000000
43374414.000000 2425.000000 133.000000
43526246.000000 2189.000000 149.000000
43616743.000000 2079.000000 12.000000
43746976.000000 1962.000000 0.000000
43636933.000000 2081.000000 90.000000
43422901.000000 2021.000000 36.000000
43633593.000000 1902.000000 77.000000
43766385.000000 1863.000000 36.000000
43497339.000000 2051.000000 18.000000
43794687.000000 2116.000000 7.000000
43574533.000000 2306.000000 24.000000
43708790.000000 1900.000000 29.000000
43575479.000000 2094.000000 20.000000
43827286.000000 1748.000000 44.000000
43277733.000000 2095.000000 8.000000
43919158.000000 2152.000000 72.000000
43606467.000000 2030.000000 58.000000
43683513.000000 2184.000000 78.000000
43633352.000000 1777.000000 39.000000
43057306.000000 2429.000000 43.000000
43552253.000000 1818.000000 78.000000
43682022.000000 1906.000000 12.000000
43538679.000000 2501.000000 8.000000
43592155.000000 2038.000000 28.000000
