43550098.000000 1686.000000 42.000000
43637281.000000 1429.000000 48.000000
43940172.000000 450.000000 54.000000
43767173.000000 1245.000000 51.000000
44007752.000000 488.000000 50.000000
44097701.000000 1463.000000 57.000000
44087166.000000 985.000000 57.000000
43371191.000000 1636.000000 40.000000
43924622.000000 1470.000000 54.000000
43782794.000000 1282.000000 52.000000
44063180.000000 1269.000000 48.000000
44114990.000000 543.000000 53.000000
44005418.000000 1301.000000 53.000000
44217852.000000 488.000000 53.000000
44200848.000000 433.000000 51.000000
44144922.000000 453.000000 48.000000
43979015.000000 958.000000 58.000000
44169382.000000 1004.000000 57.000000
43643345.000000 1408.000000 46.000000
44079376.000000 436.000000 51.000000
43744439.000000 1406.000000 56.000000
43874362.000000 966.000000 53.000000
44173694.000000 469.000000 34.000000
43901572.000000 1464.000000 49.000000
43824915.000000 1453.000000 54.000000
44238719.000000 448.000000 49.000000
43895661.000000 468.000000 51.000000
44023570.000000 526.000000 54.000000
43707987.000000 1414.000000 55.000000
43735243.000000 1431.000000 55.000000
43962784.000000 956.000000 53.000000
43676147.000000 1608.000000 56.000000
44186621.000000 464.000000 51.000000
44078794.000000 1297.000000 53.000000
43754841.000000 1316.000000 55.000000
43666682.000000 1456.000000 51.000000
43995547.000000 1415.000000 60.000000
44201466.000000 414.000000 54.000000
43464891.000000 1638.000000 41.000000
43867690.000000 1040.000000 52.000000
44265806.000000 441.000000 54.000000
44118844.000000 483.000000 53.000000
43888508.000000 469.000000 51.000000
44057240.000000 467.000000 55.000000
44085119.000000 482.000000 51.000000
43705617.000000 1539.000000 51.000000
44040192.000000 991.000000 59.000000
44122895.000000 493.000000 50.000000
43970181.000000 1239.000000 52.000000
43864229.000000 531.000000 51.000000
44147105.000000 478.000000 52.000000
44201482.000000 887.000000 53.000000
43955049.000000 1181.000000 48.000000
43735462.000000 1813.000000 54.000000
43894733.000000 482.000000 49.000000
43950313.000000 422.000000 54.000000
43873428.000000 514.000000 49.000000
44149680.000000 455.000000 50.000000
44193939.000000 901.000000 54.000000
43874168.000000 1115.000000 47.000000
43836442.000000 1242.000000 53.000000
44054642.000000 448.000000 49.000000
44004227.000000 463.000000 51.000000
44028767.000000 1285.000000 57.000000
44056903.000000 467.000000 53.000000
43851976.000000 1498.000000 57.000000
44051900.000000 979.000000 55.000000
43775712.000000 1432.000000 54.000000
43764087.000000 1481.000000 58.000000
43871212.000000 1446.000000 53.000000
43761012.000000 427.000000 50.000000
44041313.000000 981.000000 58.000000
44163693.000000 951.000000 57.000000
44025372.000000 986.000000 55.000000
44020828.000000 1316.000000 53.000000
43901601.000000 1052.000000 55.000000
43632881.000000 1538.000000 50.000000
43770298.000000 1384.000000 53.000000
43790521.000000 1287.000000 50.000000
44240812.000000 574.000000 49.000000
43697939.000000 1404.000000 54.000000
43743849.000000 1589.000000 51.000000
44163982.000000 1183.000000 54.000000
43975246.000000 504.000000 49.000000
43881441.000000 1268.000000 55.000000
44133807.000000 427.000000 52.000000
43886311.000000 1400.000000 55.000000
43746351.000000 881.000000 53.000000
44000326.000000 500.000000 50.000000
44222474.000000 1047.000000 58.000000
43771588.000000 1410.000000 54.000000
44036896.000000 1146.000000 50.000000
43755513.000000 421.000000 49.000000
43926899.000000 1405.000000 52.000000
44095065.000000 1085.000000 53.000000
43747934.000000 1485.000000 53.000000
44096066.000000 1052.000000 56.000000
43960264.000000 502.000000 53.000000
43705610.000000 1527.000000 57.000000
43936153.000000 1416.000000 52.000000
