44869831.000000 1966.000000 47.000000
44381900.000000 2005.000000 37.000000
44881039.000000 1741.000000 42.000000
44305801.000000 2106.000000 45.000000
44399521.000000 2045.000000 45.000000
44932854.000000 1627.000000 47.000000
44124922.000000 1988.000000 34.000000
44273950.000000 2082.000000 39.000000
44210234.000000 2063.000000 35.000000
44880044.000000 1798.000000 41.000000
44873574.000000 1853.000000 43.000000
44828646.000000 1702.000000 41.000000
44835328.000000 1597.000000 48.000000
44015842.000000 2155.000000 34.000000
44522907.000000 2090.000000 48.000000
44509314.000000 1825.000000 45.000000
44809530.000000 1916.000000 43.000000
44226497.000000 2047.000000 44.000000
44512243.000000 2095.000000 42.000000
44795815.000000 1669.000000 51.000000
44797300.000000 1723.000000 49.000000
44421672.000000 2006.000000 49.000000
44942157.000000 1517.000000 44.000000
44786018.000000 2056.000000 42.000000
44099587.000000 2236.000000 35.000000
44905428.000000 1936.000000 40.000000
44152804.000000 2385.000000 40.000000
44897129.000000 1928.000000 44.000000
44316014.000000 2020.000000 44.000000
44977389.000000 1873.000000 36.000000
44465056.000000 2168.000000 42.000000
44877538.000000 1602.000000 42.000000
44463978.000000 2097.000000 49.000000
44220726.000000 2055.000000 38.000000
44661996.000000 1918.000000 47.000000
44206594.000000 2217.000000 39.000000
44956547.000000 1907.000000 39.000000
44691926.000000 1804.000000 47.000000
44885227.000000 1840.000000 44.000000
44718841.000000 1701.000000 45.000000
44044684.000000 2059.000000 45.000000
44700852.000000 2045.000000 49.000000
44713915.000000 1823.000000 47.000000
44945952.000000 2071.000000 44.000000
44849329.000000 1871.000000 45.000000
44838885.000000 1856.000000 41.000000
44391418.000000 2075.000000 38.000000
44861437.000000 1799.000000 43.000000
44566992.000000 1985.000000 42.000000
44711937.000000 1956.000000 39.000000
44725026.000000 2058.000000 38.000000
43887222.000000 2155.000000 33.000000
44915587.000000 2008.000000 40.000000
44858562.000000 1996.000000 41.000000
44219879.000000 2224.000000 37.000000
45749785.000000 1397.000000 48.000000
44806212.000000 1911.000000 41.000000
44859549.000000 1683.000000 43.000000
44598635.000000 2240.000000 39.000000
44792130.000000 1623.000000 51.000000
44939824.000000 1995.000000 40.000000
44258075.000000 2109.000000 37.000000
44724710.000000 1753.000000 49.000000
44159954.000000 2115.000000 33.000000
44712154.000000 1677.000000 52.000000
44614444.000000 1923.000000 42.000000
43999824.000000 2085.000000 35.000000
44656212.000000 1941.000000 48.000000
44104850.000000 2090.000000 31.000000
44705151.000000 1919.000000 48.000000
44544618.000000 2082.000000 38.000000
44458626.000000 2032.000000 49.000000
44854601.000000 1768.000000 40.000000
44435349.000000 2359.000000 43.000000
44828101.000000 1746.000000 43.000000
44485009.000000 2034.000000 42.000000
43897824.000000 2015.000000 39.000000
44033012.000000 2084.000000 34.000000
44725033.000000 2039.000000 40.000000
44899472.000000 1922.000000 40.000000
44259232.000000 2164.000000 47.000000
44418332.000000 1996.000000 39.000000
44457065.000000 2069.000000 38.000000
44799139.000000 1730.000000 43.000000
44825404.000000 2110.000000 42.000000
44481392.000000 1997.000000 39.000000
43965380.000000 2087.000000 37.000000
44180040.000000 2200.000000 38.000000
44444040.000000 2196.000000 38.000000
44664696.000000 2072.000000 42.000000
44789214.000000 1670.000000 45.000000
44720619.000000 1606.000000 45.000000
43976783.000000 2219.000000 36.000000
44005981.000000 1984.000000 34.000000
44101027.000000 2097.000000 47.000000
44966284.000000 1997.000000 41.000000
44835640.000000 1839.000000 43.000000
44213595.000000 2031.000000 45.000000
44811069.000000 1829.000000 44.000000
44424971.000000 2012.000000 38.000000
