43937325.000000 1458.000000 0.000000
43931699.000000 1588.000000 0.000000
43796929.000000 1679.000000 0.000000
43861750.000000 1490.000000 0.000000
43224157.000000 1587.000000 0.000000
44152171.000000 1772.000000 0.000000
43883343.000000 1580.000000 0.000000
43951654.000000 1828.000000 0.000000
43815850.000000 1571.000000 0.000000
43756787.000000 1614.000000 0.000000
44079593.000000 2019.000000 0.000000
43655202.000000 1618.000000 0.000000
43946629.000000 1618.000000 0.000000
43762298.000000 1453.000000 15.000000
44077553.000000 1536.000000 0.000000
43893373.000000 1557.000000 0.000000
43371592.000000 1412.000000 0.000000
44020350.000000 1598.000000 0.000000
43823349.000000 1406.000000 0.000000
43738359.000000 1924.000000 0.000000
43541500.000000 1870.000000 0.000000
43588887.000000 1471.000000 0.000000
43731105.000000 1552.000000 0.000000
43960573.000000 1486.000000 0.000000
43648383.000000 1846.000000 0.000000
43896947.000000 1621.000000 0.000000
43788212.000000 1628.000000 0.000000
43577520.000000 1449.000000 0.000000
43908210.000000 1244.000000 0.000000
43692239.000000 1513.000000 0.000000
44090953.000000 1785.000000 0.000000
43610114.000000 1805.000000 0.000000
44172850.000000 1344.000000 0.000000
43092574.000000 1372.000000 0.000000
43920932.000000 1601.000000 0.000000
43797382.000000 2237.000000 0.000000
43364194.000000 1387.000000 0.000000
43874412.000000 1721.000000 0.000000
43665306.000000 1530.000000 0.000000
43899080.000000 1490.000000 0.000000
43700205.000000 1485.000000 10.000000
43932675.000000 1486.000000 0.000000
43791370.000000 1393.000000 0.000000
43748279.000000 1539.000000 0.000000
43637235.000000 1528.000000 0.000000
43933681.000000 1836.000000 0.000000
43868546.000000 1409.000000 0.000000
43966835.000000 1666.000000 0.000000
43698252.000000 1313.000000 0.000000
43564634.000000 1620.000000 0.000000
43739047.000000 1584.000000 0.000000
44123100.000000 1579.000000 0.000000
43979112.000000 1324.000000 0.000000
43018162.000000 1387.000000 0.000000
43868296.000000 1785.000000 0.000000
43315020.000000 1162.000000 0.000000
44017925.000000 1814.000000 0.000000
43637521.000000 1717.000000 0.000000
43559763.000000 1410.000000 0.000000
43351634.000000 1357.000000 0.000000
44010083.000000 1522.000000 0.000000
43920256.000000 1600.000000 0.000000
43715144.000000 1645.000000 0.000000
43979000.000000 1419.000000 0.000000
43796099.000000 1328.000000 0.000000
44130614.000000 1760.000000 0.000000
43145702.000000 1806.000000 0.000000
43671617.000000 1420.000000 10.000000
43604959.000000 1536.000000 0.000000
44053048.000000 1549.000000 0.000000
43607022.000000 1865.000000 0.000000
44007614.000000 1892.000000 0.000000
43925709.000000 1463.000000 0.000000
43430192.000000 1684.000000 0.000000
44131678.000000 1576.000000 0.000000
43467696.000000 1425.000000 0.000000
44042140.000000 1445.000000 0.000000
43949839.000000 1578.000000 0.000000
44058864.000000 1534.000000 0.000000
43962587.000000 1709.000000 0.000000
43667274.000000 1508.000000 0.000000
43879219.000000 1399.000000 0.000000
43629515.000000 1600.000000 0.000000
43916607.000000 1608.000000 0.000000
43653879.000000 1633.000000 0.000000
43909628.000000 1626.000000 0.000000
43363946.000000 1720.000000 15.000000
43612483.000000 1464.000000 0.000000
43618814.000000 1511.000000 0.000000
43796871.000000 1474.000000 0.000000
43672278.000000 1632.000000 0.000000
43787192.000000 1803.000000 0.000000
42875101.000000 1157.000000 0.000000
43868651.000000 1893.000000 0.000000
43085146.000000 1838.000000 0.000000
43569226.000000 1708.000000 0.000000
43520900.000000 1560.000000 0.000000
43382738.000000 1180.000000 0.000000
43673048.000000 1584.000000 0.000000
43909974.000000 1783.000000 0.000000
