48520827.000000 251.000000 15.000000
48432164.000000 274.000000 15.000000
48211331.000000 321.000000 28.000000
48235329.000000 285.000000 25.000000
48562371.000000 269.000000 12.000000
48501716.000000 273.000000 21.000000
48219849.000000 340.000000 30.000000
48371395.000000 269.000000 23.000000
48369784.000000 277.000000 20.000000
48495166.000000 262.000000 13.000000
48466521.000000 289.000000 31.000000
48535470.000000 250.000000 33.000000
48531331.000000 271.000000 18.000000
48480942.000000 292.000000 20.000000
48493280.000000 313.000000 25.000000
48400729.000000 268.000000 40.000000
48335997.000000 313.000000 22.000000
48494754.000000 272.000000 34.000000
48353757.000000 262.000000 38.000000
48309349.000000 290.000000 29.000000
48573028.000000 294.000000 11.000000
48245794.000000 282.000000 20.000000
48518637.000000 295.000000 25.000000
48325362.000000 266.000000 31.000000
48513738.000000 262.000000 26.000000
48431313.000000 262.000000 26.000000
48340402.000000 229.000000 28.000000
48536285.000000 295.000000 24.000000
48448278.000000 295.000000 27.000000
48438024.000000 293.000000 18.000000
48472856.000000 260.000000 20.000000
48467298.000000 292.000000 26.000000
48478297.000000 303.000000 26.000000
48509856.000000 256.000000 14.000000
48456352.000000 314.000000 19.000000
48416832.000000 308.000000 22.000000
48556128.000000 285.000000 17.000000
48493676.000000 262.000000 9.000000
48390886.000000 289.000000 31.000000
48505218.000000 267.000000 11.000000
48234901.000000 276.000000 24.000000
48528729.000000 261.000000 26.000000
48475906.000000 283.000000 27.000000
48439220.000000 265.000000 25.000000
48457186.000000 247.000000 19.000000
48170480.000000 326.000000 31.000000
48215527.000000 354.000000 28.000000
48558690.000000 250.000000 12.000000
48245781.000000 264.000000 11.000000
48248787.000000 263.000000 25.000000
48440221.000000 249.000000 27.000000
48607008.000000 245.000000 23.000000
48454925.000000 287.000000 18.000000
48461919.000000 251.000000 33.000000
48432492.000000 285.000000 31.000000
48541972.000000 264.000000 18.000000
48377309.000000 271.000000 19.000000
48545694.000000 215.000000 24.000000
48460425.000000 304.000000 18.000000
48212062.000000 328.000000 28.000000
48485544.000000 331.000000 15.000000
48518697.000000 185.000000 26.000000
48436202.000000 277.000000 18.000000
48503322.000000 277.000000 36.000000
48539799.000000 267.000000 21.000000
48490280.000000 304.000000 27.000000
48169851.000000 284.000000 23.000000
48487502.000000 270.000000 11.000000
48231195.000000 296.000000 30.000000
48539165.000000 232.000000 29.000000
48306360.000000 272.000000 24.000000
48204556.000000 327.000000 27.000000
48198926.000000 284.000000 19.000000
48380463.000000 222.000000 22.000000
48499312.000000 238.000000 20.000000
48199427.000000 269.000000 23.000000
48237787.000000 271.000000 14.000000
48449825.000000 317.000000 26.000000
48482910.000000 270.000000 17.000000
48239981.000000 263.000000 32.000000
48334460.000000 306.000000 18.000000
48444640.000000 284.000000 25.000000
48367323.000000 270.000000 20.000000
48484827.000000 260.000000 4.000000
48232029.000000 275.000000 22.000000
48291623.000000 257.000000 35.000000
48170008.000000 285.000000 19.000000
48307656.000000 246.000000 31.000000
48530524.000000 220.000000 22.000000
48471813.000000 317.000000 31.000000
48521651.000000 286.000000 20.000000
48549332.000000 275.000000 10.000000
48548283.000000 261.000000 20.000000
48604862.000000 249.000000 12.000000
48258729.000000 297.000000 22.000000
48580245.000000 258.000000 13.000000
48348062.000000 262.000000 17.000000
48195871.000000 314.000000 31.000000
48203497.000000 270.000000 26.000000
48283737.000000 332.000000 28.000000
