43108205.000000 1883.000000 0.000000
44001954.000000 1752.000000 0.000000
43701781.000000 1758.000000 0.000000
43800541.000000 1544.000000 0.000000
43930773.000000 1321.000000 0.000000
44023514.000000 1625.000000 0.000000
44122506.000000 1389.000000 0.000000
43425088.000000 2205.000000 0.000000
43580515.000000 1717.000000 0.000000
43803959.000000 1423.000000 0.000000
43779955.000000 1619.000000 0.000000
42910900.000000 1329.000000 0.000000
43754206.000000 1415.000000 0.000000
43943586.000000 1841.000000 0.000000
43628195.000000 1399.000000 0.000000
43964582.000000 1649.000000 0.000000
43183105.000000 1224.000000 0.000000
43680214.000000 1582.000000 0.000000
43313081.000000 1228.000000 0.000000
43537485.000000 1779.000000 0.000000
44068617.000000 1834.000000 0.000000
43899093.000000 1525.000000 0.000000
43930095.000000 1566.000000 0.000000
43945948.000000 1549.000000 0.000000
43996287.000000 1373.000000 0.000000
43734631.000000 1578.000000 0.000000
44111816.000000 1563.000000 0.000000
43102584.000000 1246.000000 0.000000
44039505.000000 1693.000000 0.000000
43691547.000000 1852.000000 0.000000
44049910.000000 1612.000000 0.000000
43317709.000000 1353.000000 15.000000
43346735.000000 1231.000000 0.000000
43567153.000000 1721.000000 0.000000
43944180.000000 1503.000000 0.000000
43602975.000000 1646.000000 0.000000
43337796.000000 1499.000000 0.000000
43718937.000000 1424.000000 0.000000
43952168.000000 1662.000000 0.000000
43898808.000000 1899.000000 0.000000
44000406.000000 1284.000000 0.000000
43797944.000000 1413.000000 0.000000
43599619.000000 1511.000000 0.000000
43670251.000000 1401.000000 0.000000
43660689.000000 1545.000000 0.000000
43977727.000000 1576.000000 0.000000
44036857.000000 1339.000000 0.000000
43587120.000000 1509.000000 0.000000
43572771.000000 1514.000000 0.000000
44046719.000000 1798.000000 0.000000
43473352.000000 1367.000000 0.000000
43636034.000000 1717.000000 0.000000
44119529.000000 1374.000000 0.000000
43936591.000000 2115.000000 0.000000
43507247.000000 1552.000000 0.000000
43707196.000000 1587.000000 0.000000
43848819.000000 1517.000000 0.000000
43905699.000000 1589.000000 0.000000
44075056.000000 1628.000000 0.000000
43639963.000000 1345.000000 0.000000
43776406.000000 1490.000000 10.000000
43931305.000000 1535.000000 0.000000
44057722.000000 1747.000000 0.000000
43618925.000000 1498.000000 0.000000
43843619.000000 1972.000000 0.000000
43251962.000000 1483.000000 0.000000
43662990.000000 1700.000000 0.000000
42831852.000000 1473.000000 0.000000
44029862.000000 1521.000000 0.000000
43963204.000000 2023.000000 0.000000
43710740.000000 1478.000000 0.000000
43822078.000000 1474.000000 0.000000
43537404.000000 1500.000000 0.000000
43843882.000000 1531.000000 0.000000
43862275.000000 1327.000000 0.000000
43457010.000000 1653.000000 0.000000
43619857.000000 1806.000000 0.000000
43995757.000000 1512.000000 0.000000
43141861.000000 1473.000000 0.000000
43875875.000000 1628.000000 0.000000
43776605.000000 1776.000000 0.000000
44046022.000000 1706.000000 0.000000
43811366.000000 1892.000000 0.000000
43990530.000000 1858.000000 0.000000
43291187.000000 2149.000000 0.000000
43584958.000000 1462.000000 0.000000
44032469.000000 1631.000000 0.000000
43819180.000000 1791.000000 0.000000
44008951.000000 1395.000000 0.000000
43710010.000000 1527.000000 0.000000
44022446.000000 1666.000000 0.000000
44040539.000000 1500.000000 0.000000
43745442.000000 1563.000000 0.000000
43615578.000000 1596.000000 0.000000
43571342.000000 1488.000000 0.000000
43708040.000000 1450.000000 0.000000
43649161.000000 1635.000000 15.000000
43442788.000000 1449.000000 0.000000
43841532.000000 1513.000000 0.000000
43625869.000000 1675.000000 0.000000
