43960494.000000 1445.000000 2.000000
43899197.000000 1239.000000 0.000000
43436988.000000 1600.000000 0.000000
43561917.000000 1330.000000 0.000000
43894150.000000 1528.000000 0.000000
43817141.000000 1522.000000 0.000000
43673440.000000 1568.000000 29.000000
43552141.000000 1869.000000 0.000000
43034111.000000 1559.000000 0.000000
43782519.000000 1451.000000 95.000000
43867236.000000 1254.000000 0.000000
43747739.000000 1485.000000 0.000000
43892372.000000 1364.000000 0.000000
43786384.000000 1863.000000 0.000000
43940198.000000 1873.000000 0.000000
43778789.000000 1438.000000 0.000000
43396892.000000 1473.000000 0.000000
43785805.000000 1564.000000 0.000000
43338401.000000 1515.000000 0.000000
43547088.000000 1644.000000 0.000000
43931212.000000 1406.000000 0.000000
43640570.000000 1825.000000 0.000000
43845268.000000 1450.000000 87.000000
43782032.000000 1456.000000 0.000000
44059692.000000 1493.000000 0.000000
43722004.000000 1438.000000 15.000000
43793548.000000 1618.000000 0.000000
43643089.000000 1550.000000 78.000000
43850906.000000 1878.000000 0.000000
43581414.000000 1476.000000 0.000000
43882615.000000 1415.000000 4.000000
43597398.000000 1472.000000 0.000000
43934087.000000 1681.000000 0.000000
44124171.000000 1705.000000 0.000000
43842032.000000 1449.000000 0.000000
44016104.000000 2111.000000 8.000000
43713626.000000 1477.000000 3.000000
43053644.000000 1346.000000 0.000000
43767679.000000 1593.000000 2.000000
43782997.000000 1382.000000 0.000000
43647776.000000 1519.000000 0.000000
43647492.000000 1587.000000 0.000000
44002734.000000 1828.000000 0.000000
43483563.000000 1830.000000 0.000000
43560645.000000 1929.000000 0.000000
43699865.000000 1314.000000 0.000000
43629896.000000 1441.000000 0.000000
43227801.000000 1662.000000 0.000000
43208741.000000 1341.000000 0.000000
43461139.000000 1468.000000 0.000000
44013979.000000 2497.000000 0.000000
44131493.000000 1627.000000 0.000000
43455163.000000 1577.000000 3.000000
43958575.000000 1605.000000 13.000000
43630675.000000 1822.000000 0.000000
43727432.000000 1495.000000 0.000000
43968360.000000 1357.000000 0.000000
43807835.000000 1591.000000 0.000000
43562721.000000 1647.000000 0.000000
43929287.000000 1514.000000 0.000000
43669963.000000 1492.000000 0.000000
43435442.000000 1610.000000 0.000000
43838133.000000 1660.000000 0.000000
43669696.000000 1515.000000 15.000000
43990812.000000 1641.000000 0.000000
44070542.000000 1432.000000 0.000000
43946407.000000 1487.000000 3.000000
43422830.000000 1938.000000 0.000000
43610688.000000 1730.000000 0.000000
43717616.000000 1686.000000 0.000000
43545613.000000 1379.000000 0.000000
43568300.000000 1473.000000 0.000000
43686311.000000 1660.000000 24.000000
43964340.000000 1786.000000 0.000000
43866994.000000 1899.000000 0.000000
43900509.000000 1711.000000 4.000000
44057983.000000 1650.000000 0.000000
43661086.000000 1523.000000 0.000000
43738267.000000 1526.000000 5.000000
43423431.000000 1732.000000 0.000000
43681163.000000 1614.000000 15.000000
43793622.000000 1401.000000 0.000000
43677076.000000 1614.000000 15.000000
44087010.000000 1394.000000 31.000000
44072877.000000 1617.000000 0.000000
43916629.000000 1512.000000 0.000000
43321169.000000 1411.000000 0.000000
44050541.000000 1836.000000 0.000000
43604011.000000 1446.000000 0.000000
43706802.000000 1826.000000 0.000000
43541027.000000 1877.000000 0.000000
43638771.000000 1461.000000 0.000000
43982806.000000 1772.000000 0.000000
43994400.000000 1441.000000 0.000000
43590157.000000 1848.000000 0.000000
43260912.000000 1326.000000 0.000000
44060469.000000 1533.000000 0.000000
43722906.000000 1590.000000 0.000000
43372462.000000 1278.000000 0.000000
43889330.000000 1378.000000 0.000000
