45054457.000000 1922.000000 45.000000
44161993.000000 2117.000000 37.000000
44145528.000000 1974.000000 38.000000
45057400.000000 1696.000000 43.000000
44954302.000000 1792.000000 47.000000
44574791.000000 1902.000000 39.000000
44538650.000000 2102.000000 43.000000
44560270.000000 2064.000000 42.000000
44851789.000000 1974.000000 48.000000
44979948.000000 1758.000000 41.000000
44275301.000000 2089.000000 35.000000
45025014.000000 1924.000000 42.000000
44707718.000000 1758.000000 48.000000
44636828.000000 2021.000000 43.000000
44615016.000000 1993.000000 43.000000
44986916.000000 1502.000000 46.000000
44600922.000000 2276.000000 43.000000
44100253.000000 2097.000000 41.000000
44158225.000000 1979.000000 34.000000
44972825.000000 1898.000000 42.000000
45014403.000000 1828.000000 46.000000
45093944.000000 1933.000000 39.000000
45031432.000000 1747.000000 39.000000
44957950.000000 1822.000000 42.000000
45096816.000000 1609.000000 43.000000
44111669.000000 2067.000000 38.000000
44191413.000000 1961.000000 40.000000
44371050.000000 2036.000000 37.000000
44128679.000000 2087.000000 39.000000
44361361.000000 2141.000000 34.000000
44492233.000000 2047.000000 35.000000
44851470.000000 1769.000000 46.000000
44652313.000000 2113.000000 23.000000
44882788.000000 1539.000000 50.000000
44679032.000000 1932.000000 39.000000
44363257.000000 1966.000000 38.000000
45052963.000000 1849.000000 38.000000
44886135.000000 1793.000000 47.000000
44176217.000000 2038.000000 44.000000
44438315.000000 1894.000000 42.000000
44445892.000000 2025.000000 48.000000
44986409.000000 1562.000000 46.000000
44666485.000000 1961.000000 40.000000
44703391.000000 1899.000000 48.000000
44971626.000000 1808.000000 48.000000
44930172.000000 1881.000000 49.000000
45045577.000000 1861.000000 40.000000
44840903.000000 1597.000000 50.000000
44739428.000000 1487.000000 46.000000
44979695.000000 1646.000000 40.000000
44083413.000000 1984.000000 35.000000
43903285.000000 2080.000000 33.000000
44477067.000000 1969.000000 38.000000
44128596.000000 2183.000000 35.000000
44238229.000000 2083.000000 38.000000
44467667.000000 1915.000000 37.000000
44800937.000000 2027.000000 39.000000
44234892.000000 2092.000000 39.000000
44827843.000000 1961.000000 40.000000
44319600.000000 2176.000000 38.000000
44804515.000000 1838.000000 42.000000
44933642.000000 1718.000000 40.000000
45018124.000000 1810.000000 39.000000
44564858.000000 1919.000000 42.000000
44571460.000000 2130.000000 42.000000
44811891.000000 2044.000000 45.000000
44939218.000000 1931.000000 42.000000
44959145.000000 2087.000000 43.000000
45099428.000000 1889.000000 40.000000
45051293.000000 1875.000000 43.000000
44522910.000000 2032.000000 48.000000
45066239.000000 1702.000000 46.000000
44745104.000000 2009.000000 42.000000
44945246.000000 1557.000000 45.000000
44750185.000000 1903.000000 48.000000
44450575.000000 2194.000000 34.000000
44709033.000000 1761.000000 50.000000
44422279.000000 2054.000000 43.000000
45008784.000000 1694.000000 38.000000
44544103.000000 1941.000000 38.000000
45057990.000000 1769.000000 43.000000
44190452.000000 2156.000000 40.000000
44909186.000000 1973.000000 45.000000
44924022.000000 1860.000000 42.000000
44499168.000000 2171.000000 39.000000
44888007.000000 1639.000000 47.000000
44414040.000000 2117.000000 39.000000
45013888.000000 1622.000000 43.000000
44312080.000000 2058.000000 43.000000
44914019.000000 2056.000000 43.000000
44252960.000000 2173.000000 37.000000
44534097.000000 2130.000000 38.000000
45053758.000000 1784.000000 45.000000
44585078.000000 1959.000000 45.000000
44981103.000000 1807.000000 42.000000
44682899.000000 1890.000000 47.000000
44308300.000000 2049.000000 37.000000
44823853.000000 1924.000000 48.000000
44532591.000000 1939.000000 40.000000
45129783.000000 1809.000000 44.000000
