44723732.000000 2320.000000 9.000000
44328421.000000 1438.000000 8.000000
44304369.000000 1103.000000 8.000000
44646137.000000 1900.000000 7.000000
44479523.000000 1148.000000 6.000000
43940405.000000 2889.000000 6.000000
44369464.000000 1297.000000 11.000000
44477296.000000 1209.000000 9.000000
44444987.000000 1677.000000 10.000000
44667661.000000 2129.000000 8.000000
44532888.000000 1847.000000 9.000000
44593980.000000 1409.000000 9.000000
44175862.000000 1343.000000 8.000000
44267294.000000 1675.000000 8.000000
43965094.000000 1499.000000 9.000000
43935855.000000 1499.000000 5.000000
43906729.000000 1458.000000 17.000000
44156846.000000 1330.000000 15.000000
44423131.000000 1174.000000 10.000000
44405886.000000 1421.000000 6.000000
44243584.000000 1520.000000 9.000000
44456512.000000 1053.000000 6.000000
44128660.000000 1765.000000 10.000000
44404308.000000 1686.000000 9.000000
44409313.000000 1432.000000 8.000000
44481115.000000 1762.000000 8.000000
44517877.000000 1239.000000 14.000000
44580113.000000 1338.000000 10.000000
44271671.000000 1233.000000 9.000000
44674851.000000 1689.000000 9.000000
44505190.000000 1949.000000 8.000000
43932110.000000 1770.000000 8.000000
44476359.000000 1103.000000 6.000000
44465272.000000 1755.000000 8.000000
44209749.000000 1680.000000 14.000000
44180808.000000 1574.000000 9.000000
44036108.000000 1271.000000 10.000000
44219143.000000 2301.000000 8.000000
44851421.000000 1622.000000 10.000000
44525484.000000 1954.000000 9.000000
44193420.000000 1119.000000 11.000000
44119089.000000 1613.000000 14.000000
44234475.000000 1838.000000 8.000000
44384297.000000 1088.000000 10.000000
44072211.000000 1036.000000 10.000000
44629015.000000 1128.000000 15.000000
44331690.000000 1386.000000 9.000000
44314227.000000 1771.000000 9.000000
44386168.000000 1235.000000 6.000000
44517816.000000 1415.000000 8.000000
44483871.000000 1631.000000 9.000000
44246286.000000 1273.000000 8.000000
44038461.000000 1362.000000 10.000000
44132666.000000 2044.000000 10.000000
44453414.000000 1871.000000 10.000000
44424345.000000 1712.000000 9.000000
44710843.000000 1733.000000 9.000000
44077777.000000 1037.000000 8.000000
44531321.000000 1487.000000 6.000000
44620280.000000 1540.000000 5.000000
43908345.000000 1176.000000 8.000000
44222996.000000 1523.000000 10.000000
44218602.000000 1608.000000 10.000000
44369685.000000 1228.000000 8.000000
44450420.000000 1148.000000 8.000000
44307165.000000 1619.000000 8.000000
44368275.000000 1600.000000 5.000000
44746102.000000 1532.000000 8.000000
44189603.000000 1307.000000 9.000000
44030050.000000 1471.000000 9.000000
44230567.000000 1467.000000 10.000000
44421308.000000 1584.000000 11.000000
44361533.000000 1275.000000 9.000000
44196591.000000 1767.000000 8.000000
43922022.000000 1192.000000 9.000000
44231344.000000 1332.000000 8.000000
44650584.000000 1690.000000 7.000000
43852911.000000 1070.000000 8.000000
44514817.000000 1793.000000 8.000000
44239188.000000 1285.000000 10.000000
44587870.000000 1513.000000 10.000000
44706368.000000 1388.000000 6.000000
43914185.000000 1339.000000 11.000000
44539331.000000 1290.000000 8.000000
44113975.000000 1530.000000 8.000000
44266163.000000 1307.000000 8.000000
44028596.000000 1641.000000 9.000000
43900136.000000 1795.000000 8.000000
44082064.000000 1128.000000 10.000000
44098242.000000 1229.000000 8.000000
44149254.000000 1345.000000 8.000000
44306567.000000 1762.000000 8.000000
44287273.000000 1552.000000 8.000000
44094150.000000 1779.000000 11.000000
44173139.000000 1216.000000 11.000000
44226963.000000 1116.000000 10.000000
44321534.000000 1347.000000 10.000000
44093234.000000 1463.000000 12.000000
44161834.000000 1190.000000 8.000000
44289773.000000 1115.000000 8.000000
