45331397.000000 1860.000000 13.000000
45891080.000000 1601.000000 9.000000
45572453.000000 1639.000000 0.000000
45698492.000000 1709.000000 12.000000
45767830.000000 1600.000000 0.000000
45498571.000000 1815.000000 0.000000
44997282.000000 1550.000000 13.000000
45436931.000000 1620.000000 0.000000
45545977.000000 1846.000000 0.000000
45446011.000000 1626.000000 0.000000
45665176.000000 1831.000000 0.000000
45713386.000000 1822.000000 0.000000
45564378.000000 1461.000000 15.000000
45645867.000000 1542.000000 15.000000
44908694.000000 1691.000000 15.000000
45697847.000000 1799.000000 9.000000
45063991.000000 1639.000000 9.000000
45623601.000000 1627.000000 0.000000
45883680.000000 1461.000000 0.000000
45665700.000000 1534.000000 0.000000
45587537.000000 1495.000000 9.000000
45833247.000000 1496.000000 0.000000
45715541.000000 1661.000000 0.000000
45541431.000000 1586.000000 0.000000
45649843.000000 1372.000000 10.000000
45896572.000000 1573.000000 9.000000
45529614.000000 1963.000000 0.000000
45861537.000000 1370.000000 10.000000
45755913.000000 1391.000000 5.000000
45793243.000000 1495.000000 15.000000
45614695.000000 1360.000000 13.000000
45463823.000000 1560.000000 0.000000
45083502.000000 1912.000000 10.000000
45557707.000000 1481.000000 7.000000
45662469.000000 1509.000000 0.000000
45829269.000000 1535.000000 12.000000
45487552.000000 1819.000000 9.000000
45211570.000000 1473.000000 0.000000
45388180.000000 2053.000000 0.000000
44985255.000000 1581.000000 0.000000
45679335.000000 1558.000000 9.000000
45458604.000000 1817.000000 10.000000
45545606.000000 1556.000000 12.000000
45860873.000000 1366.000000 12.000000
45759141.000000 1324.000000 29.000000
45520473.000000 1833.000000 0.000000
45728358.000000 1853.000000 9.000000
45792350.000000 1481.000000 9.000000
45749641.000000 1499.000000 10.000000
45403332.000000 1554.000000 0.000000
45584120.000000 1664.000000 11.000000
45709829.000000 1455.000000 0.000000
45900536.000000 1537.000000 0.000000
45386645.000000 1470.000000 0.000000
45467160.000000 1976.000000 0.000000
45503781.000000 1623.000000 0.000000
45372907.000000 1756.000000 0.000000
45561287.000000 1594.000000 11.000000
45583267.000000 2252.000000 0.000000
45708281.000000 1676.000000 14.000000
45566586.000000 1786.000000 12.000000
45291479.000000 1578.000000 0.000000
45699104.000000 1703.000000 9.000000
45292678.000000 1667.000000 0.000000
45553181.000000 1723.000000 12.000000
45708119.000000 1633.000000 0.000000
45597971.000000 1392.000000 12.000000
45621952.000000 1851.000000 0.000000
45675071.000000 1528.000000 0.000000
45426537.000000 2096.000000 13.000000
45367764.000000 1408.000000 0.000000
45804499.000000 1716.000000 9.000000
45496664.000000 1500.000000 0.000000
45842577.000000 1464.000000 10.000000
45517936.000000 1908.000000 0.000000
45700639.000000 1680.000000 0.000000
45407455.000000 1460.000000 0.000000
45510462.000000 1482.000000 0.000000
45613231.000000 1692.000000 0.000000
45383051.000000 2107.000000 0.000000
45618517.000000 1633.000000 0.000000
45818947.000000 1778.000000 0.000000
45824213.000000 1518.000000 0.000000
45310649.000000 2071.000000 15.000000
45609400.000000 1440.000000 13.000000
45481341.000000 1632.000000 6.000000
45341365.000000 1605.000000 12.000000
45114239.000000 2003.000000 10.000000
45861908.000000 1565.000000 10.000000
45261625.000000 1843.000000 11.000000
45727458.000000 1839.000000 0.000000
45064878.000000 1854.000000 0.000000
45561514.000000 1548.000000 0.000000
45769780.000000 1590.000000 13.000000
45421446.000000 1751.000000 0.000000
45604801.000000 1633.000000 0.000000
45790980.000000 1481.000000 0.000000
45565305.000000 1514.000000 12.000000
45690930.000000 1801.000000 0.000000
45399198.000000 1481.000000 0.000000
