39404060.000000 3796.000000 612.000000
37349619.000000 13175.000000 9670.000000
38449334.000000 6410.000000 2609.000000
39352885.000000 3980.000000 525.000000
37029418.000000 5023.000000 3295.000000
36766747.000000 6910.000000 3864.000000
31627178.000000 5405.000000 26523.000000
34826342.000000 9737.000000 6575.000000
37084457.000000 12156.000000 10699.000000
38917157.000000 5068.000000 1074.000000
38826359.000000 5245.000000 2563.000000
38464171.000000 9086.000000 5461.000000
38944773.000000 5658.000000 1535.000000
39072153.000000 4479.000000 2111.000000
39034499.000000 5440.000000 1851.000000
36269227.000000 9335.000000 7159.000000
39134399.000000 4401.000000 855.000000
39182946.000000 5079.000000 1784.000000
39588068.000000 4277.000000 775.000000
36568241.000000 8248.000000 4859.000000
39703114.000000 4496.000000 556.000000
37760949.000000 7921.000000 5293.000000
38976832.000000 5229.000000 1704.000000
39508828.000000 3563.000000 593.000000
39435865.000000 4033.000000 913.000000
39178899.000000 4513.000000 959.000000
37837722.000000 5449.000000 2204.000000
37387984.000000 10360.000000 4568.000000
38419120.000000 5739.000000 2086.000000
39323870.000000 3382.000000 689.000000
39410720.000000 4000.000000 571.000000
38782279.000000 5314.000000 2149.000000
38895249.000000 5429.000000 2100.000000
38763084.000000 5647.000000 2503.000000
39613644.000000 4218.000000 643.000000
38565767.000000 7367.000000 2889.000000
39169169.000000 3988.000000 964.000000
38802097.000000 5748.000000 2548.000000
39267445.000000 4782.000000 881.000000
37491202.000000 12839.000000 8354.000000
37991304.000000 10960.000000 7299.000000
39423899.000000 3273.000000 953.000000
39160868.000000 4832.000000 1852.000000
39135296.000000 3831.000000 1510.000000
39016251.000000 4948.000000 1729.000000
39530607.000000 4193.000000 733.000000
39094510.000000 4685.000000 1560.000000
35480193.000000 15349.000000 12271.000000
38443134.000000 4891.000000 2352.000000
39564638.000000 3469.000000 871.000000
39080769.000000 5223.000000 1471.000000
39235576.000000 4089.000000 1434.000000
37513810.000000 6636.000000 2784.000000
1408606.000000 103383.000000 92164.000000
38130256.000000 8989.000000 5347.000000
39219014.000000 4740.000000 1234.000000
38017374.000000 10043.000000 6378.000000
39534570.000000 4463.000000 668.000000
38539110.000000 7153.000000 4026.000000
39220789.000000 4705.000000 1499.000000
39251750.000000 4488.000000 1926.000000
39368418.000000 4333.000000 638.000000
39602774.000000 3943.000000 609.000000
39407559.000000 4301.000000 493.000000
39210533.000000 5500.000000 1664.000000
39534039.000000 4329.000000 841.000000
38834227.000000 5887.000000 1716.000000
39143570.000000 4658.000000 1249.000000
37961836.000000 6806.000000 2748.000000
37943615.000000 9629.000000 6812.000000
39456844.000000 4421.000000 710.000000
39466193.000000 4811.000000 754.000000
39396019.000000 4831.000000 1373.000000
38990910.000000 4832.000000 1581.000000
38666687.000000 6216.000000 3215.000000
36253355.000000 8634.000000 5225.000000
39576595.000000 4600.000000 633.000000
33892438.000000 28164.000000 20283.000000
39634873.000000 4261.000000 706.000000
35441059.000000 11704.000000 9177.000000
37690484.000000 7072.000000 3713.000000
39471478.000000 4174.000000 576.000000
39429371.000000 3116.000000 621.000000
28150470.000000 94090.000000 59204.000000
39498826.000000 4199.000000 701.000000
38687472.000000 5546.000000 3231.000000
38788782.000000 4895.000000 1064.000000
37497931.000000 8391.000000 2809.000000
39039520.000000 5683.000000 1955.000000
39455654.000000 4226.000000 738.000000
31650078.000000 24504.000000 18706.000000
39562333.000000 4327.000000 622.000000
31994824.000000 19302.000000 17333.000000
39530925.000000 4133.000000 524.000000
38361421.000000 8697.000000 4976.000000
39167325.000000 4395.000000 779.000000
39525211.000000 4168.000000 511.000000
38146648.000000 4389.000000 2669.000000
37665563.000000 5199.000000 1950.000000
39162769.000000 5438.000000 1377.000000
