44158361.000000 900.000000 55.000000
44158821.000000 472.000000 51.000000
44044621.000000 1362.000000 52.000000
43648674.000000 1633.000000 49.000000
44217667.000000 915.000000 56.000000
43655775.000000 1526.000000 55.000000
44143736.000000 1061.000000 63.000000
43994438.000000 451.000000 47.000000
44039365.000000 1454.000000 56.000000
43928795.000000 1366.000000 57.000000
43563885.000000 1549.000000 49.000000
43894278.000000 1377.000000 52.000000
44228795.000000 852.000000 55.000000
43635522.000000 1542.000000 52.000000
44188600.000000 1054.000000 61.000000
43747794.000000 1534.000000 59.000000
44060843.000000 1067.000000 57.000000
44296551.000000 440.000000 52.000000
44101481.000000 1190.000000 55.000000
44092813.000000 466.000000 54.000000
43830599.000000 1345.000000 54.000000
43818959.000000 1489.000000 51.000000
44130237.000000 953.000000 57.000000
44264518.000000 1025.000000 64.000000
44074066.000000 562.000000 48.000000
44190781.000000 445.000000 52.000000
44061260.000000 1410.000000 54.000000
44074930.000000 463.000000 52.000000
44223055.000000 561.000000 51.000000
44284841.000000 410.000000 53.000000
43779086.000000 1381.000000 52.000000
44152219.000000 496.000000 49.000000
43658458.000000 1688.000000 49.000000
44217750.000000 492.000000 49.000000
44044963.000000 471.000000 53.000000
44112443.000000 437.000000 50.000000
43047543.000000 2254.000000 46.000000
44062543.000000 1187.000000 57.000000
43762051.000000 1499.000000 53.000000
44219667.000000 624.000000 45.000000
44150248.000000 1190.000000 53.000000
44226573.000000 581.000000 49.000000
44273979.000000 1149.000000 55.000000
44112217.000000 530.000000 51.000000
44100292.000000 1380.000000 54.000000
44234828.000000 471.000000 53.000000
43810562.000000 1756.000000 54.000000
43811259.000000 1519.000000 51.000000
43876239.000000 1415.000000 54.000000
44117343.000000 464.000000 50.000000
44021634.000000 489.000000 51.000000
43964466.000000 1353.000000 51.000000
44156898.000000 429.000000 53.000000
43780770.000000 576.000000 50.000000
43915476.000000 1143.000000 53.000000
44081165.000000 1002.000000 54.000000
44094368.000000 483.000000 48.000000
44253165.000000 399.000000 51.000000
43812822.000000 1370.000000 56.000000
43770291.000000 1491.000000 56.000000
43976347.000000 1315.000000 57.000000
44100028.000000 472.000000 52.000000
44125383.000000 989.000000 54.000000
44142223.000000 528.000000 50.000000
44018741.000000 1086.000000 55.000000
44140192.000000 485.000000 50.000000
43999860.000000 1181.000000 55.000000
43877940.000000 1350.000000 57.000000
44183020.000000 466.000000 50.000000
44059054.000000 1327.000000 59.000000
43928712.000000 1552.000000 57.000000
44258571.000000 511.000000 49.000000
43789202.000000 1406.000000 49.000000
43707406.000000 1664.000000 56.000000
44064058.000000 544.000000 50.000000
44257392.000000 443.000000 50.000000
43951664.000000 1378.000000 54.000000
43935029.000000 1355.000000 52.000000
44041942.000000 1271.000000 58.000000
44018720.000000 1249.000000 56.000000
43944642.000000 1334.000000 54.000000
43547393.000000 1640.000000 40.000000
43734960.000000 1394.000000 53.000000
44221617.000000 466.000000 53.000000
44293976.000000 417.000000 49.000000
43999670.000000 421.000000 49.000000
44084623.000000 454.000000 54.000000
43971114.000000 489.000000 53.000000
44244020.000000 1076.000000 56.000000
44155616.000000 490.000000 54.000000
43846280.000000 1648.000000 54.000000
44188960.000000 961.000000 57.000000
44289850.000000 462.000000 51.000000
43987981.000000 1208.000000 50.000000
44234144.000000 497.000000 44.000000
44023616.000000 1249.000000 53.000000
44148531.000000 470.000000 54.000000
44272995.000000 442.000000 55.000000
44014848.000000 602.000000 52.000000
44064062.000000 966.000000 53.000000
