41754795.000000 3029.000000 0.000000
43532101.000000 2191.000000 2.000000
43825122.000000 2004.000000 0.000000
43691994.000000 2015.000000 0.000000
43617608.000000 1935.000000 2.000000
43369798.000000 2249.000000 0.000000
43757660.000000 1859.000000 0.000000
43478177.000000 2131.000000 0.000000
43560236.000000 2641.000000 0.000000
42868835.000000 2059.000000 0.000000
43121004.000000 2168.000000 0.000000
43401917.000000 2013.000000 0.000000
43641032.000000 1884.000000 0.000000
43367782.000000 1936.000000 0.000000
43810240.000000 1954.000000 0.000000
44065285.000000 2247.000000 0.000000
43622731.000000 2099.000000 0.000000
43626655.000000 2730.000000 0.000000
43617882.000000 2093.000000 0.000000
43761387.000000 2568.000000 0.000000
43455534.000000 2261.000000 2.000000
43459785.000000 1560.000000 0.000000
43589832.000000 2350.000000 0.000000
43487827.000000 1885.000000 0.000000
43712235.000000 2340.000000 0.000000
43872754.000000 2073.000000 5.000000
43915008.000000 1892.000000 0.000000
43182544.000000 2350.000000 0.000000
43525857.000000 2178.000000 0.000000
43654088.000000 2478.000000 0.000000
43799215.000000 2009.000000 0.000000
43333131.000000 2059.000000 0.000000
43434804.000000 2154.000000 0.000000
43607179.000000 2153.000000 0.000000
43443463.000000 2157.000000 0.000000
43460561.000000 2676.000000 0.000000
43271589.000000 1892.000000 0.000000
43583482.000000 2107.000000 0.000000
43325891.000000 2180.000000 0.000000
43503220.000000 2400.000000 0.000000
43582649.000000 2070.000000 0.000000
43607098.000000 2186.000000 0.000000
43587794.000000 2215.000000 0.000000
43693824.000000 2390.000000 0.000000
43875141.000000 2119.000000 0.000000
43448000.000000 2068.000000 0.000000
43471911.000000 1873.000000 0.000000
43860194.000000 2235.000000 2.000000
42967195.000000 2413.000000 0.000000
43738046.000000 2432.000000 0.000000
43800749.000000 1911.000000 0.000000
43553872.000000 2088.000000 0.000000
43774061.000000 2949.000000 0.000000
43707546.000000 1930.000000 0.000000
43913697.000000 1913.000000 3.000000
43492226.000000 2188.000000 0.000000
43732419.000000 1938.000000 0.000000
43679259.000000 2133.000000 0.000000
43401056.000000 2349.000000 2.000000
43605527.000000 2008.000000 0.000000
43691402.000000 2435.000000 0.000000
43523673.000000 2461.000000 0.000000
43635620.000000 2557.000000 0.000000
43241350.000000 1446.000000 1.000000
43508683.000000 2336.000000 0.000000
43899295.000000 2107.000000 0.000000
43407567.000000 1885.000000 0.000000
43663004.000000 2169.000000 0.000000
43649307.000000 1940.000000 2.000000
43547997.000000 2015.000000 0.000000
43548838.000000 2235.000000 0.000000
43810063.000000 2212.000000 0.000000
43525835.000000 2049.000000 0.000000
43640006.000000 1855.000000 0.000000
43699048.000000 1918.000000 0.000000
43703978.000000 2117.000000 0.000000
43473671.000000 1933.000000 0.000000
43655099.000000 2167.000000 2.000000
43488952.000000 2153.000000 0.000000
43620323.000000 2333.000000 0.000000
43316945.000000 1798.000000 0.000000
43636790.000000 2645.000000 0.000000
43678414.000000 2096.000000 0.000000
43588958.000000 1964.000000 0.000000
43731410.000000 1965.000000 0.000000
43693668.000000 2003.000000 2.000000
43554090.000000 2365.000000 0.000000
43592040.000000 2159.000000 0.000000
43778667.000000 2221.000000 0.000000
43464553.000000 2290.000000 1.000000
43448735.000000 1900.000000 0.000000
43526241.000000 1877.000000 0.000000
43547004.000000 1853.000000 0.000000
43839376.000000 2513.000000 0.000000
43491444.000000 2713.000000 2.000000
43452275.000000 2040.000000 0.000000
43731479.000000 2039.000000 0.000000
43673560.000000 1946.000000 2.000000
43657591.000000 2340.000000 0.000000
43573530.000000 2069.000000 0.000000
