44639835.000000 1927.000000 16.000000
44381723.000000 2319.000000 12.000000
45011803.000000 2027.000000 9.000000
44805103.000000 2100.000000 10.000000
44474659.000000 2045.000000 13.000000
44698140.000000 2210.000000 14.000000
44834908.000000 2051.000000 14.000000
44636635.000000 2124.000000 15.000000
44731207.000000 2097.000000 17.000000
44387591.000000 1784.000000 7.000000
44757923.000000 1923.000000 17.000000
44743006.000000 1913.000000 13.000000
44770402.000000 1893.000000 16.000000
44771576.000000 1942.000000 15.000000
44854543.000000 2019.000000 14.000000
44585088.000000 1659.000000 14.000000
44727601.000000 2070.000000 10.000000
44958400.000000 1938.000000 11.000000
44727132.000000 2223.000000 11.000000
44544604.000000 1737.000000 12.000000
44927893.000000 1932.000000 11.000000
44789965.000000 2178.000000 16.000000
44556331.000000 1829.000000 17.000000
44697772.000000 2349.000000 15.000000
44624026.000000 2138.000000 14.000000
44718805.000000 2184.000000 13.000000
44739813.000000 2039.000000 15.000000
44691188.000000 1633.000000 11.000000
44712969.000000 1931.000000 15.000000
44834893.000000 2215.000000 11.000000
44703956.000000 2046.000000 14.000000
44535746.000000 2421.000000 11.000000
44634843.000000 2175.000000 13.000000
44535301.000000 2370.000000 9.000000
44495267.000000 1860.000000 13.000000
44517080.000000 1816.000000 11.000000
44804418.000000 2159.000000 20.000000
44731808.000000 1859.000000 12.000000
44763325.000000 1748.000000 70.000000
44602898.000000 1833.000000 12.000000
44681986.000000 2324.000000 18.000000
44734536.000000 1811.000000 16.000000
45037886.000000 2074.000000 12.000000
44682740.000000 2076.000000 13.000000
44710162.000000 2219.000000 15.000000
44515901.000000 2223.000000 11.000000
44974503.000000 2038.000000 18.000000
44773163.000000 1984.000000 13.000000
44788399.000000 1459.000000 13.000000
44627559.000000 2118.000000 17.000000
44671645.000000 2173.000000 13.000000
44736003.000000 2166.000000 16.000000
44756428.000000 1925.000000 12.000000
44872971.000000 2267.000000 13.000000
44710963.000000 1925.000000 11.000000
44992279.000000 1851.000000 9.000000
44475102.000000 1988.000000 14.000000
44828889.000000 2177.000000 17.000000
44897647.000000 2747.000000 33.000000
44775450.000000 2172.000000 14.000000
44973051.000000 1813.000000 11.000000
44736497.000000 1986.000000 13.000000
44895830.000000 1918.000000 9.000000
44619292.000000 2264.000000 17.000000
44668709.000000 2124.000000 19.000000
44638122.000000 1975.000000 9.000000
44629761.000000 2059.000000 13.000000
44763550.000000 1961.000000 13.000000
44983446.000000 2404.000000 15.000000
44700811.000000 1752.000000 16.000000
44832348.000000 2262.000000 40.000000
44708760.000000 1844.000000 20.000000
44687751.000000 1907.000000 15.000000
44680666.000000 2643.000000 15.000000
44678533.000000 2064.000000 11.000000
44921094.000000 1984.000000 47.000000
44712750.000000 2112.000000 14.000000
47136535.000000 2054.000000 7.000000
44717257.000000 2341.000000 10.000000
44907807.000000 2341.000000 18.000000
44742280.000000 2243.000000 10.000000
44642125.000000 1776.000000 13.000000
44439757.000000 2010.000000 13.000000
44635231.000000 2848.000000 12.000000
44663030.000000 1628.000000 14.000000
44740678.000000 2850.000000 16.000000
44620972.000000 1766.000000 13.000000
44595398.000000 2875.000000 10.000000
44607656.000000 1930.000000 10.000000
44764051.000000 2127.000000 18.000000
44616475.000000 1983.000000 13.000000
44771909.000000 2134.000000 11.000000
45081030.000000 2268.000000 15.000000
45021636.000000 2438.000000 18.000000
44525165.000000 2363.000000 14.000000
44693017.000000 1794.000000 14.000000
44749870.000000 2143.000000 15.000000
44749522.000000 1833.000000 11.000000
44745042.000000 1957.000000 10.000000
44384747.000000 1729.000000 13.000000
