44111464.000000 1315.000000 53.000000
44202532.000000 463.000000 53.000000
43854246.000000 409.000000 51.000000
44041321.000000 1407.000000 28.000000
44038828.000000 421.000000 51.000000
43704485.000000 988.000000 52.000000
43974239.000000 912.000000 52.000000
43776718.000000 1513.000000 56.000000
43615724.000000 1518.000000 52.000000
43881289.000000 1009.000000 58.000000
43956990.000000 956.000000 53.000000
44040997.000000 474.000000 49.000000
43869255.000000 1031.000000 51.000000
43559564.000000 1403.000000 55.000000
43910200.000000 403.000000 53.000000
44108061.000000 896.000000 51.000000
43973396.000000 1516.000000 55.000000
43916107.000000 1093.000000 56.000000
43585800.000000 1594.000000 49.000000
44094521.000000 533.000000 49.000000
43859307.000000 458.000000 50.000000
44272383.000000 485.000000 52.000000
43788615.000000 382.000000 49.000000
44082611.000000 1091.000000 57.000000
43869529.000000 438.000000 53.000000
44098603.000000 917.000000 54.000000
44093583.000000 583.000000 51.000000
43783107.000000 1577.000000 56.000000
43790486.000000 995.000000 54.000000
43968281.000000 470.000000 26.000000
43914079.000000 469.000000 48.000000
43922264.000000 1250.000000 52.000000
44187289.000000 448.000000 51.000000
44113824.000000 464.000000 52.000000
44027077.000000 822.000000 54.000000
43924884.000000 1051.000000 54.000000
43978938.000000 1153.000000 54.000000
43927700.000000 1174.000000 47.000000
44030962.000000 958.000000 56.000000
43795528.000000 510.000000 49.000000
44105772.000000 470.000000 48.000000
43826079.000000 1305.000000 51.000000
43713069.000000 1584.000000 51.000000
43924747.000000 931.000000 56.000000
44086611.000000 410.000000 51.000000
43866979.000000 1044.000000 53.000000
43205634.000000 1570.000000 33.000000
44233727.000000 1080.000000 55.000000
44089374.000000 1092.000000 58.000000
43966166.000000 1024.000000 59.000000
44130570.000000 417.000000 49.000000
43906250.000000 513.000000 48.000000
43405933.000000 1534.000000 54.000000
44078032.000000 459.000000 51.000000
44170255.000000 527.000000 52.000000
43922272.000000 1024.000000 52.000000
44006526.000000 972.000000 55.000000
44181889.000000 468.000000 43.000000
43710162.000000 1413.000000 53.000000
44011817.000000 1271.000000 58.000000
43694547.000000 1636.000000 56.000000
43621016.000000 1621.000000 52.000000
44230997.000000 443.000000 50.000000
43461045.000000 1735.000000 46.000000
43650154.000000 1555.000000 50.000000
43869625.000000 532.000000 49.000000
44166077.000000 455.000000 52.000000
44169838.000000 494.000000 49.000000
43786295.000000 473.000000 49.000000
43964479.000000 1015.000000 56.000000
43890344.000000 440.000000 50.000000
44005619.000000 460.000000 49.000000
42883412.000000 835.000000 48.000000
44047719.000000 962.000000 56.000000
43935277.000000 996.000000 55.000000
43884944.000000 1033.000000 53.000000
43992384.000000 945.000000 60.000000
44014707.000000 1293.000000 50.000000
43790717.000000 1098.000000 37.000000
44018238.000000 1318.000000 51.000000
43708884.000000 1412.000000 52.000000
43981685.000000 465.000000 49.000000
44075921.000000 1059.000000 56.000000
43903325.000000 1493.000000 51.000000
44091126.000000 529.000000 47.000000
44116075.000000 431.000000 47.000000
43961293.000000 523.000000 49.000000
43831864.000000 1335.000000 21.000000
44134811.000000 1101.000000 53.000000
44216088.000000 518.000000 51.000000
44125441.000000 919.000000 57.000000
43484403.000000 1721.000000 50.000000
43982203.000000 888.000000 51.000000
43994581.000000 1453.000000 52.000000
43972428.000000 992.000000 55.000000
44144816.000000 1254.000000 54.000000
44023399.000000 1014.000000 55.000000
44133861.000000 447.000000 49.000000
44040566.000000 898.000000 54.000000
44003170.000000 437.000000 54.000000
