45546143.000000 1365.000000 0.000000
45892587.000000 1385.000000 0.000000
45948517.000000 1489.000000 0.000000
45780394.000000 1293.000000 0.000000
45614925.000000 1542.000000 0.000000
45702998.000000 1403.000000 0.000000
45735879.000000 1373.000000 0.000000
46019363.000000 1593.000000 0.000000
45789433.000000 1377.000000 0.000000
45425664.000000 1465.000000 0.000000
45658562.000000 1390.000000 0.000000
45846601.000000 1642.000000 15.000000
45950320.000000 1425.000000 0.000000
45828053.000000 1206.000000 0.000000
45832447.000000 1332.000000 0.000000
45614516.000000 1577.000000 0.000000
45754102.000000 1676.000000 0.000000
45663334.000000 1835.000000 0.000000
45838348.000000 1643.000000 0.000000
45791590.000000 1894.000000 0.000000
45567267.000000 1347.000000 0.000000
45722156.000000 1434.000000 0.000000
45693390.000000 1486.000000 0.000000
45661956.000000 1446.000000 0.000000
45975985.000000 1395.000000 0.000000
45869037.000000 1215.000000 0.000000
45879630.000000 1560.000000 0.000000
46125309.000000 1370.000000 0.000000
45560411.000000 1730.000000 0.000000
45770938.000000 1364.000000 0.000000
45763624.000000 1409.000000 0.000000
45577553.000000 1411.000000 0.000000
45509738.000000 1579.000000 5.000000
45466910.000000 1787.000000 0.000000
45912547.000000 1320.000000 0.000000
45832766.000000 1427.000000 0.000000
45614091.000000 1464.000000 0.000000
45832714.000000 1336.000000 0.000000
45616023.000000 1404.000000 0.000000
45713587.000000 1529.000000 0.000000
46049404.000000 1200.000000 0.000000
45824174.000000 1965.000000 0.000000
45973360.000000 1542.000000 0.000000
45847164.000000 1617.000000 0.000000
45944333.000000 1475.000000 0.000000
45758386.000000 1321.000000 0.000000
46008714.000000 1552.000000 0.000000
46160760.000000 1421.000000 0.000000
45709665.000000 1434.000000 0.000000
45831405.000000 1449.000000 0.000000
45765766.000000 1537.000000 0.000000
45704925.000000 1461.000000 0.000000
45475347.000000 1407.000000 0.000000
45744530.000000 1394.000000 0.000000
46013030.000000 1601.000000 0.000000
45652446.000000 1063.000000 0.000000
45307496.000000 1253.000000 0.000000
45857160.000000 1430.000000 0.000000
45948632.000000 1460.000000 0.000000
45558255.000000 1521.000000 0.000000
45595477.000000 1358.000000 0.000000
45753585.000000 1323.000000 0.000000
45798060.000000 1429.000000 0.000000
45902077.000000 1655.000000 0.000000
45791004.000000 1418.000000 0.000000
45949049.000000 1499.000000 0.000000
45839905.000000 1485.000000 0.000000
45910835.000000 1239.000000 0.000000
45728765.000000 1508.000000 0.000000
45485483.000000 1531.000000 0.000000
45790974.000000 1531.000000 0.000000
45548454.000000 1527.000000 0.000000
45612843.000000 1218.000000 0.000000
45845165.000000 1492.000000 0.000000
45850050.000000 1401.000000 7.000000
45807944.000000 1383.000000 0.000000
45604763.000000 1250.000000 0.000000
45814615.000000 1170.000000 0.000000
46281392.000000 1404.000000 0.000000
45858078.000000 1284.000000 0.000000
45897592.000000 1452.000000 0.000000
45718529.000000 1305.000000 0.000000
45694448.000000 1732.000000 0.000000
46028288.000000 1098.000000 0.000000
45925102.000000 1471.000000 0.000000
45672862.000000 1195.000000 0.000000
45708736.000000 1476.000000 0.000000
45557439.000000 1673.000000 0.000000
45843367.000000 1405.000000 0.000000
45948755.000000 1264.000000 0.000000
46178069.000000 1370.000000 6.000000
45657180.000000 1235.000000 0.000000
45516546.000000 1258.000000 0.000000
45705362.000000 1244.000000 0.000000
45813180.000000 1484.000000 0.000000
45846929.000000 1550.000000 0.000000
45537541.000000 1214.000000 0.000000
45651476.000000 1476.000000 0.000000
45866382.000000 1543.000000 0.000000
45592899.000000 1345.000000 0.000000
