45647005.000000 1647.000000 0.000000
45513860.000000 1991.000000 15.000000
45605060.000000 1670.000000 0.000000
45242947.000000 1639.000000 15.000000
45305176.000000 1705.000000 10.000000
45419591.000000 1735.000000 12.000000
45520275.000000 1821.000000 0.000000
45468623.000000 1490.000000 52.000000
45431870.000000 1616.000000 0.000000
45362873.000000 1734.000000 62.000000
45351630.000000 1664.000000 19.000000
45042665.000000 1852.000000 14.000000
45387270.000000 1525.000000 14.000000
45393054.000000 1610.000000 5.000000
45289267.000000 1853.000000 178.000000
45635958.000000 1883.000000 92.000000
45269403.000000 1643.000000 0.000000
45279678.000000 1820.000000 5.000000
45613478.000000 1666.000000 0.000000
45381650.000000 1925.000000 15.000000
45321834.000000 1653.000000 5.000000
45084060.000000 2331.000000 29.000000
45381071.000000 1622.000000 0.000000
45567272.000000 1672.000000 21.000000
45412434.000000 1519.000000 10.000000
45619890.000000 1561.000000 18.000000
45770916.000000 1713.000000 10.000000
45616583.000000 1420.000000 0.000000
44978805.000000 2026.000000 15.000000
45412374.000000 1647.000000 17.000000
45469717.000000 1787.000000 0.000000
45486122.000000 1579.000000 238.000000
45484429.000000 1968.000000 126.000000
45349452.000000 1556.000000 10.000000
45539013.000000 1920.000000 0.000000
45640685.000000 1569.000000 0.000000
45262383.000000 1832.000000 10.000000
45445932.000000 1486.000000 5.000000
45298545.000000 1845.000000 19.000000
45372205.000000 1733.000000 0.000000
45201526.000000 1893.000000 16.000000
45465846.000000 1615.000000 13.000000
45447550.000000 1953.000000 10.000000
45693633.000000 1516.000000 0.000000
45688306.000000 1769.000000 0.000000
45830234.000000 1602.000000 0.000000
45523375.000000 1555.000000 18.000000
45351637.000000 1489.000000 0.000000
45235453.000000 1836.000000 19.000000
45419360.000000 1716.000000 29.000000
45524354.000000 2044.000000 9.000000
45520467.000000 1558.000000 0.000000
45219552.000000 1710.000000 102.000000
45449027.000000 1675.000000 155.000000
45335519.000000 1755.000000 11.000000
45438551.000000 1771.000000 302.000000
45393355.000000 1428.000000 0.000000
45245413.000000 1534.000000 19.000000
45531605.000000 1679.000000 0.000000
45611886.000000 1776.000000 10.000000
45592844.000000 1555.000000 0.000000
45264688.000000 1614.000000 29.000000
45741936.000000 1838.000000 0.000000
45302968.000000 1740.000000 9.000000
45327284.000000 1840.000000 0.000000
45248548.000000 1788.000000 103.000000
45654222.000000 1496.000000 5.000000
45355174.000000 1648.000000 10.000000
45450052.000000 1895.000000 92.000000
45706008.000000 1815.000000 136.000000
45265259.000000 1668.000000 10.000000
45373312.000000 2011.000000 0.000000
45464936.000000 1531.000000 10.000000
45222133.000000 1568.000000 10.000000
45483518.000000 1645.000000 15.000000
45503413.000000 1847.000000 0.000000
45386946.000000 1863.000000 39.000000
45219317.000000 1516.000000 0.000000
45564857.000000 1717.000000 9.000000
45334674.000000 1618.000000 214.000000
45422515.000000 1877.000000 0.000000
45841223.000000 1593.000000 10.000000
45231613.000000 1827.000000 15.000000
45391617.000000 1488.000000 19.000000
45106953.000000 1790.000000 14.000000
45611619.000000 1507.000000 86.000000
45568161.000000 1861.000000 10.000000
45283106.000000 1687.000000 19.000000
45569907.000000 1684.000000 8.000000
45271479.000000 1857.000000 0.000000
45126486.000000 1597.000000 9.000000
44998561.000000 1700.000000 29.000000
45289923.000000 1702.000000 14.000000
45523787.000000 2098.000000 9.000000
45570772.000000 1580.000000 22.000000
45390795.000000 1599.000000 10.000000
45535745.000000 2197.000000 10.000000
45763016.000000 1360.000000 0.000000
45263012.000000 1754.000000 0.000000
45307643.000000 1702.000000 15.000000
