43789513.000000 1728.000000 0.000000
43828786.000000 1352.000000 0.000000
43692315.000000 1393.000000 0.000000
43983773.000000 1549.000000 0.000000
43570940.000000 1495.000000 0.000000
43517369.000000 1427.000000 0.000000
43883445.000000 1647.000000 0.000000
43599627.000000 1778.000000 0.000000
43740562.000000 1939.000000 0.000000
44162877.000000 1353.000000 0.000000
43961036.000000 1541.000000 0.000000
43678480.000000 1834.000000 0.000000
43686228.000000 1887.000000 0.000000
43607442.000000 1440.000000 0.000000
43670879.000000 1403.000000 0.000000
44085578.000000 1424.000000 0.000000
43644652.000000 1431.000000 0.000000
43860613.000000 1793.000000 0.000000
43581679.000000 1509.000000 0.000000
43817291.000000 1884.000000 0.000000
43975046.000000 1657.000000 0.000000
43902561.000000 1349.000000 0.000000
44042327.000000 1428.000000 0.000000
43432852.000000 1393.000000 0.000000
43688301.000000 1730.000000 0.000000
44024997.000000 1609.000000 0.000000
43985326.000000 1436.000000 0.000000
43470093.000000 1391.000000 0.000000
43334258.000000 1418.000000 0.000000
43933005.000000 1593.000000 0.000000
43526177.000000 1512.000000 0.000000
43859394.000000 1739.000000 0.000000
43494234.000000 1622.000000 0.000000
43870193.000000 1760.000000 0.000000
43387358.000000 1785.000000 0.000000
43923662.000000 2660.000000 0.000000
43836381.000000 1452.000000 0.000000
43792817.000000 1431.000000 0.000000
43912698.000000 1384.000000 0.000000
43738309.000000 1558.000000 0.000000
43242348.000000 1525.000000 0.000000
43928806.000000 1533.000000 0.000000
43332474.000000 1499.000000 0.000000
44106977.000000 1344.000000 0.000000
43896233.000000 1298.000000 0.000000
43125757.000000 1423.000000 0.000000
43652724.000000 1667.000000 0.000000
44043443.000000 1481.000000 0.000000
43988263.000000 1722.000000 0.000000
44145968.000000 1998.000000 0.000000
43862449.000000 1772.000000 0.000000
44301574.000000 1308.000000 0.000000
43531662.000000 1303.000000 0.000000
43756037.000000 1672.000000 0.000000
44095713.000000 1698.000000 0.000000
43504538.000000 1575.000000 0.000000
44029297.000000 2042.000000 0.000000
43718771.000000 1517.000000 0.000000
43722275.000000 1737.000000 0.000000
44100230.000000 1669.000000 0.000000
43877902.000000 1508.000000 0.000000
43535650.000000 1493.000000 0.000000
44041172.000000 1591.000000 0.000000
43949526.000000 1562.000000 0.000000
43577458.000000 1804.000000 0.000000
44065769.000000 1623.000000 0.000000
43937325.000000 1911.000000 0.000000
43647885.000000 2052.000000 0.000000
43750142.000000 1714.000000 0.000000
44002290.000000 1672.000000 0.000000
44067250.000000 1565.000000 0.000000
44064009.000000 1461.000000 0.000000
43720943.000000 1811.000000 0.000000
43502545.000000 1291.000000 0.000000
44022355.000000 1639.000000 0.000000
44030478.000000 1323.000000 0.000000
43689558.000000 1756.000000 0.000000
44052026.000000 1336.000000 0.000000
43632421.000000 1487.000000 0.000000
43662308.000000 1722.000000 0.000000
43850332.000000 1599.000000 0.000000
44155250.000000 1751.000000 0.000000
43574414.000000 1804.000000 0.000000
43940076.000000 1616.000000 0.000000
43403478.000000 1334.000000 0.000000
43691296.000000 1867.000000 0.000000
44024582.000000 1484.000000 0.000000
43815876.000000 1837.000000 0.000000
44128980.000000 1670.000000 0.000000
43079188.000000 1203.000000 0.000000
43809195.000000 1335.000000 0.000000
43229859.000000 1661.000000 0.000000
44061838.000000 1512.000000 0.000000
44096871.000000 1768.000000 0.000000
43888330.000000 1393.000000 0.000000
44005651.000000 1585.000000 0.000000
44001163.000000 1462.000000 0.000000
43059526.000000 1738.000000 0.000000
43788217.000000 1622.000000 0.000000
43631855.000000 1547.000000 0.000000
