44230228.000000 1038.000000 58.000000
44101267.000000 932.000000 55.000000
44153876.000000 1069.000000 54.000000
43330027.000000 1664.000000 26.000000
43875292.000000 470.000000 51.000000
44121623.000000 475.000000 54.000000
44055148.000000 408.000000 53.000000
44094969.000000 804.000000 51.000000
44262139.000000 962.000000 57.000000
44079739.000000 1029.000000 57.000000
44188928.000000 1082.000000 53.000000
44022927.000000 1441.000000 54.000000
43610179.000000 1377.000000 52.000000
43940352.000000 1389.000000 58.000000
44242372.000000 449.000000 55.000000
44016335.000000 498.000000 48.000000
43791405.000000 1486.000000 54.000000
43519724.000000 1528.000000 50.000000
44059050.000000 1043.000000 55.000000
44273983.000000 1205.000000 57.000000
44147747.000000 1357.000000 51.000000
44062278.000000 1289.000000 50.000000
43875802.000000 1320.000000 55.000000
43957526.000000 1522.000000 56.000000
43979195.000000 1450.000000 54.000000
44076078.000000 963.000000 55.000000
43823547.000000 468.000000 50.000000
44037947.000000 1250.000000 53.000000
44208303.000000 409.000000 49.000000
43926648.000000 1295.000000 54.000000
43950394.000000 1394.000000 58.000000
43896809.000000 1459.000000 53.000000
44045482.000000 904.000000 53.000000
43370900.000000 1560.000000 33.000000
44069041.000000 511.000000 49.000000
44171844.000000 1071.000000 54.000000
43881302.000000 433.000000 50.000000
44200774.000000 617.000000 51.000000
43953709.000000 476.000000 53.000000
44141015.000000 471.000000 56.000000
43880683.000000 986.000000 55.000000
43910255.000000 1417.000000 57.000000
43643574.000000 1572.000000 52.000000
44164467.000000 453.000000 49.000000
44238924.000000 562.000000 49.000000
44232274.000000 451.000000 51.000000
44204547.000000 478.000000 54.000000
44222215.000000 460.000000 51.000000
43234899.000000 1662.000000 28.000000
43736546.000000 1481.000000 54.000000
43825827.000000 997.000000 55.000000
44085182.000000 904.000000 52.000000
44157392.000000 515.000000 48.000000
44106097.000000 403.000000 54.000000
44166841.000000 433.000000 50.000000
44153167.000000 422.000000 54.000000
43902042.000000 1272.000000 60.000000
44136241.000000 1028.000000 55.000000
43547173.000000 1624.000000 44.000000
44088763.000000 1116.000000 50.000000
44200257.000000 432.000000 52.000000
44252503.000000 509.000000 53.000000
43817359.000000 375.000000 45.000000
44165292.000000 472.000000 54.000000
43965416.000000 1482.000000 55.000000
44085111.000000 507.000000 53.000000
43635562.000000 1411.000000 48.000000
43962290.000000 1288.000000 50.000000
44122389.000000 1219.000000 54.000000
44228774.000000 445.000000 49.000000
44112783.000000 1123.000000 55.000000
44050579.000000 1411.000000 59.000000
43783708.000000 1513.000000 54.000000
43595518.000000 1629.000000 53.000000
43746391.000000 1481.000000 54.000000
43730271.000000 1656.000000 49.000000
43352460.000000 1889.000000 35.000000
44175137.000000 1208.000000 53.000000
44002937.000000 486.000000 51.000000
44028992.000000 1191.000000 56.000000
43762255.000000 1560.000000 49.000000
44262732.000000 453.000000 54.000000
43654884.000000 1307.000000 48.000000
44235399.000000 920.000000 59.000000
44200437.000000 494.000000 50.000000
43954565.000000 1374.000000 50.000000
43963310.000000 451.000000 55.000000
44271501.000000 462.000000 55.000000
43995576.000000 1395.000000 57.000000
43850361.000000 1412.000000 54.000000
44113789.000000 817.000000 58.000000
44154825.000000 451.000000 50.000000
44083126.000000 1190.000000 49.000000
44158933.000000 420.000000 44.000000
44066620.000000 1475.000000 53.000000
44125762.000000 1315.000000 55.000000
44129042.000000 463.000000 49.000000
43953177.000000 1310.000000 55.000000
44098837.000000 1015.000000 57.000000
44247891.000000 934.000000 57.000000
