44768573.000000 1936.000000 12.000000
44761703.000000 1542.000000 16.000000
45060970.000000 1972.000000 21.000000
44732120.000000 2104.000000 13.000000
44763382.000000 2400.000000 16.000000
44741315.000000 2046.000000 13.000000
44739891.000000 2170.000000 14.000000
44833384.000000 1656.000000 9.000000
44735812.000000 1917.000000 12.000000
44780503.000000 1573.000000 13.000000
44690037.000000 1668.000000 14.000000
44842982.000000 1592.000000 15.000000
44737474.000000 2091.000000 14.000000
44929301.000000 2237.000000 12.000000
45066857.000000 2037.000000 18.000000
44847526.000000 2166.000000 64.000000
44650105.000000 2359.000000 11.000000
44777205.000000 1863.000000 15.000000
44979334.000000 1990.000000 23.000000
44989662.000000 1977.000000 24.000000
44768850.000000 1849.000000 15.000000
44747945.000000 2207.000000 17.000000
44632472.000000 2173.000000 14.000000
44421508.000000 2335.000000 12.000000
44417805.000000 1873.000000 13.000000
44663465.000000 1693.000000 11.000000
45070280.000000 1940.000000 41.000000
44883762.000000 1994.000000 11.000000
44849352.000000 1901.000000 14.000000
45168242.000000 1760.000000 15.000000
44645415.000000 2009.000000 12.000000
44760432.000000 1619.000000 13.000000
44773722.000000 1784.000000 19.000000
44377477.000000 2213.000000 12.000000
44688890.000000 2235.000000 10.000000
44420027.000000 2352.000000 13.000000
44742989.000000 1851.000000 13.000000
44814905.000000 1690.000000 12.000000
45005865.000000 2023.000000 7.000000
44831518.000000 1719.000000 12.000000
44593741.000000 1611.000000 16.000000
45000867.000000 2385.000000 21.000000
44806742.000000 1771.000000 12.000000
44555403.000000 1920.000000 13.000000
44802544.000000 2065.000000 11.000000
44587590.000000 2791.000000 14.000000
44639162.000000 1805.000000 16.000000
45055943.000000 2431.000000 16.000000
44712776.000000 2355.000000 13.000000
44698479.000000 3720.000000 21.000000
44660910.000000 1977.000000 18.000000
44779011.000000 1897.000000 12.000000
44671090.000000 2243.000000 17.000000
45173876.000000 1835.000000 24.000000
44676226.000000 2460.000000 13.000000
44738120.000000 2123.000000 15.000000
44695238.000000 2115.000000 16.000000
44635544.000000 1725.000000 11.000000
44695544.000000 2655.000000 5.000000
44797091.000000 1596.000000 10.000000
44548257.000000 2005.000000 14.000000
44414845.000000 2152.000000 16.000000
44707671.000000 1899.000000 16.000000
44766424.000000 1777.000000 16.000000
44575810.000000 1977.000000 13.000000
44746926.000000 1612.000000 13.000000
44713514.000000 1812.000000 13.000000
44755494.000000 2338.000000 17.000000
44717872.000000 1598.000000 14.000000
44786889.000000 2171.000000 20.000000
44753159.000000 1771.000000 15.000000
44734735.000000 2200.000000 15.000000
44945729.000000 2164.000000 17.000000
45058104.000000 1907.000000 18.000000
45006919.000000 2137.000000 45.000000
44766449.000000 2076.000000 13.000000
44695104.000000 1922.000000 14.000000
44636548.000000 2153.000000 14.000000
44262412.000000 2362.000000 15.000000
45008255.000000 1699.000000 16.000000
44695473.000000 1858.000000 14.000000
44748481.000000 1965.000000 13.000000
44785482.000000 1750.000000 13.000000
44705387.000000 1870.000000 14.000000
44891127.000000 1915.000000 12.000000
44767991.000000 1782.000000 15.000000
44868027.000000 2060.000000 11.000000
44658921.000000 2116.000000 15.000000
45013069.000000 2338.000000 15.000000
44750588.000000 1960.000000 13.000000
44823713.000000 1718.000000 16.000000
45105757.000000 1824.000000 9.000000
44550219.000000 2080.000000 10.000000
44671380.000000 2075.000000 12.000000
44970565.000000 1972.000000 27.000000
44787280.000000 2036.000000 13.000000
44670645.000000 1913.000000 15.000000
44734758.000000 1614.000000 23.000000
44789049.000000 1897.000000 7.000000
45141228.000000 1577.000000 7.000000
