42906618.000000 1878.000000 812.000000
42369143.000000 2572.000000 1043.000000
42486000.000000 2541.000000 877.000000
42311514.000000 2467.000000 1100.000000
42894157.000000 2413.000000 1599.000000
42709749.000000 4138.000000 682.000000
43153403.000000 1109.000000 653.000000
43962517.000000 6409.000000 8144.000000
43124694.000000 1226.000000 517.000000
43754336.000000 2473.000000 415.000000
43072745.000000 1724.000000 673.000000
42848295.000000 1932.000000 688.000000
42737378.000000 3706.000000 1248.000000
33048273.000000 15408.000000 21636.000000
42779302.000000 3040.000000 1236.000000
43063265.000000 1126.000000 538.000000
42007497.000000 3684.000000 5225.000000
43572344.000000 1982.000000 396.000000
43119843.000000 1335.000000 581.000000
42692185.000000 1934.000000 732.000000
42979426.000000 3175.000000 466.000000
42792691.000000 1729.000000 1089.000000
42355199.000000 2487.000000 745.000000
43039839.000000 1018.000000 651.000000
43118953.000000 1115.000000 547.000000
45083117.000000 1868.000000 1256.000000
42990402.000000 1830.000000 700.000000
42925497.000000 1737.000000 662.000000
42450739.000000 3286.000000 1050.000000
43053501.000000 1809.000000 844.000000
43674022.000000 2332.000000 211.000000
42875307.000000 3135.000000 546.000000
27236600.000000 12652.000000 5957.000000
42872980.000000 2546.000000 2455.000000
42841191.000000 1040.000000 828.000000
29131023.000000 12313.000000 11507.000000
43110524.000000 1740.000000 650.000000
43045807.000000 1418.000000 612.000000
43006082.000000 2019.000000 872.000000
42775749.000000 2132.000000 1134.000000
42625161.000000 2609.000000 927.000000
27238584.000000 8421.000000 11909.000000
42995556.000000 1657.000000 805.000000
44272059.000000 1463.000000 1047.000000
42442129.000000 2474.000000 391.000000
43094279.000000 1462.000000 461.000000
41991705.000000 5442.000000 2875.000000
3708894.000000 13479.000000 10220.000000
42803738.000000 2633.000000 989.000000
42027666.000000 3694.000000 2645.000000
43049611.000000 1852.000000 646.000000
42597098.000000 1925.000000 731.000000
42662702.000000 2895.000000 1399.000000
43065973.000000 1684.000000 911.000000
42215912.000000 4992.000000 4350.000000
42971313.000000 2065.000000 1421.000000
43017897.000000 1844.000000 694.000000
6834532.000000 12479.000000 11886.000000
40256151.000000 3930.000000 947.000000
43072654.000000 1522.000000 768.000000
43063030.000000 1853.000000 775.000000
42375805.000000 2502.000000 788.000000
42678516.000000 3286.000000 854.000000
44821879.000000 1024.000000 256.000000
42375526.000000 5502.000000 964.000000
42957877.000000 1612.000000 692.000000
6609085.000000 13989.000000 10913.000000
45385338.000000 1105.000000 284.000000
43009245.000000 1934.000000 585.000000
41393721.000000 8183.000000 4911.000000
41939160.000000 2804.000000 2024.000000
44070952.000000 1741.000000 1068.000000
43127373.000000 1800.000000 623.000000
42675091.000000 3204.000000 565.000000
24310583.000000 12335.000000 12175.000000
42974388.000000 1535.000000 751.000000
41973136.000000 5238.000000 4578.000000
42190695.000000 2547.000000 876.000000
42210255.000000 2654.000000 822.000000
42316508.000000 2891.000000 997.000000
4297543.000000 12502.000000 11720.000000
44145997.000000 1361.000000 820.000000
10205928.000000 13494.000000 12048.000000
43270567.000000 1045.000000 420.000000
39779712.000000 14246.000000 19754.000000
41252924.000000 4503.000000 5470.000000
41523308.000000 5663.000000 4057.000000
42419752.000000 2952.000000 808.000000
27126250.000000 23952.000000 23963.000000
28506504.000000 23459.000000 22030.000000
42245953.000000 2809.000000 913.000000
42833162.000000 2349.000000 1213.000000
42666168.000000 3639.000000 761.000000
42927575.000000 1879.000000 805.000000
40602493.000000 3357.000000 902.000000
43343105.000000 2871.000000 1346.000000
39833871.000000 4257.000000 742.000000
43059938.000000 1654.000000 1285.000000
38899801.000000 5990.000000 3203.000000
42419647.000000 2824.000000 589.000000
