44120886.000000 1199.000000 8.000000
44169302.000000 1121.000000 9.000000
44088109.000000 1210.000000 8.000000
44167651.000000 1542.000000 8.000000
44120514.000000 1154.000000 8.000000
44295104.000000 1733.000000 10.000000
44335544.000000 1222.000000 9.000000
44121295.000000 1248.000000 8.000000
44427714.000000 1237.000000 7.000000
44678669.000000 1954.000000 7.000000
44606121.000000 1624.000000 8.000000
44023966.000000 1192.000000 10.000000
44189314.000000 1587.000000 8.000000
44522535.000000 1471.000000 9.000000
44320125.000000 1360.000000 5.000000
44287816.000000 1213.000000 9.000000
43514742.000000 1407.000000 8.000000
44583768.000000 2266.000000 9.000000
44166435.000000 1321.000000 8.000000
44407082.000000 1175.000000 9.000000
43996264.000000 1355.000000 6.000000
44182631.000000 1209.000000 10.000000
44105528.000000 1210.000000 9.000000
44460054.000000 1418.000000 9.000000
44118344.000000 1433.000000 8.000000
44365601.000000 1592.000000 7.000000
44418946.000000 1435.000000 9.000000
43807465.000000 1351.000000 8.000000
44363736.000000 1523.000000 6.000000
44095200.000000 1273.000000 11.000000
44104736.000000 1315.000000 10.000000
44297431.000000 1767.000000 8.000000
44338458.000000 1625.000000 10.000000
44395037.000000 1698.000000 6.000000
44326149.000000 1647.000000 8.000000
44593099.000000 1706.000000 9.000000
44131713.000000 1528.000000 9.000000
43575009.000000 1203.000000 8.000000
44525491.000000 1415.000000 8.000000
44446455.000000 1272.000000 7.000000
44182663.000000 1662.000000 9.000000
44176620.000000 1380.000000 8.000000
44166507.000000 1213.000000 8.000000
44274642.000000 1010.000000 8.000000
44125248.000000 1263.000000 8.000000
43436465.000000 1196.000000 0.000000
44372540.000000 1262.000000 8.000000
44373611.000000 1687.000000 8.000000
44249927.000000 1459.000000 9.000000
44245922.000000 1227.000000 8.000000
44244765.000000 1714.000000 8.000000
44506306.000000 1333.000000 9.000000
44512906.000000 1720.000000 10.000000
43675741.000000 1560.000000 0.000000
44181210.000000 2083.000000 10.000000
44142701.000000 1292.000000 11.000000
44256377.000000 1759.000000 6.000000
44102349.000000 1683.000000 9.000000
44172236.000000 1378.000000 9.000000
43518920.000000 1220.000000 8.000000
44418524.000000 1878.000000 8.000000
44152126.000000 1342.000000 7.000000
44128660.000000 1238.000000 11.000000
44308415.000000 1637.000000 10.000000
43953037.000000 980.000000 9.000000
44106951.000000 1230.000000 8.000000
43919740.000000 1133.000000 9.000000
43737063.000000 1014.000000 8.000000
44376809.000000 1635.000000 7.000000
44346877.000000 2317.000000 8.000000
44118393.000000 1298.000000 10.000000
44117803.000000 1019.000000 8.000000
44134648.000000 2065.000000 11.000000
44056330.000000 1226.000000 8.000000
44781025.000000 1887.000000 9.000000
44526993.000000 1478.000000 8.000000
44154987.000000 1513.000000 5.000000
44468408.000000 1416.000000 8.000000
43965723.000000 1695.000000 8.000000
44649855.000000 2241.000000 9.000000
44212838.000000 1695.000000 10.000000
44593320.000000 1718.000000 9.000000
44787623.000000 1826.000000 8.000000
44675806.000000 1848.000000 8.000000
44562700.000000 1393.000000 8.000000
43842984.000000 1015.000000 6.000000
44073576.000000 1151.000000 6.000000
44148706.000000 1179.000000 8.000000
44140770.000000 1204.000000 9.000000
44290385.000000 1675.000000 8.000000
44324764.000000 1269.000000 8.000000
44378098.000000 1726.000000 6.000000
44522295.000000 1477.000000 8.000000
44157849.000000 1252.000000 11.000000
44312194.000000 1841.000000 8.000000
43815978.000000 1588.000000 10.000000
44225342.000000 1422.000000 9.000000
44026298.000000 2347.000000 8.000000
44527447.000000 1897.000000 9.000000
44131875.000000 1236.000000 8.000000
