44485504.000000 2064.000000 37.000000
44891352.000000 1972.000000 42.000000
44703451.000000 2057.000000 40.000000
44172365.000000 2067.000000 43.000000
44886148.000000 2041.000000 42.000000
44386486.000000 2077.000000 39.000000
45030158.000000 1844.000000 39.000000
44468568.000000 2244.000000 40.000000
44837581.000000 1738.000000 45.000000
44893154.000000 1883.000000 43.000000
43951422.000000 2188.000000 41.000000
44801385.000000 1867.000000 40.000000
44119480.000000 2009.000000 42.000000
44829845.000000 1824.000000 46.000000
44883183.000000 1894.000000 40.000000
44946069.000000 1735.000000 42.000000
43893732.000000 2018.000000 40.000000
44875840.000000 1592.000000 41.000000
44887174.000000 1592.000000 45.000000
43868725.000000 2144.000000 38.000000
44153217.000000 2193.000000 37.000000
44089019.000000 2089.000000 47.000000
44102780.000000 2171.000000 45.000000
44596642.000000 2026.000000 39.000000
44446724.000000 1987.000000 43.000000
44684266.000000 2074.000000 42.000000
43884792.000000 2214.000000 34.000000
44589679.000000 1969.000000 44.000000
44702224.000000 1951.000000 40.000000
44271441.000000 2067.000000 44.000000
44316691.000000 2004.000000 38.000000
44810437.000000 1727.000000 43.000000
44553164.000000 2133.000000 47.000000
44966816.000000 1685.000000 45.000000
44620503.000000 1863.000000 39.000000
44230635.000000 2128.000000 38.000000
44786013.000000 1885.000000 44.000000
44307952.000000 1937.000000 38.000000
44714714.000000 1763.000000 44.000000
44481622.000000 2136.000000 38.000000
44799128.000000 1597.000000 51.000000
44548766.000000 1920.000000 45.000000
44775022.000000 2014.000000 37.000000
44839499.000000 2170.000000 40.000000
44792008.000000 2078.000000 47.000000
44846140.000000 1857.000000 45.000000
44806268.000000 1898.000000 41.000000
44860125.000000 1772.000000 48.000000
44848169.000000 1685.000000 44.000000
44907263.000000 1710.000000 45.000000
43963581.000000 2098.000000 43.000000
45019319.000000 1929.000000 42.000000
44202475.000000 2027.000000 43.000000
44949292.000000 1831.000000 43.000000
44370607.000000 1916.000000 40.000000
44933704.000000 1654.000000 45.000000
44726014.000000 1989.000000 43.000000
43918775.000000 2004.000000 46.000000
44911683.000000 1780.000000 41.000000
44050990.000000 2041.000000 43.000000
44689204.000000 1987.000000 41.000000
44271961.000000 2231.000000 39.000000
44772445.000000 1742.000000 45.000000
44525713.000000 2005.000000 47.000000
44817647.000000 1665.000000 44.000000
45037972.000000 1964.000000 9.000000
44951360.000000 2010.000000 43.000000
45107930.000000 1856.000000 45.000000
44804296.000000 1931.000000 39.000000
45043612.000000 1846.000000 39.000000
44917129.000000 1718.000000 39.000000
44847456.000000 1931.000000 40.000000
44930579.000000 1597.000000 45.000000
44785786.000000 2168.000000 42.000000
43967015.000000 2147.000000 35.000000
44921157.000000 1855.000000 45.000000
44126807.000000 2018.000000 42.000000
44388597.000000 2178.000000 42.000000
44937412.000000 1703.000000 40.000000
44102669.000000 2079.000000 35.000000
44752648.000000 1959.000000 40.000000
43968093.000000 2113.000000 35.000000
44975740.000000 1957.000000 42.000000
44843571.000000 2095.000000 40.000000
44862435.000000 1842.000000 50.000000
44912459.000000 1954.000000 41.000000
44845121.000000 1634.000000 45.000000
44783598.000000 1838.000000 43.000000
44752926.000000 2031.000000 45.000000
44269034.000000 2055.000000 44.000000
44720090.000000 2045.000000 43.000000
43840463.000000 2171.000000 35.000000
44930289.000000 1808.000000 44.000000
44614895.000000 1825.000000 37.000000
45023527.000000 1819.000000 42.000000
44606087.000000 2085.000000 45.000000
43961688.000000 2114.000000 37.000000
44705103.000000 2160.000000 42.000000
44157145.000000 1979.000000 42.000000
45002826.000000 1828.000000 39.000000
