43264085.000000 2654.000000 0.000000
43709843.000000 2092.000000 0.000000
43441625.000000 2583.000000 0.000000
43575276.000000 1914.000000 0.000000
43806511.000000 2376.000000 0.000000
43596210.000000 2045.000000 0.000000
43909291.000000 2708.000000 0.000000
43804436.000000 2369.000000 0.000000
43632325.000000 2314.000000 0.000000
44073008.000000 2328.000000 0.000000
43740802.000000 2376.000000 0.000000
43841588.000000 2416.000000 0.000000
43482040.000000 2268.000000 0.000000
42981261.000000 2578.000000 0.000000
43536219.000000 1827.000000 0.000000
43546684.000000 2139.000000 0.000000
43869738.000000 2458.000000 0.000000
44022888.000000 2399.000000 0.000000
43524213.000000 2027.000000 0.000000
43658739.000000 1922.000000 0.000000
43571325.000000 2333.000000 0.000000
43768570.000000 2174.000000 0.000000
43245409.000000 1975.000000 0.000000
43527872.000000 2223.000000 0.000000
43837598.000000 1943.000000 0.000000
43514416.000000 2376.000000 0.000000
43329383.000000 2419.000000 0.000000
43663566.000000 1817.000000 0.000000
43496980.000000 2707.000000 0.000000
43627454.000000 2153.000000 0.000000
43596193.000000 1925.000000 0.000000
43535764.000000 2367.000000 0.000000
43325439.000000 2072.000000 0.000000
43543506.000000 2222.000000 0.000000
43368179.000000 1875.000000 0.000000
43505878.000000 2330.000000 0.000000
43724832.000000 2505.000000 0.000000
43603993.000000 1978.000000 0.000000
43483415.000000 2422.000000 0.000000
43394981.000000 1871.000000 0.000000
43117195.000000 2268.000000 2.000000
43618550.000000 1987.000000 0.000000
43688256.000000 2027.000000 0.000000
42871385.000000 1782.000000 0.000000
43606383.000000 1831.000000 0.000000
43359623.000000 2302.000000 0.000000
43673344.000000 2098.000000 0.000000
43491974.000000 1862.000000 0.000000
43404270.000000 2065.000000 0.000000
43469179.000000 1947.000000 0.000000
43743143.000000 2591.000000 0.000000
43774749.000000 2004.000000 0.000000
43461243.000000 1869.000000 0.000000
43675261.000000 2198.000000 0.000000
43602672.000000 2126.000000 0.000000
43366908.000000 2466.000000 0.000000
43572101.000000 1870.000000 0.000000
43531979.000000 2302.000000 2.000000
43785180.000000 2133.000000 0.000000
43706258.000000 2203.000000 0.000000
43726472.000000 2097.000000 0.000000
43729417.000000 2789.000000 0.000000
43313331.000000 1975.000000 0.000000
43882931.000000 2176.000000 0.000000
43772301.000000 2009.000000 0.000000
43622034.000000 1987.000000 0.000000
43785305.000000 2079.000000 0.000000
44043153.000000 2227.000000 0.000000
43757631.000000 2136.000000 0.000000
43539658.000000 2037.000000 0.000000
43655955.000000 2432.000000 0.000000
43711440.000000 2302.000000 0.000000
43225306.000000 1983.000000 0.000000
43613005.000000 2084.000000 0.000000
43382873.000000 2098.000000 0.000000
43508730.000000 2066.000000 0.000000
43652316.000000 1911.000000 0.000000
43410139.000000 2156.000000 0.000000
43721989.000000 2016.000000 0.000000
43748730.000000 1810.000000 0.000000
43483364.000000 2041.000000 0.000000
43483684.000000 1761.000000 0.000000
43636623.000000 2127.000000 0.000000
43641429.000000 2399.000000 0.000000
43638702.000000 2169.000000 0.000000
43684058.000000 2103.000000 0.000000
43722977.000000 2235.000000 0.000000
43409155.000000 2218.000000 0.000000
43476465.000000 2221.000000 0.000000
43975569.000000 2928.000000 0.000000
43607737.000000 2519.000000 0.000000
43680357.000000 2139.000000 0.000000
43708410.000000 2025.000000 0.000000
43710860.000000 2205.000000 0.000000
43798105.000000 2118.000000 0.000000
43713875.000000 2563.000000 0.000000
43566709.000000 1863.000000 0.000000
43425562.000000 2101.000000 0.000000
43407408.000000 1850.000000 0.000000
43432444.000000 2084.000000 0.000000
