44604690.000000 2131.000000 44.000000
45034404.000000 2097.000000 53.000000
45141933.000000 1769.000000 42.000000
44980256.000000 1725.000000 45.000000
45157171.000000 1638.000000 45.000000
45153048.000000 1691.000000 48.000000
45283736.000000 1572.000000 53.000000
45010110.000000 1603.000000 55.000000
44893619.000000 1823.000000 55.000000
45265147.000000 1883.000000 42.000000
44493288.000000 2039.000000 56.000000
45270009.000000 1808.000000 47.000000
44755424.000000 1949.000000 53.000000
45066568.000000 1681.000000 43.000000
45032202.000000 1642.000000 51.000000
44599559.000000 1994.000000 48.000000
44850923.000000 1932.000000 55.000000
44827509.000000 1800.000000 50.000000
44312552.000000 2111.000000 42.000000
45131621.000000 1947.000000 44.000000
45229927.000000 1653.000000 45.000000
45140886.000000 1780.000000 42.000000
45185245.000000 1742.000000 46.000000
45054517.000000 1741.000000 50.000000
44275715.000000 2014.000000 51.000000
44296328.000000 1953.000000 38.000000
44435687.000000 1917.000000 40.000000
44188458.000000 2027.000000 47.000000
45227602.000000 1789.000000 47.000000
44372444.000000 2024.000000 40.000000
44519215.000000 2153.000000 43.000000
44690381.000000 2043.000000 52.000000
44546322.000000 2143.000000 49.000000
44792828.000000 1982.000000 58.000000
45276917.000000 1580.000000 47.000000
45046445.000000 1898.000000 48.000000
45031284.000000 2072.000000 44.000000
44368105.000000 2131.000000 43.000000
44653416.000000 2006.000000 40.000000
44552712.000000 2069.000000 52.000000
44701162.000000 1949.000000 52.000000
44936904.000000 1704.000000 45.000000
45095467.000000 1586.000000 47.000000
45001908.000000 1923.000000 49.000000
44302810.000000 1905.000000 64.000000
45162160.000000 1954.000000 42.000000
44517411.000000 2056.000000 47.000000
45011018.000000 1737.000000 49.000000
44722343.000000 1997.000000 48.000000
44884977.000000 1653.000000 50.000000
44750283.000000 1871.000000 45.000000
45097632.000000 1553.000000 48.000000
44903579.000000 1881.000000 42.000000
44497595.000000 2075.000000 36.000000
44166122.000000 2021.000000 48.000000
44431440.000000 1938.000000 59.000000
45122031.000000 1789.000000 43.000000
45138881.000000 1702.000000 46.000000
44936049.000000 1456.000000 45.000000
45234312.000000 1513.000000 54.000000
45046792.000000 1499.000000 54.000000
44315017.000000 2021.000000 50.000000
45108470.000000 1977.000000 42.000000
44418207.000000 2002.000000 41.000000
45192541.000000 1888.000000 47.000000
44753852.000000 2091.000000 48.000000
45220870.000000 1831.000000 46.000000
44731888.000000 2027.000000 54.000000
44931386.000000 1617.000000 53.000000
44672912.000000 1886.000000 53.000000
44849491.000000 1992.000000 44.000000
44304886.000000 1996.000000 42.000000
45042457.000000 1903.000000 42.000000
45039945.000000 1911.000000 42.000000
45154023.000000 1799.000000 42.000000
44400525.000000 1951.000000 41.000000
44704540.000000 2051.000000 44.000000
44304886.000000 1945.000000 43.000000
44928262.000000 1943.000000 45.000000
44325651.000000 2032.000000 48.000000
44897412.000000 1937.000000 54.000000
44923284.000000 1940.000000 52.000000
45038033.000000 1695.000000 42.000000
44984753.000000 1872.000000 42.000000
45025147.000000 1642.000000 51.000000
44696031.000000 1915.000000 50.000000
45137242.000000 1684.000000 49.000000
44803562.000000 2014.000000 45.000000
44204519.000000 1952.000000 39.000000
45059046.000000 1840.000000 48.000000
44497980.000000 2047.000000 39.000000
45057323.000000 1955.000000 44.000000
45109360.000000 1709.000000 47.000000
45189631.000000 1698.000000 48.000000
45085575.000000 1743.000000 45.000000
44127077.000000 2027.000000 42.000000
45068574.000000 1564.000000 47.000000
44312962.000000 1958.000000 37.000000
44524416.000000 2067.000000 35.000000
44368396.000000 2050.000000 41.000000
