45832739.000000 1466.000000 13.000000
45567846.000000 1545.000000 9.000000
45747808.000000 1520.000000 13.000000
45452035.000000 1444.000000 5.000000
45384269.000000 1492.000000 12.000000
45640826.000000 1728.000000 0.000000
45533293.000000 1527.000000 11.000000
45748269.000000 1432.000000 12.000000
45330034.000000 1636.000000 0.000000
45313414.000000 1608.000000 15.000000
45380854.000000 1693.000000 0.000000
45673302.000000 1541.000000 5.000000
45587388.000000 1391.000000 6.000000
45487314.000000 1674.000000 0.000000
45543357.000000 1535.000000 0.000000
45699882.000000 1689.000000 11.000000
45833160.000000 1481.000000 0.000000
45690725.000000 1622.000000 13.000000
45207606.000000 1687.000000 12.000000
45250835.000000 1718.000000 0.000000
45844251.000000 1404.000000 12.000000
45685495.000000 1591.000000 0.000000
45646980.000000 1418.000000 0.000000
45608982.000000 1585.000000 0.000000
45535406.000000 1622.000000 0.000000
45452423.000000 1498.000000 14.000000
45936242.000000 1533.000000 0.000000
45624894.000000 1597.000000 13.000000
45428058.000000 1491.000000 13.000000
45593084.000000 1479.000000 0.000000
45501610.000000 1661.000000 0.000000
45600513.000000 1364.000000 10.000000
45254590.000000 1686.000000 12.000000
45608730.000000 1835.000000 0.000000
45495156.000000 1503.000000 10.000000
45392740.000000 1618.000000 0.000000
45664236.000000 1381.000000 8.000000
45841625.000000 1342.000000 9.000000
45600786.000000 1471.000000 0.000000
45591036.000000 1692.000000 9.000000
45654937.000000 1513.000000 0.000000
45810556.000000 1396.000000 11.000000
45765204.000000 1349.000000 0.000000
45648110.000000 1573.000000 0.000000
45932850.000000 1389.000000 9.000000
45438511.000000 1613.000000 0.000000
45244755.000000 2143.000000 12.000000
45538788.000000 1400.000000 0.000000
45371997.000000 1624.000000 10.000000
45580946.000000 1499.000000 0.000000
45523850.000000 1433.000000 13.000000
45648943.000000 1627.000000 0.000000
45947436.000000 1403.000000 0.000000
45943024.000000 1686.000000 0.000000
45481212.000000 1459.000000 0.000000
45703173.000000 1477.000000 8.000000
45514716.000000 1657.000000 0.000000
45782601.000000 1307.000000 10.000000
45411666.000000 1855.000000 0.000000
45245124.000000 1689.000000 0.000000
45594207.000000 1604.000000 0.000000
45771062.000000 1307.000000 14.000000
45612501.000000 1301.000000 0.000000
45390735.000000 1424.000000 0.000000
45269600.000000 2047.000000 13.000000
45474171.000000 1396.000000 0.000000
45797696.000000 1286.000000 11.000000
45538792.000000 1429.000000 0.000000
45719922.000000 1626.000000 10.000000
45713394.000000 1510.000000 0.000000
45711696.000000 1596.000000 0.000000
45710444.000000 1442.000000 11.000000
45646215.000000 1853.000000 8.000000
45574254.000000 1363.000000 0.000000
45608959.000000 1721.000000 7.000000
45760636.000000 1736.000000 0.000000
45781667.000000 1628.000000 15.000000
45504849.000000 1627.000000 0.000000
44993976.000000 1758.000000 14.000000
45526238.000000 1565.000000 0.000000
45653529.000000 1428.000000 13.000000
44908794.000000 1596.000000 0.000000
45632699.000000 1615.000000 10.000000
45442514.000000 1758.000000 0.000000
45627213.000000 1366.000000 0.000000
45786886.000000 1475.000000 11.000000
45557210.000000 1411.000000 26.000000
45737280.000000 1303.000000 9.000000
45141854.000000 1642.000000 0.000000
45177234.000000 1786.000000 9.000000
45525851.000000 1514.000000 0.000000
45513566.000000 1501.000000 5.000000
45539808.000000 1347.000000 0.000000
45797098.000000 1899.000000 0.000000
45704619.000000 1665.000000 0.000000
45562560.000000 1532.000000 12.000000
45939296.000000 1528.000000 0.000000
45778370.000000 1484.000000 0.000000
45445895.000000 1526.000000 0.000000
45314781.000000 1607.000000 10.000000
