43595748.000000 2015.000000 0.000000
43545123.000000 2499.000000 0.000000
43686662.000000 1977.000000 3.000000
43749510.000000 2157.000000 0.000000
43369068.000000 2150.000000 0.000000
43550442.000000 1822.000000 0.000000
43648945.000000 1922.000000 12.000000
43518989.000000 1823.000000 0.000000
43495276.000000 2063.000000 0.000000
43672333.000000 2178.000000 0.000000
43379693.000000 2269.000000 0.000000
43563217.000000 1894.000000 0.000000
43193146.000000 2848.000000 0.000000
43622095.000000 2098.000000 0.000000
43479790.000000 2010.000000 2.000000
43174861.000000 2290.000000 0.000000
43732642.000000 2008.000000 0.000000
43878870.000000 1853.000000 0.000000
43642337.000000 2136.000000 0.000000
43845959.000000 1951.000000 0.000000
43032783.000000 1978.000000 7.000000
43615826.000000 2337.000000 0.000000
43728487.000000 1872.000000 2.000000
43507585.000000 1711.000000 0.000000
43414050.000000 2285.000000 0.000000
43737328.000000 1871.000000 0.000000
43851290.000000 2045.000000 0.000000
43575916.000000 1794.000000 0.000000
43814892.000000 2213.000000 0.000000
43680787.000000 2417.000000 5.000000
43327124.000000 1527.000000 3.000000
43671120.000000 2863.000000 2.000000
43458844.000000 1786.000000 0.000000
43741944.000000 1937.000000 0.000000
43659439.000000 1707.000000 0.000000
43036672.000000 2355.000000 0.000000
43828110.000000 2318.000000 0.000000
43352554.000000 2043.000000 0.000000
43609317.000000 2313.000000 0.000000
43766749.000000 2334.000000 0.000000
43428307.000000 1916.000000 0.000000
43601698.000000 2624.000000 0.000000
43643042.000000 2043.000000 0.000000
43152480.000000 2522.000000 2.000000
43688042.000000 2329.000000 0.000000
43013748.000000 2704.000000 0.000000
43493255.000000 2015.000000 0.000000
43608340.000000 2067.000000 0.000000
43702800.000000 2207.000000 0.000000
43439805.000000 2117.000000 0.000000
43679383.000000 2128.000000 0.000000
43947105.000000 1788.000000 0.000000
43596200.000000 2710.000000 0.000000
43786495.000000 1950.000000 0.000000
43404455.000000 1905.000000 3.000000
43369352.000000 1540.000000 0.000000
43344670.000000 1577.000000 0.000000
43359730.000000 2011.000000 0.000000
43328556.000000 2393.000000 0.000000
43575496.000000 1897.000000 0.000000
43749047.000000 2099.000000 0.000000
42924792.000000 2149.000000 0.000000
43544219.000000 2035.000000 0.000000
43665494.000000 2076.000000 2.000000
43617018.000000 2066.000000 0.000000
43935629.000000 2294.000000 0.000000
43677930.000000 1788.000000 0.000000
43598678.000000 1792.000000 0.000000
43519925.000000 2813.000000 2.000000
43621070.000000 1901.000000 0.000000
43491602.000000 1955.000000 0.000000
43648537.000000 1881.000000 0.000000
43798214.000000 2078.000000 0.000000
43544628.000000 1689.000000 0.000000
43206678.000000 2359.000000 0.000000
43420187.000000 2073.000000 0.000000
43864617.000000 1797.000000 0.000000
43342644.000000 2101.000000 0.000000
43686887.000000 2126.000000 0.000000
43596581.000000 1844.000000 0.000000
43433914.000000 1736.000000 0.000000
43512849.000000 2332.000000 0.000000
43479302.000000 1501.000000 4.000000
43579533.000000 2478.000000 0.000000
43714414.000000 1951.000000 0.000000
43630490.000000 2110.000000 0.000000
43639195.000000 2061.000000 0.000000
43590301.000000 1967.000000 0.000000
43707730.000000 3163.000000 0.000000
43460248.000000 2084.000000 37.000000
43552207.000000 2110.000000 0.000000
43436871.000000 1879.000000 0.000000
43754906.000000 1910.000000 0.000000
43470364.000000 2009.000000 0.000000
43434682.000000 1779.000000 0.000000
43789023.000000 2024.000000 0.000000
43364941.000000 1745.000000 0.000000
43550184.000000 2211.000000 0.000000
43404331.000000 1713.000000 0.000000
43707721.000000 2259.000000 0.000000
