44888122.000000 1886.000000 126.000000
45029161.000000 2037.000000 97.000000
44892010.000000 1909.000000 88.000000
44899101.000000 1972.000000 65.000000
45138766.000000 1743.000000 43.000000
44451602.000000 1999.000000 94.000000
45264171.000000 1837.000000 47.000000
44875784.000000 2037.000000 76.000000
45344682.000000 1453.000000 44.000000
45100137.000000 1889.000000 112.000000
45285349.000000 1754.000000 47.000000
44833553.000000 1835.000000 78.000000
45179516.000000 1625.000000 43.000000
45243575.000000 1860.000000 49.000000
45162050.000000 1933.000000 47.000000
44623952.000000 1873.000000 77.000000
45203623.000000 1800.000000 42.000000
45338684.000000 1552.000000 41.000000
45327705.000000 1684.000000 44.000000
45009370.000000 1697.000000 48.000000
45153370.000000 1908.000000 108.000000
45458355.000000 1532.000000 44.000000
45204812.000000 1471.000000 21.000000
45250252.000000 1935.000000 41.000000
44874032.000000 1951.000000 73.000000
45269809.000000 1770.000000 208.000000
45280283.000000 1627.000000 47.000000
45261921.000000 1734.000000 45.000000
45228977.000000 1592.000000 47.000000
45223452.000000 1555.000000 45.000000
45285831.000000 1519.000000 43.000000
45060801.000000 1763.000000 73.000000
44833623.000000 1990.000000 93.000000
44814858.000000 1843.000000 64.000000
45430369.000000 1787.000000 46.000000
44705837.000000 2016.000000 50.000000
45325925.000000 1494.000000 46.000000
44960980.000000 1938.000000 89.000000
44933635.000000 1879.000000 96.000000
45091145.000000 1833.000000 92.000000
44401930.000000 2042.000000 110.000000
45169924.000000 1910.000000 67.000000
45229806.000000 1672.000000 41.000000
45377596.000000 1638.000000 46.000000
45389495.000000 1581.000000 45.000000
45309988.000000 1583.000000 43.000000
45299906.000000 1635.000000 48.000000
44680400.000000 2018.000000 108.000000
45165633.000000 1948.000000 136.000000
45260499.000000 1628.000000 50.000000
45089246.000000 1883.000000 41.000000
45442865.000000 1560.000000 46.000000
45270182.000000 1668.000000 43.000000
44812085.000000 2061.000000 96.000000
45106086.000000 2026.000000 79.000000
45200690.000000 1925.000000 111.000000
44670293.000000 1913.000000 84.000000
44653399.000000 2025.000000 110.000000
45293888.000000 1886.000000 43.000000
45065407.000000 1864.000000 73.000000
44444709.000000 1891.000000 83.000000
44827092.000000 1885.000000 102.000000
44813875.000000 2084.000000 73.000000
45030394.000000 1906.000000 99.000000
44945963.000000 2007.000000 93.000000
44861447.000000 1893.000000 103.000000
45172680.000000 1534.000000 46.000000
44985931.000000 2016.000000 87.000000
45004448.000000 1925.000000 96.000000
45158889.000000 1792.000000 44.000000
45304903.000000 1859.000000 43.000000
44600888.000000 2035.000000 95.000000
44249469.000000 2049.000000 203.000000
45072004.000000 1637.000000 47.000000
45068152.000000 1704.000000 43.000000
44761642.000000 2042.000000 97.000000
45180250.000000 1777.000000 50.000000
45331281.000000 1861.000000 49.000000
45313762.000000 1843.000000 44.000000
45143078.000000 1641.000000 45.000000
45179954.000000 1587.000000 45.000000
45205646.000000 1743.000000 43.000000
44946494.000000 1970.000000 76.000000
45219354.000000 2062.000000 44.000000
44672172.000000 2052.000000 89.000000
44107633.000000 1843.000000 85.000000
44507061.000000 1896.000000 88.000000
44606472.000000 2060.000000 83.000000
44708128.000000 2035.000000 79.000000
44854768.000000 1907.000000 91.000000
44619722.000000 2016.000000 96.000000
44739976.000000 1959.000000 93.000000
45376746.000000 1678.000000 47.000000
44921452.000000 1941.000000 84.000000
44282675.000000 2011.000000 114.000000
45099498.000000 1877.000000 64.000000
44699226.000000 1992.000000 83.000000
45171222.000000 1722.000000 44.000000
45026965.000000 1934.000000 106.000000
45476230.000000 1464.000000 43.000000
