39220401.000000 2513.000000 191.000000
39116770.000000 2497.000000 228.000000
39203335.000000 2531.000000 202.000000
39195214.000000 2561.000000 199.000000
39257959.000000 2596.000000 214.000000
39195639.000000 2578.000000 223.000000
39291011.000000 2601.000000 166.000000
39239815.000000 2638.000000 221.000000
39209729.000000 2591.000000 217.000000
39225361.000000 2592.000000 164.000000
39323258.000000 2494.000000 195.000000
39225500.000000 2786.000000 187.000000
39200549.000000 2535.000000 206.000000
39238092.000000 2701.000000 207.000000
39206045.000000 2815.000000 201.000000
39236826.000000 2855.000000 206.000000
39245208.000000 2573.000000 205.000000
39190704.000000 2664.000000 206.000000
39259522.000000 2536.000000 209.000000
39211862.000000 2599.000000 212.000000
39291716.000000 2827.000000 172.000000
39158333.000000 2860.000000 233.000000
39224179.000000 2593.000000 223.000000
39177859.000000 2731.000000 218.000000
39224552.000000 2484.000000 174.000000
39194601.000000 2759.000000 205.000000
39256055.000000 3291.000000 197.000000
39255725.000000 2976.000000 192.000000
39304010.000000 2577.000000 199.000000
39167835.000000 2956.000000 187.000000
39172503.000000 2602.000000 220.000000
39242812.000000 2565.000000 248.000000
39244636.000000 2703.000000 216.000000
39255897.000000 2645.000000 188.000000
39259266.000000 2650.000000 180.000000
39293671.000000 2542.000000 209.000000
39137442.000000 2683.000000 211.000000
39100444.000000 2724.000000 222.000000
39097615.000000 2524.000000 168.000000
39194662.000000 2670.000000 240.000000
39185133.000000 2656.000000 230.000000
39166737.000000 2696.000000 219.000000
39301238.000000 2911.000000 153.000000
39262875.000000 3000.000000 208.000000
39287415.000000 2542.000000 185.000000
39177507.000000 2719.000000 210.000000
39177669.000000 2690.000000 204.000000
39220977.000000 2715.000000 224.000000
39205507.000000 2553.000000 207.000000
39138166.000000 2613.000000 205.000000
39200908.000000 2498.000000 199.000000
39261880.000000 2634.000000 178.000000
39243800.000000 2686.000000 207.000000
39314774.000000 2555.000000 177.000000
39225781.000000 2743.000000 217.000000
39278056.000000 2607.000000 210.000000
39184546.000000 2541.000000 209.000000
39182204.000000 2744.000000 215.000000
39265606.000000 2657.000000 203.000000
39304245.000000 2595.000000 188.000000
39232147.000000 2589.000000 219.000000
39191996.000000 2900.000000 199.000000
39179726.000000 2724.000000 202.000000
39140569.000000 2763.000000 220.000000
39174870.000000 2674.000000 207.000000
39147031.000000 2616.000000 194.000000
39198949.000000 2589.000000 210.000000
39321741.000000 2562.000000 197.000000
39165435.000000 3893.000000 213.000000
39311019.000000 2627.000000 211.000000
39181128.000000 2680.000000 216.000000
39226341.000000 2671.000000 236.000000
39179061.000000 2540.000000 216.000000
39030010.000000 2588.000000 190.000000
39209767.000000 2828.000000 213.000000
39174820.000000 2520.000000 189.000000
39292669.000000 2624.000000 190.000000
39277411.000000 2714.000000 200.000000
39238310.000000 2630.000000 207.000000
39193989.000000 2482.000000 227.000000
39216103.000000 2601.000000 221.000000
39211428.000000 2637.000000 207.000000
39161828.000000 2535.000000 178.000000
39278119.000000 2649.000000 197.000000
39323670.000000 2571.000000 204.000000
39180844.000000 2698.000000 209.000000
39171210.000000 2532.000000 203.000000
39166339.000000 2645.000000 248.000000
39187073.000000 2642.000000 217.000000
39172187.000000 2654.000000 199.000000
39219566.000000 2625.000000 207.000000
39236500.000000 2650.000000 189.000000
39264032.000000 2598.000000 210.000000
39144123.000000 2609.000000 193.000000
39231861.000000 2942.000000 185.000000
39188500.000000 2725.000000 237.000000
39158108.000000 2604.000000 220.000000
39205113.000000 2539.000000 229.000000
39249367.000000 2645.000000 174.000000
39242673.000000 2516.000000 183.000000
