39113396.000000 2691.000000 207.000000
39163871.000000 2743.000000 171.000000
39207035.000000 2594.000000 170.000000
39145886.000000 2795.000000 152.000000
39163494.000000 2518.000000 167.000000
39187047.000000 2695.000000 197.000000
39180458.000000 2614.000000 175.000000
39221499.000000 2670.000000 162.000000
39248310.000000 2574.000000 146.000000
39115779.000000 2765.000000 188.000000
39154595.000000 2658.000000 183.000000
39176794.000000 2566.000000 198.000000
39155320.000000 2624.000000 199.000000
39163044.000000 2770.000000 183.000000
39259514.000000 2613.000000 182.000000
39288984.000000 2585.000000 109.000000
39206280.000000 2683.000000 178.000000
39216382.000000 2487.000000 183.000000
39231886.000000 2487.000000 174.000000
39255798.000000 2833.000000 155.000000
39138293.000000 2572.000000 140.000000
39221145.000000 2539.000000 184.000000
39137492.000000 2685.000000 148.000000
39177328.000000 2766.000000 170.000000
39195793.000000 2758.000000 108.000000
39131058.000000 2589.000000 182.000000
39173485.000000 2672.000000 155.000000
39152547.000000 3043.000000 185.000000
39165594.000000 2688.000000 177.000000
39196405.000000 2637.000000 195.000000
39222968.000000 2610.000000 167.000000
39215432.000000 2775.000000 167.000000
39136555.000000 2788.000000 176.000000
39213469.000000 2874.000000 167.000000
39141683.000000 2748.000000 125.000000
39145157.000000 2660.000000 141.000000
39163061.000000 2574.000000 179.000000
39228301.000000 2798.000000 187.000000
39202952.000000 2761.000000 168.000000
39214695.000000 2664.000000 164.000000
39103012.000000 2778.000000 145.000000
39213001.000000 2669.000000 135.000000
39198177.000000 2524.000000 98.000000
39307687.000000 2577.000000 139.000000
39308796.000000 2510.000000 118.000000
39217877.000000 2705.000000 221.000000
39158755.000000 2660.000000 140.000000
39228604.000000 2674.000000 168.000000
39190181.000000 2648.000000 161.000000
39119263.000000 2642.000000 187.000000
39229777.000000 2671.000000 103.000000
39216264.000000 2612.000000 157.000000
39182358.000000 2634.000000 157.000000
39190562.000000 3131.000000 140.000000
39193725.000000 2845.000000 129.000000
39162518.000000 2949.000000 163.000000
39017402.000000 2477.000000 194.000000
39267516.000000 2553.000000 136.000000
39229312.000000 2544.000000 155.000000
39171928.000000 2658.000000 191.000000
39194391.000000 2562.000000 203.000000
39142732.000000 2706.000000 158.000000
39213040.000000 2772.000000 157.000000
39225828.000000 2633.000000 176.000000
39115454.000000 2625.000000 218.000000
39199658.000000 2701.000000 157.000000
39193739.000000 2532.000000 188.000000
39171624.000000 2623.000000 185.000000
39105273.000000 2658.000000 128.000000
39191544.000000 2641.000000 131.000000
39232619.000000 2902.000000 170.000000
39172566.000000 2675.000000 136.000000
39148127.000000 2692.000000 165.000000
39245100.000000 2502.000000 150.000000
39282911.000000 2522.000000 171.000000
39200474.000000 2511.000000 163.000000
39201332.000000 2723.000000 197.000000
39190919.000000 2802.000000 200.000000
39154442.000000 2615.000000 183.000000
39237522.000000 2547.000000 175.000000
39230471.000000 2521.000000 171.000000
39204777.000000 2720.000000 162.000000
39243453.000000 2530.000000 136.000000
39273235.000000 2475.000000 185.000000
39272458.000000 2532.000000 105.000000
39194283.000000 2562.000000 174.000000
39218165.000000 2684.000000 174.000000
39181543.000000 2609.000000 185.000000
39182737.000000 2598.000000 171.000000
39140858.000000 2882.000000 172.000000
39213972.000000 2781.000000 183.000000
39217325.000000 2616.000000 165.000000
39264976.000000 2855.000000 128.000000
39179328.000000 2841.000000 170.000000
39226639.000000 2660.000000 174.000000
39216389.000000 2766.000000 149.000000
39185168.000000 2739.000000 194.000000
39052165.000000 2749.000000 168.000000
39200700.000000 2627.000000 157.000000
39192550.000000 2816.000000 147.000000
