39694918.000000 4436.000000 271.000000
39797615.000000 3913.000000 251.000000
39682427.000000 2980.000000 287.000000
39856110.000000 4047.000000 251.000000
39883343.000000 3317.000000 281.000000
39743856.000000 3883.000000 256.000000
39716872.000000 3256.000000 468.000000
39871933.000000 2782.000000 294.000000
39795219.000000 3836.000000 269.000000
39708335.000000 2999.000000 401.000000
39768938.000000 4516.000000 253.000000
39767779.000000 3050.000000 309.000000
39709675.000000 3456.000000 286.000000
39673874.000000 4014.000000 257.000000
39856288.000000 3462.000000 250.000000
39744122.000000 3460.000000 274.000000
39768626.000000 2881.000000 282.000000
39725609.000000 2820.000000 429.000000
39731093.000000 4420.000000 270.000000
39849213.000000 3298.000000 290.000000
39770681.000000 4370.000000 279.000000
39824850.000000 3727.000000 281.000000
39690752.000000 4290.000000 277.000000
39727032.000000 3505.000000 263.000000
39766587.000000 2833.000000 311.000000
39750800.000000 3857.000000 268.000000
39799136.000000 2969.000000 271.000000
39691783.000000 3127.000000 291.000000
39703608.000000 3726.000000 257.000000
39656875.000000 3927.000000 266.000000
39629866.000000 3989.000000 256.000000
39698330.000000 3863.000000 283.000000
39866183.000000 3850.000000 249.000000
39749900.000000 3996.000000 244.000000
39741796.000000 4249.000000 263.000000
39646147.000000 4204.000000 258.000000
39708165.000000 4057.000000 259.000000
39742038.000000 3916.000000 271.000000
39788941.000000 3652.000000 266.000000
39746339.000000 3893.000000 283.000000
39791988.000000 2621.000000 257.000000
39746103.000000 4116.000000 277.000000
39812273.000000 3815.000000 264.000000
39624125.000000 4080.000000 261.000000
39772152.000000 4013.000000 254.000000
39733687.000000 3881.000000 261.000000
39710429.000000 3842.000000 261.000000
39837884.000000 2734.000000 293.000000
39756334.000000 3836.000000 255.000000
39757122.000000 3073.000000 278.000000
39752370.000000 3660.000000 285.000000
39624482.000000 3949.000000 263.000000
39844114.000000 3149.000000 254.000000
39882953.000000 3519.000000 240.000000
39670340.000000 4031.000000 277.000000
39783084.000000 4373.000000 255.000000
39848051.000000 4018.000000 239.000000
39706452.000000 4658.000000 248.000000
39739223.000000 3181.000000 262.000000
39870556.000000 3518.000000 283.000000
39822383.000000 3137.000000 263.000000
39652662.000000 4275.000000 272.000000
39559363.000000 5454.000000 274.000000
39650794.000000 4130.000000 281.000000
39714639.000000 4594.000000 324.000000
39720144.000000 3013.000000 280.000000
39805838.000000 2945.000000 275.000000
39786893.000000 3912.000000 274.000000
39743291.000000 3941.000000 252.000000
39835003.000000 3662.000000 261.000000
39670870.000000 3758.000000 277.000000
39794859.000000 3619.000000 290.000000
39858465.000000 2808.000000 271.000000
39735430.000000 3353.000000 292.000000
39671115.000000 4399.000000 276.000000
39826783.000000 3381.000000 261.000000
39614982.000000 3917.000000 250.000000
39760444.000000 3325.000000 275.000000
39879416.000000 3588.000000 264.000000
39819914.000000 3041.000000 244.000000
39730782.000000 3040.000000 337.000000
39796545.000000 3018.000000 292.000000
39747649.000000 3116.000000 278.000000
39766546.000000 3355.000000 281.000000
39666754.000000 4152.000000 254.000000
39830503.000000 3725.000000 246.000000
39638530.000000 4056.000000 281.000000
39866966.000000 3060.000000 279.000000
39811310.000000 4047.000000 270.000000
39751358.000000 3142.000000 288.000000
39646519.000000 3903.000000 264.000000
39840491.000000 3445.000000 263.000000
39692509.000000 4327.000000 257.000000
39799035.000000 3530.000000 283.000000
39653391.000000 4350.000000 257.000000
39755946.000000 3928.000000 269.000000
39823021.000000 3375.000000 240.000000
39722189.000000 3867.000000 249.000000
39789952.000000 3551.000000 256.000000
39740336.000000 3649.000000 269.000000
