44766891.000000 1881.000000 42.000000
44477972.000000 1895.000000 52.000000
44599175.000000 2040.000000 40.000000
44746173.000000 1716.000000 51.000000
44026388.000000 2201.000000 40.000000
44232966.000000 2037.000000 38.000000
44305632.000000 2040.000000 43.000000
44962690.000000 1959.000000 40.000000
44871731.000000 1865.000000 40.000000
44468606.000000 2012.000000 45.000000
44443406.000000 1944.000000 47.000000
44726430.000000 1864.000000 42.000000
44852631.000000 2014.000000 42.000000
44875220.000000 1929.000000 40.000000
44769955.000000 2148.000000 40.000000
44216288.000000 2185.000000 42.000000
44704410.000000 1600.000000 42.000000
44766481.000000 1742.000000 40.000000
43984586.000000 2182.000000 38.000000
43915576.000000 2117.000000 36.000000
44577501.000000 2010.000000 42.000000
44747918.000000 1518.000000 45.000000
44335166.000000 2155.000000 37.000000
44850013.000000 1787.000000 49.000000
44356690.000000 2181.000000 37.000000
44980852.000000 1825.000000 42.000000
44849371.000000 1570.000000 50.000000
45016291.000000 1745.000000 43.000000
44811082.000000 1994.000000 42.000000
44581314.000000 2127.000000 42.000000
44216196.000000 2075.000000 35.000000
43966360.000000 2112.000000 38.000000
44817683.000000 2052.000000 41.000000
44354769.000000 2125.000000 38.000000
44914176.000000 1836.000000 45.000000
44846656.000000 1988.000000 42.000000
44909610.000000 1912.000000 41.000000
43910623.000000 2243.000000 35.000000
44166632.000000 2031.000000 42.000000
44102769.000000 2224.000000 27.000000
45008061.000000 1975.000000 39.000000
44732092.000000 1930.000000 49.000000
44984011.000000 1728.000000 43.000000
44773567.000000 2064.000000 38.000000
44450820.000000 2088.000000 34.000000
44648204.000000 2006.000000 42.000000
44776970.000000 1946.000000 49.000000
44607016.000000 1903.000000 48.000000
44034760.000000 2175.000000 43.000000
44938165.000000 1869.000000 43.000000
44347032.000000 2167.000000 38.000000
44866621.000000 1629.000000 45.000000
44566984.000000 2054.000000 34.000000
44155388.000000 2129.000000 43.000000
43981163.000000 2009.000000 35.000000
43920683.000000 2111.000000 44.000000
44746381.000000 2085.000000 43.000000
44227275.000000 2162.000000 37.000000
44479454.000000 2094.000000 38.000000
44839585.000000 1874.000000 45.000000
45046257.000000 1755.000000 42.000000
44884202.000000 1556.000000 54.000000
44813444.000000 1647.000000 41.000000
44881661.000000 1671.000000 41.000000
44580782.000000 2205.000000 43.000000
44468699.000000 1969.000000 38.000000
44883491.000000 2047.000000 40.000000
44207405.000000 2117.000000 37.000000
44863583.000000 1886.000000 47.000000
44956608.000000 1704.000000 41.000000
44548113.000000 2013.000000 39.000000
44854309.000000 1628.000000 51.000000
44628996.000000 1883.000000 50.000000
44304649.000000 2188.000000 35.000000
44058210.000000 2161.000000 35.000000
44838616.000000 1845.000000 43.000000
44956161.000000 1914.000000 39.000000
44914121.000000 1873.000000 44.000000
44982089.000000 1821.000000 43.000000
44076634.000000 2080.000000 36.000000
44797517.000000 1746.000000 47.000000
44032394.000000 2213.000000 33.000000
44074014.000000 1975.000000 37.000000
44557092.000000 2109.000000 35.000000
44361577.000000 2027.000000 43.000000
44557598.000000 2047.000000 37.000000
44858664.000000 1579.000000 53.000000
44459724.000000 2007.000000 49.000000
44612245.000000 2140.000000 47.000000
44154578.000000 2054.000000 35.000000
44295005.000000 2091.000000 38.000000
44098386.000000 2143.000000 43.000000
44870077.000000 2077.000000 42.000000
44265840.000000 2195.000000 38.000000
44923599.000000 1734.000000 43.000000
44366615.000000 2125.000000 37.000000
44899737.000000 1757.000000 42.000000
44706083.000000 2079.000000 40.000000
45028884.000000 2037.000000 42.000000
44726269.000000 2035.000000 43.000000
