44565391.000000 2604.000000 2103.000000
43107601.000000 1759.000000 1641.000000
44181107.000000 2062.000000 782.000000
44772327.000000 2669.000000 1521.000000
43416119.000000 2161.000000 786.000000
43423882.000000 1734.000000 1472.000000
44427764.000000 2437.000000 987.000000
42867207.000000 7307.000000 4142.000000
43345484.000000 1849.000000 583.000000
43027283.000000 2744.000000 1332.000000
43413229.000000 1607.000000 406.000000
42713663.000000 7198.000000 5640.000000
43764307.000000 1844.000000 458.000000
44435459.000000 2998.000000 1018.000000
43340748.000000 1806.000000 1237.000000
42889252.000000 6031.000000 5598.000000
43836382.000000 3611.000000 3273.000000
43578427.000000 3494.000000 1293.000000
44074281.000000 3486.000000 2491.000000
43587024.000000 1550.000000 292.000000
43289661.000000 2399.000000 1470.000000
45936378.000000 1790.000000 989.000000
43069551.000000 3052.000000 1912.000000
43588949.000000 1444.000000 679.000000
43005282.000000 2093.000000 292.000000
43371937.000000 1753.000000 608.000000
43799509.000000 5632.000000 2577.000000
44530729.000000 2917.000000 1818.000000
43619058.000000 2116.000000 1136.000000
11304984.000000 41254.000000 42739.000000
44564415.000000 2744.000000 1531.000000
44235939.000000 3055.000000 2642.000000
43851302.000000 1531.000000 682.000000
43642919.000000 1839.000000 483.000000
43879911.000000 3398.000000 2936.000000
43502984.000000 1808.000000 438.000000
43108720.000000 1480.000000 690.000000
43739887.000000 1726.000000 681.000000
43405870.000000 2205.000000 769.000000
43725930.000000 2451.000000 3356.000000
43700688.000000 1405.000000 181.000000
43503694.000000 13225.000000 230.000000
43541413.000000 1449.000000 423.000000
44131562.000000 1508.000000 632.000000
43459985.000000 2232.000000 1053.000000
44250746.000000 2043.000000 1054.000000
39448900.000000 9796.000000 11334.000000
43815528.000000 2164.000000 798.000000
44019238.000000 2212.000000 1051.000000
43929390.000000 2031.000000 1090.000000
42774275.000000 2009.000000 1353.000000
29769425.000000 25403.000000 28661.000000
43553124.000000 3168.000000 2289.000000
43003834.000000 2110.000000 807.000000
43347216.000000 2290.000000 676.000000
43643812.000000 1306.000000 636.000000
44268914.000000 2652.000000 1771.000000
43632071.000000 1532.000000 621.000000
43218371.000000 3061.000000 1338.000000
44162775.000000 7309.000000 197.000000
43081669.000000 6263.000000 4421.000000
43921691.000000 3419.000000 2618.000000
43960807.000000 1413.000000 685.000000
43507541.000000 1272.000000 701.000000
34248046.000000 19794.000000 18416.000000
45831175.000000 3318.000000 2496.000000
43966061.000000 2414.000000 882.000000
43457237.000000 1701.000000 1841.000000
42952803.000000 2435.000000 1131.000000
43652597.000000 1794.000000 802.000000
43938878.000000 2123.000000 1155.000000
43941804.000000 1871.000000 1421.000000
44057651.000000 1965.000000 1765.000000
43383797.000000 1413.000000 238.000000
44048322.000000 2750.000000 1541.000000
44165511.000000 2500.000000 1190.000000
43432319.000000 2162.000000 741.000000
25187368.000000 31791.000000 37935.000000
43851581.000000 2153.000000 1613.000000
44492365.000000 2639.000000 288.000000
43294846.000000 2208.000000 1678.000000
21222347.000000 35383.000000 32325.000000
43355396.000000 1753.000000 394.000000
30222349.000000 26557.000000 27841.000000
43312178.000000 2740.000000 2159.000000
44942189.000000 2959.000000 105.000000
44348391.000000 12531.000000 3030.000000
43028067.000000 2130.000000 796.000000
42366560.000000 11258.000000 10304.000000
44041622.000000 3095.000000 2335.000000
44118975.000000 3639.000000 3675.000000
43651164.000000 1276.000000 455.000000
43244606.000000 1435.000000 1151.000000
43234814.000000 2811.000000 1352.000000
43708128.000000 2817.000000 1462.000000
42697344.000000 3766.000000 1759.000000
43668641.000000 2045.000000 891.000000
43525446.000000 2086.000000 590.000000
43905876.000000 1980.000000 1167.000000
43279482.000000 1513.000000 1561.000000
