43449301.000000 1531.000000 46.000000
43322840.000000 1337.000000 54.000000
43071663.000000 1724.000000 35.000000
43692748.000000 1117.000000 43.000000
43588307.000000 1349.000000 53.000000
43806021.000000 1216.000000 48.000000
43282128.000000 1699.000000 65.000000
43691719.000000 864.000000 54.000000
43233520.000000 1441.000000 50.000000
43378606.000000 1418.000000 51.000000
43834034.000000 1023.000000 57.000000
43753598.000000 1022.000000 52.000000
43889509.000000 1036.000000 52.000000
43855383.000000 429.000000 52.000000
43545113.000000 1283.000000 55.000000
43811374.000000 418.000000 48.000000
43398439.000000 1479.000000 51.000000
43630667.000000 932.000000 76.000000
43158174.000000 1705.000000 73.000000
43522002.000000 1221.000000 54.000000
43803069.000000 427.000000 51.000000
43423604.000000 1414.000000 59.000000
43803388.000000 383.000000 55.000000
43685470.000000 1704.000000 121.000000
43917672.000000 792.000000 52.000000
43282531.000000 1499.000000 47.000000
43799007.000000 1213.000000 50.000000
43586459.000000 365.000000 47.000000
44020487.000000 523.000000 52.000000
43747312.000000 353.000000 52.000000
43763949.000000 501.000000 52.000000
43733426.000000 564.000000 48.000000
43531372.000000 894.000000 50.000000
43635732.000000 1512.000000 50.000000
43661257.000000 979.000000 57.000000
43433076.000000 1672.000000 41.000000
43737816.000000 1194.000000 53.000000
43785543.000000 438.000000 52.000000
43661000.000000 1248.000000 53.000000
43863062.000000 929.000000 59.000000
43620108.000000 950.000000 63.000000
43102831.000000 1545.000000 40.000000
43715410.000000 1164.000000 55.000000
43839424.000000 1254.000000 54.000000
43860455.000000 450.000000 55.000000
43241688.000000 1493.000000 55.000000
43547547.000000 1524.000000 55.000000
44037616.000000 853.000000 55.000000
43451195.000000 1538.000000 52.000000
43360928.000000 1642.000000 32.000000
44003718.000000 507.000000 55.000000
43850441.000000 618.000000 49.000000
43864539.000000 425.000000 55.000000
43812984.000000 382.000000 51.000000
43709737.000000 1058.000000 50.000000
43188056.000000 1487.000000 80.000000
43530399.000000 1581.000000 49.000000
43288293.000000 1522.000000 50.000000
43108320.000000 1737.000000 30.000000
43316733.000000 1649.000000 34.000000
43702472.000000 381.000000 50.000000
43883944.000000 427.000000 52.000000
43728036.000000 1048.000000 57.000000
43141987.000000 1620.000000 40.000000
43604969.000000 1120.000000 65.000000
43940821.000000 1406.000000 51.000000
43676584.000000 1312.000000 50.000000
43961767.000000 1503.000000 53.000000
43761662.000000 1269.000000 51.000000
43756571.000000 1289.000000 56.000000
43601474.000000 1466.000000 54.000000
43360324.000000 1654.000000 51.000000
42945901.000000 1766.000000 47.000000
44047390.000000 464.000000 52.000000
43644246.000000 1658.000000 45.000000
43956908.000000 487.000000 50.000000
43774565.000000 423.000000 51.000000
43696193.000000 1368.000000 52.000000
43659797.000000 1492.000000 77.000000
43437863.000000 1497.000000 56.000000
43566524.000000 1451.000000 50.000000
43299766.000000 1500.000000 48.000000
43702952.000000 1232.000000 52.000000
44012957.000000 533.000000 49.000000
43918803.000000 1278.000000 52.000000
43706353.000000 338.000000 49.000000
43416608.000000 1596.000000 51.000000
43616891.000000 1053.000000 58.000000
43280699.000000 1473.000000 50.000000
43677645.000000 1103.000000 54.000000
43103347.000000 1831.000000 28.000000
43734038.000000 1334.000000 54.000000
43860696.000000 359.000000 51.000000
43426443.000000 1506.000000 62.000000
43671475.000000 1036.000000 57.000000
43690801.000000 943.000000 68.000000
43324100.000000 1461.000000 51.000000
43715240.000000 1167.000000 69.000000
43896659.000000 532.000000 49.000000
43772634.000000 1103.000000 50.000000
