43112449.000000 1797.000000 33.000000
43966479.000000 1202.000000 54.000000
43795081.000000 1218.000000 58.000000
43580382.000000 1046.000000 51.000000
43262540.000000 1664.000000 39.000000
43789569.000000 1093.000000 48.000000
43847791.000000 1229.000000 49.000000
43597406.000000 491.000000 48.000000
43565638.000000 1464.000000 51.000000
43712299.000000 346.000000 51.000000
43483260.000000 1607.000000 51.000000
44164109.000000 878.000000 55.000000
43996212.000000 1099.000000 40.000000
43906548.000000 1108.000000 37.000000
43699936.000000 1228.000000 49.000000
43681257.000000 1239.000000 52.000000
43989051.000000 459.000000 48.000000
43763084.000000 471.000000 48.000000
43312425.000000 1783.000000 29.000000
43374730.000000 1650.000000 44.000000
43204876.000000 1704.000000 32.000000
43252570.000000 1808.000000 26.000000
43876912.000000 1414.000000 50.000000
43976294.000000 1213.000000 50.000000
43834591.000000 1250.000000 53.000000
43695315.000000 1390.000000 53.000000
43600964.000000 1465.000000 45.000000
43920217.000000 862.000000 50.000000
42994008.000000 1769.000000 28.000000
43345294.000000 1652.000000 34.000000
43662653.000000 1163.000000 49.000000
43869102.000000 433.000000 50.000000
43911110.000000 1262.000000 52.000000
43765589.000000 463.000000 51.000000
43399868.000000 1429.000000 51.000000
43681585.000000 983.000000 53.000000
43331402.000000 1586.000000 34.000000
44083644.000000 547.000000 47.000000
43966526.000000 1158.000000 50.000000
43701312.000000 1477.000000 54.000000
43854843.000000 425.000000 53.000000
43321795.000000 1428.000000 46.000000
43417832.000000 1557.000000 46.000000
43535272.000000 1483.000000 45.000000
43405976.000000 1711.000000 9.000000
43720847.000000 1135.000000 51.000000
43693836.000000 1289.000000 48.000000
44017818.000000 1292.000000 49.000000
44059319.000000 443.000000 50.000000
43715859.000000 918.000000 49.000000
43567234.000000 1410.000000 52.000000
43387817.000000 1470.000000 48.000000
43365552.000000 1356.000000 54.000000
43598022.000000 1023.000000 49.000000
43403884.000000 1633.000000 38.000000
43510441.000000 1712.000000 35.000000
43951833.000000 1409.000000 53.000000
43498447.000000 1596.000000 49.000000
43779065.000000 1530.000000 54.000000
43910319.000000 1070.000000 53.000000
43560870.000000 1217.000000 52.000000
43236702.000000 1710.000000 5.000000
43818363.000000 450.000000 53.000000
43883621.000000 1347.000000 55.000000
43951199.000000 462.000000 51.000000
43910689.000000 1386.000000 52.000000
43885714.000000 850.000000 49.000000
43167426.000000 1571.000000 23.000000
43988093.000000 955.000000 55.000000
43862276.000000 1026.000000 37.000000
43930135.000000 435.000000 47.000000
43795373.000000 1433.000000 55.000000
43825889.000000 409.000000 51.000000
43836210.000000 404.000000 51.000000
43711671.000000 1520.000000 47.000000
44007853.000000 495.000000 51.000000
43459835.000000 1546.000000 27.000000
43810396.000000 963.000000 55.000000
43031751.000000 1743.000000 28.000000
43823872.000000 1234.000000 51.000000
43657634.000000 440.000000 49.000000
43831253.000000 429.000000 54.000000
43429316.000000 1536.000000 50.000000
43637341.000000 1218.000000 54.000000
43768084.000000 1122.000000 48.000000
44055828.000000 553.000000 49.000000
43762251.000000 1282.000000 51.000000
43879944.000000 437.000000 29.000000
43526014.000000 1558.000000 48.000000
43879393.000000 1314.000000 55.000000
43704226.000000 881.000000 47.000000
43545826.000000 1538.000000 51.000000
43935589.000000 1041.000000 55.000000
43884411.000000 1206.000000 51.000000
43767708.000000 372.000000 50.000000
43815038.000000 1204.000000 48.000000
43613580.000000 408.000000 48.000000
43447809.000000 1351.000000 48.000000
43697800.000000 640.000000 50.000000
43518377.000000 1409.000000 52.000000
