43563056.000000 2285.000000 7.000000
43674530.000000 2227.000000 5.000000
43412881.000000 2228.000000 2.000000
43423131.000000 1983.000000 5.000000
43839991.000000 2432.000000 0.000000
43407791.000000 2194.000000 0.000000
43533655.000000 2194.000000 2.000000
43766529.000000 2110.000000 5.000000
43415788.000000 2147.000000 9.000000
43397936.000000 2282.000000 4.000000
43445164.000000 1922.000000 0.000000
43572464.000000 1926.000000 0.000000
43604694.000000 2487.000000 2.000000
43693316.000000 2506.000000 3.000000
43396469.000000 2347.000000 2.000000
43622605.000000 1913.000000 7.000000
43355204.000000 2054.000000 2.000000
43557183.000000 2100.000000 0.000000
43650503.000000 2080.000000 1.000000
43608871.000000 2109.000000 0.000000
43143167.000000 1995.000000 1.000000
43790079.000000 1800.000000 0.000000
43683447.000000 2150.000000 0.000000
43636750.000000 2183.000000 7.000000
43666118.000000 2450.000000 2.000000
43326216.000000 1987.000000 2.000000
43532739.000000 2274.000000 3.000000
43507914.000000 1868.000000 0.000000
43410320.000000 2071.000000 3.000000
43339681.000000 2434.000000 0.000000
43628975.000000 2235.000000 12.000000
43728108.000000 2084.000000 0.000000
43577857.000000 2169.000000 2.000000
43811239.000000 1869.000000 5.000000
43533137.000000 2545.000000 0.000000
43573186.000000 1935.000000 7.000000
43540145.000000 2006.000000 2.000000
43632644.000000 2608.000000 4.000000
43511559.000000 1872.000000 4.000000
43442839.000000 2062.000000 2.000000
43471073.000000 1814.000000 0.000000
43776662.000000 2494.000000 4.000000
43606189.000000 1888.000000 0.000000
43513409.000000 2634.000000 5.000000
43845850.000000 2462.000000 4.000000
43553946.000000 2092.000000 6.000000
44062631.000000 2535.000000 7.000000
43594017.000000 2116.000000 4.000000
43474408.000000 2107.000000 4.000000
43403393.000000 1981.000000 0.000000
43445468.000000 1929.000000 0.000000
43708202.000000 1886.000000 0.000000
43667297.000000 2262.000000 0.000000
43821866.000000 2103.000000 2.000000
43658585.000000 2279.000000 0.000000
43709877.000000 2164.000000 4.000000
43650010.000000 2124.000000 4.000000
43397558.000000 2127.000000 2.000000
43574481.000000 2873.000000 16.000000
43436512.000000 2014.000000 3.000000
43614345.000000 1760.000000 1.000000
43613476.000000 1805.000000 3.000000
43457608.000000 1705.000000 0.000000
43829782.000000 2406.000000 4.000000
43774611.000000 1963.000000 0.000000
43526933.000000 1935.000000 9.000000
43801457.000000 2026.000000 6.000000
43167351.000000 2209.000000 2.000000
43604581.000000 1937.000000 12.000000
43812057.000000 2112.000000 7.000000
43537916.000000 1761.000000 0.000000
43526105.000000 2075.000000 1.000000
43337921.000000 1592.000000 3.000000
43276289.000000 1724.000000 0.000000
43610168.000000 1982.000000 0.000000
43490440.000000 1939.000000 0.000000
43803783.000000 1912.000000 0.000000
43593433.000000 2547.000000 2.000000
43602269.000000 1728.000000 0.000000
43493017.000000 1973.000000 3.000000
43810588.000000 2129.000000 0.000000
43304883.000000 1866.000000 4.000000
43724779.000000 2497.000000 4.000000
43863450.000000 1978.000000 5.000000
43568363.000000 2513.000000 3.000000
43506190.000000 1881.000000 2.000000
43423312.000000 1733.000000 0.000000
43488913.000000 1747.000000 2.000000
42280735.000000 2261.000000 0.000000
43485772.000000 2154.000000 7.000000
43350592.000000 1858.000000 7.000000
43572603.000000 1702.000000 3.000000
43564350.000000 1821.000000 3.000000
43453372.000000 1801.000000 0.000000
43428096.000000 2050.000000 0.000000
43505508.000000 2226.000000 2.000000
43756069.000000 2135.000000 0.000000
43503264.000000 1794.000000 3.000000
43642073.000000 2254.000000 6.000000
43575785.000000 2048.000000 8.000000
