722911.000000 5416.000000 10.000000
595777.000000 5426.000000 55.000000
1721911.000000 4633.000000 12.000000
1721833.000000 4684.000000 15.000000
1721796.000000 4643.000000 0.000000
19084.000000 5487.000000 13.000000
1721955.000000 5140.000000 11.000000
1602809.000000 5203.000000 3.000000
1465213.000000 5224.000000 5.000000
563820.000000 5393.000000 137.000000
1721602.000000 4783.000000 11.000000
14102.000000 5454.000000 23.000000
18708.000000 5440.000000 39.000000
5037.000000 5419.000000 16.000000
1654067.000000 5144.000000 8.000000
1721776.000000 4351.000000 14.000000
793527.000000 5414.000000 69.000000
1721604.000000 4460.000000 8.000000
1721344.000000 4666.000000 4.000000
1721738.000000 4800.000000 115.000000
1631533.000000 5142.000000 11.000000
1721407.000000 4917.000000 0.000000
1720135.000000 5182.000000 3.000000
1263666.000000 5311.000000 10.000000
747549.000000 5408.000000 10.000000
655709.000000 5416.000000 7.000000
18587.000000 5433.000000 55.000000
18498.000000 5405.000000 11.000000
1721286.000000 4809.000000 17.000000
18479.000000 5463.000000 2.000000
14230.000000 5505.000000 73.000000
641602.000000 5486.000000 12.000000
5128.000000 5457.000000 14.000000
394073.000000 5470.000000 0.000000
18518.000000 5501.000000 13.000000
1721620.000000 4544.000000 27.000000
18829.000000 5440.000000 10.000000
1721705.000000 4905.000000 3.000000
1721655.000000 4384.000000 9.000000
4875.000000 5468.000000 9.000000
18857.000000 5427.000000 16.000000
1721748.000000 4452.000000 0.000000
18889.000000 5449.000000 10.000000
1721363.000000 4685.000000 7.000000
14113.000000 5445.000000 11.000000
1721834.000000 5012.000000 9.000000
4902.000000 5454.000000 14.000000
871045.000000 5480.000000 10.000000
18531.000000 5479.000000 4.000000
18501.000000 5450.000000 0.000000
1721647.000000 4603.000000 8.000000
18784.000000 5428.000000 12.000000
19043.000000 5502.000000 25.000000
14089.000000 5489.000000 13.000000
5106.000000 5494.000000 28.000000
5173.000000 5474.000000 53.000000
5281.000000 5519.000000 5.000000
1721578.000000 4399.000000 160.000000
30954.000000 5434.000000 130.000000
1721642.000000 4659.000000 62.000000
1721468.000000 4835.000000 19.000000
19032.000000 5467.000000 8.000000
14190.000000 5406.000000 78.000000
1693991.000000 5132.000000 39.000000
1721768.000000 4394.000000 13.000000
18506.000000 5469.000000 11.000000
1721445.000000 4620.000000 11.000000
1721804.000000 4764.000000 0.000000
1721801.000000 4843.000000 7.000000
1642361.000000 5178.000000 0.000000
1721466.000000 5133.000000 17.000000
934880.000000 5344.000000 10.000000
131267.000000 5569.000000 9.000000
330483.000000 5493.000000 12.000000
18508.000000 5420.000000 9.000000
1721811.000000 4663.000000 7.000000
1721656.000000 4796.000000 46.000000
1721806.000000 4825.000000 16.000000
1033679.000000 5405.000000 8.000000
541669.000000 5466.000000 0.000000
719322.000000 5445.000000 10.000000
158677.000000 5621.000000 7.000000
183222.000000 5567.000000 55.000000
29958.000000 5559.000000 11.000000
1721949.000000 4924.000000 9.000000
1721647.000000 5065.000000 68.000000
8411.000000 5487.000000 7.000000
5036.000000 5439.000000 5.000000
733326.000000 5421.000000 12.000000
1721968.000000 4510.000000 0.000000
30948.000000 5521.000000 11.000000
1721460.000000 4693.000000 0.000000
19009.000000 5501.000000 60.000000
1721885.000000 4988.000000 3.000000
4856.000000 5684.000000 18.000000
968376.000000 5505.000000 8.000000
1721291.000000 4475.000000 4.000000
98748.000000 5567.000000 7.000000
1721814.000000 4813.000000 10.000000
18713.000000 5386.000000 17.000000
