43931916.000000 876.000000 52.000000
43858242.000000 440.000000 50.000000
43471693.000000 1639.000000 48.000000
43404405.000000 1380.000000 47.000000
43756087.000000 1442.000000 48.000000
43423138.000000 1443.000000 43.000000
43552811.000000 1543.000000 50.000000
43494761.000000 1492.000000 48.000000
44053624.000000 415.000000 47.000000
44084941.000000 511.000000 48.000000
44109954.000000 1069.000000 54.000000
43881476.000000 500.000000 50.000000
43595920.000000 1440.000000 55.000000
43561064.000000 1022.000000 49.000000
43811103.000000 1467.000000 51.000000
43766481.000000 775.000000 52.000000
44144676.000000 519.000000 49.000000
43992154.000000 467.000000 50.000000
43793659.000000 444.000000 43.000000
43820901.000000 1426.000000 23.000000
43868424.000000 1280.000000 52.000000
43945335.000000 464.000000 52.000000
43919907.000000 635.000000 50.000000
43823526.000000 954.000000 51.000000
43590726.000000 1035.000000 47.000000
44011940.000000 1224.000000 53.000000
43852826.000000 1047.000000 51.000000
43557371.000000 1309.000000 55.000000
43496488.000000 1482.000000 49.000000
44024188.000000 419.000000 33.000000
43859877.000000 1028.000000 43.000000
43820223.000000 1071.000000 52.000000
43671752.000000 1552.000000 54.000000
44196668.000000 925.000000 23.000000
43173176.000000 1607.000000 30.000000
43870896.000000 1193.000000 47.000000
43863778.000000 1238.000000 37.000000
43793068.000000 449.000000 36.000000
43509342.000000 1490.000000 53.000000
43720795.000000 434.000000 50.000000
43248806.000000 1458.000000 46.000000
43963577.000000 981.000000 53.000000
43824440.000000 1192.000000 15.000000
43689885.000000 1077.000000 51.000000
43616089.000000 460.000000 48.000000
43742101.000000 407.000000 33.000000
43793475.000000 424.000000 48.000000
43775045.000000 1550.000000 52.000000
43796215.000000 407.000000 47.000000
43874979.000000 867.000000 48.000000
43031161.000000 1651.000000 28.000000
43873786.000000 1214.000000 51.000000
43917535.000000 441.000000 50.000000
44016021.000000 1206.000000 16.000000
44241569.000000 475.000000 52.000000
43699755.000000 1399.000000 57.000000
44053712.000000 451.000000 50.000000
43319700.000000 1569.000000 36.000000
43484486.000000 1614.000000 51.000000
43944831.000000 1048.000000 58.000000
43348680.000000 1674.000000 34.000000
43598468.000000 952.000000 50.000000
43703164.000000 1443.000000 50.000000
43742198.000000 1418.000000 56.000000
43710677.000000 1389.000000 49.000000
43901655.000000 436.000000 50.000000
43509206.000000 1444.000000 48.000000
43861753.000000 951.000000 52.000000
43850798.000000 1026.000000 55.000000
43998479.000000 483.000000 47.000000
43719307.000000 1303.000000 50.000000
43796147.000000 363.000000 52.000000
43576309.000000 1272.000000 53.000000
43832448.000000 417.000000 51.000000
43171121.000000 1864.000000 38.000000
43707104.000000 962.000000 55.000000
43826170.000000 1025.000000 52.000000
43363542.000000 1627.000000 35.000000
43616916.000000 1301.000000 48.000000
43473416.000000 454.000000 51.000000
43794413.000000 1298.000000 51.000000
43839625.000000 471.000000 50.000000
44094509.000000 493.000000 53.000000
43889119.000000 449.000000 49.000000
43728153.000000 1020.000000 51.000000
43907028.000000 1267.000000 38.000000
43761634.000000 987.000000 48.000000
43199597.000000 1692.000000 34.000000
43923886.000000 523.000000 50.000000
43723516.000000 385.000000 49.000000
43643097.000000 1337.000000 50.000000
43684818.000000 991.000000 51.000000
43729088.000000 916.000000 49.000000
43838241.000000 946.000000 54.000000
44154561.000000 893.000000 26.000000
43862639.000000 1051.000000 53.000000
43747011.000000 993.000000 49.000000
43900774.000000 1133.000000 54.000000
43767429.000000 349.000000 51.000000
43447688.000000 1438.000000 47.000000
