43510752.000000 1926.000000 0.000000
43683787.000000 2139.000000 0.000000
43641696.000000 2288.000000 4.000000
43673152.000000 2252.000000 8.000000
43648451.000000 2184.000000 0.000000
43727919.000000 2017.000000 38.000000
43467725.000000 2242.000000 5.000000
43553121.000000 2761.000000 13.000000
43681205.000000 2005.000000 18.000000
43025819.000000 2093.000000 2.000000
43686378.000000 1984.000000 0.000000
43462246.000000 2595.000000 61.000000
43806177.000000 1906.000000 17.000000
43976978.000000 2470.000000 37.000000
43754175.000000 1888.000000 13.000000
43699863.000000 2104.000000 0.000000
43596636.000000 3508.000000 34.000000
43781586.000000 2136.000000 4.000000
43526639.000000 2327.000000 0.000000
43620023.000000 2138.000000 4.000000
43634057.000000 2150.000000 10.000000
43929058.000000 2029.000000 38.000000
43685410.000000 2233.000000 31.000000
43641057.000000 1877.000000 20.000000
43378357.000000 1912.000000 0.000000
43546300.000000 2146.000000 31.000000
43625381.000000 2225.000000 36.000000
43814330.000000 2156.000000 8.000000
43250982.000000 2258.000000 0.000000
43661973.000000 2227.000000 14.000000
43536153.000000 1823.000000 0.000000
43625393.000000 2187.000000 0.000000
43353207.000000 1689.000000 29.000000
43635910.000000 1937.000000 24.000000
43484241.000000 2084.000000 0.000000
43504444.000000 1987.000000 6.000000
43494781.000000 2058.000000 12.000000
43388105.000000 2959.000000 4.000000
43685524.000000 2054.000000 16.000000
43088049.000000 2625.000000 8.000000
43595622.000000 2197.000000 0.000000
43517686.000000 1961.000000 7.000000
43479924.000000 2451.000000 6.000000
43682882.000000 2423.000000 6.000000
43943778.000000 1890.000000 19.000000
43697327.000000 2412.000000 52.000000
43671174.000000 1999.000000 0.000000
43452603.000000 2106.000000 54.000000
43785588.000000 1864.000000 5.000000
43641969.000000 2300.000000 9.000000
43618901.000000 1907.000000 10.000000
43523601.000000 1517.000000 0.000000
43635494.000000 2095.000000 12.000000
43641868.000000 2353.000000 2.000000
43713864.000000 2061.000000 0.000000
43459636.000000 2244.000000 0.000000
43285400.000000 1794.000000 27.000000
43620861.000000 2401.000000 0.000000
43530081.000000 1940.000000 17.000000
43681140.000000 1808.000000 8.000000
43405462.000000 2287.000000 0.000000
43652928.000000 2043.000000 9.000000
43003988.000000 1996.000000 17.000000
43513388.000000 2064.000000 12.000000
43697519.000000 1921.000000 0.000000
43513255.000000 1744.000000 38.000000
43749113.000000 2375.000000 8.000000
43279106.000000 2472.000000 4.000000
43670932.000000 2328.000000 0.000000
43774864.000000 1880.000000 16.000000
43692070.000000 2065.000000 0.000000
43763709.000000 1911.000000 0.000000
43335881.000000 2097.000000 16.000000
43523171.000000 1658.000000 0.000000
43690469.000000 1777.000000 0.000000
43873347.000000 1930.000000 0.000000
43582298.000000 1877.000000 16.000000
43795567.000000 2012.000000 4.000000
44016678.000000 1934.000000 55.000000
43540530.000000 2026.000000 0.000000
43480956.000000 1925.000000 0.000000
43379610.000000 2564.000000 2.000000
43486339.000000 1987.000000 0.000000
43188654.000000 1917.000000 3.000000
43816589.000000 1883.000000 0.000000
43611551.000000 1873.000000 0.000000
43455467.000000 2092.000000 0.000000
43011024.000000 2799.000000 0.000000
43644664.000000 2089.000000 0.000000
43649926.000000 2087.000000 61.000000
43595476.000000 1670.000000 0.000000
43647006.000000 1971.000000 0.000000
43741033.000000 1804.000000 0.000000
43515444.000000 1941.000000 6.000000
43971092.000000 2133.000000 0.000000
43245650.000000 2010.000000 17.000000
43621241.000000 1820.000000 24.000000
43530456.000000 2015.000000 0.000000
43671065.000000 1866.000000 30.000000
43807524.000000 1960.000000 8.000000
