44742034.000000 2005.000000 13.000000
44694855.000000 1761.000000 11.000000
44684005.000000 2087.000000 13.000000
44844444.000000 1953.000000 14.000000
44649711.000000 1790.000000 13.000000
45072219.000000 1922.000000 13.000000
44680564.000000 2162.000000 15.000000
44837122.000000 2065.000000 15.000000
44963580.000000 2143.000000 12.000000
44932583.000000 1999.000000 24.000000
44726503.000000 2037.000000 34.000000
44651444.000000 1823.000000 13.000000
44707417.000000 2062.000000 13.000000
44980166.000000 1831.000000 14.000000
44673802.000000 1977.000000 14.000000
45009669.000000 1806.000000 13.000000
44776013.000000 1876.000000 15.000000
44773603.000000 1947.000000 12.000000
44543170.000000 1735.000000 14.000000
44686426.000000 2191.000000 12.000000
44742239.000000 1878.000000 11.000000
44695290.000000 2055.000000 14.000000
44808355.000000 1668.000000 10.000000
44481217.000000 2139.000000 12.000000
44546323.000000 2134.000000 9.000000
44699756.000000 2044.000000 13.000000
44935837.000000 1831.000000 8.000000
44668262.000000 1757.000000 12.000000
44685379.000000 2086.000000 11.000000
44566597.000000 1671.000000 15.000000
44878965.000000 1950.000000 14.000000
44689029.000000 2359.000000 14.000000
44681712.000000 2464.000000 5.000000
44658498.000000 2170.000000 17.000000
44657754.000000 2206.000000 14.000000
44574496.000000 1903.000000 12.000000
45302199.000000 1893.000000 23.000000
44897053.000000 1935.000000 12.000000
44617720.000000 1819.000000 20.000000
44756095.000000 1945.000000 12.000000
44493505.000000 2322.000000 16.000000
44693922.000000 1944.000000 15.000000
44542305.000000 2311.000000 9.000000
44728010.000000 2172.000000 13.000000
44649716.000000 2116.000000 14.000000
44675428.000000 2035.000000 16.000000
44811745.000000 2857.000000 40.000000
44882305.000000 1835.000000 12.000000
44764396.000000 2175.000000 10.000000
44727022.000000 2110.000000 12.000000
44731412.000000 2399.000000 10.000000
44735252.000000 2261.000000 14.000000
44679156.000000 1640.000000 14.000000
44674037.000000 2721.000000 13.000000
44683382.000000 2643.000000 12.000000
44689008.000000 1934.000000 15.000000
44709371.000000 1604.000000 16.000000
44704520.000000 1509.000000 13.000000
44660926.000000 1938.000000 14.000000
44808105.000000 2165.000000 14.000000
44605761.000000 2167.000000 11.000000
44684186.000000 2008.000000 15.000000
44789571.000000 2007.000000 13.000000
44732226.000000 1847.000000 15.000000
44678987.000000 1775.000000 13.000000
44702006.000000 2124.000000 13.000000
44608941.000000 3166.000000 14.000000
44705444.000000 2016.000000 14.000000
44758013.000000 1571.000000 12.000000
44975896.000000 2203.000000 6.000000
44715128.000000 2493.000000 13.000000
44749087.000000 1572.000000 12.000000
44679835.000000 2126.000000 14.000000
44943032.000000 2006.000000 15.000000
44750513.000000 2045.000000 16.000000
44729929.000000 2027.000000 12.000000
44736619.000000 2037.000000 9.000000
44729270.000000 2432.000000 11.000000
44730466.000000 2090.000000 18.000000
44618690.000000 2045.000000 11.000000
44667783.000000 1900.000000 11.000000
44645205.000000 2171.000000 22.000000
44977710.000000 1997.000000 10.000000
44698347.000000 1847.000000 14.000000
44493127.000000 1950.000000 11.000000
44689605.000000 1820.000000 12.000000
44683591.000000 2002.000000 13.000000
44648630.000000 1957.000000 12.000000
44908519.000000 1766.000000 25.000000
44629267.000000 2203.000000 13.000000
44837730.000000 2451.000000 7.000000
44664458.000000 2000.000000 15.000000
44351398.000000 2149.000000 12.000000
44745278.000000 2025.000000 15.000000
44599612.000000 1876.000000 11.000000
44985876.000000 1871.000000 8.000000
44674238.000000 2246.000000 13.000000
44457068.000000 1884.000000 12.000000
44471367.000000 2342.000000 14.000000
44782436.000000 1936.000000 11.000000
