45876633.000000 1551.000000 0.000000
45807694.000000 1197.000000 0.000000
46051416.000000 1220.000000 0.000000
46163015.000000 1543.000000 0.000000
45634892.000000 1708.000000 0.000000
45736828.000000 1590.000000 0.000000
45963690.000000 1375.000000 0.000000
45652382.000000 1508.000000 0.000000
45908640.000000 1373.000000 0.000000
45765116.000000 1336.000000 0.000000
45661656.000000 1641.000000 0.000000
45583759.000000 1405.000000 0.000000
45747866.000000 1617.000000 0.000000
45778282.000000 1306.000000 0.000000
45892979.000000 1257.000000 0.000000
45728188.000000 1175.000000 0.000000
45590590.000000 1390.000000 0.000000
45658993.000000 1421.000000 0.000000
45824191.000000 1758.000000 0.000000
45758546.000000 1274.000000 0.000000
45824928.000000 1841.000000 0.000000
45922512.000000 1538.000000 6.000000
45956821.000000 1314.000000 0.000000
45656166.000000 1262.000000 0.000000
45709973.000000 1168.000000 0.000000
45860019.000000 1184.000000 0.000000
45556504.000000 1245.000000 0.000000
45689968.000000 1446.000000 0.000000
45850396.000000 1711.000000 0.000000
45840631.000000 1389.000000 0.000000
45915414.000000 1355.000000 0.000000
45886589.000000 1486.000000 0.000000
45452946.000000 1148.000000 0.000000
45705965.000000 1475.000000 0.000000
45711372.000000 1556.000000 0.000000
45727212.000000 1397.000000 0.000000
45811024.000000 1272.000000 0.000000
45639284.000000 1530.000000 0.000000
45624985.000000 1112.000000 0.000000
45829891.000000 1355.000000 0.000000
45616745.000000 1592.000000 0.000000
45714045.000000 1269.000000 0.000000
45789914.000000 1386.000000 0.000000
45794202.000000 1411.000000 0.000000
45830096.000000 1441.000000 0.000000
45865979.000000 1428.000000 0.000000
45901812.000000 1274.000000 0.000000
45469989.000000 1159.000000 0.000000
45494672.000000 1483.000000 0.000000
45652736.000000 1378.000000 0.000000
45818396.000000 1410.000000 0.000000
45802087.000000 1301.000000 0.000000
45628423.000000 1174.000000 0.000000
46070796.000000 1395.000000 0.000000
45687597.000000 1716.000000 0.000000
45656189.000000 1564.000000 0.000000
45499599.000000 1317.000000 0.000000
45759624.000000 1234.000000 0.000000
45730404.000000 1253.000000 0.000000
45845170.000000 1481.000000 0.000000
45817083.000000 1560.000000 0.000000
45865329.000000 1352.000000 0.000000
45568370.000000 1477.000000 0.000000
45550247.000000 1233.000000 0.000000
46149121.000000 1649.000000 0.000000
45757444.000000 1272.000000 0.000000
45723961.000000 1400.000000 0.000000
45834715.000000 1305.000000 0.000000
45668012.000000 1496.000000 0.000000
45792424.000000 1264.000000 0.000000
45658144.000000 1424.000000 0.000000
45678153.000000 1206.000000 0.000000
45718021.000000 1387.000000 0.000000
45547605.000000 1433.000000 0.000000
45749598.000000 1284.000000 0.000000
46126011.000000 1421.000000 0.000000
45843831.000000 1304.000000 0.000000
45795528.000000 1405.000000 0.000000
45771577.000000 1823.000000 0.000000
45695946.000000 1188.000000 0.000000
45611952.000000 1712.000000 0.000000
45591703.000000 1472.000000 0.000000
45883054.000000 1327.000000 0.000000
45953754.000000 1465.000000 0.000000
45947781.000000 1516.000000 0.000000
45795808.000000 1783.000000 0.000000
45748978.000000 1206.000000 0.000000
45749331.000000 1534.000000 0.000000
45270555.000000 1517.000000 0.000000
45792877.000000 1374.000000 0.000000
45675512.000000 1370.000000 0.000000
46224619.000000 1333.000000 0.000000
45552399.000000 1165.000000 0.000000
45902042.000000 1501.000000 0.000000
45757954.000000 1463.000000 0.000000
45699530.000000 1248.000000 0.000000
45764164.000000 1577.000000 0.000000
45855126.000000 1255.000000 0.000000
45745655.000000 1628.000000 0.000000
45786455.000000 1248.000000 0.000000
