44577186.000000 1385.000000 10.000000
44679952.000000 1916.000000 9.000000
44377680.000000 1224.000000 6.000000
44593580.000000 1951.000000 8.000000
44223845.000000 1211.000000 11.000000
43900168.000000 1049.000000 9.000000
44469341.000000 2116.000000 10.000000
44270275.000000 1133.000000 8.000000
44578788.000000 1664.000000 11.000000
44332877.000000 1070.000000 8.000000
44526006.000000 1507.000000 8.000000
44624329.000000 2083.000000 9.000000
44607367.000000 1661.000000 10.000000
44020234.000000 2095.000000 8.000000
44138681.000000 1371.000000 10.000000
44195470.000000 1324.000000 12.000000
44595447.000000 1493.000000 10.000000
43712339.000000 1042.000000 9.000000
44324860.000000 1674.000000 9.000000
44726912.000000 1617.000000 9.000000
44598818.000000 1739.000000 9.000000
44435948.000000 1535.000000 6.000000
44625476.000000 1724.000000 8.000000
44147744.000000 1677.000000 8.000000
44345815.000000 1838.000000 9.000000
44243684.000000 1181.000000 8.000000
44386170.000000 1345.000000 11.000000
44013433.000000 1374.000000 9.000000
44430986.000000 1625.000000 9.000000
43634557.000000 1432.000000 8.000000
44523770.000000 1493.000000 8.000000
44223887.000000 1626.000000 10.000000
44597808.000000 1242.000000 7.000000
44174683.000000 1468.000000 10.000000
44222547.000000 1987.000000 10.000000
44293868.000000 2016.000000 9.000000
44649599.000000 1438.000000 12.000000
44226015.000000 1347.000000 9.000000
44271197.000000 1491.000000 8.000000
44245505.000000 1191.000000 6.000000
44217174.000000 1781.000000 10.000000
44317155.000000 1619.000000 11.000000
44356273.000000 1433.000000 8.000000
44241740.000000 1186.000000 8.000000
44308378.000000 1335.000000 10.000000
44224876.000000 1640.000000 8.000000
44197262.000000 1586.000000 8.000000
44715013.000000 1703.000000 10.000000
44362271.000000 1196.000000 8.000000
43961341.000000 1365.000000 8.000000
43545101.000000 2338.000000 7.000000
44472833.000000 1202.000000 10.000000
44186703.000000 1321.000000 8.000000
44624050.000000 1851.000000 9.000000
44502446.000000 1528.000000 8.000000
44201129.000000 1495.000000 8.000000
44242182.000000 1252.000000 8.000000
44299373.000000 2060.000000 8.000000
43910312.000000 1175.000000 9.000000
44337860.000000 1317.000000 8.000000
44418291.000000 1683.000000 9.000000
44341281.000000 1141.000000 8.000000
44237557.000000 1531.000000 11.000000
44287410.000000 1278.000000 8.000000
44531772.000000 1927.000000 9.000000
44344113.000000 1260.000000 10.000000
44734418.000000 1706.000000 8.000000
44199430.000000 1616.000000 12.000000
44444098.000000 1470.000000 9.000000
44125389.000000 1673.000000 10.000000
44140873.000000 1440.000000 10.000000
44203954.000000 1136.000000 15.000000
44261449.000000 1534.000000 8.000000
44286646.000000 1370.000000 6.000000
43930915.000000 1387.000000 9.000000
44608441.000000 1346.000000 8.000000
44161536.000000 1172.000000 7.000000
44304879.000000 1235.000000 8.000000
44362058.000000 1214.000000 10.000000
44269438.000000 1354.000000 10.000000
44407678.000000 1221.000000 6.000000
44355850.000000 1166.000000 8.000000
44317644.000000 1582.000000 7.000000
44153122.000000 1407.000000 6.000000
44578222.000000 1922.000000 8.000000
43960846.000000 1607.000000 10.000000
44313873.000000 1247.000000 8.000000
44390506.000000 1643.000000 16.000000
44253233.000000 1337.000000 8.000000
44520284.000000 1861.000000 12.000000
43948540.000000 1624.000000 8.000000
44331058.000000 1446.000000 10.000000
44782918.000000 1715.000000 8.000000
44682095.000000 1701.000000 10.000000
44350882.000000 1218.000000 8.000000
44490321.000000 1158.000000 8.000000
44581398.000000 1184.000000 10.000000
44394642.000000 1288.000000 8.000000
44796277.000000 1415.000000 8.000000
44537030.000000 1692.000000 9.000000
