44595044.000000 1529.000000 10.000000
44262911.000000 1621.000000 8.000000
44576048.000000 1392.000000 8.000000
44234281.000000 1173.000000 11.000000
43947859.000000 2049.000000 9.000000
44452864.000000 1766.000000 13.000000
43969026.000000 1463.000000 6.000000
44150507.000000 1231.000000 8.000000
44431259.000000 1557.000000 9.000000
44200245.000000 1163.000000 8.000000
43697989.000000 1264.000000 8.000000
44429358.000000 1371.000000 8.000000
43945093.000000 1377.000000 11.000000
43972394.000000 1388.000000 8.000000
44298865.000000 1424.000000 8.000000
44557841.000000 2001.000000 10.000000
44731173.000000 1634.000000 8.000000
44384654.000000 1679.000000 8.000000
43765982.000000 1465.000000 9.000000
44307753.000000 1407.000000 10.000000
44626979.000000 1763.000000 8.000000
43697153.000000 1239.000000 8.000000
44585424.000000 1345.000000 5.000000
43825574.000000 1900.000000 11.000000
44187118.000000 1136.000000 8.000000
44380541.000000 1448.000000 10.000000
44319025.000000 1143.000000 6.000000
44386370.000000 1470.000000 6.000000
44345388.000000 1619.000000 9.000000
44717126.000000 1535.000000 9.000000
44363395.000000 1671.000000 8.000000
44037947.000000 1274.000000 8.000000
44009670.000000 1319.000000 11.000000
44542997.000000 1945.000000 7.000000
44398832.000000 1690.000000 8.000000
44451089.000000 1175.000000 10.000000
43611375.000000 1278.000000 10.000000
44789132.000000 1604.000000 8.000000
44062244.000000 1354.000000 8.000000
44607281.000000 1666.000000 10.000000
44305063.000000 1295.000000 9.000000
44181431.000000 1583.000000 6.000000
44260847.000000 1498.000000 8.000000
44326510.000000 1513.000000 8.000000
44214868.000000 1433.000000 8.000000
44203908.000000 1201.000000 8.000000
44328047.000000 1294.000000 4.000000
44426478.000000 1217.000000 8.000000
44358505.000000 1221.000000 8.000000
44177061.000000 1344.000000 9.000000
44451532.000000 1522.000000 10.000000
44279648.000000 1605.000000 11.000000
44336677.000000 1828.000000 10.000000
44461750.000000 1558.000000 12.000000
44657670.000000 2117.000000 10.000000
44691005.000000 1583.000000 8.000000
44293507.000000 1826.000000 6.000000
44437676.000000 1994.000000 9.000000
44150159.000000 1433.000000 8.000000
44229462.000000 1466.000000 8.000000
43997649.000000 1916.000000 8.000000
44274400.000000 1845.000000 10.000000
44361304.000000 1229.000000 10.000000
44226727.000000 1138.000000 8.000000
44640926.000000 1185.000000 10.000000
44509535.000000 2127.000000 9.000000
44559105.000000 1620.000000 9.000000
43971055.000000 1369.000000 8.000000
44447716.000000 1731.000000 8.000000
44201765.000000 2563.000000 10.000000
44393573.000000 1647.000000 8.000000
44544033.000000 1533.000000 10.000000
44490552.000000 1639.000000 8.000000
44319327.000000 1573.000000 9.000000
44561264.000000 2154.000000 9.000000
44426084.000000 1677.000000 9.000000
44166983.000000 1347.000000 6.000000
44830057.000000 2158.000000 8.000000
44265373.000000 1252.000000 7.000000
44151788.000000 1529.000000 8.000000
44199644.000000 1384.000000 6.000000
44248894.000000 1347.000000 9.000000
44305564.000000 1107.000000 8.000000
44334486.000000 1758.000000 10.000000
44251895.000000 1128.000000 8.000000
44517738.000000 1801.000000 9.000000
44291373.000000 1787.000000 8.000000
44404091.000000 1158.000000 6.000000
44614669.000000 1480.000000 8.000000
44265665.000000 1690.000000 10.000000
43911501.000000 1792.000000 11.000000
44407961.000000 1362.000000 10.000000
44333378.000000 1720.000000 8.000000
44187548.000000 1157.000000 9.000000
44106210.000000 1116.000000 6.000000
44047136.000000 1141.000000 11.000000
43660253.000000 1387.000000 10.000000
44078034.000000 1330.000000 8.000000
44095903.000000 1274.000000 10.000000
44211999.000000 1583.000000 8.000000
