44185957.000000 465.000000 50.000000
44012804.000000 467.000000 49.000000
43823763.000000 1433.000000 55.000000
43955101.000000 465.000000 51.000000
43698521.000000 1574.000000 49.000000
43835822.000000 1600.000000 51.000000
43822740.000000 1002.000000 55.000000
43730353.000000 1599.000000 58.000000
43933539.000000 1150.000000 51.000000
44153367.000000 508.000000 51.000000
44236948.000000 523.000000 53.000000
44179931.000000 464.000000 53.000000
44125103.000000 445.000000 51.000000
44169856.000000 461.000000 54.000000
43764113.000000 937.000000 58.000000
43877091.000000 1201.000000 51.000000
44096203.000000 1008.000000 52.000000
43996195.000000 1280.000000 50.000000
44069431.000000 1252.000000 53.000000
44023062.000000 1404.000000 53.000000
43824381.000000 1457.000000 52.000000
44061899.000000 855.000000 52.000000
43688805.000000 1523.000000 57.000000
43847132.000000 1369.000000 53.000000
44099005.000000 1050.000000 55.000000
43941600.000000 415.000000 51.000000
43794026.000000 1531.000000 52.000000
44005274.000000 429.000000 54.000000
43818275.000000 1564.000000 56.000000
44039427.000000 508.000000 54.000000
43468805.000000 1531.000000 39.000000
44189108.000000 907.000000 55.000000
43982160.000000 466.000000 50.000000
44048656.000000 1244.000000 52.000000
44139578.000000 440.000000 51.000000
44029264.000000 1360.000000 58.000000
44105819.000000 471.000000 49.000000
43731781.000000 1545.000000 51.000000
44168142.000000 865.000000 52.000000
43804706.000000 1452.000000 53.000000
44294173.000000 1056.000000 58.000000
44018419.000000 438.000000 52.000000
43822536.000000 1295.000000 55.000000
44112240.000000 456.000000 51.000000
43856461.000000 1448.000000 54.000000
44174134.000000 468.000000 53.000000
43865269.000000 1391.000000 57.000000
43961613.000000 970.000000 55.000000
44165757.000000 463.000000 48.000000
43724831.000000 1298.000000 54.000000
44151575.000000 444.000000 52.000000
43984089.000000 1340.000000 53.000000
43960498.000000 457.000000 51.000000
43621755.000000 1778.000000 50.000000
44175799.000000 1157.000000 57.000000
43619617.000000 1606.000000 51.000000
44173238.000000 1138.000000 52.000000
43803571.000000 408.000000 51.000000
44025581.000000 1159.000000 54.000000
43772679.000000 1245.000000 52.000000
43933928.000000 1404.000000 52.000000
43823861.000000 1473.000000 55.000000
43429267.000000 1554.000000 41.000000
44034809.000000 483.000000 49.000000
44089486.000000 438.000000 49.000000
43837883.000000 442.000000 52.000000
44052924.000000 477.000000 51.000000
44186009.000000 463.000000 52.000000
43961171.000000 1480.000000 58.000000
43864081.000000 845.000000 53.000000
43688917.000000 1622.000000 54.000000
44032641.000000 970.000000 52.000000
44102234.000000 1348.000000 53.000000
44091460.000000 1233.000000 55.000000
43884175.000000 1320.000000 56.000000
43800614.000000 1445.000000 54.000000
43716721.000000 1493.000000 50.000000
44115676.000000 471.000000 55.000000
44218532.000000 852.000000 53.000000
44207745.000000 1023.000000 60.000000
44130179.000000 455.000000 48.000000
44052270.000000 445.000000 51.000000
44133296.000000 482.000000 51.000000
43964647.000000 441.000000 44.000000
43803524.000000 445.000000 52.000000
43468876.000000 1523.000000 49.000000
44102863.000000 984.000000 55.000000
44031077.000000 1076.000000 58.000000
44073125.000000 462.000000 51.000000
44011329.000000 427.000000 52.000000
43861103.000000 1322.000000 53.000000
43902387.000000 429.000000 51.000000
43948836.000000 1089.000000 57.000000
43520274.000000 1515.000000 52.000000
43928941.000000 1393.000000 50.000000
43923612.000000 508.000000 49.000000
44019560.000000 467.000000 53.000000
44186811.000000 429.000000 52.000000
43917836.000000 1243.000000 56.000000
44105231.000000 1007.000000 55.000000
