39690256.000000 4920.000000 229.000000
39654374.000000 4244.000000 224.000000
39863671.000000 3299.000000 221.000000
39709487.000000 4442.000000 234.000000
39666078.000000 4087.000000 256.000000
39888516.000000 3387.000000 236.000000
39807601.000000 3523.000000 212.000000
39744737.000000 2856.000000 248.000000
39760770.000000 3612.000000 234.000000
39796397.000000 2800.000000 246.000000
39753431.000000 4211.000000 220.000000
39855489.000000 3120.000000 218.000000
39859303.000000 3557.000000 257.000000
39813114.000000 3650.000000 223.000000
39672517.000000 4540.000000 218.000000
39839723.000000 3633.000000 252.000000
39873950.000000 2984.000000 237.000000
39851002.000000 3163.000000 233.000000
39768031.000000 3058.000000 258.000000
39784747.000000 3514.000000 231.000000
39864668.000000 3058.000000 248.000000
39699116.000000 3838.000000 233.000000
39836857.000000 3387.000000 240.000000
39779231.000000 3289.000000 221.000000
39696705.000000 3883.000000 238.000000
39830609.000000 3962.000000 213.000000
39770788.000000 3701.000000 221.000000
39760721.000000 4319.000000 226.000000
39846577.000000 3148.000000 239.000000
39828875.000000 3394.000000 234.000000
39785414.000000 3482.000000 261.000000
39761404.000000 3816.000000 232.000000
39761910.000000 3453.000000 244.000000
39828152.000000 2626.000000 250.000000
39783373.000000 4068.000000 231.000000
39769071.000000 5138.000000 240.000000
39853441.000000 4836.000000 210.000000
39870224.000000 2965.000000 220.000000
39858159.000000 3111.000000 220.000000
39808383.000000 3550.000000 217.000000
39730510.000000 4010.000000 243.000000
39812214.000000 3023.000000 284.000000
39752066.000000 3923.000000 250.000000
39815791.000000 3041.000000 290.000000
39875193.000000 3123.000000 231.000000
39806499.000000 4259.000000 199.000000
39691600.000000 4176.000000 235.000000
39709000.000000 3817.000000 243.000000
39817420.000000 3244.000000 247.000000
39721722.000000 3410.000000 248.000000
39825560.000000 3465.000000 268.000000
39776833.000000 4047.000000 229.000000
39827201.000000 4138.000000 225.000000
39818680.000000 4041.000000 192.000000
39794620.000000 3313.000000 256.000000
39761265.000000 4141.000000 213.000000
39631109.000000 3827.000000 230.000000
39691275.000000 4289.000000 244.000000
39789987.000000 3606.000000 227.000000
39850509.000000 3468.000000 244.000000
39835613.000000 2770.000000 236.000000
39954857.000000 4174.000000 220.000000
39869009.000000 2977.000000 247.000000
39671023.000000 4385.000000 234.000000
39863601.000000 2953.000000 224.000000
39720665.000000 3790.000000 253.000000
39784392.000000 4509.000000 233.000000
39738888.000000 3965.000000 239.000000
39898987.000000 3848.000000 220.000000
39829389.000000 2917.000000 247.000000
39742469.000000 3999.000000 207.000000
39777984.000000 3233.000000 244.000000
39637499.000000 3920.000000 233.000000
39893527.000000 3376.000000 243.000000
39809521.000000 3177.000000 257.000000
39758890.000000 3883.000000 269.000000
39780795.000000 3494.000000 245.000000
39782492.000000 4127.000000 238.000000
39867062.000000 3388.000000 227.000000
39795579.000000 3563.000000 271.000000
39866214.000000 4567.000000 239.000000
39871756.000000 3045.000000 227.000000
39690267.000000 4127.000000 252.000000
39698287.000000 4014.000000 218.000000
39803577.000000 3012.000000 229.000000
39710306.000000 3059.000000 247.000000
39820364.000000 3649.000000 254.000000
39803618.000000 3413.000000 234.000000
39753446.000000 4122.000000 262.000000
39831394.000000 4188.000000 240.000000
39902549.000000 3264.000000 213.000000
39662972.000000 4091.000000 235.000000
39790233.000000 3558.000000 222.000000
39730748.000000 4483.000000 252.000000
39859832.000000 2983.000000 255.000000
39873600.000000 3356.000000 253.000000
39878818.000000 3264.000000 253.000000
39850580.000000 3289.000000 220.000000
39798162.000000 3162.000000 253.000000
39733556.000000 3284.000000 253.000000
