43596269.000000 1639.000000 0.000000
43569861.000000 1563.000000 0.000000
43809478.000000 1523.000000 15.000000
43599460.000000 1666.000000 0.000000
43587132.000000 1712.000000 0.000000
43828465.000000 1372.000000 0.000000
43683218.000000 2237.000000 15.000000
43388507.000000 1671.000000 0.000000
43700224.000000 2622.000000 0.000000
44136024.000000 1694.000000 0.000000
43784215.000000 1426.000000 0.000000
44007420.000000 1948.000000 0.000000
43409254.000000 1151.000000 0.000000
43351760.000000 1530.000000 0.000000
43803873.000000 1355.000000 0.000000
43825304.000000 1634.000000 0.000000
44003741.000000 1607.000000 0.000000
43942874.000000 1601.000000 0.000000
44062152.000000 1645.000000 0.000000
43711007.000000 1376.000000 0.000000
43998112.000000 1566.000000 0.000000
43618231.000000 1545.000000 0.000000
43972904.000000 1658.000000 0.000000
44068416.000000 2305.000000 0.000000
44062181.000000 1669.000000 0.000000
43997598.000000 1433.000000 0.000000
44030553.000000 1459.000000 0.000000
43924898.000000 1914.000000 0.000000
44001060.000000 1672.000000 0.000000
43849955.000000 2012.000000 0.000000
43895211.000000 1446.000000 0.000000
44149959.000000 2061.000000 0.000000
43883998.000000 1934.000000 0.000000
44070129.000000 1822.000000 0.000000
43322187.000000 1342.000000 0.000000
43712779.000000 1500.000000 0.000000
43778085.000000 1494.000000 0.000000
43608664.000000 1579.000000 0.000000
43651563.000000 1561.000000 15.000000
43775204.000000 1541.000000 0.000000
44169424.000000 1640.000000 0.000000
43972094.000000 1656.000000 0.000000
43677482.000000 1659.000000 0.000000
43865344.000000 1775.000000 0.000000
43912380.000000 1540.000000 2.000000
44030411.000000 1682.000000 0.000000
43239744.000000 1903.000000 0.000000
43659947.000000 1705.000000 0.000000
43940149.000000 1447.000000 0.000000
44010876.000000 1645.000000 0.000000
44065566.000000 1829.000000 0.000000
43148889.000000 2087.000000 0.000000
43034547.000000 1555.000000 0.000000
43299640.000000 1369.000000 0.000000
43012204.000000 1575.000000 0.000000
43997586.000000 1355.000000 0.000000
43437355.000000 1616.000000 0.000000
43452195.000000 1544.000000 0.000000
43954435.000000 1534.000000 0.000000
43530522.000000 1505.000000 0.000000
44008427.000000 1647.000000 0.000000
43230624.000000 1559.000000 0.000000
44029663.000000 1588.000000 0.000000
43526358.000000 1620.000000 0.000000
43467216.000000 1413.000000 0.000000
44086372.000000 1897.000000 0.000000
44051534.000000 2014.000000 0.000000
43861826.000000 1346.000000 0.000000
43649453.000000 1534.000000 0.000000
43996816.000000 1602.000000 0.000000
43556516.000000 1566.000000 0.000000
43960267.000000 2504.000000 0.000000
43653554.000000 1424.000000 0.000000
43538872.000000 1750.000000 0.000000
43893681.000000 1625.000000 0.000000
43831795.000000 1712.000000 0.000000
43557128.000000 1888.000000 0.000000
43869974.000000 1969.000000 2.000000
44085550.000000 1572.000000 0.000000
43624996.000000 1667.000000 15.000000
44041979.000000 1467.000000 0.000000
43756531.000000 1582.000000 0.000000
43686416.000000 1790.000000 0.000000
43732058.000000 1961.000000 0.000000
43767855.000000 1487.000000 0.000000
43898491.000000 1658.000000 0.000000
43253127.000000 1516.000000 0.000000
43475322.000000 1613.000000 0.000000
43812045.000000 1766.000000 0.000000
43856408.000000 1516.000000 0.000000
43615333.000000 1658.000000 0.000000
43654736.000000 1871.000000 0.000000
44101267.000000 1492.000000 0.000000
43469896.000000 1515.000000 0.000000
44037024.000000 1736.000000 0.000000
43795377.000000 1334.000000 0.000000
44088435.000000 1706.000000 0.000000
43994360.000000 1589.000000 0.000000
43610762.000000 1521.000000 0.000000
43251414.000000 1607.000000 0.000000
