46088949.000000 1324.000000 0.000000
46425336.000000 1359.000000 0.000000
46411457.000000 1302.000000 0.000000
46052198.000000 1414.000000 6.000000
45721271.000000 1518.000000 0.000000
46367835.000000 1425.000000 0.000000
45610385.000000 1334.000000 0.000000
45719927.000000 1402.000000 0.000000
46135289.000000 1536.000000 0.000000
46298340.000000 1502.000000 0.000000
45868620.000000 1501.000000 0.000000
45899811.000000 1274.000000 0.000000
45680808.000000 1149.000000 0.000000
45992295.000000 1307.000000 5.000000
45531364.000000 1491.000000 0.000000
46141756.000000 1659.000000 0.000000
46311749.000000 1526.000000 0.000000
45979073.000000 1830.000000 23.000000
45910375.000000 1506.000000 0.000000
45755173.000000 1397.000000 0.000000
45438176.000000 1235.000000 0.000000
45624578.000000 1101.000000 0.000000
45634750.000000 1168.000000 0.000000
46170727.000000 1326.000000 0.000000
45599309.000000 1569.000000 0.000000
45756239.000000 1400.000000 0.000000
45823734.000000 1434.000000 0.000000
45892309.000000 1193.000000 52.000000
45950285.000000 1462.000000 0.000000
45721519.000000 1327.000000 0.000000
45652350.000000 1093.000000 0.000000
45639976.000000 1224.000000 0.000000
45757572.000000 1375.000000 0.000000
45844535.000000 1236.000000 2.000000
45917569.000000 1689.000000 0.000000
45742233.000000 1222.000000 0.000000
45563354.000000 1480.000000 0.000000
45367136.000000 1630.000000 19.000000
45702117.000000 1328.000000 0.000000
46350066.000000 1387.000000 0.000000
45697866.000000 1380.000000 0.000000
45896810.000000 1270.000000 0.000000
45880994.000000 1862.000000 0.000000
45777582.000000 1413.000000 0.000000
45756309.000000 1576.000000 0.000000
45474000.000000 1406.000000 0.000000
45755667.000000 1491.000000 0.000000
45948400.000000 1484.000000 0.000000
45830739.000000 1831.000000 0.000000
46219983.000000 1450.000000 0.000000
45756110.000000 1564.000000 0.000000
46364590.000000 1392.000000 0.000000
46432661.000000 1582.000000 0.000000
45813547.000000 1447.000000 0.000000
45614558.000000 1374.000000 0.000000
45950198.000000 1544.000000 0.000000
46266756.000000 1169.000000 0.000000
46401475.000000 1398.000000 0.000000
45871700.000000 1659.000000 0.000000
45749398.000000 1277.000000 0.000000
45785797.000000 1548.000000 0.000000
45712230.000000 1384.000000 0.000000
45772169.000000 1408.000000 0.000000
46259876.000000 1462.000000 0.000000
45466384.000000 1330.000000 0.000000
46302856.000000 1418.000000 0.000000
46000207.000000 1695.000000 0.000000
45673869.000000 1155.000000 0.000000
46308747.000000 1209.000000 0.000000
45670332.000000 1489.000000 0.000000
45503230.000000 1082.000000 0.000000
45708817.000000 1429.000000 10.000000
45880286.000000 1402.000000 2.000000
45772120.000000 1796.000000 0.000000
46287766.000000 1607.000000 0.000000
45818457.000000 1867.000000 0.000000
45885186.000000 1576.000000 6.000000
45385207.000000 1210.000000 3.000000
45528970.000000 1462.000000 0.000000
46183287.000000 1060.000000 0.000000
45780373.000000 1282.000000 0.000000
45568789.000000 1529.000000 0.000000
45678865.000000 1191.000000 0.000000
45644317.000000 1465.000000 0.000000
46113152.000000 1564.000000 0.000000
45761990.000000 1136.000000 0.000000
45960763.000000 1517.000000 0.000000
46137055.000000 1391.000000 0.000000
45445349.000000 1160.000000 0.000000
45518863.000000 1688.000000 0.000000
45778563.000000 1455.000000 0.000000
46517434.000000 1422.000000 0.000000
46343812.000000 1503.000000 0.000000
46472044.000000 1484.000000 0.000000
45719667.000000 1311.000000 0.000000
46241941.000000 1205.000000 0.000000
45489825.000000 1408.000000 0.000000
46347180.000000 1267.000000 0.000000
46008169.000000 1485.000000 0.000000
45662501.000000 1496.000000 0.000000
