44561601.000000 1800.000000 385.000000
44565907.000000 2160.000000 1097.000000
44566733.000000 2196.000000 1025.000000
44659189.000000 1474.000000 481.000000
44446807.000000 1458.000000 809.000000
39840830.000000 11009.000000 7872.000000
44689147.000000 1778.000000 962.000000
44448087.000000 3623.000000 2540.000000
44619296.000000 2781.000000 1268.000000
44424757.000000 2351.000000 1394.000000
44502847.000000 1699.000000 593.000000
43570850.000000 1749.000000 914.000000
44390587.000000 2151.000000 1358.000000
33750623.000000 39328.000000 42738.000000
44816974.000000 2579.000000 1282.000000
43592294.000000 1887.000000 1187.000000
43633966.000000 7250.000000 6193.000000
44592806.000000 2075.000000 431.000000
41309020.000000 2973.000000 2258.000000
44580215.000000 1991.000000 1005.000000
44507243.000000 1658.000000 1039.000000
44605814.000000 1978.000000 537.000000
44457365.000000 3350.000000 3267.000000
44794737.000000 3218.000000 1972.000000
44968594.000000 1732.000000 441.000000
44563379.000000 2040.000000 1023.000000
41973397.000000 3391.000000 1634.000000
36352639.000000 32749.000000 28894.000000
44981553.000000 2845.000000 957.000000
44417047.000000 1603.000000 572.000000
44660907.000000 1793.000000 453.000000
44409835.000000 2372.000000 1310.000000
38122726.000000 28109.000000 23712.000000
44672590.000000 2425.000000 629.000000
37621908.000000 24269.000000 23375.000000
45061821.000000 2622.000000 1735.000000
40648202.000000 17860.000000 15117.000000
40862462.000000 6586.000000 5602.000000
44624534.000000 1990.000000 774.000000
44398552.000000 1828.000000 792.000000
40281542.000000 11942.000000 9349.000000
24678647.000000 33167.000000 31715.000000
41646810.000000 6025.000000 3505.000000
44735368.000000 2011.000000 911.000000
44667232.000000 1416.000000 556.000000
44312681.000000 2143.000000 539.000000
44392230.000000 1665.000000 377.000000
44597854.000000 2505.000000 952.000000
44718665.000000 4901.000000 4412.000000
44646783.000000 1948.000000 872.000000
44546180.000000 1562.000000 427.000000
44525295.000000 2616.000000 976.000000
44718873.000000 3306.000000 1108.000000
44524411.000000 1624.000000 408.000000
41226774.000000 8195.000000 4740.000000
44912740.000000 2190.000000 1006.000000
44225959.000000 3147.000000 2120.000000
44524040.000000 2388.000000 992.000000
41289687.000000 3648.000000 3014.000000
44576093.000000 2415.000000 1394.000000
44303773.000000 4500.000000 2759.000000
31689774.000000 26684.000000 26133.000000
27896619.000000 31647.000000 26463.000000
44606530.000000 1513.000000 823.000000
32041020.000000 26910.000000 26137.000000
44047493.000000 1702.000000 391.000000
44337943.000000 1196.000000 709.000000
44691076.000000 1947.000000 768.000000
45221668.000000 3635.000000 1479.000000
44529299.000000 1619.000000 426.000000
44532448.000000 1991.000000 429.000000
44544810.000000 2384.000000 1296.000000
44493275.000000 1250.000000 596.000000
44713826.000000 1900.000000 310.000000
45074215.000000 1350.000000 696.000000
44854536.000000 1902.000000 520.000000
42589046.000000 13331.000000 12531.000000
44522363.000000 2797.000000 1438.000000
44717019.000000 1420.000000 928.000000
44406564.000000 1355.000000 585.000000
44642222.000000 1499.000000 537.000000
45339945.000000 2097.000000 1270.000000
44851432.000000 1652.000000 615.000000
44730583.000000 2372.000000 518.000000
39731469.000000 15743.000000 14010.000000
44566460.000000 2445.000000 1435.000000
40583162.000000 10965.000000 9010.000000
44064872.000000 1920.000000 907.000000
42081448.000000 7589.000000 8923.000000
45098384.000000 1845.000000 559.000000
33137634.000000 72706.000000 55186.000000
35375354.000000 42800.000000 33962.000000
44817948.000000 2050.000000 386.000000
45012194.000000 2056.000000 703.000000
44755574.000000 2457.000000 801.000000
44477353.000000 2964.000000 2099.000000
44624116.000000 1750.000000 403.000000
44270168.000000 3317.000000 1359.000000
44650837.000000 1751.000000 422.000000
37176047.000000 14002.000000 6401.000000
