1721619.000000 4867.000000 0.000000
1721975.000000 4485.000000 0.000000
21378.000000 5448.000000 2.000000
1721909.000000 4753.000000 0.000000
1721847.000000 5031.000000 6.000000
19107.000000 5490.000000 2.000000
14277.000000 5528.000000 6.000000
1458056.000000 5278.000000 3.000000
1721759.000000 4459.000000 0.000000
669908.000000 5468.000000 7.000000
1721704.000000 4600.000000 0.000000
18741.000000 5366.000000 13.000000
1721573.000000 4848.000000 10.000000
14279.000000 5424.000000 0.000000
7652.000000 5507.000000 0.000000
1556974.000000 5244.000000 3.000000
1721962.000000 4595.000000 4.000000
404899.000000 5509.000000 2.000000
1721681.000000 4535.000000 0.000000
1721593.000000 4673.000000 0.000000
1721734.000000 4893.000000 0.000000
1721760.000000 4795.000000 7.000000
1721693.000000 5016.000000 0.000000
1721639.000000 4977.000000 0.000000
1571033.000000 5200.000000 5.000000
5166.000000 5435.000000 2.000000
1721517.000000 4398.000000 0.000000
1721902.000000 4401.000000 13.000000
1721637.000000 4562.000000 4.000000
1721654.000000 4593.000000 0.000000
1722054.000000 4654.000000 4.000000
1721853.000000 5046.000000 0.000000
19114.000000 5422.000000 2.000000
4963.000000 5530.000000 4.000000
1638289.000000 5273.000000 0.000000
1500548.000000 5288.000000 0.000000
5365.000000 5476.000000 0.000000
968786.000000 5496.000000 2.000000
1721777.000000 4634.000000 4.000000
19001.000000 5472.000000 2.000000
1721982.000000 4919.000000 0.000000
14282.000000 5498.000000 2.000000
1606620.000000 5218.000000 0.000000
5190.000000 5490.000000 2.000000
1076569.000000 5379.000000 0.000000
1721812.000000 4473.000000 0.000000
31250.000000 5504.000000 2.000000
1721853.000000 4776.000000 0.000000
18912.000000 5449.000000 0.000000
1721782.000000 4919.000000 3.000000
19191.000000 5427.000000 6.000000
1721622.000000 5148.000000 0.000000
1721925.000000 4445.000000 0.000000
5425.000000 5521.000000 0.000000
369560.000000 5464.000000 0.000000
302243.000000 5473.000000 0.000000
18661.000000 5486.000000 4.000000
18887.000000 5437.000000 4.000000
18805.000000 5433.000000 0.000000
19219.000000 5498.000000 2.000000
5151.000000 5510.000000 4.000000
14377.000000 5641.000000 2.000000
5311.000000 5502.000000 2.000000
1721830.000000 4478.000000 13.000000
1721724.000000 4462.000000 0.000000
18976.000000 5453.000000 0.000000
1721590.000000 5080.000000 3.000000
17649.000000 5446.000000 27.000000
1706259.000000 5116.000000 0.000000
5191.000000 5484.000000 19.000000
950330.000000 5438.000000 0.000000
1721877.000000 4449.000000 0.000000
319967.000000 5522.000000 0.000000
1721949.000000 4631.000000 4.000000
18820.000000 5426.000000 2.000000
1721874.000000 4791.000000 0.000000
14222.000000 5441.000000 2.000000
1721845.000000 5056.000000 3.000000
5074.000000 5431.000000 7.000000
1288365.000000 5361.000000 0.000000
1722239.000000 4376.000000 5.000000
616879.000000 5445.000000 2.000000
1721881.000000 4495.000000 0.000000
18621.000000 5389.000000 4.000000
1721583.000000 4778.000000 3.000000
18892.000000 5400.000000 0.000000
1721854.000000 4997.000000 3.000000
14369.000000 5539.000000 0.000000
1062207.000000 5479.000000 0.000000
5417.000000 5529.000000 0.000000
517965.000000 5529.000000 7.000000
1721865.000000 4567.000000 4.000000
1721847.000000 5035.000000 0.000000
19118.000000 5470.000000 0.000000
1721887.000000 5002.000000 3.000000
5355.000000 5436.000000 2.000000
843164.000000 5495.000000 2.000000
5338.000000 5487.000000 2.000000
1721743.000000 4486.000000 4.000000
29083.000000 5558.000000 0.000000
