0.000000 1104603.910000 3474.630000 85.230000
0.010000 0.000000 0.000000 0.000000
0.020000 0.000000 0.000000 0.000000
0.030000 1104603.910000 3474.630000 85.230000
0.040000 9060306.050000 1481.110000 263.530000
0.050000 0.000000 0.000000 0.000000
0.060000 1126964.930000 481.530000 100.150000
0.070000 1877585.070000 245.400000 111.720000
0.080000 4208540.230000 397.270000 230.390000
0.090000 4442339.990000 421.220000 246.880000
0.100000 3879165.440000 368.060000 214.690000
0.110000 5852350.670000 550.710000 184.900000
0.120000 35132299.640000 1336.110000 550.020000
0.130000 9193422.270000 294.610000 178.450000
0.140000 49770808.610000 634.350000 305.480000
0.150000 2617930.930000 39.570000 15.350000
0.160000 51296845.610000 776.230000 298.090000
0.170000 32517097.340000 596.740000 179.520000
0.180000 21113467.270000 397.040000 112.880000
0.190000 50344802.680000 985.900000 242.370000
0.200000 13871471.940000 359.380000 64.960000
0.210000 40321908.670000 1110.340000 192.030000
0.220000 49826797.350000 1998.420000 273.800000
0.230000 5471187.270000 277.230000 22.950000
0.240000 53895771.350000 3074.330000 34.740000
0.250000 34498404.860000 1845.090000 25.900000
0.260000 31123777.660000 1006.680000 44.250000
0.270000 54100145.090000 341.860000 86.510000
0.280000 23760350.830000 343.440000 27.700000
0.290000 45822465.130000 1612.710000 42.370000
0.300000 48822009.350000 2661.040000 41.640000
0.310000 16709179.100000 1117.160000 2.110000
0.320000 47620523.080000 2867.270000 35.240000
0.330000 37417761.580000 1182.390000 68.910000
0.340000 32465203.320000 1163.670000 51.160000
0.350000 50676885.320000 1808.040000 85.050000
0.360000 25423420.520000 1301.090000 37.940000
0.370000 45352142.350000 1860.740000 42.530000
0.380000 51358685.980000 743.670000 47.700000
0.390000 23579241.260000 154.630000 19.860000
0.400000 53928747.690000 153.810000 35.320000
0.410000 40494381.420000 616.060000 39.740000
0.420000 36011425.910000 1196.360000 23.030000
0.430000 48033077.170000 1601.150000 2.990000
0.440000 27764337.030000 702.110000 1.940000
0.450000 44914990.710000 1245.570000 6.030000
0.460000 47079658.860000 1526.110000 17.330000
0.470000 26827826.400000 823.320000 7.360000
0.480000 48274065.440000 1427.680000 27.770000
0.490000 38556171.530000 1332.040000 18.320000
0.500000 36587542.640000 1301.080000 9.870000
0.510000 45384058.660000 1700.390000 11.910000
0.520000 33268022.750000 1374.490000 14.420000
0.530000 42679805.550000 2092.090000 15.040000
0.540000 44785300.750000 2246.310000 15.130000
0.550000 27960724.630000 1427.850000 4.810000
0.560000 44470093.540000 2535.570000 12.240000
0.570000 38080625.500000 2170.790000 18.730000
0.580000 36068924.460000 1978.100000 7.440000
0.590000 42924349.290000 1948.740000 9.380000
0.600000 32441598.260000 1188.670000 3.860000
0.610000 39039497.040000 1592.250000 4.610000
0.620000 43661873.550000 1578.960000 4.210000
0.630000 30177582.500000 977.520000 3.730000
0.640000 43513866.460000 1482.620000 9.000000
0.650000 39003193.080000 1713.760000 8.870000
0.660000 34638520.090000 1641.810000 3.190000
0.670000 41171431.270000 1768.260000 6.970000
0.680000 36741190.210000 1348.090000 7.250000
0.690000 39073054.960000 1495.070000 5.790000
0.700000 44527547.850000 1577.380000 5.830000
0.710000 32698705.640000 1023.460000 29.340000
0.720000 43531811.210000 1530.750000 44.510000
0.730000 40357063.200000 1861.370000 27.090000
0.740000 38691276.430000 1313.220000 46.200000
0.750000 40709894.440000 1683.340000 25.750000
0.760000 38848774.000000 1515.950000 27.800000
0.770000 38946005.530000 1140.160000 55.550000
0.780000 41561402.120000 1876.420000 37.470000
0.790000 34889984.130000 1683.450000 34.330000
0.800000 41773882.420000 1793.740000 23.390000
0.810000 38074875.120000 1438.610000 6.180000
0.820000 38347889.550000 7368.560000 28.980000
0.830000 26547610.850000 33349.400000 46.240000
0.840000 21961536.650000 102483.340000 26.730000
0.850000 15637548.530000 120129.550000 3.040000
0.860000 7293991.890000 62118.470000 4.830000
0.870000 0.000000 0.000000 0.000000
0.880000 0.000000 0.000000 0.000000
0.890000 0.000000 0.000000 0.000000
0.900000 0.000000 0.000000 0.000000
0.910000 0.000000 0.000000 0.000000
0.920000 0.000000 0.000000 0.000000
0.930000 0.000000 0.000000 0.000000
0.940000 0.000000 0.000000 0.000000
0.950000 0.000000 0.000000 0.000000
0.960000 0.000000 0.000000 0.000000
0.970000 0.000000 0.000000 0.000000
0.980000 0.000000 0.000000 0.000000
0.990000 0.000000 0.000000 0.000000
1.000000 0.000000 0.000000 0.000000
1.010000 0.000000 0.000000 0.000000
1.020000 0.000000 0.000000 0.000000
1.030000 0.000000 0.000000 0.000000
1.040000 0.000000 0.000000 0.000000
1.050000 0.000000 0.000000 0.000000
1.060000 0.000000 0.000000 0.000000
1.070000 0.000000 0.000000 0.000000
1.080000 0.000000 0.000000 0.000000
1.090000 0.000000 0.000000 0.000000
1.100000 0.000000 0.000000 0.000000
1.110000 0.000000 0.000000 0.000000
1.120000 0.000000 0.000000 0.000000
1.130000 0.000000 0.000000 0.000000
1.140000 0.000000 0.000000 0.000000
1.150000 0.000000 0.000000 0.000000
1.160000 0.000000 0.000000 0.000000
1.170000 0.000000 0.000000 0.000000
1.180000 0.000000 0.000000 0.000000
1.190000 0.000000 0.000000 0.000000
1.200000 0.000000 0.000000 0.000000
1.210000 0.000000 0.000000 0.000000
1.220000 0.000000 0.000000 0.000000
1.230000 0.000000 0.000000 0.000000
1.240000 0.000000 0.000000 0.000000
1.250000 0.000000 0.000000 0.000000
1.260000 0.000000 0.000000 0.000000
1.270000 0.000000 0.000000 0.000000
1.280000 0.000000 0.000000 0.000000
1.290000 0.000000 0.000000 0.000000
1.300000 0.000000 0.000000 0.000000
1.310000 0.000000 0.000000 0.000000
1.320000 0.000000 0.000000 0.000000
1.330000 0.000000 0.000000 0.000000
1.340000 0.000000 0.000000 0.000000
1.350000 0.000000 0.000000 0.000000
1.360000 0.000000 0.000000 0.000000
1.370000 0.000000 0.000000 0.000000
1.380000 0.000000 0.000000 0.000000
1.390000 0.000000 0.000000 0.000000
1.400000 0.000000 0.000000 0.000000
1.410000 0.000000 0.000000 0.000000
1.420000 0.000000 0.000000 0.000000
1.430000 0.000000 0.000000 0.000000
1.440000 0.000000 0.000000 0.000000
1.450000 0.000000 0.000000 0.000000
1.460000 0.000000 0.000000 0.000000
1.470000 0.000000 0.000000 0.000000
1.480000 0.000000 0.000000 0.000000
1.490000 0.000000 0.000000 0.000000
1.500000 0.000000 0.000000 0.000000
