33048373.000000 99519.000000 24957.000000
33071056.000000 100716.000000 24489.000000
33015037.000000 99994.000000 24974.000000
33056302.000000 100287.000000 24720.000000
33085338.000000 99375.000000 24807.000000
33110394.000000 100138.000000 24909.000000
33003257.000000 103455.000000 24998.000000
33070482.000000 102363.000000 24823.000000
33094416.000000 100268.000000 24529.000000
33047140.000000 99326.000000 24363.000000
33091291.000000 100772.000000 24414.000000
32864335.000000 100919.000000 24700.000000
33013601.000000 104301.000000 24611.000000
33184434.000000 100009.000000 24393.000000
33044619.000000 99646.000000 24767.000000
33111113.000000 99903.000000 24830.000000
33178762.000000 100400.000000 24182.000000
33018226.000000 100399.000000 24770.000000
32993374.000000 102270.000000 25407.000000
33011478.000000 102353.000000 25128.000000
33081310.000000 99665.000000 24482.000000
33014548.000000 99432.000000 24676.000000
33047827.000000 100067.000000 25012.000000
33134260.000000 99420.000000 24718.000000
33226973.000000 99975.000000 24229.000000
33037237.000000 100041.000000 24697.000000
33165117.000000 99909.000000 24192.000000
31646646.000000 99052.000000 23335.000000
33106109.000000 99726.000000 24574.000000
33197389.000000 100231.000000 24729.000000
33027252.000000 102446.000000 25434.000000
33163303.000000 99733.000000 24334.000000
33096670.000000 102878.000000 24855.000000
33078864.000000 101774.000000 24313.000000
33177566.000000 100071.000000 24063.000000
33176907.000000 99488.000000 24287.000000
33177179.000000 100437.000000 24488.000000
33031367.000000 102475.000000 25223.000000
33123940.000000 102276.000000 24890.000000
33037114.000000 102422.000000 24997.000000
33073239.000000 102691.000000 25158.000000
32893386.000000 101538.000000 24798.000000
33255985.000000 99433.000000 24314.000000
33176693.000000 100845.000000 24388.000000
33007427.000000 102335.000000 25189.000000
33063838.000000 99757.000000 25090.000000
33119466.000000 99757.000000 24879.000000
33031912.000000 99734.000000 24363.000000
33165923.000000 99931.000000 24454.000000
33149701.000000 99712.000000 24265.000000
33014390.000000 99849.000000 24241.000000
33033151.000000 102557.000000 25275.000000
33155565.000000 100226.000000 24164.000000
33146921.000000 100514.000000 24273.000000
33173664.000000 99470.000000 24485.000000
33186272.000000 99454.000000 24183.000000
33142145.000000 100087.000000 24559.000000
32353083.000000 98355.000000 23888.000000
33086363.000000 100723.000000 24026.000000
33123850.000000 100472.000000 24214.000000
33041241.000000 102518.000000 25432.000000
32984302.000000 102476.000000 25636.000000
33053630.000000 102129.000000 25419.000000
33135072.000000 99635.000000 24566.000000
33098448.000000 99386.000000 24579.000000
32957267.000000 100773.000000 24641.000000
33042555.000000 100329.000000 24655.000000
33071733.000000 102937.000000 25187.000000
33080356.000000 99770.000000 24562.000000
33157690.000000 100733.000000 24028.000000
33037028.000000 102761.000000 24715.000000
33221076.000000 99977.000000 24336.000000
33136490.000000 100152.000000 24237.000000
33011325.000000 102398.000000 25335.000000
33029809.000000 100096.000000 24834.000000
32993037.000000 102339.000000 25420.000000
33052847.000000 99268.000000 24590.000000
32734183.000000 99051.000000 24335.000000
33033484.000000 103107.000000 25143.000000
33046189.000000 99967.000000 24672.000000
33043869.000000 103296.000000 25032.000000
33166373.000000 100020.000000 24221.000000
32998020.000000 98985.000000 23633.000000
33064093.000000 99920.000000 23988.000000
33183256.000000 100030.000000 24170.000000
33138410.000000 102826.000000 24542.000000
33110976.000000 99824.000000 24500.000000
33108214.000000 100529.000000 24228.000000
33007375.000000 102518.000000 25223.000000
33016425.000000 100656.000000 24510.000000
33100334.000000 99830.000000 24429.000000
33043876.000000 99232.000000 25233.000000
33193588.000000 99786.000000 24198.000000
33107419.000000 99676.000000 24575.000000
33066208.000000 99854.000000 24059.000000
33012708.000000 102291.000000 25047.000000
33194632.000000 100126.000000 24178.000000
33119580.000000 102380.000000 25148.000000
33053350.000000 102798.000000 24804.000000
32998326.000000 102817.000000 24732.000000
