7984592.000000 25997.000000 12641.000000
8123414.000000 25994.000000 12574.000000
8008287.000000 25991.000000 12125.000000
7370064.000000 25998.000000 12292.000000
8028756.000000 25983.000000 12361.000000
7373220.000000 25991.000000 12252.000000
8031289.000000 25995.000000 12456.000000
8037841.000000 25987.000000 12232.000000
8079277.000000 26002.000000 12766.000000
8031615.000000 25980.000000 12190.000000
8095346.000000 25990.000000 12175.000000
7992041.000000 25990.000000 12174.000000
8013851.000000 25990.000000 12149.000000
7436284.000000 25990.000000 12295.000000
8014687.000000 25992.000000 11935.000000
7937130.000000 25981.000000 12151.000000
8008436.000000 25988.000000 12326.000000
8096682.000000 25983.000000 12284.000000
8038759.000000 25984.000000 12384.000000
7991921.000000 25997.000000 11965.000000
8135451.000000 25991.000000 12356.000000
8035565.000000 25997.000000 12276.000000
7076087.000000 26002.000000 12421.000000
6983012.000000 26000.000000 12078.000000
8050537.000000 25985.000000 12161.000000
7997061.000000 25990.000000 12091.000000
8116172.000000 25990.000000 12694.000000
8028627.000000 25979.000000 12373.000000
7929353.000000 25988.000000 12420.000000
8064212.000000 25977.000000 12139.000000
7099427.000000 25994.000000 12135.000000
7425899.000000 25992.000000 12461.000000
8108139.000000 25991.000000 12417.000000
8051918.000000 25985.000000 12242.000000
7973867.000000 26005.000000 12556.000000
8182862.000000 28349.000000 13433.000000
8060992.000000 25985.000000 12583.000000
7476269.000000 25990.000000 12123.000000
8036036.000000 25985.000000 12013.000000
7948922.000000 25991.000000 12184.000000
8119426.000000 26001.000000 12518.000000
7091905.000000 25992.000000 12656.000000
7369871.000000 26008.000000 12516.000000
8013033.000000 25992.000000 12204.000000
8057412.000000 25997.000000 11980.000000
8133148.000000 25993.000000 12481.000000
7900806.000000 25994.000000 12264.000000
7533944.000000 25997.000000 12730.000000
7403155.000000 25985.000000 12248.000000
8002549.000000 25988.000000 12353.000000
8069058.000000 25990.000000 12244.000000
7703323.000000 25987.000000 12358.000000
8001805.000000 25993.000000 12546.000000
7981007.000000 25995.000000 12157.000000
7040612.000000 26011.000000 12126.000000
7404994.000000 25988.000000 12358.000000
8043280.000000 25986.000000 12603.000000
8059932.000000 26001.000000 12395.000000
7972308.000000 25983.000000 12227.000000
7403995.000000 25987.000000 12167.000000
7996826.000000 26006.000000 12421.000000
8015786.000000 25993.000000 12430.000000
7488456.000000 26005.000000 12664.000000
7989242.000000 25988.000000 12359.000000
8036154.000000 25989.000000 12389.000000
8081557.000000 25988.000000 12558.000000
8003496.000000 25979.000000 12090.000000
7981571.000000 25980.000000 12267.000000
8030028.000000 25986.000000 12494.000000
8089824.000000 25983.000000 12425.000000
7082869.000000 25994.000000 12161.000000
8041913.000000 25992.000000 12082.000000
8019335.000000 25987.000000 12497.000000
7405097.000000 25996.000000 12247.000000
7398545.000000 25996.000000 12575.000000
8058583.000000 25993.000000 12438.000000
7961435.000000 25990.000000 12233.000000
7437322.000000 25998.000000 12400.000000
8106033.000000 25982.000000 12194.000000
8000327.000000 25982.000000 12385.000000
7940768.000000 25989.000000 12337.000000
7038374.000000 26009.000000 12334.000000
7808114.000000 25982.000000 11959.000000
7141416.000000 25992.000000 12546.000000
8000827.000000 25985.000000 12611.000000
8067732.000000 25989.000000 12348.000000
7423346.000000 26000.000000 12261.000000
7985929.000000 25995.000000 12210.000000
8047542.000000 26001.000000 12175.000000
7427102.000000 25997.000000 12512.000000
8063298.000000 25980.000000 12231.000000
7425834.000000 25998.000000 12246.000000
8146910.000000 28362.000000 13840.000000
8045863.000000 25989.000000 11940.000000
8172462.000000 25984.000000 12725.000000
8101916.000000 25984.000000 12307.000000
8006619.000000 25991.000000 12150.000000
7452513.000000 25983.000000 12544.000000
7429095.000000 25990.000000 12814.000000
8064987.000000 25999.000000 12380.000000
