42947760.000000 40993.000000 3231.000000
42820911.000000 40981.000000 3792.000000
42759402.000000 41655.000000 3717.000000
42694578.000000 40889.000000 4184.000000
42683592.000000 41772.000000 4168.000000
42698695.000000 41161.000000 4389.000000
42674813.000000 42517.000000 3558.000000
42908093.000000 40900.000000 3472.000000
42591359.000000 40210.000000 4094.000000
42789375.000000 41105.000000 3691.000000
42835863.000000 39396.000000 3712.000000
42814978.000000 41229.000000 3659.000000
42663175.000000 41881.000000 3860.000000
42647611.000000 41336.000000 3621.000000
42721452.000000 41358.000000 3701.000000
42747959.000000 40686.000000 3774.000000
42870644.000000 40428.000000 3616.000000
42656009.000000 41279.000000 3833.000000
41465496.000000 39902.000000 3647.000000
42729424.000000 41273.000000 4208.000000
42619365.000000 41368.000000 4423.000000
42871467.000000 40485.000000 3687.000000
42763381.000000 41221.000000 4074.000000
42591896.000000 41097.000000 4207.000000
42483708.000000 43267.000000 4121.000000
42680513.000000 41030.000000 3854.000000
42774617.000000 41677.000000 3839.000000
42704872.000000 41090.000000 4152.000000
42656269.000000 41126.000000 3772.000000
42746697.000000 39881.000000 4500.000000
42721466.000000 40705.000000 3851.000000
31964834.000000 29709.000000 3216.000000
42466291.000000 40712.000000 3625.000000
42826677.000000 40321.000000 4128.000000
42496524.000000 40566.000000 4214.000000
42476471.000000 40818.000000 3571.000000
42878368.000000 39831.000000 3410.000000
42899664.000000 40718.000000 3320.000000
42791679.000000 41407.000000 3773.000000
42802671.000000 41147.000000 3192.000000
42610167.000000 41232.000000 4247.000000
42379958.000000 41291.000000 3630.000000
42762708.000000 40664.000000 4154.000000
42752087.000000 40523.000000 4036.000000
42045827.000000 40302.000000 3659.000000
42701424.000000 40667.000000 3994.000000
42820878.000000 41220.000000 3395.000000
42695296.000000 40493.000000 4255.000000
42592638.000000 41159.000000 3728.000000
42610904.000000 40680.000000 4184.000000
42639470.000000 40935.000000 4020.000000
42776060.000000 39992.000000 4204.000000
42791946.000000 40541.000000 4308.000000
42826459.000000 41040.000000 3998.000000
42686385.000000 40072.000000 4345.000000
42786005.000000 40734.000000 3796.000000
42643690.000000 40528.000000 4106.000000
42667208.000000 40305.000000 4257.000000
42864959.000000 41855.000000 3461.000000
42864289.000000 41115.000000 3607.000000
42662275.000000 40701.000000 4207.000000
41836347.000000 40180.000000 3982.000000
42753885.000000 41005.000000 4266.000000
42660904.000000 41106.000000 4519.000000
42590612.000000 40472.000000 4547.000000
42617782.000000 40757.000000 3992.000000
42755340.000000 41321.000000 4064.000000
42806584.000000 40780.000000 3587.000000
42529989.000000 43906.000000 3760.000000
42105150.000000 40753.000000 3459.000000
41442728.000000 40256.000000 4001.000000
42670540.000000 41293.000000 3400.000000
42750864.000000 41022.000000 3990.000000
42771082.000000 41029.000000 3901.000000
42836037.000000 41100.000000 3833.000000
42780477.000000 41081.000000 3871.000000
42832093.000000 40941.000000 4121.000000
42558974.000000 41755.000000 3769.000000
42951447.000000 40456.000000 3700.000000
42708075.000000 40852.000000 4080.000000
42824363.000000 40657.000000 3861.000000
42695196.000000 41088.000000 4102.000000
42776500.000000 40962.000000 4168.000000
42653989.000000 41264.000000 4281.000000
42641209.000000 40971.000000 4290.000000
42708058.000000 40566.000000 4019.000000
42737195.000000 40610.000000 3823.000000
42625768.000000 40326.000000 3215.000000
42658528.000000 41231.000000 4060.000000
42607691.000000 40443.000000 3872.000000
42770185.000000 40753.000000 4126.000000
41649358.000000 42733.000000 3960.000000
42667306.000000 40710.000000 4086.000000
42874052.000000 41091.000000 3617.000000
42877872.000000 40727.000000 3471.000000
42859509.000000 40482.000000 3964.000000
42744353.000000 41384.000000 4267.000000
42579147.000000 40442.000000 4381.000000
42677542.000000 40544.000000 4297.000000
43012599.000000 40079.000000 3240.000000
