32674606.000000 69414.000000 25204.000000
32753896.000000 69608.000000 24728.000000
32773990.000000 69566.000000 24780.000000
32525953.000000 68500.000000 24559.000000
32665579.000000 69115.000000 25414.000000
32680028.000000 69298.000000 24879.000000
32602000.000000 69904.000000 25700.000000
32634048.000000 69238.000000 25404.000000
32722863.000000 69564.000000 24985.000000
32637111.000000 69431.000000 25205.000000
32596481.000000 69982.000000 25108.000000
32748202.000000 69748.000000 24763.000000
32045323.000000 68755.000000 23692.000000
32695895.000000 70018.000000 24675.000000
32791399.000000 68999.000000 24810.000000
32716832.000000 69588.000000 24553.000000
32666527.000000 69770.000000 24617.000000
32651611.000000 69523.000000 25226.000000
32754127.000000 69768.000000 24555.000000
32581937.000000 68962.000000 24653.000000
32730414.000000 69162.000000 24512.000000
32739239.000000 69785.000000 24904.000000
32728505.000000 69714.000000 24752.000000
32662479.000000 69623.000000 24522.000000
32743547.000000 69011.000000 24602.000000
32563641.000000 69426.000000 24669.000000
32610583.000000 69786.000000 25245.000000
32709259.000000 69889.000000 24862.000000
32756886.000000 68940.000000 24881.000000
32594070.000000 69838.000000 25086.000000
32688014.000000 69743.000000 25044.000000
32471864.000000 68615.000000 24175.000000
32680935.000000 69402.000000 24626.000000
32646666.000000 70272.000000 24894.000000
32710619.000000 69424.000000 24930.000000
32679637.000000 69431.000000 25350.000000
32671412.000000 69527.000000 25019.000000
32634027.000000 70015.000000 24527.000000
32660498.000000 69280.000000 24583.000000
32759795.000000 69132.000000 24494.000000
32725651.000000 70032.000000 24607.000000
32742313.000000 69902.000000 24461.000000
32738271.000000 69578.000000 24552.000000
32794715.000000 69010.000000 24086.000000
32622820.000000 69804.000000 24672.000000
32683103.000000 69760.000000 24243.000000
32663006.000000 70600.000000 24361.000000
32789193.000000 69672.000000 24377.000000
32723179.000000 69602.000000 24999.000000
32579863.000000 69202.000000 24495.000000
32650256.000000 70259.000000 24751.000000
32747340.000000 69529.000000 24515.000000
32664649.000000 69229.000000 24543.000000
32788249.000000 69234.000000 24457.000000
32733497.000000 69555.000000 24476.000000
32768367.000000 69337.000000 24556.000000
32763151.000000 69674.000000 24821.000000
32692171.000000 69189.000000 24754.000000
32630148.000000 69887.000000 24862.000000
32694831.000000 70163.000000 24559.000000
32767956.000000 69012.000000 24630.000000
32695573.000000 69825.000000 25060.000000
49175142.000000 104727.000000 36260.000000
32718825.000000 69504.000000 24851.000000
32612583.000000 69939.000000 24976.000000
32728943.000000 69992.000000 24693.000000
32671135.000000 69443.000000 24581.000000
32819203.000000 69399.000000 24534.000000
32837431.000000 69412.000000 24127.000000
32699916.000000 69839.000000 24653.000000
32661491.000000 70944.000000 24319.000000
32669731.000000 69296.000000 24986.000000
32770142.000000 69737.000000 24423.000000
32776970.000000 70232.000000 24684.000000
32666888.000000 69455.000000 24232.000000
32653652.000000 69417.000000 25176.000000
32714832.000000 69554.000000 24799.000000
32162554.000000 67547.000000 24299.000000
32577553.000000 70387.000000 24449.000000
32744049.000000 69327.000000 24784.000000
32785773.000000 69316.000000 24603.000000
32741397.000000 69584.000000 24866.000000
32754832.000000 69600.000000 24737.000000
32484782.000000 69953.000000 24840.000000
32533638.000000 70253.000000 25095.000000
32817130.000000 69067.000000 24593.000000
32655400.000000 69015.000000 24646.000000
32567898.000000 69914.000000 24657.000000
32667545.000000 69508.000000 25099.000000
32779449.000000 69897.000000 24883.000000
32679837.000000 69226.000000 25022.000000
32648831.000000 69405.000000 24934.000000
32758095.000000 69535.000000 24938.000000
32615298.000000 69358.000000 25151.000000
32535108.000000 68906.000000 26359.000000
32428840.000000 69295.000000 24387.000000
32716387.000000 69476.000000 24836.000000
32450693.000000 68961.000000 25424.000000
32787932.000000 69928.000000 24571.000000
32839944.000000 68946.000000 24498.000000
