3804963.000000 207746.000000 8857.000000
3392796.000000 207742.000000 7607.000000
3157076.000000 207747.000000 6925.000000
3480410.000000 207747.000000 7871.000000
3528219.000000 207758.000000 7996.000000
1946158.000000 207760.000000 23989.000000
3364981.000000 207760.000000 7385.000000
2920490.000000 207756.000000 6093.000000
3463888.000000 207746.000000 7807.000000
2004187.000000 207755.000000 13837.000000
24241090.000000 306402.000000 94022.000000
3032898.000000 207752.000000 6579.000000
3572150.000000 207741.000000 8069.000000
3679206.000000 207742.000000 8429.000000
3623379.000000 207750.000000 8418.000000
3787718.000000 207746.000000 8715.000000
3387652.000000 207760.000000 7463.000000
3152019.000000 207759.000000 6780.000000
3332187.000000 207750.000000 7151.000000
3613408.000000 207746.000000 8360.000000
25254374.000000 311363.000000 98369.000000
3690747.000000 207755.000000 8423.000000
11548649.000000 200224.000000 46228.000000
3424740.000000 207747.000000 7618.000000
3681896.000000 207743.000000 8304.000000
2865602.000000 207751.000000 5937.000000
3799895.000000 207749.000000 8715.000000
3573108.000000 207779.000000 8258.000000
3217354.000000 207746.000000 7158.000000
3061802.000000 207755.000000 6565.000000
2010244.000000 207759.000000 13777.000000
3751048.000000 207750.000000 8653.000000
3623735.000000 207757.000000 8199.000000
3316754.000000 207758.000000 7303.000000
3254093.000000 207751.000000 7342.000000
3273582.000000 207741.000000 7276.000000
3010747.000000 207741.000000 6196.000000
25236177.000000 308875.000000 98565.000000
3662290.000000 207755.000000 8392.000000
3460454.000000 207755.000000 7685.000000
25309083.000000 312294.000000 99106.000000
3662020.000000 207742.000000 8388.000000
25301087.000000 312185.000000 98721.000000
3304531.000000 207754.000000 7268.000000
11537276.000000 201386.000000 46518.000000
11540354.000000 201596.000000 46473.000000
3853775.000000 207752.000000 9161.000000
3697618.000000 207751.000000 8398.000000
3010918.000000 207746.000000 6365.000000
11527622.000000 201941.000000 46508.000000
3307187.000000 207766.000000 7083.000000
3835123.000000 207747.000000 8867.000000
3737104.000000 207753.000000 8655.000000
3445353.000000 207758.000000 7642.000000
3424835.000000 207773.000000 7652.000000
24411295.000000 305313.000000 94784.000000
3263448.000000 207749.000000 7366.000000
11682487.000000 191576.000000 64194.000000
3253887.000000 207739.000000 7406.000000
11901552.000000 238486.000000 49796.000000
3717004.000000 207741.000000 8627.000000
2906937.000000 207736.000000 6126.000000
3191954.000000 207747.000000 6933.000000
2007225.000000 207752.000000 14478.000000
9515209.000000 189432.000000 72700.000000
3533558.000000 207748.000000 7994.000000
11529672.000000 201161.000000 46630.000000
3098306.000000 207747.000000 6671.000000
3862153.000000 207754.000000 9016.000000
3530823.000000 207755.000000 8075.000000
3266028.000000 207763.000000 7263.000000
2770284.000000 207736.000000 5836.000000
11506446.000000 201566.000000 47056.000000
3302764.000000 207742.000000 7470.000000
3396195.000000 207758.000000 7606.000000
3362161.000000 207741.000000 7499.000000
3693857.000000 207749.000000 8428.000000
3305593.000000 207753.000000 7218.000000
3373641.000000 207738.000000 7522.000000
3504052.000000 207748.000000 7882.000000
3599447.000000 207746.000000 8461.000000
11536914.000000 203685.000000 46562.000000
11513956.000000 201991.000000 46836.000000
11520992.000000 201742.000000 46349.000000
3158090.000000 207758.000000 6840.000000
11532613.000000 201935.000000 46289.000000
11697562.000000 219280.000000 48033.000000
3559653.000000 207742.000000 8376.000000
3725032.000000 207748.000000 8672.000000
3032384.000000 207755.000000 6411.000000
3222977.000000 207750.000000 7017.000000
3722849.000000 207743.000000 8594.000000
2984235.000000 207757.000000 6479.000000
11541034.000000 201464.000000 46592.000000
24139950.000000 306900.000000 93538.000000
3632243.000000 207748.000000 8118.000000
3580127.000000 207757.000000 7960.000000
3354822.000000 207751.000000 7444.000000
