31993344.000000 107859.000000 23099.000000
36269104.000000 134787.000000 22520.000000
33368635.000000 115823.000000 19884.000000
32476367.000000 109401.000000 20819.000000
36106700.000000 134401.000000 24559.000000
33465828.000000 116682.000000 21913.000000
32301648.000000 111167.000000 25011.000000
24003609.000000 49426.000000 12818.000000
32199242.000000 108977.000000 22571.000000
31867001.000000 106355.000000 21402.000000
31982559.000000 105619.000000 19319.000000
31288832.000000 101312.000000 19278.000000
34281238.000000 126526.000000 27363.000000
33214968.000000 117457.000000 23912.000000
34560268.000000 126099.000000 23683.000000
31900935.000000 107634.000000 24384.000000
35708270.000000 132732.000000 25254.000000
52643235.000000 164632.000000 31675.000000
31974981.000000 107848.000000 23330.000000
32425328.000000 111123.000000 23856.000000
21746996.000000 71953.000000 22671.000000
30616318.000000 101295.000000 25825.000000
34543287.000000 124356.000000 22366.000000
30877778.000000 103080.000000 26967.000000
39018996.000000 146735.000000 21556.000000
31894337.000000 107941.000000 24075.000000
34990602.000000 129742.000000 24712.000000
35685977.000000 132537.000000 24178.000000
31281209.000000 105389.000000 26434.000000
31732893.000000 109615.000000 28070.000000
32018695.000000 108261.000000 22204.000000
32588141.000000 112881.000000 25417.000000
32413380.000000 111413.000000 23379.000000
33912577.000000 124134.000000 28607.000000
30811942.000000 101604.000000 23466.000000
35547276.000000 131119.000000 22144.000000
35050420.000000 128208.000000 23828.000000
31252598.000000 105781.000000 27548.000000
31829515.000000 109696.000000 27420.000000
33261130.000000 120516.000000 29338.000000
31476700.000000 104778.000000 22503.000000
32625234.000000 111186.000000 22350.000000
33089462.000000 117689.000000 26409.000000
32751626.000000 115918.000000 26271.000000
34978241.000000 129454.000000 26050.000000
34182798.000000 121382.000000 21615.000000
34674762.000000 125705.000000 22561.000000
32345482.000000 111743.000000 24014.000000
31771833.000000 109417.000000 27092.000000
35004091.000000 127892.000000 23719.000000
32211302.000000 109011.000000 22138.000000
33198733.000000 115875.000000 23388.000000
33107789.000000 120066.000000 30665.000000
32553500.000000 111764.000000 23063.000000
32649403.000000 112785.000000 23988.000000
33036585.000000 116373.000000 25545.000000
32441254.000000 110423.000000 22599.000000
32095164.000000 108517.000000 23170.000000
32905181.000000 113281.000000 21348.000000
32989982.000000 114238.000000 23128.000000
30116448.000000 96965.000000 25363.000000
32483229.000000 114731.000000 27914.000000
32375845.000000 111748.000000 24554.000000
32066727.000000 110488.000000 26303.000000
31451907.000000 104099.000000 23473.000000
30613015.000000 100693.000000 24831.000000
30642271.000000 111570.000000 43289.000000
31969068.000000 109755.000000 26596.000000
28376466.000000 81631.000000 18910.000000
33264911.000000 113349.000000 19121.000000
34633307.000000 123229.000000 19661.000000
24754686.000000 85860.000000 15186.000000
32454148.000000 112692.000000 25264.000000
33510732.000000 121563.000000 28038.000000
33252676.000000 119792.000000 27201.000000
32223868.000000 110207.000000 23943.000000
52817025.000000 164588.000000 29491.000000
32513446.000000 112963.000000 25702.000000
33014583.000000 117128.000000 27114.000000
33236387.000000 117993.000000 25692.000000
31695591.000000 109040.000000 26851.000000
32849363.000000 116777.000000 28180.000000
31147489.000000 100414.000000 21136.000000
31388471.000000 106146.000000 26058.000000
32562849.000000 113165.000000 25195.000000
33793841.000000 123550.000000 28982.000000
37874805.000000 142441.000000 27139.000000
29260096.000000 92553.000000 24831.000000
31332341.000000 106568.000000 27861.000000
33160607.000000 116616.000000 24616.000000
33642950.000000 122803.000000 29506.000000
32905252.000000 116431.000000 26754.000000
33213266.000000 116422.000000 23379.000000
33268096.000000 115787.000000 21784.000000
34295361.000000 123633.000000 23314.000000
31327920.000000 106361.000000 25399.000000
31996919.000000 112093.000000 28139.000000
34298256.000000 126720.000000 29501.000000
32200411.000000 107944.000000 21434.000000
38257575.000000 143878.000000 24102.000000
