47724595.000000 141687.000000 15373.000000
47605916.000000 141318.000000 15728.000000
47671213.000000 142967.000000 16073.000000
47592917.000000 141499.000000 15643.000000
47684071.000000 139620.000000 15322.000000
47597417.000000 142126.000000 15530.000000
47843546.000000 140201.000000 15007.000000
47471528.000000 142381.000000 15567.000000
47705843.000000 141269.000000 15514.000000
47790519.000000 139340.000000 15268.000000
47702984.000000 141574.000000 15275.000000
47734299.000000 141141.000000 15002.000000
47637360.000000 140990.000000 15208.000000
47685226.000000 142895.000000 15339.000000
47635097.000000 141085.000000 15644.000000
47713127.000000 142537.000000 15223.000000
47416514.000000 140580.000000 15341.000000
47580617.000000 140910.000000 15458.000000
47592611.000000 141670.000000 15807.000000
47694766.000000 141867.000000 15454.000000
47744709.000000 141334.000000 15316.000000
47618282.000000 144415.000000 15480.000000
47682939.000000 140999.000000 15726.000000
47539011.000000 141146.000000 15967.000000
47379518.000000 140593.000000 15181.000000
47642022.000000 142050.000000 15589.000000
47548026.000000 141126.000000 15305.000000
47575851.000000 141383.000000 15273.000000
47638228.000000 141203.000000 15828.000000
47762074.000000 142200.000000 15445.000000
47575971.000000 142065.000000 15648.000000
47755923.000000 141923.000000 15275.000000
47803850.000000 141566.000000 15451.000000
47401780.000000 140891.000000 15315.000000
47582665.000000 142626.000000 15645.000000
47677481.000000 142056.000000 15660.000000
47632881.000000 141571.000000 15578.000000
47667352.000000 142297.000000 15620.000000
47757079.000000 141584.000000 15366.000000
47696937.000000 142887.000000 15133.000000
47633353.000000 142729.000000 15589.000000
47740928.000000 140168.000000 14849.000000
47705185.000000 142885.000000 15442.000000
47390372.000000 140435.000000 15054.000000
47640492.000000 142407.000000 15181.000000
47561674.000000 143534.000000 15076.000000
47798302.000000 141968.000000 15145.000000
47776679.000000 141946.000000 15145.000000
47636755.000000 141999.000000 15212.000000
47676672.000000 143425.000000 15498.000000
47735334.000000 142408.000000 15437.000000
47735208.000000 141592.000000 15584.000000
47691811.000000 141596.000000 15229.000000
47636656.000000 141923.000000 15498.000000
47754984.000000 142117.000000 15484.000000
47743973.000000 140977.000000 15166.000000
47445833.000000 139889.000000 15303.000000
47663374.000000 138586.000000 15357.000000
47599202.000000 143046.000000 15412.000000
47658851.000000 141925.000000 15295.000000
47643967.000000 142298.000000 15880.000000
47766510.000000 141607.000000 15465.000000
47637816.000000 141343.000000 15409.000000
47635497.000000 141841.000000 15439.000000
47623576.000000 144926.000000 15505.000000
47715832.000000 140407.000000 15274.000000
47726173.000000 141119.000000 15559.000000
47749812.000000 142087.000000 15469.000000
47715685.000000 141131.000000 15446.000000
46417974.000000 138231.000000 14842.000000
47673121.000000 142706.000000 15096.000000
47815144.000000 140030.000000 15181.000000
47784884.000000 140529.000000 15170.000000
47623360.000000 141885.000000 15419.000000
47657809.000000 142457.000000 15391.000000
47601400.000000 143885.000000 15182.000000
47820104.000000 140246.000000 14992.000000
47602305.000000 141836.000000 15487.000000
47708598.000000 141262.000000 15395.000000
47656199.000000 142923.000000 15248.000000
47631063.000000 142547.000000 15314.000000
47619749.000000 142295.000000 15471.000000
47699557.000000 141642.000000 15673.000000
47595049.000000 143053.000000 15344.000000
47695105.000000 141916.000000 15242.000000
47723734.000000 141708.000000 15204.000000
47248587.000000 139659.000000 15045.000000
47620544.000000 141332.000000 15422.000000
47509850.000000 142049.000000 15269.000000
47573478.000000 143702.000000 15452.000000
47726375.000000 139022.000000 15314.000000
47693428.000000 143862.000000 15131.000000
47070121.000000 139672.000000 14767.000000
47812560.000000 139432.000000 14892.000000
47691064.000000 141847.000000 15308.000000
47760444.000000 141127.000000 15297.000000
47725448.000000 141723.000000 15826.000000
45858993.000000 134970.000000 15876.000000
47690193.000000 142197.000000 15905.000000
47636967.000000 141268.000000 16041.000000
