524806.000000 56766.000000 34809.000000
526843.000000 56758.000000 35071.000000
521818.000000 56745.000000 35573.000000
564794.000000 56751.000000 33309.000000
519039.000000 56766.000000 35902.000000
519332.000000 56750.000000 36986.000000
522324.000000 56758.000000 35500.000000
581455.000000 56756.000000 35211.000000
567788.000000 56765.000000 33031.000000
519197.000000 56751.000000 34812.000000
566024.000000 56757.000000 32787.000000
523814.000000 56755.000000 34283.000000
558949.000000 56752.000000 32891.000000
521185.000000 56749.000000 36173.000000
541958.000000 56743.000000 31264.000000
4821057.000000 52001.000000 43352.000000
1740074.000000 56742.000000 39171.000000
819560.000000 56762.000000 36172.000000
570923.000000 56751.000000 34139.000000
525234.000000 56750.000000 34334.000000
518523.000000 56764.000000 36499.000000
557744.000000 56752.000000 32780.000000
3196839.000000 56730.000000 42151.000000
518461.000000 56745.000000 36973.000000
886181.000000 52028.000000 34534.000000
537430.000000 56760.000000 31329.000000
519833.000000 56760.000000 36611.000000
528714.000000 56756.000000 33387.000000
565357.000000 56744.000000 32971.000000
4839938.000000 52001.000000 42796.000000
562173.000000 56745.000000 32431.000000
522707.000000 56771.000000 35940.000000
551829.000000 56771.000000 32355.000000
556370.000000 56760.000000 33115.000000
547202.000000 56765.000000 31818.000000
1087743.000000 52016.000000 35358.000000
515137.000000 56751.000000 36613.000000
3839938.000000 52002.000000 41688.000000
557745.000000 56770.000000 32671.000000
538685.000000 56753.000000 30808.000000
1108248.000000 56760.000000 37347.000000
559842.000000 56760.000000 32873.000000
569110.000000 56746.000000 34539.000000
535023.000000 56759.000000 31100.000000
517600.000000 56744.000000 37238.000000
524035.000000 56754.000000 35085.000000
533952.000000 56755.000000 32102.000000
543565.000000 56755.000000 31784.000000
518164.000000 56747.000000 37323.000000
4238026.000000 51998.000000 42389.000000
4836042.000000 52004.000000 43548.000000
525444.000000 56755.000000 34707.000000
4867418.000000 52006.000000 43775.000000
519707.000000 56756.000000 36473.000000
520273.000000 56766.000000 36146.000000
520938.000000 56760.000000 36655.000000
524580.000000 56772.000000 33620.000000
540524.000000 56753.000000 31250.000000
539415.000000 56762.000000 30912.000000
516857.000000 56755.000000 37403.000000
576819.000000 56774.000000 34697.000000
1733298.000000 56761.000000 38796.000000
531161.000000 56758.000000 30616.000000
522656.000000 56745.000000 34759.000000
536665.000000 56761.000000 30776.000000
520856.000000 56756.000000 33951.000000
4640231.000000 52004.000000 42944.000000
516718.000000 56745.000000 35869.000000
535814.000000 56754.000000 31787.000000
2182277.000000 56759.000000 40329.000000
533887.000000 56761.000000 30403.000000
533840.000000 56767.000000 32265.000000
520838.000000 56764.000000 34485.000000
531821.000000 56762.000000 30386.000000
525854.000000 56761.000000 34392.000000
541637.000000 56759.000000 30993.000000
540521.000000 56756.000000 30945.000000
529286.000000 56764.000000 33144.000000
677317.000000 56753.000000 35707.000000
522450.000000 56753.000000 36828.000000
1740486.000000 56750.000000 39419.000000
535251.000000 56769.000000 32791.000000
533432.000000 56750.000000 30830.000000
519225.000000 56759.000000 35401.000000
533043.000000 56759.000000 31045.000000
835499.000000 56758.000000 36118.000000
522597.000000 56757.000000 35001.000000
2940473.000000 56750.000000 41632.000000
519477.000000 56743.000000 36563.000000
527662.000000 56753.000000 32987.000000
553472.000000 56767.000000 32145.000000
532555.000000 56749.000000 31304.000000
560494.000000 56757.000000 33139.000000
1757434.000000 56746.000000 39488.000000
4852855.000000 51999.000000 43514.000000
529528.000000 56751.000000 32033.000000
525282.000000 56765.000000 35335.000000
634569.000000 56762.000000 34958.000000
519810.000000 56759.000000 36641.000000
1086905.000000 56757.000000 37227.000000
