16995825.000000 265811.000000 117539.000000
17495460.000000 318040.000000 122868.000000
17365165.000000 303657.000000 121977.000000
16610571.000000 227642.000000 113840.000000
2016881.000000 207752.000000 23184.000000
16859597.000000 329791.000000 120493.000000
17237556.000000 327764.000000 123785.000000
2024157.000000 207740.000000 24439.000000
16350575.000000 203028.000000 112214.000000
17665789.000000 335036.000000 124916.000000
17642507.000000 334950.000000 125155.000000
16765928.000000 246212.000000 116744.000000
17025814.000000 328603.000000 120394.000000
16883918.000000 328642.000000 119779.000000
17662633.000000 336012.000000 124789.000000
16768195.000000 271106.000000 115312.000000
17914785.000000 360522.000000 128025.000000
31039463.000000 93748.000000 10458.000000
17359308.000000 303972.000000 120598.000000
16888021.000000 290478.000000 117480.000000
17357976.000000 304912.000000 119625.000000
17504889.000000 318681.000000 123148.000000
17615895.000000 330993.000000 124071.000000
16805329.000000 245502.000000 116884.000000
15548566.000000 171022.000000 107220.000000
2018891.000000 207759.000000 21833.000000
17906369.000000 360208.000000 127669.000000
2527480.000000 207753.000000 24606.000000
17071109.000000 328274.000000 122002.000000
16945566.000000 260955.000000 117057.000000
15090069.000000 171569.000000 103862.000000
17497982.000000 318244.000000 123344.000000
2026597.000000 207752.000000 23674.000000
17536456.000000 321568.000000 123086.000000
16615821.000000 227913.000000 114776.000000
17367126.000000 303713.000000 120652.000000
15904551.000000 196356.000000 108245.000000
16454679.000000 292883.000000 114332.000000
17371939.000000 304547.000000 120980.000000
16785716.000000 244494.000000 116305.000000
17197545.000000 328803.000000 121810.000000
16682751.000000 272007.000000 114700.000000
16946669.000000 262289.000000 117383.000000
17511341.000000 321931.000000 123980.000000
17114217.000000 278853.000000 118751.000000
17488524.000000 316695.000000 122710.000000
16795399.000000 248101.000000 115526.000000
17378362.000000 328325.000000 122278.000000
17113589.000000 278537.000000 118010.000000
18087666.000000 376174.000000 131489.000000
15786870.000000 196499.000000 107338.000000
15855674.000000 196842.000000 107982.000000
2034830.000000 207751.000000 24882.000000
17470599.000000 316139.000000 122561.000000
17503753.000000 319085.000000 122951.000000
2028033.000000 207748.000000 21893.000000
17499137.000000 318468.000000 123575.000000
17299162.000000 296627.000000 121195.000000
16813302.000000 330981.000000 119648.000000
2041280.000000 207746.000000 24154.000000
15523902.000000 198224.000000 105610.000000
15610033.000000 195850.000000 107734.000000
17353153.000000 304025.000000 119730.000000
15374608.000000 171643.000000 105109.000000
17478443.000000 317406.000000 123070.000000
16796655.000000 247423.000000 115390.000000
17553054.000000 320634.000000 123690.000000
17505678.000000 321249.000000 123157.000000
16340636.000000 199442.000000 112184.000000
17363834.000000 303936.000000 120700.000000
17488967.000000 316968.000000 124157.000000
16426113.000000 293496.000000 114580.000000
16995663.000000 265967.000000 117000.000000
16926079.000000 290840.000000 116890.000000
11733271.000000 221172.000000 81385.000000
2989605.000000 207744.000000 28114.000000
16973112.000000 263305.000000 118992.000000
17496018.000000 317315.000000 124842.000000
2029528.000000 207755.000000 23428.000000
17366857.000000 303685.000000 121453.000000
17184039.000000 326963.000000 123692.000000
18021566.000000 373868.000000 132463.000000
2032583.000000 207745.000000 23287.000000
16944547.000000 260292.000000 117913.000000
17518007.000000 319222.000000 124799.000000
2104767.000000 207766.000000 18012.000000
16365719.000000 202618.000000 111712.000000
16622636.000000 228718.000000 114372.000000
17370042.000000 304515.000000 121219.000000
16555426.000000 292495.000000 115535.000000
2027893.000000 207759.000000 22088.000000
15863086.000000 196560.000000 107171.000000
17090767.000000 329560.000000 120006.000000
17362351.000000 303438.000000 121801.000000
17504457.000000 318926.000000 123558.000000
15534506.000000 198780.000000 106040.000000
16834534.000000 331279.000000 119494.000000
17603500.000000 331710.000000 124608.000000
18054040.000000 376500.000000 130150.000000
18035695.000000 375490.000000 132010.000000
