25100619.000000 74386.000000 22475.000000
25166278.000000 75787.000000 22608.000000
25200160.000000 72710.000000 22003.000000
25245722.000000 74482.000000 22666.000000
25146515.000000 74142.000000 22379.000000
25314007.000000 72771.000000 21925.000000
25196725.000000 74875.000000 22335.000000
25180414.000000 76003.000000 22614.000000
25107547.000000 74561.000000 22479.000000
25215756.000000 74877.000000 22365.000000
25151365.000000 74978.000000 22420.000000
25057114.000000 75840.000000 22515.000000
25164568.000000 74928.000000 22671.000000
25058294.000000 73954.000000 22293.000000
25119332.000000 75126.000000 22594.000000
25100772.000000 75807.000000 22565.000000
25119588.000000 75926.000000 22481.000000
25151640.000000 74766.000000 22610.000000
25175527.000000 74843.000000 22505.000000
24664472.000000 73640.000000 22265.000000
25159863.000000 75643.000000 22074.000000
25260758.000000 74467.000000 22447.000000
25204781.000000 74553.000000 22087.000000
25234395.000000 75194.000000 22261.000000
25207735.000000 74888.000000 22750.000000
25208947.000000 75085.000000 22464.000000
25264831.000000 72582.000000 21722.000000
25237938.000000 75238.000000 22138.000000
25109318.000000 74867.000000 22244.000000
25212175.000000 74651.000000 22224.000000
25245555.000000 74502.000000 22438.000000
25154684.000000 75277.000000 22486.000000
24998974.000000 74916.000000 22495.000000
25203694.000000 74488.000000 22090.000000
25121221.000000 75611.000000 22410.000000
25115703.000000 75029.000000 22474.000000
25162815.000000 75049.000000 22427.000000
25171766.000000 74906.000000 22551.000000
25212847.000000 74773.000000 22607.000000
25116209.000000 75047.000000 22610.000000
25234850.000000 74636.000000 22305.000000
25149487.000000 74757.000000 22495.000000
25162742.000000 76145.000000 22279.000000
25242843.000000 74773.000000 22516.000000
25210586.000000 75124.000000 22511.000000
25216128.000000 75197.000000 22679.000000
25167615.000000 75087.000000 22739.000000
25193693.000000 75396.000000 22377.000000
25173434.000000 74867.000000 22778.000000
25159129.000000 74533.000000 22519.000000
25119656.000000 75120.000000 22569.000000
25007513.000000 74456.000000 22713.000000
25190534.000000 74925.000000 22219.000000
25158579.000000 74269.000000 22500.000000
25179940.000000 74593.000000 22741.000000
25125387.000000 75339.000000 22794.000000
25152813.000000 74502.000000 22606.000000
25178248.000000 75428.000000 22548.000000
25193323.000000 74616.000000 22300.000000
24738374.000000 74298.000000 22443.000000
25217917.000000 74911.000000 22398.000000
25169648.000000 75456.000000 22684.000000
25154388.000000 74369.000000 22390.000000
25162379.000000 74788.000000 22683.000000
25186016.000000 74663.000000 22540.000000
25148903.000000 74618.000000 22619.000000
25187434.000000 75397.000000 22366.000000
25122162.000000 74729.000000 22457.000000
25142123.000000 75130.000000 21818.000000
25110834.000000 74797.000000 22335.000000
25149595.000000 74336.000000 22501.000000
25224709.000000 74296.000000 22674.000000
25133451.000000 75206.000000 22951.000000
25194455.000000 74543.000000 22894.000000
25152652.000000 75237.000000 22580.000000
25129739.000000 74907.000000 22834.000000
25215535.000000 74564.000000 22467.000000
25230398.000000 75004.000000 22455.000000
25140688.000000 74704.000000 22315.000000
25184113.000000 74347.000000 22691.000000
25177279.000000 74570.000000 22685.000000
25187201.000000 75303.000000 21976.000000
25110671.000000 74951.000000 22188.000000
25187376.000000 74559.000000 22402.000000
25217532.000000 75014.000000 22602.000000
25176677.000000 74828.000000 22420.000000
25146481.000000 75182.000000 22439.000000
25244122.000000 74668.000000 22469.000000
25198752.000000 74677.000000 22384.000000
25183432.000000 75335.000000 22291.000000
25170153.000000 75844.000000 22121.000000
25248595.000000 74502.000000 22192.000000
25269868.000000 74474.000000 22019.000000
25163109.000000 74642.000000 22582.000000
25218275.000000 75042.000000 22092.000000
25161952.000000 75426.000000 22263.000000
25209085.000000 75073.000000 22185.000000
25253903.000000 75003.000000 21977.000000
25161781.000000 75348.000000 22167.000000
25196371.000000 75384.000000 22263.000000
