41835953.000000 67242.000000 1830.000000
41822030.000000 68344.000000 1312.000000
52379611.000000 85608.000000 1506.000000
41824029.000000 68215.000000 1497.000000
41794405.000000 67652.000000 1344.000000
41888713.000000 68316.000000 1559.000000
41897973.000000 68781.000000 1048.000000
41862010.000000 68583.000000 1194.000000
41902827.000000 68104.000000 1338.000000
41798742.000000 68978.000000 1551.000000
41815467.000000 68494.000000 1505.000000
41907500.000000 68208.000000 1034.000000
41706027.000000 68554.000000 1770.000000
41835177.000000 68546.000000 1455.000000
40593634.000000 66989.000000 1067.000000
41818209.000000 68235.000000 1477.000000
41709775.000000 67854.000000 2224.000000
41127302.000000 67707.000000 5411.000000
41747874.000000 68446.000000 2201.000000
41799074.000000 67099.000000 1879.000000
41809742.000000 68362.000000 1525.000000
41809318.000000 67776.000000 2103.000000
41803582.000000 67942.000000 1791.000000
41769292.000000 69184.000000 1577.000000
40380158.000000 65964.000000 2064.000000
41605950.000000 68061.000000 1310.000000
41854582.000000 68333.000000 1332.000000
41762880.000000 69136.000000 1577.000000
41715915.000000 68283.000000 2075.000000
41749567.000000 68497.000000 1588.000000
41862499.000000 67926.000000 1566.000000
41798660.000000 67830.000000 2097.000000
40997015.000000 66105.000000 1523.000000
41761907.000000 67875.000000 2233.000000
41885525.000000 68429.000000 1433.000000
41747834.000000 68686.000000 1801.000000
41875366.000000 68647.000000 1170.000000
41856748.000000 67661.000000 1508.000000
41655994.000000 68893.000000 1837.000000
41738644.000000 68672.000000 1639.000000
41784036.000000 67466.000000 1744.000000
41803202.000000 67962.000000 1894.000000
41750048.000000 68601.000000 1701.000000
41779971.000000 68335.000000 1872.000000
41855505.000000 68704.000000 1209.000000
41949538.000000 68089.000000 691.000000
41756708.000000 68493.000000 1821.000000
41702844.000000 68159.000000 2323.000000
41998506.000000 68207.000000 758.000000
41980376.000000 68480.000000 978.000000
41756894.000000 67717.000000 1834.000000
41559249.000000 68376.000000 2168.000000
52239262.000000 84357.000000 2821.000000
41568431.000000 68336.000000 2266.000000
41814080.000000 69178.000000 1350.000000
41861094.000000 67125.000000 1352.000000
41562231.000000 67221.000000 1370.000000
41913598.000000 67570.000000 1210.000000
41588009.000000 68074.000000 1290.000000
41848730.000000 68351.000000 1163.000000
41742553.000000 68258.000000 1736.000000
37916183.000000 60827.000000 1470.000000
41785951.000000 68545.000000 1551.000000
41372134.000000 67615.000000 1415.000000
41945572.000000 67992.000000 1229.000000
41913678.000000 67557.000000 1285.000000
41601113.000000 67989.000000 1940.000000
42009270.000000 67810.000000 827.000000
41794312.000000 68506.000000 1722.000000
41946040.000000 68509.000000 1278.000000
41737333.000000 68907.000000 1710.000000
41655814.000000 67930.000000 2033.000000
41681796.000000 67191.000000 1202.000000
41935095.000000 68133.000000 1347.000000
41748626.000000 68445.000000 1681.000000
41876822.000000 68251.000000 938.000000
41941716.000000 67674.000000 790.000000
41960860.000000 68276.000000 1528.000000
41903387.000000 68867.000000 1197.000000
41791810.000000 68394.000000 1569.000000
52159312.000000 84188.000000 2511.000000
41845192.000000 68222.000000 1370.000000
41889699.000000 68595.000000 1058.000000
41827192.000000 69062.000000 1094.000000
41518944.000000 68104.000000 1367.000000
41759408.000000 67519.000000 1197.000000
41775357.000000 68062.000000 1585.000000
41474726.000000 68203.000000 1772.000000
52357502.000000 84294.000000 1522.000000
41865700.000000 67865.000000 1249.000000
41871366.000000 68668.000000 1333.000000
41641216.000000 68485.000000 2029.000000
41828537.000000 67882.000000 1810.000000
41917628.000000 67795.000000 1060.000000
41875638.000000 68674.000000 1428.000000
41295930.000000 67636.000000 999.000000
41780813.000000 68349.000000 1800.000000
41908452.000000 67552.000000 1373.000000
41894219.000000 68184.000000 1261.000000
41814310.000000 68772.000000 1673.000000
