51388531.000000 132046.000000 14561.000000
50841130.000000 132745.000000 16344.000000
51498033.000000 131869.000000 14579.000000
51413932.000000 132551.000000 14896.000000
51436097.000000 132991.000000 14521.000000
51122717.000000 133706.000000 14185.000000
51148291.000000 133212.000000 14347.000000
51205330.000000 133381.000000 14714.000000
51335277.000000 134398.000000 14869.000000
51318064.000000 132839.000000 14706.000000
51247471.000000 134695.000000 14923.000000
51254758.000000 133493.000000 14972.000000
51264222.000000 133804.000000 14876.000000
51333449.000000 132957.000000 14927.000000
51250172.000000 132340.000000 15242.000000
76930009.000000 198266.000000 22085.000000
51443027.000000 133166.000000 14918.000000
51377539.000000 132480.000000 14645.000000
50449958.000000 130427.000000 14491.000000
51369704.000000 132529.000000 14630.000000
51350808.000000 133441.000000 14866.000000
51272962.000000 131894.000000 14497.000000
51373021.000000 132658.000000 14599.000000
51294411.000000 132709.000000 14351.000000
51328856.000000 134049.000000 14928.000000
51244266.000000 134345.000000 14627.000000
51317396.000000 131846.000000 14600.000000
51444251.000000 133189.000000 14611.000000
51416857.000000 131816.000000 14591.000000
51280152.000000 134303.000000 14999.000000
51133674.000000 134965.000000 14887.000000
51387706.000000 132705.000000 14828.000000
51338221.000000 132426.000000 14707.000000
51414291.000000 131829.000000 15002.000000
51416165.000000 133745.000000 14806.000000
51325121.000000 132643.000000 14858.000000
51165691.000000 133193.000000 14594.000000
51369673.000000 134280.000000 14786.000000
51259245.000000 132579.000000 14702.000000
51327688.000000 132296.000000 14676.000000
51339986.000000 132226.000000 15308.000000
51239297.000000 134318.000000 15328.000000
51263320.000000 132490.000000 14886.000000
51323568.000000 132642.000000 15106.000000
51384707.000000 132137.000000 15032.000000
51072502.000000 131996.000000 14549.000000
51386908.000000 133210.000000 14513.000000
51419035.000000 132568.000000 14781.000000
51314826.000000 133173.000000 15041.000000
51426924.000000 131975.000000 14680.000000
51360482.000000 133321.000000 14724.000000
51178363.000000 133539.000000 14888.000000
51367872.000000 132726.000000 14599.000000
51390814.000000 131916.000000 14801.000000
51363564.000000 135628.000000 14567.000000
51336454.000000 132697.000000 14676.000000
51282548.000000 132709.000000 14796.000000
51366439.000000 132313.000000 14667.000000
51397698.000000 132751.000000 14723.000000
50910685.000000 132688.000000 14637.000000
51360586.000000 132231.000000 14794.000000
50589462.000000 129716.000000 14200.000000
51320331.000000 134124.000000 14943.000000
51170633.000000 134645.000000 14874.000000
50946749.000000 134255.000000 14643.000000
50875715.000000 131231.000000 14016.000000
51315206.000000 133476.000000 15029.000000
51342775.000000 134117.000000 14791.000000
51361759.000000 134938.000000 14581.000000
51220553.000000 132286.000000 14752.000000
51379702.000000 132655.000000 14630.000000
51347438.000000 132469.000000 15002.000000
51281024.000000 132808.000000 14684.000000
51331790.000000 134152.000000 14708.000000
51324193.000000 133797.000000 14804.000000
51313334.000000 133179.000000 14936.000000
51170180.000000 133548.000000 14479.000000
51394848.000000 133297.000000 14649.000000
51308611.000000 134039.000000 14881.000000
51335852.000000 134002.000000 14981.000000
51321112.000000 132551.000000 14634.000000
51230089.000000 135414.000000 14961.000000
51001382.000000 133518.000000 14663.000000
51299774.000000 132815.000000 15078.000000
51369567.000000 132632.000000 15026.000000
51359723.000000 131569.000000 14714.000000
51359809.000000 132422.000000 14901.000000
51464549.000000 132487.000000 14649.000000
51289023.000000 133851.000000 14850.000000
51368592.000000 132618.000000 14620.000000
51365459.000000 132701.000000 14870.000000
51387458.000000 133169.000000 14532.000000
51307012.000000 133983.000000 14675.000000
51266302.000000 134357.000000 14656.000000
51290891.000000 132909.000000 14869.000000
51232105.000000 132817.000000 15216.000000
51357845.000000 133398.000000 14747.000000
51429443.000000 132717.000000 14625.000000
51459305.000000 132720.000000 14923.000000
51090261.000000 132888.000000 16184.000000
