10305364.000000 25977.000000 12366.000000
10767746.000000 25976.000000 12299.000000
10440118.000000 25973.000000 12112.000000
10584153.000000 25980.000000 12394.000000
10667259.000000 25974.000000 12275.000000
10647090.000000 25982.000000 12278.000000
10667235.000000 25975.000000 12253.000000
10588990.000000 25980.000000 12248.000000
10703160.000000 25980.000000 12495.000000
10749242.000000 25984.000000 12256.000000
10666564.000000 25977.000000 12547.000000
10669612.000000 25963.000000 11996.000000
10700269.000000 25977.000000 12586.000000
10700007.000000 25975.000000 12600.000000
10767913.000000 25977.000000 12766.000000
10723296.000000 25982.000000 12799.000000
10747482.000000 25973.000000 12721.000000
10781659.000000 25977.000000 12163.000000
10582248.000000 25981.000000 12631.000000
10734654.000000 25974.000000 12127.000000
10613278.000000 25975.000000 12391.000000
10639114.000000 25976.000000 12398.000000
10518902.000000 25979.000000 12359.000000
10647121.000000 25967.000000 12083.000000
10678768.000000 25972.000000 12034.000000
10711276.000000 25975.000000 12469.000000
10513207.000000 25973.000000 12492.000000
10641102.000000 25971.000000 12044.000000
10675165.000000 25978.000000 12308.000000
10742479.000000 25980.000000 12828.000000
10657612.000000 25977.000000 12272.000000
10617374.000000 25972.000000 12175.000000
10574207.000000 25979.000000 12562.000000
10843128.000000 25984.000000 12283.000000
10717005.000000 25980.000000 12644.000000
10715660.000000 25973.000000 12267.000000
10552709.000000 25985.000000 12190.000000
10356567.000000 25973.000000 12110.000000
10657845.000000 25976.000000 12029.000000
10606467.000000 25977.000000 12376.000000
10503619.000000 25975.000000 12199.000000
10662617.000000 25972.000000 12519.000000
10729265.000000 25973.000000 12338.000000
10613703.000000 25977.000000 11990.000000
10776384.000000 25990.000000 12332.000000
10677819.000000 25972.000000 15027.000000
10699838.000000 25976.000000 12631.000000
10542286.000000 25982.000000 12876.000000
10510664.000000 25979.000000 13584.000000
10615381.000000 25988.000000 13649.000000
10443070.000000 25976.000000 12612.000000
10668101.000000 25977.000000 15496.000000
10699965.000000 25982.000000 12759.000000
10775165.000000 25979.000000 14156.000000
10564420.000000 25964.000000 15256.000000
10696743.000000 25987.000000 13126.000000
10660771.000000 25974.000000 14689.000000
10706216.000000 25974.000000 13867.000000
10625123.000000 25984.000000 12789.000000
10718858.000000 25979.000000 13577.000000
10696404.000000 25975.000000 12995.000000
10621298.000000 25979.000000 12625.000000
9867002.000000 25237.000000 13272.000000
10618025.000000 25970.000000 15392.000000
10524145.000000 25978.000000 12485.000000
10593345.000000 25975.000000 14025.000000
10683057.000000 25977.000000 15179.000000
10699217.000000 25971.000000 14631.000000
10684291.000000 25979.000000 13718.000000
10829002.000000 25981.000000 14747.000000
10412245.000000 25976.000000 12600.000000
10544578.000000 25976.000000 15940.000000
10724522.000000 25979.000000 12455.000000
10453731.000000 25972.000000 14525.000000
10606817.000000 25984.000000 13524.000000
10726591.000000 25991.000000 13793.000000
10604882.000000 25975.000000 12633.000000
10592912.000000 25979.000000 13514.000000
10572254.000000 25983.000000 16464.000000
10779385.000000 25976.000000 14747.000000
10666234.000000 25982.000000 15154.000000
10430297.000000 25973.000000 16779.000000
10329478.000000 25979.000000 16904.000000
10660724.000000 25970.000000 16679.000000
10554251.000000 25969.000000 13792.000000
10499188.000000 25987.000000 16079.000000
10618993.000000 25984.000000 16018.000000
10189073.000000 25977.000000 13936.000000
10671351.000000 25974.000000 16351.000000
10471570.000000 25977.000000 12610.000000
10714157.000000 25974.000000 12486.000000
10805322.000000 25976.000000 13548.000000
10851935.000000 25968.000000 12695.000000
10408165.000000 25976.000000 16667.000000
10741273.000000 25970.000000 14251.000000
10684393.000000 25974.000000 17565.000000
10544926.000000 25980.000000 13825.000000
10462541.000000 25975.000000 17858.000000
10718621.000000 25973.000000 14784.000000
10800830.000000 25983.000000 12501.000000
