38859951.000000 71674.000000 2015.000000
38858537.000000 71984.000000 1939.000000
38947627.000000 71246.000000 2073.000000
39044755.000000 70571.000000 1793.000000
38889735.000000 71767.000000 2024.000000
38798563.000000 71233.000000 2126.000000
38968643.000000 70298.000000 2035.000000
38804398.000000 71259.000000 2043.000000
58272833.000000 108239.000000 2937.000000
38537964.000000 70482.000000 2005.000000
38837039.000000 71524.000000 1507.000000
38806387.000000 72006.000000 2040.000000
38826944.000000 71012.000000 1871.000000
38874012.000000 71282.000000 1985.000000
38829084.000000 70380.000000 2541.000000
39002067.000000 70769.000000 1648.000000
38818457.000000 72004.000000 2232.000000
38869557.000000 71320.000000 2020.000000
38880558.000000 72059.000000 1980.000000
38895794.000000 71344.000000 1811.000000
38785299.000000 70828.000000 2516.000000
38744625.000000 70772.000000 2208.000000
38765701.000000 70560.000000 2396.000000
38929219.000000 71045.000000 2016.000000
38741705.000000 70469.000000 2122.000000
38970487.000000 71358.000000 1632.000000
38859067.000000 70662.000000 2287.000000
38866545.000000 71135.000000 2254.000000
38902995.000000 70925.000000 2012.000000
38907726.000000 71708.000000 2006.000000
38871737.000000 71057.000000 2322.000000
36151171.000000 64714.000000 1786.000000
38869667.000000 71559.000000 1704.000000
38812473.000000 71460.000000 2322.000000
38917330.000000 70944.000000 1334.000000
38686208.000000 71180.000000 2078.000000
38879477.000000 71221.000000 1898.000000
38735121.000000 70814.000000 2199.000000
38897301.000000 70586.000000 2183.000000
38837985.000000 70743.000000 2127.000000
38870359.000000 70585.000000 2204.000000
38936781.000000 70729.000000 1892.000000
38779888.000000 70712.000000 2341.000000
38979720.000000 70354.000000 1604.000000
38937450.000000 71189.000000 1636.000000
38899618.000000 71376.000000 2102.000000
38530121.000000 69260.000000 2033.000000
39076499.000000 71027.000000 1855.000000
38892154.000000 70709.000000 2260.000000
38791168.000000 70629.000000 2655.000000
38841394.000000 70744.000000 1797.000000
38897623.000000 71204.000000 1859.000000
38973038.000000 71433.000000 1686.000000
38916295.000000 70811.000000 2340.000000
38817311.000000 70995.000000 2344.000000
38852450.000000 70975.000000 2435.000000
38760034.000000 72290.000000 2309.000000
38856717.000000 71003.000000 2187.000000
38778895.000000 71170.000000 2088.000000
38925742.000000 70588.000000 1972.000000
38859982.000000 71080.000000 2205.000000
38847003.000000 71333.000000 2026.000000
38923978.000000 70832.000000 1812.000000
38765408.000000 70823.000000 2025.000000
38865621.000000 72052.000000 2092.000000
38867486.000000 71120.000000 1972.000000
38812848.000000 70737.000000 2369.000000
38539502.000000 72539.000000 2556.000000
38747767.000000 71221.000000 2593.000000
38871023.000000 70968.000000 2051.000000
38850640.000000 70704.000000 2468.000000
38840600.000000 70579.000000 2573.000000
58458970.000000 105369.000000 3004.000000
38951132.000000 71723.000000 1870.000000
38771532.000000 71326.000000 2188.000000
38941891.000000 70985.000000 1796.000000
38713134.000000 70752.000000 2146.000000
38858112.000000 71209.000000 1928.000000
38995063.000000 70956.000000 1833.000000
38874730.000000 71321.000000 1870.000000
38949914.000000 70885.000000 2242.000000
38588356.000000 70083.000000 2262.000000
38853553.000000 71314.000000 1996.000000
38827496.000000 71876.000000 2378.000000
38800824.000000 70712.000000 2017.000000
38901017.000000 70441.000000 1863.000000
38929394.000000 70888.000000 2113.000000
38780236.000000 71241.000000 2329.000000
38822985.000000 70220.000000 2004.000000
38850332.000000 71161.000000 2186.000000
38985355.000000 70716.000000 1873.000000
37450486.000000 69108.000000 2034.000000
38762804.000000 71656.000000 1924.000000
38699629.000000 71303.000000 1620.000000
38821246.000000 71538.000000 2208.000000
38085088.000000 69508.000000 1742.000000
38862602.000000 70655.000000 2456.000000
38713968.000000 71673.000000 2247.000000
38874759.000000 70482.000000 1726.000000
38831941.000000 70583.000000 2014.000000
