29663292.000000 72770.000000 9299.000000
29652418.000000 72522.000000 9430.000000
29732307.000000 73072.000000 9373.000000
29735559.000000 72970.000000 9287.000000
29551349.000000 73069.000000 9491.000000
29793136.000000 73100.000000 9300.000000
29739117.000000 72435.000000 9552.000000
29585505.000000 72247.000000 9686.000000
29711789.000000 72888.000000 9441.000000
29660400.000000 73329.000000 9363.000000
29747742.000000 72670.000000 9449.000000
29589293.000000 73040.000000 9229.000000
29670763.000000 73221.000000 9496.000000
29708971.000000 73388.000000 9666.000000
29710956.000000 72124.000000 9270.000000
29696362.000000 72148.000000 9730.000000
29696397.000000 72281.000000 9464.000000
29720633.000000 72685.000000 9437.000000
29651875.000000 71854.000000 9221.000000
29652208.000000 72828.000000 9247.000000
29719983.000000 72443.000000 9333.000000
29769836.000000 72826.000000 9274.000000
29696131.000000 72763.000000 9606.000000
29760914.000000 72419.000000 9488.000000
29756688.000000 72588.000000 9167.000000
28997229.000000 70921.000000 9131.000000
29688850.000000 72411.000000 9557.000000
29726751.000000 72309.000000 9454.000000
29624581.000000 73550.000000 9517.000000
29483887.000000 72937.000000 9436.000000
29565963.000000 71885.000000 9332.000000
29687279.000000 72036.000000 9593.000000
29825719.000000 73083.000000 9332.000000
29682249.000000 72141.000000 9660.000000
29662617.000000 73798.000000 9496.000000
29641374.000000 71906.000000 9509.000000
29679131.000000 73054.000000 9390.000000
29712633.000000 73319.000000 9641.000000
29702876.000000 72492.000000 9255.000000
29662151.000000 73168.000000 9651.000000
29805407.000000 73691.000000 9206.000000
29598741.000000 73342.000000 9378.000000
29616972.000000 72719.000000 9404.000000
29795728.000000 72490.000000 9359.000000
29668747.000000 72111.000000 9426.000000
29634545.000000 72982.000000 9291.000000
28998057.000000 70312.000000 8931.000000
29558574.000000 71329.000000 9536.000000
29607573.000000 73319.000000 9427.000000
29790190.000000 72236.000000 9532.000000
29709480.000000 72471.000000 10140.000000
29797708.000000 73015.000000 9548.000000
29652537.000000 72595.000000 9673.000000
29664289.000000 72488.000000 9490.000000
29824433.000000 72745.000000 9365.000000
29653930.000000 71247.000000 9168.000000
29323862.000000 72041.000000 9216.000000
29750914.000000 72235.000000 9615.000000
29703393.000000 73266.000000 9129.000000
28183659.000000 67979.000000 8621.000000
29701941.000000 73430.000000 9392.000000
29744613.000000 72690.000000 9419.000000
29672066.000000 73140.000000 9584.000000
29747513.000000 72449.000000 9642.000000
29635476.000000 72467.000000 9323.000000
29632388.000000 73928.000000 9728.000000
29747808.000000 71750.000000 9397.000000
29773452.000000 72902.000000 9102.000000
29700185.000000 73530.000000 9420.000000
29815437.000000 72548.000000 9399.000000
29682404.000000 72529.000000 9468.000000
29764353.000000 72806.000000 9427.000000
29735099.000000 72577.000000 9495.000000
29670219.000000 73064.000000 9623.000000
29780760.000000 71914.000000 9417.000000
29474497.000000 71812.000000 10326.000000
29672257.000000 72599.000000 9592.000000
29638136.000000 72322.000000 9504.000000
29716128.000000 72715.000000 9500.000000
29697642.000000 72951.000000 9358.000000
29574824.000000 73410.000000 9581.000000
29657803.000000 73233.000000 9608.000000
29686147.000000 73141.000000 9561.000000
29730401.000000 72710.000000 9625.000000
29571575.000000 72886.000000 9646.000000
29341284.000000 71096.000000 8972.000000
29595991.000000 73083.000000 9365.000000
29709699.000000 72301.000000 9594.000000
28557930.000000 68565.000000 9152.000000
29722037.000000 72894.000000 9583.000000
29687821.000000 72612.000000 9470.000000
29651372.000000 72401.000000 9551.000000
29661533.000000 73489.000000 9666.000000
29679190.000000 72568.000000 9573.000000
29578517.000000 73206.000000 9452.000000
29722606.000000 72481.000000 9571.000000
29615370.000000 72993.000000 9631.000000
29655602.000000 73293.000000 9497.000000
29862846.000000 72481.000000 9411.000000
29588069.000000 73410.000000 9859.000000
