31770371.000000 50859.000000 1312.000000
31797735.000000 51249.000000 1499.000000
32011387.000000 50807.000000 908.000000
31971267.000000 51580.000000 1140.000000
31908874.000000 50621.000000 1543.000000
31986298.000000 51353.000000 1195.000000
31917786.000000 49594.000000 1617.000000
31880344.000000 50196.000000 1354.000000
31831634.000000 50004.000000 1705.000000
31739367.000000 50859.000000 1727.000000
31793029.000000 50692.000000 1267.000000
31807030.000000 49766.000000 1788.000000
31875605.000000 49758.000000 1399.000000
31736379.000000 50263.000000 1549.000000
31880213.000000 50598.000000 1291.000000
31927867.000000 50737.000000 1402.000000
31884289.000000 50696.000000 1465.000000
31932258.000000 50774.000000 1324.000000
31920418.000000 50044.000000 955.000000
31859269.000000 49925.000000 1701.000000
31972262.000000 51103.000000 1306.000000
32039213.000000 50879.000000 895.000000
31942820.000000 50940.000000 1395.000000
31997116.000000 50933.000000 1191.000000
31905810.000000 51184.000000 1274.000000
31762397.000000 50217.000000 1429.000000
31841594.000000 49710.000000 1571.000000
31841683.000000 50802.000000 1911.000000
31870007.000000 50386.000000 1944.000000
31963605.000000 50899.000000 989.000000
31897440.000000 51010.000000 1453.000000
31970246.000000 50445.000000 1242.000000
31749474.000000 50327.000000 1466.000000
31897248.000000 51434.000000 1373.000000
31784497.000000 49413.000000 1236.000000
31860451.000000 50942.000000 1662.000000
31706347.000000 49540.000000 1254.000000
31949273.000000 50862.000000 924.000000
31928428.000000 50617.000000 1339.000000
31826870.000000 49509.000000 1603.000000
31897172.000000 50907.000000 1382.000000
47904520.000000 75456.000000 1851.000000
31862584.000000 50039.000000 1900.000000
31707079.000000 50263.000000 3002.000000
30946704.000000 48559.000000 1281.000000
39718390.000000 62155.000000 1891.000000
31736931.000000 50174.000000 1832.000000
31805566.000000 50385.000000 1660.000000
31914417.000000 50743.000000 1490.000000
31856305.000000 50005.000000 1688.000000
31804070.000000 50475.000000 1682.000000
31942346.000000 51017.000000 1466.000000
31364943.000000 49623.000000 1646.000000
31237242.000000 48724.000000 972.000000
31898257.000000 50520.000000 1323.000000
31722583.000000 50031.000000 1517.000000
31945128.000000 50792.000000 1301.000000
31900186.000000 50293.000000 1545.000000
31812527.000000 50565.000000 1426.000000
31687686.000000 49307.000000 1240.000000
31980845.000000 51279.000000 1314.000000
31873896.000000 50267.000000 1637.000000
32003682.000000 50581.000000 1081.000000
31872952.000000 51196.000000 1493.000000
31930448.000000 51619.000000 1331.000000
31750120.000000 50161.000000 1319.000000
31754571.000000 50456.000000 1410.000000
31896510.000000 50902.000000 1397.000000
31774297.000000 50605.000000 1228.000000
31922452.000000 51223.000000 1232.000000
31887710.000000 50466.000000 1485.000000
31801108.000000 50384.000000 1355.000000
31849638.000000 50703.000000 1580.000000
31913880.000000 50740.000000 1229.000000
31920432.000000 50618.000000 1379.000000
31925333.000000 51044.000000 1339.000000
31819873.000000 50894.000000 1332.000000
31865274.000000 51165.000000 1678.000000
31964056.000000 50936.000000 1309.000000
31788514.000000 50547.000000 1727.000000
31867106.000000 50863.000000 1484.000000
31743326.000000 50106.000000 1348.000000
30341352.000000 47570.000000 1417.000000
31766922.000000 49780.000000 1666.000000
31995066.000000 50814.000000 1291.000000
31834487.000000 49707.000000 1408.000000
31936820.000000 50441.000000 1368.000000
31720280.000000 50023.000000 1265.000000
31955202.000000 51213.000000 1422.000000
31849220.000000 49656.000000 1514.000000
32040755.000000 51187.000000 1236.000000
31941333.000000 51276.000000 1113.000000
31992978.000000 50488.000000 1251.000000
32072841.000000 50771.000000 612.000000
31807359.000000 51331.000000 1172.000000
31958270.000000 50639.000000 1240.000000
31901237.000000 50733.000000 1135.000000
31797091.000000 50914.000000 1476.000000
31985186.000000 50212.000000 1189.000000
32036961.000000 51085.000000 1255.000000
