14368314.000000 25973.000000 11356.000000
14163904.000000 25978.000000 11312.000000
14396567.000000 25971.000000 11563.000000
14468959.000000 25971.000000 11884.000000
14288011.000000 25974.000000 11648.000000
14560538.000000 25975.000000 11563.000000
14398045.000000 25971.000000 11726.000000
14477451.000000 25973.000000 11698.000000
14335895.000000 25976.000000 11539.000000
14547060.000000 25975.000000 11624.000000
14341073.000000 25978.000000 11770.000000
14369141.000000 25977.000000 11437.000000
14322241.000000 25971.000000 11573.000000
14616433.000000 25969.000000 11650.000000
14469910.000000 25976.000000 11755.000000
14476171.000000 25975.000000 11242.000000
14445600.000000 25974.000000 11960.000000
14359491.000000 25972.000000 11539.000000
14417980.000000 25966.000000 11668.000000
14604081.000000 25981.000000 11688.000000
14395808.000000 25972.000000 11652.000000
14448737.000000 25976.000000 11464.000000
14383035.000000 25975.000000 11344.000000
14407089.000000 25971.000000 11662.000000
14412019.000000 25968.000000 11359.000000
14427451.000000 25971.000000 11089.000000
14431005.000000 25972.000000 11387.000000
14375776.000000 25973.000000 11513.000000
14118748.000000 25975.000000 11703.000000
14403580.000000 25974.000000 11665.000000
14460232.000000 25976.000000 11624.000000
14518002.000000 25980.000000 11576.000000
14508024.000000 25974.000000 11892.000000
14279766.000000 25973.000000 11247.000000
14465694.000000 25970.000000 11455.000000
14411492.000000 25974.000000 11692.000000
14405375.000000 25972.000000 11271.000000
14362904.000000 25972.000000 11552.000000
14451870.000000 25980.000000 11880.000000
14476274.000000 25970.000000 11552.000000
14357722.000000 25972.000000 11618.000000
14479785.000000 25973.000000 11449.000000
14316407.000000 25972.000000 11250.000000
14378292.000000 25971.000000 11561.000000
14569469.000000 25969.000000 11504.000000
14445047.000000 25977.000000 12168.000000
14457670.000000 25972.000000 11599.000000
14346377.000000 25974.000000 11456.000000
14254190.000000 25975.000000 11906.000000
14448467.000000 25980.000000 11300.000000
14493845.000000 25973.000000 11705.000000
14352620.000000 25977.000000 11695.000000
14482244.000000 25975.000000 11388.000000
14435787.000000 25970.000000 11724.000000
14417971.000000 25976.000000 11309.000000
14514256.000000 25973.000000 11475.000000
14350719.000000 25975.000000 11438.000000
14442580.000000 25970.000000 11401.000000
14583651.000000 25979.000000 11787.000000
14460916.000000 25974.000000 11433.000000
14352811.000000 25975.000000 11590.000000
14478106.000000 25975.000000 12328.000000
14591272.000000 25970.000000 12433.000000
14451769.000000 25977.000000 12058.000000
14362067.000000 25974.000000 11463.000000
14366743.000000 25971.000000 12039.000000
14329262.000000 25975.000000 11213.000000
14493482.000000 25974.000000 11556.000000
14563917.000000 25970.000000 11513.000000
14510877.000000 25974.000000 11550.000000
14452100.000000 25972.000000 12042.000000
14390777.000000 25974.000000 11527.000000
14401126.000000 25969.000000 11544.000000
14342627.000000 25980.000000 12171.000000
14404943.000000 25976.000000 11709.000000
14368274.000000 25972.000000 11974.000000
14705487.000000 25971.000000 11606.000000
14302030.000000 25977.000000 11828.000000
14303800.000000 25976.000000 11302.000000
14289431.000000 25974.000000 11338.000000
14425477.000000 25978.000000 11625.000000
14464403.000000 25976.000000 12008.000000
14279838.000000 25975.000000 12824.000000
14379216.000000 25975.000000 11415.000000
14370620.000000 25976.000000 11597.000000
14282889.000000 25980.000000 11376.000000
14571075.000000 25973.000000 11333.000000
14440034.000000 25972.000000 11307.000000
14474869.000000 25976.000000 11339.000000
14551247.000000 25969.000000 11846.000000
14441167.000000 25973.000000 11487.000000
14419336.000000 25975.000000 11941.000000
14356831.000000 25971.000000 12006.000000
14487948.000000 25977.000000 11410.000000
14320812.000000 25969.000000 12316.000000
14403594.000000 25973.000000 11498.000000
14434636.000000 25977.000000 11875.000000
14504871.000000 25974.000000 11559.000000
14469683.000000 25970.000000 11331.000000
14508233.000000 25972.000000 11487.000000
