36471820.000000 50380.000000 4678.000000
36680669.000000 50950.000000 4616.000000
36563085.000000 52335.000000 4746.000000
36714922.000000 51073.000000 4474.000000
36791795.000000 50817.000000 4287.000000
36711001.000000 52139.000000 4670.000000
36768979.000000 51187.000000 4498.000000
45821090.000000 63898.000000 5640.000000
36635425.000000 50397.000000 4667.000000
36725855.000000 50953.000000 4687.000000
36394734.000000 50173.000000 4521.000000
36759392.000000 50859.000000 4419.000000
36701375.000000 50772.000000 4744.000000
36599879.000000 51518.000000 4641.000000
36594293.000000 52415.000000 5042.000000
36571003.000000 51767.000000 5246.000000
45890720.000000 63813.000000 5907.000000
36513573.000000 52045.000000 5192.000000
36449386.000000 50076.000000 4815.000000
36480455.000000 51257.000000 5775.000000
36518840.000000 51950.000000 5118.000000
36538119.000000 52068.000000 5113.000000
36590186.000000 51927.000000 5044.000000
36660719.000000 50886.000000 4708.000000
36654688.000000 52186.000000 4505.000000
36749975.000000 50931.000000 4605.000000
36524739.000000 52210.000000 4948.000000
36570808.000000 51859.000000 4690.000000
36756851.000000 50513.000000 4554.000000
36460541.000000 51848.000000 4819.000000
36564800.000000 51999.000000 5132.000000
36674682.000000 51962.000000 4737.000000
36588933.000000 52017.000000 4547.000000
36372351.000000 51596.000000 5184.000000
36653472.000000 52376.000000 4715.000000
36557086.000000 50282.000000 4835.000000
36648939.000000 52015.000000 4979.000000
36568390.000000 50691.000000 5577.000000
36535260.000000 52249.000000 5102.000000
36692840.000000 51619.000000 4688.000000
36678888.000000 52186.000000 4758.000000
36523082.000000 52043.000000 5300.000000
36549034.000000 52413.000000 4970.000000
36294394.000000 51920.000000 4660.000000
36547984.000000 50425.000000 4801.000000
36572161.000000 51923.000000 5440.000000
36714048.000000 51611.000000 4721.000000
35528071.000000 49861.000000 4926.000000
36569285.000000 52079.000000 5146.000000
36703753.000000 51030.000000 4901.000000
36527984.000000 52216.000000 5035.000000
36447647.000000 52343.000000 4207.000000
36809239.000000 50396.000000 4315.000000
36673345.000000 51188.000000 4673.000000
36497522.000000 51654.000000 4712.000000
36531914.000000 52496.000000 4857.000000
36599674.000000 50893.000000 5066.000000
36571064.000000 52045.000000 4995.000000
36607302.000000 52215.000000 4495.000000
36806355.000000 50710.000000 4298.000000
36576347.000000 52325.000000 5167.000000
36479257.000000 51928.000000 4865.000000
36714690.000000 51571.000000 4533.000000
36708369.000000 50922.000000 4544.000000
36665772.000000 51802.000000 4894.000000
36850086.000000 51151.000000 4048.000000
36642295.000000 51873.000000 4769.000000
36528325.000000 51850.000000 5110.000000
36690110.000000 50805.000000 4729.000000
36633017.000000 52206.000000 4407.000000
36458611.000000 51626.000000 5179.000000
36134321.000000 51147.000000 5034.000000
36607275.000000 52213.000000 4616.000000
36641762.000000 51722.000000 4781.000000
36535259.000000 51784.000000 5385.000000
36568627.000000 51961.000000 5213.000000
36617561.000000 50648.000000 5229.000000
36631479.000000 51488.000000 4804.000000
36601262.000000 52221.000000 4639.000000
45634587.000000 65086.000000 6601.000000
36713640.000000 50578.000000 4827.000000
36139705.000000 51904.000000 4787.000000
36673004.000000 51061.000000 4678.000000
36703532.000000 51011.000000 4658.000000
36622076.000000 52290.000000 4942.000000
36533985.000000 51366.000000 4632.000000
36522267.000000 51841.000000 5130.000000
36468002.000000 51975.000000 5076.000000
36594427.000000 51772.000000 4833.000000
36621872.000000 52122.000000 4431.000000
36644972.000000 51784.000000 4601.000000
36491271.000000 52045.000000 5597.000000
36613364.000000 51383.000000 5232.000000
36492436.000000 51917.000000 5320.000000
36598280.000000 50335.000000 5462.000000
36690715.000000 52767.000000 4337.000000
36662686.000000 50349.000000 4822.000000
36729882.000000 51516.000000 4394.000000
36823544.000000 51067.000000 4378.000000
36517890.000000 51914.000000 5492.000000
