44558816.000000 60664.000000 2990.000000
44315594.000000 61686.000000 3627.000000
44505291.000000 62284.000000 3246.000000
44676125.000000 60496.000000 2633.000000
44591775.000000 61063.000000 2787.000000
44396275.000000 60270.000000 3343.000000
44509720.000000 60412.000000 2920.000000
44522820.000000 62149.000000 2826.000000
44485432.000000 61118.000000 2691.000000
44599672.000000 60302.000000 2440.000000
44587861.000000 60682.000000 2663.000000
44476479.000000 60599.000000 3149.000000
44703806.000000 60905.000000 2217.000000
44407305.000000 62332.000000 2900.000000
43899966.000000 59111.000000 2814.000000
44616271.000000 60685.000000 2810.000000
44521678.000000 60151.000000 2887.000000
44606230.000000 62052.000000 2649.000000
43750963.000000 59296.000000 2200.000000
44460878.000000 60209.000000 3307.000000
44609459.000000 60642.000000 2817.000000
44624893.000000 61155.000000 2615.000000
44269353.000000 60618.000000 3729.000000
44547229.000000 60256.000000 2918.000000
44529008.000000 60547.000000 3071.000000
44512334.000000 60900.000000 2760.000000
44497708.000000 60384.000000 3186.000000
44573051.000000 62100.000000 2649.000000
44461424.000000 60960.000000 3048.000000
44406247.000000 60582.000000 3031.000000
44537199.000000 60709.000000 3228.000000
44451549.000000 62630.000000 2568.000000
44480683.000000 62613.000000 2897.000000
44529236.000000 60422.000000 3115.000000
44495833.000000 60854.000000 3056.000000
44567385.000000 62961.000000 2453.000000
44428038.000000 62762.000000 3247.000000
44715002.000000 62541.000000 2365.000000
44574907.000000 60684.000000 3013.000000
44463769.000000 60520.000000 3079.000000
44558603.000000 60575.000000 2840.000000
44443838.000000 60883.000000 2953.000000
44514627.000000 60268.000000 3184.000000
42547678.000000 57681.000000 3114.000000
44510487.000000 60707.000000 2883.000000
44048690.000000 62635.000000 2925.000000
44591014.000000 61497.000000 2797.000000
44306715.000000 59809.000000 3682.000000
44474455.000000 60470.000000 3074.000000
44403487.000000 60423.000000 2905.000000
44446475.000000 60828.000000 2898.000000
44478758.000000 60150.000000 2886.000000
44498906.000000 60512.000000 2914.000000
44271083.000000 60412.000000 2841.000000
44491506.000000 60871.000000 3235.000000
44539341.000000 60380.000000 3173.000000
44392131.000000 60106.000000 3245.000000
43267552.000000 58969.000000 2787.000000
44532935.000000 60427.000000 2982.000000
44520599.000000 60996.000000 2813.000000
44202594.000000 60354.000000 3160.000000
44479654.000000 60379.000000 3064.000000
44407351.000000 60020.000000 3600.000000
44247410.000000 61456.000000 3838.000000
44429516.000000 60049.000000 3495.000000
44343104.000000 59964.000000 3344.000000
44534578.000000 61105.000000 2648.000000
44489191.000000 62383.000000 2457.000000
44511154.000000 60667.000000 2791.000000
44456155.000000 60310.000000 2831.000000
44428992.000000 60816.000000 2845.000000
44592927.000000 60940.000000 2819.000000
44408552.000000 62274.000000 3269.000000
44157028.000000 61559.000000 2830.000000
40826893.000000 54495.000000 3247.000000
44499760.000000 60550.000000 3239.000000
55562136.000000 76124.000000 3637.000000
44172710.000000 62391.000000 2848.000000
44447957.000000 60530.000000 3316.000000
44542236.000000 60564.000000 2694.000000
44503974.000000 60707.000000 2985.000000
44524520.000000 60690.000000 2772.000000
44547073.000000 60449.000000 2513.000000
44463772.000000 61008.000000 2935.000000
44540259.000000 60348.000000 2651.000000
44490502.000000 60658.000000 2888.000000
43600904.000000 60381.000000 3080.000000
44615140.000000 60942.000000 2434.000000
44558685.000000 60720.000000 2247.000000
44258611.000000 60126.000000 2829.000000
44482588.000000 60636.000000 2904.000000
44149877.000000 60045.000000 3596.000000
44386652.000000 60068.000000 3586.000000
44576787.000000 60730.000000 2768.000000
44251775.000000 60458.000000 3230.000000
44467840.000000 60044.000000 2901.000000
41719258.000000 56168.000000 3382.000000
44664794.000000 60358.000000 2276.000000
44568726.000000 60824.000000 3158.000000
43938140.000000 59060.000000 3172.000000
