13314843.000000 365859.000000 68034.000000
13405151.000000 372469.000000 68083.000000
13382574.000000 373391.000000 69764.000000
13346714.000000 367061.000000 68213.000000
13075402.000000 343594.000000 66459.000000
12545521.000000 333607.000000 64597.000000
13382009.000000 372718.000000 68754.000000
13385166.000000 370642.000000 68796.000000
13421577.000000 373665.000000 69353.000000
13306980.000000 366349.000000 67861.000000
13331419.000000 365721.000000 68281.000000
13353272.000000 370029.000000 68746.000000
13322530.000000 367019.000000 68272.000000
13132105.000000 349214.000000 66867.000000
11736344.000000 220525.000000 66242.000000
13129176.000000 344825.000000 66584.000000
13295327.000000 366064.000000 68751.000000
13342043.000000 366201.000000 68909.000000
13305836.000000 367343.000000 68253.000000
13402357.000000 371994.000000 68923.000000
13375245.000000 369978.000000 68479.000000
16852141.000000 252543.000000 96019.000000
13318846.000000 366915.000000 67772.000000
13174305.000000 349490.000000 68925.000000
2556255.000000 259637.000000 14101.000000
13299592.000000 366502.000000 68458.000000
13366869.000000 369426.000000 70816.000000
13348913.000000 368297.000000 68134.000000
13326332.000000 367816.000000 68959.000000
13315598.000000 365863.000000 70014.000000
13377111.000000 371249.000000 70200.000000
13094238.000000 343986.000000 67672.000000
13388719.000000 370955.000000 69153.000000
13317970.000000 366117.000000 68388.000000
13338617.000000 367325.000000 69425.000000
13339259.000000 367246.000000 69306.000000
13411080.000000 374922.000000 68956.000000
13327230.000000 367306.000000 68654.000000
13391431.000000 371685.000000 68772.000000
16651825.000000 230693.000000 95498.000000
13379142.000000 371876.000000 68402.000000
13319233.000000 367674.000000 69654.000000
10034358.000000 309000.000000 54094.000000
13379747.000000 370733.000000 70387.000000
13345500.000000 368513.000000 69705.000000
13409871.000000 373386.000000 69395.000000
13324388.000000 365954.000000 68465.000000
13414214.000000 374075.000000 68714.000000
13379998.000000 371327.000000 69009.000000
13192992.000000 351430.000000 67473.000000
13094412.000000 346917.000000 66485.000000
13310637.000000 366505.000000 69039.000000
13302964.000000 366601.000000 69389.000000
13318018.000000 367198.000000 70141.000000
13310661.000000 366497.000000 69782.000000
13363328.000000 371941.000000 68919.000000
13297397.000000 366707.000000 68679.000000
13359909.000000 369707.000000 68099.000000
13358848.000000 368913.000000 67918.000000
13336773.000000 367300.000000 67453.000000
13384041.000000 373394.000000 68815.000000
13299727.000000 366078.000000 67510.000000
13120810.000000 345032.000000 66328.000000
13308609.000000 368739.000000 68398.000000
13349099.000000 368181.000000 69361.000000
13392197.000000 370821.000000 69076.000000
13330209.000000 368494.000000 68776.000000
13374681.000000 369853.000000 68647.000000
13328255.000000 366803.000000 68088.000000
13356889.000000 368183.000000 67144.000000
13356525.000000 368914.000000 68193.000000
13375237.000000 370662.000000 67774.000000
10362740.000000 198730.000000 47443.000000
13074554.000000 345823.000000 65568.000000
13302397.000000 365692.000000 68044.000000
13153001.000000 347355.000000 66423.000000
13309577.000000 368503.000000 68073.000000
13268552.000000 366791.000000 66843.000000
13313501.000000 367235.000000 68559.000000
13078039.000000 342912.000000 65354.000000
13318571.000000 367106.000000 67753.000000
13296059.000000 367794.000000 66999.000000
13321480.000000 367693.000000 68067.000000
11734647.000000 220531.000000 65462.000000
13194059.000000 352563.000000 66485.000000
13065820.000000 341774.000000 65557.000000
13076969.000000 341987.000000 66764.000000
13312359.000000 366532.000000 67730.000000
13311804.000000 366102.000000 67050.000000
13328594.000000 368100.000000 68097.000000
13391225.000000 370853.000000 67862.000000
11041989.000000 176930.000000 50325.000000
13400129.000000 375057.000000 68062.000000
9539121.000000 190849.000000 58735.000000
13369780.000000 369966.000000 68662.000000
13356107.000000 369718.000000 67249.000000
13278704.000000 365355.000000 69851.000000
13204034.000000 353751.000000 67377.000000
12173843.000000 268215.000000 69420.000000
13355084.000000 369100.000000 67980.000000
