33263353.000000 98052.000000 6827.000000
33420391.000000 99114.000000 6969.000000
33320834.000000 99782.000000 7155.000000
33368661.000000 99272.000000 7069.000000
33396960.000000 98525.000000 7073.000000
33330787.000000 98537.000000 6891.000000
33390061.000000 98153.000000 6926.000000
33328129.000000 101387.000000 7179.000000
33371464.000000 101983.000000 7156.000000
33112707.000000 99611.000000 6958.000000
33427528.000000 98610.000000 7059.000000
33458674.000000 98641.000000 6778.000000
33439941.000000 97645.000000 6935.000000
33322004.000000 98780.000000 7336.000000
33371507.000000 98834.000000 7580.000000
33367512.000000 100176.000000 7223.000000
33285382.000000 101104.000000 7450.000000
33408041.000000 98350.000000 7206.000000
33447539.000000 98858.000000 7052.000000
33393289.000000 98772.000000 7075.000000
32947043.000000 99455.000000 9547.000000
33435719.000000 99191.000000 6870.000000
33453003.000000 98292.000000 6889.000000
33237708.000000 99375.000000 6842.000000
33378551.000000 98506.000000 7337.000000
33315011.000000 101014.000000 7451.000000
33389636.000000 98776.000000 7207.000000
33277225.000000 100913.000000 7440.000000
33113986.000000 100588.000000 7085.000000
33337061.000000 101388.000000 7568.000000
33188104.000000 101808.000000 7894.000000
33427416.000000 98809.000000 7113.000000
33448765.000000 98041.000000 6938.000000
33443045.000000 98591.000000 6917.000000
33403051.000000 98278.000000 7265.000000
33362314.000000 100057.000000 7147.000000
33326663.000000 99437.000000 6979.000000
33001007.000000 101109.000000 8515.000000
32975262.000000 100495.000000 7276.000000
33272698.000000 99276.000000 6854.000000
33440456.000000 99958.000000 7170.000000
33294707.000000 101952.000000 7219.000000
33443706.000000 99866.000000 6968.000000
33345699.000000 101298.000000 7208.000000
33312339.000000 102471.000000 7274.000000
33414154.000000 99466.000000 6898.000000
33324558.000000 101798.000000 7360.000000
33269376.000000 101395.000000 7238.000000
33311732.000000 99429.000000 7190.000000
33463060.000000 98010.000000 7028.000000
33183345.000000 98873.000000 7046.000000
33313019.000000 99390.000000 7051.000000
33306037.000000 101158.000000 7107.000000
33323138.000000 99913.000000 7386.000000
33398115.000000 98448.000000 6976.000000
33361232.000000 98090.000000 7041.000000
33404553.000000 98899.000000 7051.000000
33274099.000000 98034.000000 7796.000000
33321383.000000 98610.000000 7010.000000
33510167.000000 98446.000000 6983.000000
33386848.000000 98717.000000 7087.000000
33176378.000000 98453.000000 8426.000000
33041435.000000 100624.000000 7460.000000
33442851.000000 98754.000000 6983.000000
33340789.000000 97569.000000 7526.000000
32965056.000000 97505.000000 9928.000000
33415382.000000 98762.000000 7222.000000
33257902.000000 100964.000000 7185.000000
33333038.000000 101428.000000 7382.000000
33328550.000000 99512.000000 7275.000000
33405363.000000 98859.000000 7185.000000
32288897.000000 96577.000000 6570.000000
33366932.000000 98869.000000 7103.000000
33430058.000000 99342.000000 7165.000000
33404943.000000 98735.000000 7232.000000
33425798.000000 98213.000000 7206.000000
33401120.000000 98970.000000 7142.000000
33424519.000000 99562.000000 6829.000000
32810777.000000 98155.000000 6883.000000
31683300.000000 95976.000000 6388.000000
33466238.000000 99087.000000 7010.000000
33221460.000000 100407.000000 7306.000000
33321542.000000 100809.000000 7424.000000
33165546.000000 98022.000000 9254.000000
33346882.000000 99676.000000 6977.000000
33168540.000000 101521.000000 8250.000000
32873710.000000 97667.000000 6936.000000
33429292.000000 98932.000000 7050.000000
33107262.000000 97576.000000 7038.000000
33354181.000000 101463.000000 6969.000000
33049818.000000 101476.000000 7139.000000
33329262.000000 98637.000000 7339.000000
33378554.000000 98971.000000 7235.000000
33274111.000000 100220.000000 7087.000000
33379025.000000 98360.000000 7066.000000
33248612.000000 101649.000000 7398.000000
33468381.000000 98120.000000 6947.000000
33286062.000000 101992.000000 7473.000000
33340991.000000 98946.000000 7258.000000
33386910.000000 98518.000000 7186.000000
