29790074.000000 39177.000000 2560.000000
29887528.000000 39061.000000 1994.000000
29840383.000000 39319.000000 2098.000000
29795807.000000 38515.000000 2410.000000
29828316.000000 38139.000000 2175.000000
29882792.000000 38505.000000 1991.000000
29896992.000000 38398.000000 2205.000000
29731478.000000 38759.000000 3278.000000
29768552.000000 39233.000000 2307.000000
29908403.000000 39313.000000 2100.000000
29703101.000000 39209.000000 2215.000000
29913984.000000 39264.000000 1997.000000
29817222.000000 38553.000000 2249.000000
29683133.000000 38750.000000 2168.000000
29840266.000000 39320.000000 2264.000000
29777437.000000 38964.000000 2181.000000
29797479.000000 38759.000000 2358.000000
29748302.000000 38995.000000 2462.000000
29764250.000000 38708.000000 2601.000000
29866655.000000 38233.000000 2290.000000
29831588.000000 39185.000000 2091.000000
29843986.000000 39380.000000 2177.000000
29822400.000000 39163.000000 2348.000000
29901409.000000 38679.000000 2149.000000
29803220.000000 39479.000000 2468.000000
29806570.000000 38839.000000 2709.000000
29828865.000000 38990.000000 2484.000000
29846191.000000 38484.000000 2587.000000
29869549.000000 38444.000000 2298.000000
29899204.000000 39116.000000 1991.000000
29905074.000000 38361.000000 2191.000000
29872731.000000 39111.000000 2297.000000
29789535.000000 38672.000000 2311.000000
29826400.000000 38849.000000 2604.000000
29853337.000000 38718.000000 2234.000000
29852081.000000 39043.000000 2127.000000
29841098.000000 38517.000000 2272.000000
29788449.000000 38989.000000 2094.000000
29827385.000000 39104.000000 2429.000000
29719994.000000 39188.000000 2590.000000
29846876.000000 38389.000000 2464.000000
29852443.000000 39058.000000 2207.000000
29590519.000000 38181.000000 2184.000000
29913924.000000 38376.000000 1749.000000
29861132.000000 38959.000000 2006.000000
29788208.000000 38606.000000 2648.000000
29857521.000000 38935.000000 2341.000000
29811276.000000 38249.000000 2520.000000
29818202.000000 38415.000000 2395.000000
29734825.000000 38182.000000 1602.000000
29814863.000000 38715.000000 2616.000000
29604898.000000 38756.000000 2166.000000
29801715.000000 39122.000000 2662.000000
29782741.000000 38715.000000 2588.000000
29787632.000000 38849.000000 2464.000000
29834607.000000 38144.000000 2014.000000
29830857.000000 38584.000000 2110.000000
29849455.000000 38083.000000 1955.000000
29741209.000000 39125.000000 2396.000000
29835779.000000 37967.000000 2616.000000
29844351.000000 39623.000000 1889.000000
29850989.000000 38291.000000 2493.000000
29896575.000000 39260.000000 1952.000000
29836506.000000 38573.000000 2217.000000
29764523.000000 38411.000000 2702.000000
37296511.000000 48347.000000 3047.000000
29858425.000000 39193.000000 1992.000000
29750713.000000 38253.000000 2422.000000
29796524.000000 39221.000000 2553.000000
29825901.000000 38367.000000 2032.000000
29803363.000000 38893.000000 2550.000000
29836454.000000 38682.000000 2532.000000
29788009.000000 38768.000000 2542.000000
29598636.000000 39026.000000 2397.000000
29803055.000000 38436.000000 2359.000000
29807712.000000 38782.000000 2847.000000
29159355.000000 37914.000000 2675.000000
29815568.000000 38720.000000 2393.000000
29802152.000000 38439.000000 2573.000000
29889185.000000 38567.000000 2028.000000
29821188.000000 38942.000000 2419.000000
29817437.000000 38498.000000 2775.000000
29851306.000000 38143.000000 2180.000000
29807707.000000 38566.000000 1851.000000
29850614.000000 38705.000000 2168.000000
29832473.000000 38261.000000 2573.000000
29804150.000000 38478.000000 2724.000000
29666828.000000 38903.000000 2208.000000
28796317.000000 37832.000000 2710.000000
29795515.000000 39056.000000 2517.000000
29913387.000000 39028.000000 2011.000000
29735567.000000 39070.000000 2830.000000
29696371.000000 38976.000000 2404.000000
29866653.000000 38512.000000 2092.000000
29640221.000000 38629.000000 2435.000000
29824391.000000 38279.000000 2570.000000
29837027.000000 39010.000000 2366.000000
28620479.000000 37435.000000 2253.000000
29837301.000000 38958.000000 2582.000000
37158716.000000 49395.000000 3048.000000
