34687015.000000 49463.000000 1107.000000
34712524.000000 47936.000000 996.000000
34748003.000000 47785.000000 1270.000000
34701626.000000 49460.000000 1166.000000
34767778.000000 48091.000000 1259.000000
52150342.000000 72067.000000 2079.000000
34659838.000000 49383.000000 1492.000000
34819119.000000 49044.000000 907.000000
34752977.000000 49219.000000 967.000000
34690075.000000 49120.000000 1122.000000
34768134.000000 49150.000000 1576.000000
34696581.000000 49334.000000 965.000000
34667153.000000 48353.000000 1469.000000
34716465.000000 49423.000000 1034.000000
34720237.000000 47647.000000 1245.000000
43331753.000000 61850.000000 2018.000000
34795545.000000 47955.000000 1228.000000
34461820.000000 47785.000000 1574.000000
34657608.000000 49413.000000 1318.000000
34508835.000000 49115.000000 1403.000000
34692411.000000 48560.000000 1570.000000
34652482.000000 49212.000000 1335.000000
34729966.000000 47600.000000 1333.000000
34801439.000000 48947.000000 722.000000
34622754.000000 48012.000000 1548.000000
34676226.000000 47795.000000 1653.000000
34759836.000000 47673.000000 1140.000000
34765922.000000 47733.000000 1516.000000
34767069.000000 49013.000000 756.000000
34717852.000000 49534.000000 1345.000000
34575405.000000 48732.000000 1606.000000
34713982.000000 49042.000000 835.000000
34721684.000000 49515.000000 897.000000
34640739.000000 47295.000000 1583.000000
34337094.000000 48499.000000 1372.000000
34725327.000000 47599.000000 1850.000000
34670624.000000 47916.000000 1587.000000
34663330.000000 49108.000000 1224.000000
34779857.000000 48293.000000 899.000000
34836128.000000 47473.000000 1030.000000
34796157.000000 48196.000000 1220.000000
34559158.000000 49481.000000 1399.000000
34874138.000000 47510.000000 815.000000
34749931.000000 47612.000000 1143.000000
34868636.000000 47748.000000 761.000000
34791177.000000 47907.000000 981.000000
34783263.000000 47739.000000 784.000000
34702149.000000 47879.000000 1502.000000
34651719.000000 49367.000000 1455.000000
34727901.000000 47732.000000 1126.000000
34638441.000000 49079.000000 1573.000000
34669989.000000 49371.000000 1376.000000
34821480.000000 47712.000000 844.000000
34725325.000000 48129.000000 1341.000000
34626889.000000 49215.000000 1686.000000
34787897.000000 47457.000000 1324.000000
34714839.000000 48690.000000 1507.000000
34651271.000000 49227.000000 1558.000000
34733757.000000 48873.000000 913.000000
34562799.000000 49227.000000 1240.000000
34339932.000000 47897.000000 865.000000
34821177.000000 49224.000000 879.000000
34777122.000000 49485.000000 1125.000000
34664982.000000 47647.000000 1630.000000
34729321.000000 49189.000000 1379.000000
34696719.000000 48912.000000 1134.000000
34629340.000000 48691.000000 1660.000000
34639593.000000 49290.000000 1426.000000
34667318.000000 48833.000000 1346.000000
34661727.000000 49503.000000 1172.000000
34736181.000000 47543.000000 849.000000
34708659.000000 48778.000000 1122.000000
34705839.000000 49562.000000 1320.000000
34776450.000000 47577.000000 962.000000
34733539.000000 47459.000000 1411.000000
34780877.000000 49467.000000 647.000000
34738082.000000 48368.000000 1075.000000
34631107.000000 49372.000000 1341.000000
34797075.000000 47679.000000 1083.000000
34813143.000000 48105.000000 1469.000000
34690309.000000 49691.000000 1416.000000
34751836.000000 47656.000000 1221.000000
34697366.000000 49151.000000 1277.000000
34686800.000000 49192.000000 1357.000000
34658906.000000 48921.000000 1497.000000
34587041.000000 47898.000000 725.000000
34788789.000000 48031.000000 988.000000
34582229.000000 48736.000000 1359.000000
34758291.000000 49517.000000 985.000000
34656549.000000 47613.000000 1157.000000
34575353.000000 47701.000000 1220.000000
34744747.000000 47928.000000 978.000000
34579064.000000 48657.000000 1264.000000
34641004.000000 49143.000000 1270.000000
34719714.000000 48889.000000 1540.000000
34709015.000000 49605.000000 1137.000000
34700939.000000 49176.000000 1241.000000
34723239.000000 47866.000000 1411.000000
34625331.000000 49490.000000 1374.000000
34825238.000000 47928.000000 983.000000
