30240866.000000 82215.000000 19240.000000
30332261.000000 81519.000000 19214.000000
30332162.000000 81720.000000 19331.000000
30352338.000000 82478.000000 19468.000000
30144752.000000 81369.000000 20383.000000
30327615.000000 82100.000000 19586.000000
30201735.000000 81181.000000 19314.000000
30064232.000000 82449.000000 19244.000000
30142802.000000 83269.000000 19094.000000
30235137.000000 82344.000000 19227.000000
30177203.000000 81236.000000 19083.000000
30159615.000000 81716.000000 19343.000000
30232654.000000 82153.000000 19341.000000
30204649.000000 81734.000000 19253.000000
30154150.000000 82530.000000 19251.000000
30273934.000000 81553.000000 19053.000000
29791044.000000 80701.000000 19095.000000
29540350.000000 80165.000000 18905.000000
30311397.000000 82202.000000 19363.000000
30180590.000000 83138.000000 19334.000000
30390570.000000 82045.000000 19100.000000
30285941.000000 82181.000000 19324.000000
30220771.000000 83292.000000 19341.000000
30370969.000000 82362.000000 18968.000000
30151272.000000 81716.000000 19369.000000
30323050.000000 81750.000000 19156.000000
30217206.000000 81604.000000 18750.000000
29654384.000000 81691.000000 18656.000000
30201905.000000 82589.000000 19243.000000
30316661.000000 81774.000000 19199.000000
30277913.000000 82988.000000 19320.000000
30266319.000000 81271.000000 19167.000000
30210841.000000 81404.000000 19266.000000
29567686.000000 81134.000000 18927.000000
30153716.000000 84087.000000 19398.000000
30375305.000000 81367.000000 19045.000000
30238234.000000 81722.000000 19158.000000
30020479.000000 83312.000000 19599.000000
30177567.000000 84044.000000 19763.000000
30287437.000000 81597.000000 19066.000000
29835252.000000 83178.000000 19502.000000
30316940.000000 81737.000000 19179.000000
30218505.000000 81652.000000 19208.000000
30324699.000000 81474.000000 19074.000000
30189389.000000 81722.000000 19373.000000
30024194.000000 83024.000000 20166.000000
30323863.000000 80923.000000 19295.000000
30225100.000000 83287.000000 18995.000000
30303282.000000 81772.000000 18870.000000
30377746.000000 81776.000000 19381.000000
30252528.000000 82389.000000 19349.000000
30252367.000000 81585.000000 19086.000000
30319619.000000 81746.000000 19244.000000
29993275.000000 84369.000000 19838.000000
30326043.000000 82251.000000 19113.000000
30387855.000000 81362.000000 19236.000000
30249837.000000 81603.000000 19088.000000
30293726.000000 81916.000000 19346.000000
30294266.000000 82939.000000 19446.000000
30167859.000000 83756.000000 19595.000000
30099833.000000 82126.000000 19381.000000
30421433.000000 81773.000000 19103.000000
30288950.000000 83053.000000 19231.000000
29856996.000000 81606.000000 19015.000000
29260844.000000 78845.000000 18116.000000
30223483.000000 81514.000000 19002.000000
30278200.000000 81368.000000 18956.000000
30359546.000000 81275.000000 19342.000000
30386341.000000 81961.000000 19052.000000
30331733.000000 81598.000000 19317.000000
30434790.000000 81793.000000 18960.000000
30339216.000000 82036.000000 19285.000000
30282376.000000 82171.000000 19136.000000
30334498.000000 81303.000000 19114.000000
30250710.000000 81944.000000 19367.000000
30368154.000000 81541.000000 19111.000000
30188983.000000 83031.000000 19403.000000
29841652.000000 81222.000000 19121.000000
30250990.000000 81809.000000 19311.000000
30221422.000000 83413.000000 19436.000000
30128429.000000 82443.000000 19171.000000
30196569.000000 84982.000000 19572.000000
30285182.000000 82151.000000 19156.000000
30402748.000000 81510.000000 19454.000000
30259769.000000 81081.000000 19361.000000
30124403.000000 82754.000000 19468.000000
30307014.000000 81826.000000 19036.000000
30341985.000000 81960.000000 19416.000000
30212140.000000 84228.000000 19707.000000
30250319.000000 81255.000000 19472.000000
30343412.000000 81586.000000 18819.000000
30329996.000000 82181.000000 19494.000000
30219357.000000 81522.000000 19333.000000
30371873.000000 82280.000000 19163.000000
30300219.000000 81387.000000 19421.000000
30288875.000000 82885.000000 19138.000000
30305152.000000 81880.000000 19051.000000
29166634.000000 78699.000000 18327.000000
30227172.000000 82199.000000 19555.000000
30172459.000000 82792.000000 19735.000000
