35237750.000000 102348.000000 12385.000000
35345199.000000 100135.000000 12181.000000
35214715.000000 98677.000000 12113.000000
35278891.000000 99917.000000 12194.000000
35198997.000000 100157.000000 12275.000000
35376314.000000 100226.000000 12071.000000
35220825.000000 103082.000000 12217.000000
35307118.000000 99241.000000 12290.000000
35357881.000000 100311.000000 12249.000000
35193458.000000 104213.000000 12302.000000
35278230.000000 101350.000000 12137.000000
35246340.000000 103225.000000 12371.000000
35286972.000000 99949.000000 12252.000000
35418533.000000 100094.000000 12223.000000
35350034.000000 99923.000000 12178.000000
35194466.000000 100165.000000 12416.000000
35263516.000000 102588.000000 12489.000000
35283868.000000 99719.000000 12159.000000
35168009.000000 103079.000000 12516.000000
35210362.000000 102612.000000 12420.000000
35163518.000000 102189.000000 12439.000000
35347560.000000 99853.000000 12130.000000
35299333.000000 100334.000000 12319.000000
35233728.000000 102190.000000 12247.000000
35341505.000000 101699.000000 12293.000000
35240407.000000 99609.000000 12486.000000
35318187.000000 99224.000000 12527.000000
35308415.000000 100715.000000 12198.000000
35358679.000000 99806.000000 12215.000000
35327977.000000 100352.000000 12267.000000
35278447.000000 103305.000000 12085.000000
35257085.000000 102277.000000 12492.000000
35271675.000000 100073.000000 12262.000000
35349272.000000 100688.000000 12161.000000
35316449.000000 102153.000000 12378.000000
35242253.000000 100376.000000 12146.000000
35331333.000000 100655.000000 12428.000000
35212832.000000 101544.000000 12500.000000
35301353.000000 99858.000000 12217.000000
35215573.000000 100050.000000 12267.000000
35360599.000000 99997.000000 12080.000000
35348111.000000 99958.000000 12047.000000
35254644.000000 99684.000000 12428.000000
35259974.000000 102000.000000 12582.000000
35276970.000000 100943.000000 12275.000000
35225937.000000 99629.000000 12667.000000
35175069.000000 103033.000000 12584.000000
35188375.000000 102699.000000 12462.000000
35347861.000000 99351.000000 12439.000000
35360715.000000 100574.000000 12380.000000
35188176.000000 100356.000000 12328.000000
34735977.000000 98358.000000 12090.000000
35365897.000000 99879.000000 12283.000000
35350188.000000 99815.000000 12272.000000
35287729.000000 100141.000000 12207.000000
35304711.000000 100010.000000 12381.000000
35213755.000000 100635.000000 12258.000000
35288876.000000 100663.000000 12016.000000
35308251.000000 102382.000000 12180.000000
33958494.000000 95544.000000 11229.000000
35337985.000000 100030.000000 12268.000000
35362497.000000 100981.000000 12160.000000
35115805.000000 100868.000000 12372.000000
35322422.000000 100109.000000 11974.000000
35363755.000000 102805.000000 12356.000000
34367437.000000 96042.000000 11579.000000
35332541.000000 99404.000000 12313.000000
35008463.000000 102652.000000 12407.000000
35316495.000000 100390.000000 11953.000000
35294981.000000 100261.000000 12241.000000
35155403.000000 102244.000000 12440.000000
35323111.000000 100626.000000 12245.000000
35205744.000000 101706.000000 12326.000000
35211819.000000 101405.000000 12742.000000
35183467.000000 102082.000000 12458.000000
35160409.000000 102270.000000 12653.000000
35326148.000000 99291.000000 12321.000000
34918714.000000 100968.000000 12331.000000
35229585.000000 99366.000000 12379.000000
35109908.000000 100151.000000 12217.000000
35209233.000000 102740.000000 12367.000000
35284595.000000 100695.000000 12209.000000
35333662.000000 98980.000000 12232.000000
35147041.000000 100788.000000 12374.000000
35331294.000000 99998.000000 12266.000000
35126083.000000 99918.000000 12119.000000
35215940.000000 102696.000000 12585.000000
35354115.000000 99705.000000 12246.000000
35333633.000000 100051.000000 12406.000000
35377021.000000 100012.000000 12223.000000
35227632.000000 102535.000000 12280.000000
35168395.000000 98545.000000 13416.000000
35265505.000000 98986.000000 12573.000000
35341250.000000 100873.000000 12147.000000
35276894.000000 104225.000000 12423.000000
35207163.000000 100943.000000 12180.000000
35312136.000000 100017.000000 12080.000000
35278394.000000 101170.000000 12150.000000
35174495.000000 103288.000000 12349.000000
35286574.000000 100098.000000 12177.000000
