35973072.000000 92088.000000 12460.000000
35968966.000000 91178.000000 12437.000000
35979641.000000 91497.000000 12220.000000
35993422.000000 90707.000000 11981.000000
35817825.000000 92298.000000 13197.000000
35936299.000000 92020.000000 12238.000000
35904538.000000 91181.000000 12279.000000
36058933.000000 90483.000000 12503.000000
35915622.000000 91134.000000 12471.000000
35971882.000000 92047.000000 12383.000000
35692149.000000 91373.000000 12248.000000
35876742.000000 90336.000000 12331.000000
35982279.000000 92011.000000 12314.000000
36031009.000000 91138.000000 12422.000000
35805476.000000 93396.000000 12620.000000
35872236.000000 91270.000000 11899.000000
35958237.000000 91325.000000 12484.000000
35986992.000000 92027.000000 12403.000000
35959423.000000 90569.000000 12301.000000
35958983.000000 91595.000000 12438.000000
36057303.000000 91418.000000 12342.000000
35958408.000000 91190.000000 12271.000000
35573689.000000 91272.000000 14643.000000
35867431.000000 90524.000000 12466.000000
35934707.000000 91537.000000 12278.000000
36012325.000000 90298.000000 12216.000000
35738645.000000 91937.000000 12013.000000
35996539.000000 90540.000000 12393.000000
35944434.000000 92702.000000 12537.000000
36019540.000000 91166.000000 12431.000000
35881760.000000 92904.000000 12449.000000
35955478.000000 90696.000000 12611.000000
35990177.000000 91843.000000 12464.000000
35934978.000000 91195.000000 12346.000000
35864425.000000 91200.000000 12579.000000
35936637.000000 92319.000000 12416.000000
36057461.000000 91302.000000 12230.000000
35936296.000000 90566.000000 12695.000000
35979986.000000 92367.000000 12205.000000
35984958.000000 90195.000000 12188.000000
35931541.000000 90675.000000 12437.000000
35825235.000000 92844.000000 12833.000000
35929344.000000 92464.000000 12446.000000
35813408.000000 91251.000000 12372.000000
35999588.000000 90856.000000 12360.000000
35876050.000000 92659.000000 12701.000000
35987813.000000 90769.000000 12618.000000
35924659.000000 90150.000000 12658.000000
35914778.000000 92824.000000 12366.000000
35863055.000000 92368.000000 12709.000000
35751221.000000 92475.000000 12593.000000
35943949.000000 91175.000000 12306.000000
35991270.000000 90597.000000 12492.000000
35876546.000000 92371.000000 12661.000000
36031896.000000 89943.000000 12501.000000
35870387.000000 91663.000000 12415.000000
36017096.000000 90568.000000 12614.000000
35747455.000000 90214.000000 12898.000000
35977331.000000 91434.000000 12463.000000
35771239.000000 92603.000000 12683.000000
35928233.000000 90994.000000 12458.000000
35527762.000000 91390.000000 14173.000000
35989335.000000 91755.000000 12389.000000
35903863.000000 91740.000000 12386.000000
35845540.000000 91888.000000 12497.000000
35910212.000000 92452.000000 12528.000000
36001278.000000 91499.000000 12336.000000
35974057.000000 91013.000000 12561.000000
35919914.000000 90639.000000 12443.000000
35988236.000000 90583.000000 12379.000000
35735542.000000 91503.000000 12483.000000
35839330.000000 92060.000000 12649.000000
26951721.000000 68449.000000 9402.000000
35928584.000000 92544.000000 12452.000000
35951088.000000 91983.000000 12576.000000
36003177.000000 91381.000000 12207.000000
35971739.000000 91267.000000 12597.000000
36016394.000000 90635.000000 12608.000000
35873189.000000 92209.000000 12559.000000
35935968.000000 91467.000000 12701.000000
35908162.000000 92583.000000 12609.000000
36023437.000000 90416.000000 12436.000000
36054178.000000 91387.000000 12351.000000
44701854.000000 113193.000000 15490.000000
35750758.000000 92401.000000 12256.000000
36041350.000000 90930.000000 12191.000000
36016034.000000 91130.000000 12324.000000
35894064.000000 92970.000000 12452.000000
35920097.000000 92614.000000 12292.000000
35916456.000000 91408.000000 12471.000000
35323504.000000 87409.000000 11310.000000
35816716.000000 90874.000000 12086.000000
36010427.000000 92126.000000 12402.000000
35798885.000000 91988.000000 12415.000000
35768900.000000 92276.000000 12808.000000
35775303.000000 92828.000000 12703.000000
35906768.000000 89957.000000 12518.000000
35959565.000000 91451.000000 12325.000000
36029281.000000 90901.000000 12463.000000
35889293.000000 90225.000000 12314.000000
