30559003.000000 72131.000000 3312.000000
30569315.000000 72048.000000 3527.000000
30728772.000000 70953.000000 3527.000000
30626394.000000 72657.000000 3401.000000
30666260.000000 72050.000000 3400.000000
30650355.000000 72475.000000 3124.000000
30770261.000000 70445.000000 3162.000000
30704962.000000 70732.000000 3266.000000
30769521.000000 70799.000000 3449.000000
30520853.000000 71723.000000 3594.000000
30597255.000000 71425.000000 3371.000000
30671852.000000 70758.000000 3458.000000
30740550.000000 70359.000000 3207.000000
30705827.000000 70771.000000 3250.000000
30545232.000000 71504.000000 3578.000000
30687041.000000 70872.000000 3395.000000
30616008.000000 71244.000000 3373.000000
30769603.000000 70580.000000 3393.000000
30626054.000000 70209.000000 3332.000000
30743806.000000 71011.000000 3585.000000
30623302.000000 72002.000000 3544.000000
30756292.000000 71491.000000 3540.000000
30765683.000000 70563.000000 3611.000000
30596338.000000 71461.000000 3517.000000
30570803.000000 71559.000000 3468.000000
30595370.000000 70010.000000 3616.000000
30599696.000000 70701.000000 3827.000000
30641564.000000 71885.000000 3392.000000
30732120.000000 70725.000000 3634.000000
30703219.000000 70590.000000 3872.000000
30551568.000000 72220.000000 3888.000000
30745370.000000 70716.000000 3574.000000
30671011.000000 70959.000000 3534.000000
30521273.000000 72373.000000 3838.000000
30529069.000000 70299.000000 3694.000000
30636310.000000 71843.000000 3804.000000
30494233.000000 70569.000000 3556.000000
30667299.000000 71780.000000 3415.000000
30584416.000000 71633.000000 3615.000000
30577613.000000 71885.000000 3728.000000
30565861.000000 71882.000000 3557.000000
30729486.000000 71125.000000 3456.000000
30750634.000000 70209.000000 3596.000000
30618757.000000 70496.000000 3805.000000
29365563.000000 67586.000000 3200.000000
30566439.000000 71875.000000 3423.000000
30596371.000000 70584.000000 3949.000000
30646467.000000 69882.000000 3410.000000
30628133.000000 71432.000000 3565.000000
30637751.000000 72027.000000 3570.000000
30557731.000000 71232.000000 3791.000000
30583773.000000 71823.000000 3738.000000
30097456.000000 69498.000000 3417.000000
30306855.000000 69798.000000 3590.000000
30695057.000000 70672.000000 3677.000000
30595683.000000 70714.000000 3616.000000
30723791.000000 71445.000000 3700.000000
30663050.000000 70296.000000 3607.000000
30703736.000000 70657.000000 3385.000000
30446748.000000 71456.000000 3365.000000
30623043.000000 72220.000000 3350.000000
30743237.000000 71353.000000 3232.000000
30714463.000000 70657.000000 3269.000000
30775455.000000 71573.000000 3159.000000
30655454.000000 72370.000000 3390.000000
30526829.000000 72406.000000 3257.000000
30716713.000000 71121.000000 3403.000000
30723494.000000 71612.000000 3337.000000
30585948.000000 71232.000000 3372.000000
30594574.000000 71998.000000 3558.000000
30665692.000000 71258.000000 3287.000000
30676894.000000 70686.000000 3303.000000
30686824.000000 71503.000000 3528.000000
30700105.000000 72127.000000 3305.000000
30776790.000000 70960.000000 3210.000000
30725966.000000 72331.000000 3104.000000
30530544.000000 71513.000000 3461.000000
30550984.000000 72862.000000 3564.000000
30589491.000000 71457.000000 3415.000000
30579277.000000 71747.000000 3427.000000
30699827.000000 70236.000000 3367.000000
30705120.000000 71060.000000 3255.000000
29411931.000000 67326.000000 3069.000000
30554133.000000 71860.000000 3645.000000
30773797.000000 70713.000000 3371.000000
30648455.000000 71853.000000 3509.000000
30745293.000000 70595.000000 3536.000000
30640212.000000 70262.000000 3654.000000
30643361.000000 71987.000000 3350.000000
30707221.000000 70294.000000 3218.000000
30746963.000000 71405.000000 3286.000000
30647864.000000 72240.000000 3549.000000
30676255.000000 71346.000000 3555.000000
30741823.000000 70685.000000 3509.000000
30601084.000000 72213.000000 3054.000000
30729163.000000 71234.000000 3410.000000
30712747.000000 71218.000000 3277.000000
30651921.000000 70752.000000 3257.000000
30737886.000000 71009.000000 3235.000000
30558998.000000 71375.000000 4387.000000
