46351389.000000 135456.000000 11481.000000
46505819.000000 135316.000000 11397.000000
46498848.000000 133295.000000 10998.000000
46460788.000000 136038.000000 11237.000000
46434753.000000 135156.000000 11475.000000
46543048.000000 134586.000000 11296.000000
46361875.000000 135505.000000 11218.000000
46445767.000000 135468.000000 11333.000000
46429537.000000 135950.000000 11353.000000
46468021.000000 134539.000000 11364.000000
46376455.000000 135302.000000 11590.000000
46246211.000000 136633.000000 11684.000000
46429556.000000 134419.000000 11155.000000
46399921.000000 135337.000000 11259.000000
46251299.000000 134698.000000 11015.000000
46510511.000000 136001.000000 11050.000000
46454392.000000 135247.000000 10952.000000
46314470.000000 135644.000000 11312.000000
46373795.000000 136402.000000 11133.000000
46384044.000000 133490.000000 11239.000000
46445952.000000 135578.000000 11436.000000
46323517.000000 136682.000000 11474.000000
46374788.000000 136180.000000 11334.000000
46451568.000000 134547.000000 11286.000000
46520076.000000 133314.000000 11164.000000
46428443.000000 135880.000000 11419.000000
46419075.000000 135587.000000 11612.000000
46036744.000000 135271.000000 11217.000000
46322068.000000 135201.000000 11641.000000
46424073.000000 135062.000000 11468.000000
46287056.000000 135317.000000 11408.000000
46420033.000000 133614.000000 11151.000000
46408400.000000 135065.000000 11579.000000
46447439.000000 135902.000000 11315.000000
46495440.000000 135483.000000 11279.000000
46472182.000000 134816.000000 11100.000000
46419742.000000 136725.000000 11260.000000
46440738.000000 136225.000000 11256.000000
46457714.000000 135644.000000 11231.000000
46511758.000000 135827.000000 11107.000000
46523163.000000 135024.000000 11156.000000
46422826.000000 136538.000000 10985.000000
46583684.000000 133481.000000 10929.000000
46416825.000000 133600.000000 10912.000000
45277231.000000 130996.000000 10780.000000
46410260.000000 134327.000000 11034.000000
46524732.000000 134158.000000 10941.000000
46503871.000000 134173.000000 11219.000000
46477303.000000 135252.000000 11191.000000
46306370.000000 135521.000000 11503.000000
46254303.000000 137118.000000 11359.000000
46454258.000000 133568.000000 11185.000000
46361132.000000 135582.000000 11188.000000
46415042.000000 135155.000000 11155.000000
46436504.000000 135653.000000 11310.000000
46485266.000000 132577.000000 11194.000000
46466743.000000 133218.000000 11354.000000
46460877.000000 133117.000000 11334.000000
46395885.000000 136267.000000 11374.000000
46483449.000000 132639.000000 11349.000000
46358290.000000 135759.000000 11277.000000
46346741.000000 135327.000000 11472.000000
45997085.000000 133560.000000 14075.000000
46319607.000000 136004.000000 11366.000000
46475516.000000 135146.000000 11056.000000
45320197.000000 129974.000000 10534.000000
46534109.000000 133749.000000 11070.000000
46432589.000000 134725.000000 11245.000000
46376463.000000 133226.000000 10967.000000
46288892.000000 135560.000000 11226.000000
46508070.000000 135473.000000 11038.000000
46296742.000000 136216.000000 11254.000000
46466028.000000 134676.000000 11638.000000
46507550.000000 135826.000000 11241.000000
46438655.000000 134582.000000 11186.000000
46517961.000000 135644.000000 11139.000000
46465230.000000 134875.000000 11267.000000
46299783.000000 134631.000000 11180.000000
46157373.000000 135540.000000 11359.000000
46493499.000000 135612.000000 11238.000000
46476998.000000 135962.000000 11139.000000
46374784.000000 136103.000000 11340.000000
46481836.000000 136104.000000 11231.000000
46081652.000000 135620.000000 11139.000000
46471478.000000 135739.000000 11025.000000
46425950.000000 135344.000000 11121.000000
46412424.000000 134907.000000 10940.000000
46469878.000000 132605.000000 11149.000000
46539727.000000 135769.000000 11071.000000
46554446.000000 132975.000000 11143.000000
46514172.000000 133470.000000 10959.000000
46333005.000000 135504.000000 10979.000000
46500986.000000 135389.000000 10906.000000
46300327.000000 132315.000000 11961.000000
46423724.000000 135765.000000 11356.000000
46151589.000000 132897.000000 10988.000000
46461893.000000 136167.000000 11162.000000
46391554.000000 136612.000000 11441.000000
46389788.000000 136741.000000 11063.000000
46521279.000000 135209.000000 11041.000000
