28930977.000000 74144.000000 12868.000000
28874336.000000 76249.000000 13285.000000
28853922.000000 74977.000000 13287.000000
28802934.000000 75821.000000 13260.000000
28977953.000000 73551.000000 13058.000000
28981573.000000 74625.000000 13212.000000
28914208.000000 74248.000000 13111.000000
28957998.000000 74043.000000 13267.000000
29050167.000000 74724.000000 13206.000000
28940865.000000 76122.000000 13386.000000
28952324.000000 75648.000000 13303.000000
28895161.000000 73697.000000 13158.000000
28840362.000000 75603.000000 13045.000000
29000792.000000 73906.000000 13523.000000
28883795.000000 74702.000000 13242.000000
28925637.000000 74494.000000 13439.000000
28994943.000000 73522.000000 13199.000000
28857071.000000 74750.000000 13360.000000
29052223.000000 73717.000000 13237.000000
28844260.000000 74915.000000 13643.000000
28934018.000000 74537.000000 13072.000000
28907959.000000 74616.000000 13470.000000
28961539.000000 73820.000000 13387.000000
29051808.000000 73849.000000 13260.000000
28746570.000000 75707.000000 13457.000000
28381859.000000 72558.000000 12911.000000
28575486.000000 74036.000000 12875.000000
28244565.000000 72302.000000 12505.000000
29007738.000000 74316.000000 13364.000000
28936479.000000 75916.000000 13629.000000
28984506.000000 75475.000000 13437.000000
28713854.000000 75429.000000 13003.000000
29029985.000000 73532.000000 12956.000000
28923653.000000 74623.000000 13110.000000
28906177.000000 74307.000000 13037.000000
29000610.000000 74377.000000 13056.000000
28939081.000000 74235.000000 13061.000000
28885292.000000 75136.000000 13349.000000
29042587.000000 73612.000000 13407.000000
29026337.000000 74359.000000 13092.000000
28969498.000000 73821.000000 12784.000000
28905569.000000 75535.000000 13156.000000
29010176.000000 74185.000000 13067.000000
29013176.000000 74957.000000 13454.000000
28941718.000000 75349.000000 13721.000000
28940864.000000 74690.000000 13460.000000
28956523.000000 75011.000000 13373.000000
29004136.000000 73756.000000 13399.000000
28930574.000000 75023.000000 13177.000000
29032173.000000 74520.000000 13062.000000
28896114.000000 74828.000000 13604.000000
28877946.000000 74884.000000 13656.000000
28973574.000000 74170.000000 13326.000000
28958837.000000 74123.000000 13357.000000
28981271.000000 73891.000000 13549.000000
28944442.000000 75885.000000 13314.000000
29046146.000000 74834.000000 13088.000000
28844829.000000 75086.000000 12793.000000
28946647.000000 74199.000000 13102.000000
28914332.000000 75615.000000 13573.000000
28937429.000000 73797.000000 13422.000000
29028069.000000 73808.000000 13216.000000
28954674.000000 75290.000000 13381.000000
28951235.000000 74825.000000 13630.000000
28995469.000000 74048.000000 13168.000000
28926826.000000 75646.000000 13381.000000
28922297.000000 74685.000000 13074.000000
28907273.000000 75164.000000 13066.000000
28962433.000000 75473.000000 13485.000000
29091863.000000 74243.000000 13111.000000
28951786.000000 75464.000000 13137.000000
28816610.000000 75208.000000 13252.000000
28846728.000000 74362.000000 13186.000000
28970915.000000 74433.000000 13105.000000
28968056.000000 74192.000000 12961.000000
28915809.000000 74504.000000 12991.000000
28850286.000000 72683.000000 12567.000000
28991982.000000 74990.000000 13317.000000
28926914.000000 74688.000000 13334.000000
28923493.000000 75561.000000 13468.000000
28869787.000000 75439.000000 13223.000000
28630096.000000 73568.000000 13037.000000
28960475.000000 74797.000000 13241.000000
28945689.000000 75099.000000 13260.000000
28116248.000000 71670.000000 12966.000000
28949715.000000 74074.000000 13247.000000
27913746.000000 70848.000000 12313.000000
28961029.000000 74286.000000 13339.000000
28459110.000000 73607.000000 12939.000000
28880268.000000 75283.000000 13386.000000
28943037.000000 74552.000000 13155.000000
28975493.000000 74553.000000 13138.000000
28811332.000000 74484.000000 13359.000000
28935236.000000 73663.000000 13205.000000
28932705.000000 75077.000000 13179.000000
28825358.000000 75908.000000 13208.000000
29023006.000000 74151.000000 13155.000000
28875211.000000 75300.000000 13359.000000
29495478.000000 75769.000000 15431.000000
28923230.000000 76290.000000 13606.000000
