35980949.000000 101747.000000 9029.000000
36036256.000000 100026.000000 8846.000000
36156027.000000 98372.000000 8867.000000
35911886.000000 98505.000000 8832.000000
35000842.000000 95610.000000 8713.000000
36010333.000000 99577.000000 8840.000000
36053197.000000 98853.000000 9175.000000
36142200.000000 98783.000000 8915.000000
35620327.000000 98075.000000 8689.000000
36132454.000000 99054.000000 9082.000000
36098062.000000 98808.000000 8947.000000
35404282.000000 97532.000000 8728.000000
35965307.000000 100659.000000 9115.000000
36106091.000000 100080.000000 9016.000000
36052060.000000 99608.000000 8838.000000
35976946.000000 98788.000000 8936.000000
36003399.000000 98516.000000 8969.000000
36073139.000000 98660.000000 9276.000000
35940524.000000 98803.000000 9165.000000
36009292.000000 98530.000000 8933.000000
35991221.000000 102266.000000 9107.000000
35952817.000000 100454.000000 8947.000000
35908723.000000 101037.000000 8717.000000
36078276.000000 99620.000000 8694.000000
36068653.000000 100227.000000 8873.000000
36039878.000000 101160.000000 8880.000000
36095592.000000 99510.000000 8829.000000
36081931.000000 98785.000000 8731.000000
35932774.000000 100768.000000 9132.000000
35912984.000000 100611.000000 9178.000000
36004151.000000 99526.000000 9079.000000
36126132.000000 98630.000000 9303.000000
36044358.000000 101070.000000 9064.000000
36066484.000000 99564.000000 8905.000000
35900933.000000 100897.000000 9187.000000
35879849.000000 101098.000000 9431.000000
36177016.000000 98170.000000 8944.000000
36121484.000000 98043.000000 9128.000000
36161046.000000 98647.000000 9267.000000
36069206.000000 99166.000000 8813.000000
36059421.000000 99557.000000 8954.000000
35972158.000000 100195.000000 9506.000000
36000204.000000 100820.000000 9056.000000
35936513.000000 100902.000000 9150.000000
36020777.000000 97661.000000 8934.000000
35697359.000000 100544.000000 9417.000000
35961837.000000 102248.000000 9455.000000
36093469.000000 98643.000000 8861.000000
36045203.000000 99480.000000 8889.000000
36082117.000000 98498.000000 8682.000000
36058961.000000 99176.000000 8981.000000
36092818.000000 99020.000000 8851.000000
35954389.000000 101384.000000 8993.000000
36469189.000000 102996.000000 10172.000000
36016615.000000 99388.000000 8948.000000
36040674.000000 101280.000000 9064.000000
35920784.000000 100791.000000 8935.000000
36119425.000000 99284.000000 8793.000000
36138056.000000 98147.000000 9008.000000
35788883.000000 100280.000000 8899.000000
35815933.000000 98202.000000 8864.000000
35995671.000000 100062.000000 9012.000000
36061419.000000 100610.000000 9019.000000
36018207.000000 101132.000000 8920.000000
36114094.000000 99106.000000 8727.000000
36062802.000000 98861.000000 8852.000000
36040819.000000 98677.000000 8645.000000
36177574.000000 98827.000000 8755.000000
35307825.000000 97223.000000 8507.000000
36038706.000000 100372.000000 8986.000000
36065092.000000 98172.000000 8965.000000
35661015.000000 99555.000000 8691.000000
35294861.000000 98297.000000 8603.000000
35892073.000000 100517.000000 9229.000000
35983633.000000 102253.000000 8852.000000
36045560.000000 98517.000000 9155.000000
36121612.000000 98776.000000 8813.000000
35974567.000000 98384.000000 8727.000000
36053552.000000 100046.000000 8728.000000
36105137.000000 99360.000000 8962.000000
36148603.000000 99003.000000 8829.000000
35925256.000000 101728.000000 8874.000000
35992819.000000 98262.000000 8795.000000
36111657.000000 98167.000000 8872.000000
36000280.000000 98695.000000 8927.000000
36132231.000000 98971.000000 8970.000000
35943393.000000 100479.000000 9067.000000
36003366.000000 101333.000000 9037.000000
35991888.000000 99402.000000 9166.000000
35717071.000000 99009.000000 8798.000000
36100883.000000 98604.000000 9111.000000
36082396.000000 100499.000000 9143.000000
36079396.000000 99830.000000 8792.000000
35988382.000000 100095.000000 9403.000000
36142401.000000 97915.000000 8904.000000
35941670.000000 98149.000000 8586.000000
35907224.000000 101944.000000 8885.000000
36076694.000000 98406.000000 8639.000000
36020231.000000 101054.000000 8887.000000
36101744.000000 98766.000000 9098.000000
