8250955.000000 25983.000000 12235.000000
8956551.000000 25985.000000 12350.000000
8907751.000000 25986.000000 12602.000000
8934363.000000 25975.000000 12894.000000
8454412.000000 25979.000000 12335.000000
8322582.000000 25984.000000 12098.000000
9019212.000000 25981.000000 12401.000000
9016358.000000 25979.000000 12833.000000
8860399.000000 25973.000000 12408.000000
8862280.000000 25983.000000 11996.000000
8229788.000000 25987.000000 12438.000000
8932646.000000 25981.000000 12717.000000
8912708.000000 25978.000000 12477.000000
8973182.000000 25982.000000 12680.000000
8216441.000000 25977.000000 12229.000000
8902666.000000 25982.000000 12564.000000
8944008.000000 25988.000000 12468.000000
8461101.000000 25988.000000 12584.000000
8223822.000000 25977.000000 12176.000000
8938461.000000 25983.000000 12167.000000
9003914.000000 25982.000000 12222.000000
8894720.000000 25979.000000 12478.000000
9082651.000000 25977.000000 12481.000000
8782557.000000 25984.000000 12347.000000
8903837.000000 25983.000000 12415.000000
8951702.000000 25983.000000 13083.000000
8953164.000000 25989.000000 12772.000000
8995435.000000 25976.000000 12362.000000
8972358.000000 25999.000000 14235.000000
8221986.000000 25984.000000 12161.000000
8855510.000000 25981.000000 14269.000000
9014850.000000 25983.000000 12190.000000
8923506.000000 25983.000000 12636.000000
8873972.000000 25980.000000 12121.000000
8918582.000000 25980.000000 12386.000000
8958028.000000 25976.000000 12153.000000
8941315.000000 25970.000000 12417.000000
8858696.000000 25982.000000 12469.000000
8347512.000000 25976.000000 12533.000000
8858390.000000 25979.000000 12652.000000
8848996.000000 25978.000000 12353.000000
9026444.000000 25982.000000 12195.000000
8280420.000000 25990.000000 12108.000000
8992264.000000 25985.000000 12344.000000
8221857.000000 25981.000000 12028.000000
8939163.000000 25981.000000 12279.000000
8894536.000000 25976.000000 12142.000000
8933205.000000 25975.000000 12238.000000
8263716.000000 25976.000000 12137.000000
9038978.000000 25981.000000 12354.000000
8276922.000000 25977.000000 12256.000000
9010855.000000 25970.000000 12477.000000
9032476.000000 25980.000000 12504.000000
8221826.000000 25990.000000 13154.000000
8880502.000000 25986.000000 12371.000000
8998533.000000 25975.000000 12622.000000
8895334.000000 25975.000000 12328.000000
8895456.000000 25983.000000 12932.000000
8844120.000000 25993.000000 12330.000000
8249098.000000 25992.000000 12273.000000
8972836.000000 25977.000000 12849.000000
8973339.000000 25989.000000 12220.000000
8909752.000000 25978.000000 12798.000000
8341022.000000 25980.000000 12017.000000
8390861.000000 25978.000000 12199.000000
8248205.000000 25987.000000 12676.000000
8392409.000000 25987.000000 12260.000000
9020614.000000 25978.000000 12609.000000
9046114.000000 25975.000000 12544.000000
8209880.000000 25989.000000 11998.000000
8891424.000000 25974.000000 13068.000000
8980544.000000 25981.000000 12563.000000
8898081.000000 25979.000000 12266.000000
8987980.000000 25974.000000 12479.000000
8227954.000000 25985.000000 12074.000000
8946735.000000 25971.000000 12608.000000
9046974.000000 25980.000000 12602.000000
8898858.000000 25984.000000 13608.000000
8961388.000000 25980.000000 12354.000000
8909874.000000 25979.000000 12550.000000
8238491.000000 25982.000000 12093.000000
9026061.000000 25978.000000 12438.000000
8341070.000000 25982.000000 12960.000000
8322092.000000 25979.000000 12502.000000
8948085.000000 25990.000000 12516.000000
9044751.000000 25977.000000 12591.000000
8277267.000000 26000.000000 12442.000000
8917421.000000 25992.000000 12378.000000
8858437.000000 25976.000000 12696.000000
8228453.000000 25989.000000 12147.000000
8223703.000000 25997.000000 12300.000000
8916587.000000 25978.000000 12614.000000
8975685.000000 25979.000000 12329.000000
8722659.000000 25986.000000 12172.000000
8875240.000000 25986.000000 12496.000000
8312057.000000 25991.000000 12080.000000
8877494.000000 25980.000000 12244.000000
8856936.000000 25977.000000 12309.000000
8928820.000000 25978.000000 12349.000000
8233347.000000 25987.000000 12243.000000
