27261388.000000 52173.000000 17663.000000
26640182.000000 52159.000000 16793.000000
27279941.000000 51632.000000 17301.000000
27252179.000000 51411.000000 18140.000000
27351394.000000 51742.000000 17436.000000
27315577.000000 51552.000000 17527.000000
27340781.000000 51677.000000 17444.000000
27314494.000000 52023.000000 17349.000000
27141972.000000 51556.000000 17466.000000
27202217.000000 52123.000000 17573.000000
27259014.000000 51404.000000 17481.000000
27233071.000000 51691.000000 16958.000000
27259591.000000 51919.000000 17432.000000
27260750.000000 51545.000000 18188.000000
27337876.000000 51503.000000 17376.000000
27251328.000000 52031.000000 17097.000000
27265093.000000 51533.000000 17739.000000
27190553.000000 51182.000000 17324.000000
27089379.000000 51346.000000 17571.000000
27048793.000000 51708.000000 17499.000000
27294836.000000 51554.000000 17394.000000
27278323.000000 52154.000000 17771.000000
27221054.000000 51791.000000 17914.000000
27308417.000000 51450.000000 17635.000000
27269653.000000 51681.000000 17785.000000
27264658.000000 52104.000000 17619.000000
27250500.000000 51646.000000 17796.000000
27293824.000000 51495.000000 17530.000000
27315620.000000 52111.000000 17333.000000
27295051.000000 51723.000000 17131.000000
27124821.000000 51541.000000 17137.000000
27354204.000000 51686.000000 17062.000000
27248575.000000 52433.000000 17455.000000
27164067.000000 51156.000000 17391.000000
27270527.000000 51386.000000 17736.000000
27226475.000000 52350.000000 18098.000000
27271329.000000 52312.000000 18050.000000
27233460.000000 51957.000000 17837.000000
27242791.000000 51817.000000 17915.000000
27319900.000000 51573.000000 17557.000000
27294478.000000 51444.000000 17954.000000
27275866.000000 51935.000000 17652.000000
27283001.000000 51343.000000 17625.000000
27329726.000000 51718.000000 17459.000000
27317766.000000 51884.000000 17682.000000
27339078.000000 51328.000000 17553.000000
27314715.000000 51969.000000 17468.000000
27340770.000000 51715.000000 17605.000000
27338404.000000 51608.000000 17418.000000
27205987.000000 52094.000000 17207.000000
27326536.000000 51589.000000 17348.000000
27309263.000000 51616.000000 17737.000000
27292302.000000 51718.000000 17556.000000
27182203.000000 51570.000000 17398.000000
27279577.000000 51703.000000 17467.000000
27397948.000000 51628.000000 17241.000000
27280937.000000 51721.000000 16966.000000
27301397.000000 51730.000000 17741.000000
27256409.000000 51753.000000 17812.000000
27320586.000000 51867.000000 17339.000000
27182690.000000 51868.000000 17617.000000
27231498.000000 51922.000000 17425.000000
27252013.000000 52089.000000 17416.000000
27255356.000000 51585.000000 17824.000000
27321221.000000 51594.000000 17120.000000
27185585.000000 51714.000000 17770.000000
27221473.000000 51874.000000 17703.000000
27294855.000000 51607.000000 17827.000000
27232356.000000 52121.000000 17414.000000
27265433.000000 51530.000000 18156.000000
27323138.000000 51670.000000 17376.000000
27324474.000000 51767.000000 17687.000000
27269749.000000 51972.000000 17705.000000
26668878.000000 51230.000000 17181.000000
27200776.000000 52089.000000 17783.000000
27285505.000000 51992.000000 17714.000000
27331602.000000 51713.000000 17158.000000
27302396.000000 51387.000000 17672.000000
26880315.000000 51791.000000 17398.000000
27235541.000000 51694.000000 17823.000000
27348645.000000 51563.000000 17403.000000
27357924.000000 51807.000000 17295.000000
27247358.000000 52509.000000 17363.000000
26960928.000000 51362.000000 16956.000000
27326062.000000 51719.000000 17273.000000
27310883.000000 51342.000000 17640.000000
27228816.000000 51972.000000 17923.000000
27275388.000000 51627.000000 17670.000000
27286643.000000 51395.000000 17657.000000
27216942.000000 51928.000000 17916.000000
27367632.000000 51888.000000 17398.000000
27333509.000000 52076.000000 17289.000000
27328315.000000 51821.000000 17434.000000
27156000.000000 51914.000000 18284.000000
27318111.000000 51645.000000 17694.000000
27177424.000000 51898.000000 17897.000000
26742820.000000 50224.000000 16965.000000
27262684.000000 51617.000000 17662.000000
27213619.000000 51857.000000 17974.000000
27270442.000000 51936.000000 17786.000000
