15391384.000000 25977.000000 11531.000000
15681474.000000 25975.000000 11566.000000
15413884.000000 25972.000000 11230.000000
15680721.000000 25971.000000 11485.000000
15621033.000000 25975.000000 11131.000000
15675324.000000 25974.000000 11425.000000
15526760.000000 25974.000000 11192.000000
15494109.000000 25977.000000 11157.000000
15449967.000000 25971.000000 12171.000000
15573305.000000 25974.000000 11820.000000
15566077.000000 25977.000000 12144.000000
15743264.000000 25972.000000 10977.000000
15676836.000000 25972.000000 11322.000000
15505009.000000 25970.000000 11790.000000
15658991.000000 25974.000000 11824.000000
15625923.000000 25976.000000 11879.000000
15863818.000000 25973.000000 11948.000000
15610443.000000 25971.000000 11309.000000
15466850.000000 25976.000000 12234.000000
15656376.000000 25974.000000 11087.000000
15569400.000000 25969.000000 11146.000000
15497985.000000 25973.000000 11424.000000
15645329.000000 25977.000000 11354.000000
15655883.000000 25974.000000 11247.000000
15742462.000000 25973.000000 11138.000000
15369973.000000 25979.000000 11799.000000
15366552.000000 25973.000000 11248.000000
15528649.000000 25973.000000 10940.000000
15580089.000000 25972.000000 11470.000000
15627728.000000 25973.000000 11994.000000
15628212.000000 25973.000000 11151.000000
15692487.000000 25970.000000 11385.000000
15418088.000000 25977.000000 11411.000000
15655430.000000 25976.000000 11217.000000
15804049.000000 25971.000000 11445.000000
15442723.000000 25977.000000 11054.000000
15559084.000000 25978.000000 11489.000000
15314353.000000 25975.000000 11130.000000
15541818.000000 25969.000000 11171.000000
15677241.000000 25978.000000 11426.000000
15215722.000000 25971.000000 10916.000000
15418481.000000 25977.000000 11043.000000
15457603.000000 25972.000000 11495.000000
15505870.000000 25972.000000 11149.000000
15637597.000000 25976.000000 11296.000000
15457797.000000 25970.000000 16450.000000
15622788.000000 25975.000000 12459.000000
15633697.000000 25970.000000 12890.000000
15651868.000000 25965.000000 12871.000000
15565478.000000 25972.000000 12226.000000
15433375.000000 25976.000000 11947.000000
15554894.000000 25972.000000 14322.000000
15414263.000000 25975.000000 14079.000000
15556431.000000 25975.000000 13896.000000
15715449.000000 25971.000000 14136.000000
15700288.000000 25976.000000 10899.000000
15579224.000000 25974.000000 15007.000000
15522163.000000 25974.000000 13915.000000
15639858.000000 25974.000000 13355.000000
15582015.000000 25977.000000 13630.000000
15855960.000000 25975.000000 12046.000000
15666669.000000 25971.000000 11924.000000
15364133.000000 25970.000000 13569.000000
15729044.000000 25974.000000 14524.000000
15607740.000000 25974.000000 11711.000000
15622227.000000 25972.000000 11887.000000
15433361.000000 25974.000000 15009.000000
15188493.000000 25970.000000 17663.000000
15579137.000000 25973.000000 11671.000000
15423214.000000 25974.000000 17429.000000
15480358.000000 25969.000000 12145.000000
15567487.000000 25972.000000 15243.000000
15620012.000000 25970.000000 12079.000000
15490964.000000 25974.000000 11767.000000
15577233.000000 25978.000000 13666.000000
15587743.000000 25976.000000 13702.000000
15532914.000000 25973.000000 11128.000000
15420279.000000 25969.000000 14018.000000
15499870.000000 25968.000000 15803.000000
15425128.000000 25976.000000 13817.000000
15687433.000000 25975.000000 13470.000000
15400661.000000 25976.000000 14006.000000
15274460.000000 25973.000000 17421.000000
15427861.000000 25968.000000 11930.000000
15670861.000000 25966.000000 13612.000000
15422288.000000 25970.000000 16480.000000
15793812.000000 25970.000000 12988.000000
15333726.000000 25974.000000 13399.000000
15658751.000000 25975.000000 13328.000000
15704585.000000 25975.000000 11653.000000
15524619.000000 25981.000000 11153.000000
15439042.000000 25969.000000 16775.000000
15689178.000000 25972.000000 12362.000000
15457603.000000 25972.000000 14962.000000
15724289.000000 25972.000000 15099.000000
15573144.000000 25970.000000 13597.000000
15409803.000000 25972.000000 14767.000000
15325096.000000 25975.000000 17441.000000
15648680.000000 25972.000000 13340.000000
15666770.000000 25976.000000 11548.000000
