36441280.000000 57318.000000 1087.000000
36906422.000000 58540.000000 1039.000000
36827302.000000 58685.000000 1033.000000
36939335.000000 58808.000000 1146.000000
36855417.000000 57861.000000 1532.000000
36705221.000000 58540.000000 1384.000000
36908310.000000 57328.000000 1124.000000
27643527.000000 43745.000000 876.000000
36919756.000000 57835.000000 1130.000000
36658675.000000 58349.000000 1074.000000
36915359.000000 57129.000000 1504.000000
37074804.000000 58841.000000 696.000000
37001087.000000 57229.000000 836.000000
36904129.000000 58245.000000 749.000000
36962328.000000 58648.000000 824.000000
36973222.000000 58884.000000 1046.000000
36810553.000000 58002.000000 1639.000000
36836617.000000 58292.000000 1587.000000
36856907.000000 58306.000000 1310.000000
27582099.000000 43766.000000 859.000000
36726178.000000 58411.000000 1437.000000
36911330.000000 58297.000000 1265.000000
36933090.000000 57034.000000 1448.000000
36635488.000000 58285.000000 1437.000000
36839189.000000 57948.000000 1388.000000
36868419.000000 58213.000000 1138.000000
36932304.000000 57453.000000 1438.000000
36880564.000000 58152.000000 1219.000000
36405622.000000 56841.000000 1054.000000
36924046.000000 57796.000000 1347.000000
36818113.000000 58628.000000 1451.000000
36929301.000000 58353.000000 1354.000000
36871499.000000 58233.000000 1507.000000
36851806.000000 57651.000000 1295.000000
46083711.000000 72022.000000 1685.000000
36903180.000000 58441.000000 1383.000000
36889207.000000 58647.000000 1033.000000
36764567.000000 58762.000000 1450.000000
36521171.000000 57329.000000 804.000000
36810426.000000 58536.000000 929.000000
36851187.000000 58708.000000 1255.000000
36933496.000000 58377.000000 994.000000
36958144.000000 58621.000000 1083.000000
36822343.000000 58425.000000 1186.000000
36885584.000000 58778.000000 1366.000000
36923520.000000 58488.000000 1050.000000
36934317.000000 58331.000000 1004.000000
36846590.000000 58531.000000 993.000000
36975490.000000 58586.000000 843.000000
36991539.000000 57281.000000 970.000000
36645226.000000 58438.000000 993.000000
36924263.000000 58729.000000 995.000000
36823063.000000 58600.000000 1374.000000
36807333.000000 58631.000000 1417.000000
36928550.000000 57157.000000 1150.000000
36847606.000000 58713.000000 962.000000
55503847.000000 86442.000000 1769.000000
36855162.000000 58126.000000 1673.000000
36758412.000000 57544.000000 1293.000000
36878169.000000 58275.000000 1494.000000
36927063.000000 58776.000000 1078.000000
36864160.000000 57233.000000 1401.000000
36643377.000000 57940.000000 1278.000000
36970123.000000 58315.000000 1161.000000
36888250.000000 57365.000000 1304.000000
36994938.000000 58684.000000 731.000000
36978013.000000 57496.000000 1022.000000
36948241.000000 58962.000000 839.000000
36993652.000000 57877.000000 858.000000
36859619.000000 58651.000000 1571.000000
36843551.000000 58480.000000 1739.000000
35826170.000000 56690.000000 1006.000000
36939237.000000 58748.000000 1222.000000
37037111.000000 57306.000000 1102.000000
36957792.000000 58442.000000 928.000000
36909310.000000 58091.000000 1060.000000
36865696.000000 58413.000000 1233.000000
36881511.000000 57586.000000 1328.000000
35264586.000000 55484.000000 1445.000000
34974470.000000 54268.000000 638.000000
36936162.000000 58311.000000 1076.000000
36885239.000000 58210.000000 1066.000000
36959107.000000 58212.000000 1236.000000
36953844.000000 58668.000000 1068.000000
36792561.000000 58121.000000 1482.000000
36890280.000000 58097.000000 1088.000000
36475146.000000 57427.000000 1123.000000
36889092.000000 58162.000000 1318.000000
36569459.000000 57307.000000 1576.000000
36811193.000000 57544.000000 741.000000
36448646.000000 57793.000000 1260.000000
36790056.000000 58027.000000 1490.000000
36992484.000000 59433.000000 1030.000000
36838493.000000 58117.000000 1236.000000
36884363.000000 58425.000000 1464.000000
36973953.000000 59067.000000 685.000000
36904917.000000 58300.000000 1497.000000
36859706.000000 58677.000000 1496.000000
36978600.000000 58509.000000 672.000000
36883738.000000 57574.000000 1171.000000
