0.000000 881706.850000 5186.580000 0.320000
0.010000 0.000000 0.000000 0.000000
0.020000 0.000000 0.000000 0.000000
0.030000 881706.850000 5186.580000 0.320000
0.040000 11583681.510000 27593.800000 52.810000
0.050000 2850663.340000 38945.110000 62.100000
0.060000 12896596.920000 379897.160000 189.370000
0.070000 15044041.260000 183784.970000 131.990000
0.080000 37580207.260000 3875.520000 322.900000
0.090000 39169624.360000 2617.510000 189.750000
0.100000 39109071.570000 2759.430000 175.840000
0.110000 39218601.240000 2694.990000 150.560000
0.120000 39197223.320000 2964.010000 195.470000
0.130000 39201100.590000 2871.260000 148.750000
0.140000 39103248.580000 3047.780000 141.460000
0.150000 39132853.210000 3535.370000 142.730000
0.160000 39770492.880000 3729.960000 226.380000
0.170000 40342967.310000 2265.600000 0.000000
0.180000 40239346.740000 2173.580000 0.000000
0.190000 46579765.130000 1377.610000 70.890000
0.200000 46759504.300000 704.150000 53.220000
0.210000 44656855.100000 1929.450000 40.650000
0.220000 42261500.640000 2170.070000 40.420000
0.230000 40263775.960000 2902.630000 0.050000
0.240000 40374093.240000 2764.360000 45.090000
0.250000 45027683.810000 814.630000 69.810000
0.260000 43865903.580000 1021.470000 49.770000
0.270000 45490827.040000 1550.540000 70.770000
0.280000 43443108.560000 2334.180000 0.080000
0.290000 46751924.980000 939.760000 35.260000
0.300000 48710370.530000 430.510000 20.780000
0.310000 48388162.270000 292.890000 27.900000
0.320000 48050471.760000 1402.070000 54.010000
0.330000 43964266.840000 2128.260000 0.050000
0.340000 44722093.630000 980.110000 0.000000
0.350000 45364213.790000 1224.420000 9.350000
0.360000 45487715.850000 1675.290000 5.770000
0.370000 45428004.500000 1410.390000 3.970000
0.380000 45715598.100000 1154.880000 4.780000
0.390000 44393813.180000 1404.430000 0.050000
0.400000 44350209.500000 1612.560000 0.130000
0.410000 45760532.920000 1438.900000 0.320000
0.420000 46520240.710000 2434.270000 1.250000
0.430000 43070869.980000 2262.270000 1.460000
0.440000 42866530.290000 2127.660000 0.080000
0.450000 43604020.790000 2855.040000 0.070000
0.460000 43560313.520000 2145.480000 0.020000
0.470000 43339883.000000 2143.610000 3.330000
0.480000 43717333.500000 1341.360000 0.010000
0.490000 41815232.500000 2093.060000 0.030000
0.500000 43307379.100000 1480.480000 0.000000
0.510000 43835795.970000 1523.840000 7.900000
0.520000 43905099.480000 1670.540000 7.430000
0.530000 42400452.770000 2123.990000 0.590000
0.540000 43221492.410000 1867.650000 0.050000
0.550000 45248749.990000 1262.840000 6.360000
0.560000 44785071.650000 1762.420000 2.700000
0.570000 44558832.530000 1461.450000 0.090000
0.580000 45241738.070000 1542.340000 73.890000
0.590000 45276135.740000 2910.830000 2.930000
0.600000 46156540.280000 1241.430000 70.280000
0.610000 44721816.920000 2022.540000 14.070000
0.620000 46089625.960000 1996.880000 61.150000
0.630000 45727207.160000 1856.140000 50.420000
0.640000 43766334.360000 2223.080000 21.760000
0.650000 44221997.360000 2296.280000 0.020000
0.660000 43774383.310000 1630.920000 0.740000
0.670000 44126730.660000 2774.470000 4.590000
0.680000 32929771.070000 94504.710000 21.730000
0.690000 24744413.500000 200789.310000 7.800000
0.700000 257131.610000 1882.580000 0.060000
0.710000 0.000000 0.000000 0.000000
0.720000 0.000000 0.000000 0.000000
0.730000 0.000000 0.000000 0.000000
0.740000 0.000000 0.000000 0.000000
0.750000 0.000000 0.000000 0.000000
0.760000 0.000000 0.000000 0.000000
0.770000 0.000000 0.000000 0.000000
0.780000 0.000000 0.000000 0.000000
0.790000 0.000000 0.000000 0.000000
0.800000 0.000000 0.000000 0.000000
0.810000 0.000000 0.000000 0.000000
0.820000 0.000000 0.000000 0.000000
0.830000 0.000000 0.000000 0.000000
0.840000 0.000000 0.000000 0.000000
0.850000 0.000000 0.000000 0.000000
0.860000 0.000000 0.000000 0.000000
0.870000 0.000000 0.000000 0.000000
0.880000 0.000000 0.000000 0.000000
0.890000 0.000000 0.000000 0.000000
0.900000 0.000000 0.000000 0.000000
0.910000 0.000000 0.000000 0.000000
0.920000 0.000000 0.000000 0.000000
0.930000 0.000000 0.000000 0.000000
0.940000 0.000000 0.000000 0.000000
0.950000 0.000000 0.000000 0.000000
0.960000 0.000000 0.000000 0.000000
0.970000 0.000000 0.000000 0.000000
0.980000 0.000000 0.000000 0.000000
0.990000 0.000000 0.000000 0.000000
1.000000 0.000000 0.000000 0.000000
1.010000 0.000000 0.000000 0.000000
1.020000 0.000000 0.000000 0.000000
1.030000 0.000000 0.000000 0.000000
1.040000 0.000000 0.000000 0.000000
1.050000 0.000000 0.000000 0.000000
1.060000 0.000000 0.000000 0.000000
1.070000 0.000000 0.000000 0.000000
1.080000 0.000000 0.000000 0.000000
1.090000 0.000000 0.000000 0.000000
1.100000 0.000000 0.000000 0.000000
1.110000 0.000000 0.000000 0.000000
1.120000 0.000000 0.000000 0.000000
1.130000 0.000000 0.000000 0.000000
1.140000 0.000000 0.000000 0.000000
1.150000 0.000000 0.000000 0.000000
1.160000 0.000000 0.000000 0.000000
1.170000 0.000000 0.000000 0.000000
1.180000 0.000000 0.000000 0.000000
1.190000 0.000000 0.000000 0.000000
1.200000 0.000000 0.000000 0.000000
1.210000 0.000000 0.000000 0.000000
1.220000 0.000000 0.000000 0.000000
1.230000 0.000000 0.000000 0.000000
1.240000 0.000000 0.000000 0.000000
1.250000 0.000000 0.000000 0.000000
1.260000 0.000000 0.000000 0.000000
1.270000 0.000000 0.000000 0.000000
1.280000 0.000000 0.000000 0.000000
1.290000 0.000000 0.000000 0.000000
1.300000 0.000000 0.000000 0.000000
1.310000 0.000000 0.000000 0.000000
1.320000 0.000000 0.000000 0.000000
1.330000 0.000000 0.000000 0.000000
1.340000 0.000000 0.000000 0.000000
1.350000 0.000000 0.000000 0.000000
1.360000 0.000000 0.000000 0.000000
1.370000 0.000000 0.000000 0.000000
1.380000 0.000000 0.000000 0.000000
1.390000 0.000000 0.000000 0.000000
1.400000 0.000000 0.000000 0.000000
1.410000 0.000000 0.000000 0.000000
1.420000 0.000000 0.000000 0.000000
1.430000 0.000000 0.000000 0.000000
1.440000 0.000000 0.000000 0.000000
1.450000 0.000000 0.000000 0.000000
1.460000 0.000000 0.000000 0.000000
1.470000 0.000000 0.000000 0.000000
1.480000 0.000000 0.000000 0.000000
1.490000 0.000000 0.000000 0.000000
1.500000 0.000000 0.000000 0.000000
1.510000 0.000000 0.000000 0.000000
1.520000 0.000000 0.000000 0.000000
1.530000 0.000000 0.000000 0.000000
1.540000 0.000000 0.000000 0.000000
1.550000 0.000000 0.000000 0.000000
1.560000 0.000000 0.000000 0.000000
1.570000 0.000000 0.000000 0.000000
1.580000 0.000000 0.000000 0.000000
1.590000 0.000000 0.000000 0.000000
1.600000 0.000000 0.000000 0.000000
1.610000 0.000000 0.000000 0.000000
1.620000 0.000000 0.000000 0.000000
1.630000 0.000000 0.000000 0.000000
1.640000 0.000000 0.000000 0.000000
1.650000 0.000000 0.000000 0.000000
1.660000 0.000000 0.000000 0.000000
1.670000 0.000000 0.000000 0.000000
1.680000 0.000000 0.000000 0.000000
1.690000 0.000000 0.000000 0.000000
1.700000 0.000000 0.000000 0.000000
1.710000 0.000000 0.000000 0.000000
1.720000 0.000000 0.000000 0.000000
1.730000 0.000000 0.000000 0.000000
1.740000 0.000000 0.000000 0.000000
1.750000 0.000000 0.000000 0.000000
1.760000 0.000000 0.000000 0.000000
1.770000 0.000000 0.000000 0.000000
1.780000 0.000000 0.000000 0.000000
1.790000 0.000000 0.000000 0.000000
1.800000 0.000000 0.000000 0.000000
1.810000 0.000000 0.000000 0.000000
1.820000 0.000000 0.000000 0.000000
1.830000 0.000000 0.000000 0.000000
1.840000 0.000000 0.000000 0.000000
1.850000 0.000000 0.000000 0.000000
1.860000 0.000000 0.000000 0.000000
1.870000 0.000000 0.000000 0.000000
1.880000 0.000000 0.000000 0.000000
1.890000 0.000000 0.000000 0.000000
1.900000 0.000000 0.000000 0.000000
1.910000 0.000000 0.000000 0.000000
1.920000 0.000000 0.000000 0.000000
1.930000 0.000000 0.000000 0.000000
1.940000 0.000000 0.000000 0.000000
1.950000 0.000000 0.000000 0.000000
1.960000 0.000000 0.000000 0.000000
1.970000 0.000000 0.000000 0.000000
1.980000 0.000000 0.000000 0.000000
1.990000 0.000000 0.000000 0.000000
2.000000 0.000000 0.000000 0.000000
