0,50962841.7520549,3037.23615216941,74.1806198126001,37180730.8,2763,62.8
0.01,43223345.2954538,2372.55242818848,82.9796662436564,32715506.8209396,2502.80717488789,72.9004997728305
0.02,51401506.1220399,1839.86343649384,93.15510939441,58415587.2304082,1829.92131147541,86.8727666486194
0.03,52675503.926007,1262.67435659015,109.453463451326,52758853.0527729,1263.68150943396,107.47086403215
0.04,48156780.8987242,778.414287530211,145.672353012513,48100947.7252005,780.595804195804,140.872695346795
0.05,42087511.1220433,414.43800778673,207.45119966544,44198782.8,363.6,204.4
0.06,42428240.8208702,344.441803406731,193.301049911297,48100947.7252005,369.97862111293,226.924710002189
0.07,40506395.816756,342.792366638813,179.930647866027,52758853.0527729,376.585038263314,127.514327880949
0.08,33696952.7220665,311.081856961444,171.046742968368,29207793.6152041,383.431676030955,145.538882650197
0.09,33426770.2175318,247.258740174678,152.40447026618,32715506.8209396,390.531879285213,169.497956514631
0.1,32265435.1334422,289.503718536751,222.025527062533,37180730.8,0,0
0.11,23180039.9807243,977.808502386713,521.848076089152,23179897.0614815,989.680173019998,505.70804037341
0.12,20577772.0493067,2246.02224027991,1246.26849289355,20594824.0804009,1962.68866646458,1341.75689373492
0.13,19508310.0279056,4836.29267679728,2730.74072648396,19507087.4814399,4825.43469761957,2988.82053794638
0.14,19213861.3480645,11962.8399673297,6389.73494951156,18907903.3824144,12871.5113326448,7738.47268392214
0.15,18557232.5511027,145607.713123496,112416.179172334,18528486.6,155347.999999996,149723.999999993
0.16,22522741.7613819,107066.572804765,92216.613358363,23235436.0785051,118361.288333813,106976.310766273
0.17,26482038.3102029,77909.3374090156,71081.5492768545,25116408.0905123,83649.9589865733,78251.4425833115
0.18,30933307.3718167,57165.2136526609,51433.2794223988,31232850.9802885,60135.6465726853,48018.0418662278
0.19,36273672.4826307,43271.6787822932,37368.0493150777,38530885.5287685,43152.9941344554,33670.0800959531
0.2,42671131.7123667,33646.447073993,28248.9765050345,42650563.5,30312.4,22476.6
0.21,43034807.50981,33387.3574950706,27889.892245342,42683195.4267407,29474.2019761467,21893.7683570709
0.22,42994383.1128896,33656.9220487709,28005.2374397856,42715877.3250592,35851.3903688788,28453.8654421077
0.23,42874958.1064289,33712.2358345447,28450.3153920974,42748609.3098311,34911.981317198,27752.4176601085
0.24,42818608.1009782,33504.7849048284,28841.6765142068,42781391.4962842,34020.5456382233,27084.7221473501
0.25,42875954.2192559,32705.1168306945,28487.055970242,42814224,33173.5,26448.4
0.26,42791049.15741,33172.8478884079,29039.1252091654,42708487.4648655,33266.3487396085,26533.2178464681
0.27,42679164.0101967,33335.6899648969,29168.6577354034,42603271.9094674,33359.7186834931,26618.5814508713
0.28,42591696.8483844,33283.2405163983,29314.0688633539,42498573.4928504,33453.6142326588,26704.4960977061
0.29,42557008.4643449,33017.3760010203,29725.1822370711,42394388.4117236,33548.0398377992,26790.9671399154
0.3,42634862.8795393,32357.7399505002,29630.9352113969,42290712.9,26914.4,26878
0.31,41399679.7181885,36366.9164207776,30203.4054100591,41882804.3495351,37429.4030949603,33772.5731653294
0.32,41110927.4329243,37475.2150652988,29994.6091770636,41482689.4645279,33740.9494411921,33949.4804651681
0.33,41220968.8681347,36611.8218892142,29928.2253290695,41090146.9952432,28981.0827835939,27302.6006991586
0.34,40055419.0012414,39843.5776704757,30414.5939087655,40704963.9880117,33905.472127847,27447.1311836998
0.35,38293997.3341524,49406.7445231835,30907.978412384,44807706,27230.6,27593.2
0.36,39901613.4141874,43209.6142870825,30885.9641240798,41390298.4607351,37820.5658373526,29241.1041350837
0.37,40089658.8645972,42562.3096803539,31366.9719014134,42511258.9804667,35212.4821565016,31098.3400929813
0.38,37879951.4358799,49059.670890244,35292.7526096311,43694626.9074738,32940.8974963887,24905.6249614703
0.39,35291530.5124988,52302.106405363,41103.2199510444,44945763.095332,30944.6349827924,17811.7856142417
0.4,36103711.0149212,43557.7411540704,40612.2363564638,51411845,19451,9604.7
0.41,35130094.7599517,49923.7562754238,45471.167271409,51426438.2120787,19391.5622612681,9573.97173358753
0.42,38538513.1125734,43366.5054921243,38222.8724147848,36008727.7977373,48331.2166793603,47717.1972885361
0.43,43115954.7727857,31413.2458828716,25725.5211785808,46310084.5535861,19273.7699316629,9513.10130322443
0.44,45999795.3578505,23809.9061098786,17897.1686234647,46323240.8381471,19215.4087812263,9482.95542469679
0.45,47589720.8233131,18735.5234023716,13847.6255325409,46336404.6,19157.4,18906
0.46,46935181.7779727,21578.5276119369,12561.1588560776,46163459.6370311,20375.0908895564,14719.4677667749
0.47,46831964.2816261,22121.1883827361,12656.5413701868,45991800.8653549,21758.0878153901,12050.9199592349
0.48,46892800.9167578,22932.5892635538,13614.1074240103,45821413.9900245,23342.5033420922,15302.1884937204
0.49,45943503.4128114,27538.098537362,14375.568265571,45652284.9271464,12587.8974903609,13266.2154918638
0.5,44676603.3263352,34100.8665681295,14820.00488145,45484399.8,13660.8,15611.2
0.51,38594445.1153845,27291.9598409219,15789.9341809051,39824171.3574075,12679.6882067364,13265.0590792618
0.52,31959954.0005375,27660.289844045,18262.4505117333,29426765.1942456,11830.0592914565,15299.1116436347
0.53,27422141.2083801,37921.8843642614,24228.3587723903,19332170.6893668,11087.14223564,12046.6270198191
0.54,26003479.3980676,50717.4151570175,36385.3700402845,28582047.5546786,73024.1451811974,51488.2552902767
0.55,24365709.1344469,47399.2974100155,45270.8809757212,0,0,0
0.56,21567816.2289553,44808.7588499084,43077.4277312903,30511681.4216437,29493.3488763217,28452.3989536448
0.57,15842528.7804393,37240.0735282304,36008.4200463961,16266398.4333753,29436.9145518891,28573.215302852
0.58,10047026.3876231,31221.3778248581,30413.0396939089,7622210.93207136,19587.1305230461,19130.0413755165
0.59,7606899.8019558,31731.7385000567,31178.5885057325,3585817.63600105,9774.89711389995,9605.9841578438
