0,4635116.55344705,5674.54339423652,1722.55490342659,0,0,0
0.01,5362347.99399343,5817.82468921761,658.42857423589,4797615.16579109,4132.67307311658,0
0.02,11464592.1263464,11763.7750570852,798.294984785741,11203846.0824231,10442.9693275601,0
0.03,20301337.4869459,22294.4141833137,1316.76519912618,20190685.8044098,21267.7441428486,0
0.04,33444799.8431715,44529.3250605387,2661.44517187794,33710725.4571642,44149.6437759788,0
0.05,50320395.3642844,112117.249426552,7142.84847258092,56350833,124554,0
0.06,52153790.7463066,115358.485517994,5612.40548167744,56252333.4854166,123826.386048805,0
0.07,52755810.9624331,116258.412515714,4799.66764435786,56154177.7181883,123107.223809641,0
0.08,52574251.1969138,115430.894696636,4910.85361112323,56056363.9020155,122396.366874574,0
0.09,51633648.5179735,113009.961248306,5169.36032799288,55958890.2530927,121693.672197863,0
0.1,49523811.8364932,108684.138457853,7487.67826248244,55861755,120999,0
0.11,51747295.4488879,112727.736716927,5202.16205425131,55867887.1062611,120974.179651248,0
0.12,52440188.2220254,114066.268387601,4774.30893178954,55874020.5589481,120949.369483132,0
0.13,52508283.8879632,113994.467719286,5055.6739776057,55880155.3585044,120924.56948939,0
0.14,51839284.7527855,112458.384608107,5907.30619783603,55886291.5053737,120899.779663763,0
0.15,50013866.6630359,108774.384415159,7559.33265210278,55892429,120875,0
0.16,52066702.0629722,112800.986206699,5549.55498264523,55913214.8337635,120874.799998676,0
0.17,52804548.4336154,114334.833782433,4727.1495797541,55934016.1333647,120874.599998014,0
0.18,52765991.9909239,114203.835905555,4850.55707905109,55954832.9160714,120874.399998014,0
0.19,51914385.3829562,112391.526069213,5603.66942697347,55975665.1991768,120874.199998676,0
0.2,50113774.6648097,108834.762640348,7595.79491840449,55996513,120874,0
0.21,52182010.5442857,112931.913128257,5582.38562873576,56004891.3825924,120905.167819846,0
0.22,52887476.5373753,114424.753658977,4749.1750286912,56013272.2727623,120936.351717319,0
0.23,52804252.4369787,114226.522666427,4847.0707659348,56021655.6716357,120967.551704863,0
0.24,51971758.2841915,112467.445341804,5567.54539474038,56030041.5803392,120998.767794934,0
0.25,50140443.7877246,108875.147987286,7536.98488501548,56038430,121030,0
0.26,52043093.1614721,112620.787174143,5550.5424089645,56029208.3339353,121022.398090572,0
0.27,52893783.120198,114434.258393845,4701.27145978094,56019989.7024,121014.797136038,0
0.28,52851043.5073594,114341.477275809,4866.84346408651,56010774.1038966,121007.197136218,0
0.29,52196406.1006325,113000.001352805,5564.30828315388,56001561.5369285,120999.598090932,0
0.3,50504324.0775552,109741.192797402,7573.36547076086,55992352,120992,0
0.31,52391939.8148703,113420.974950161,5575.17327121279,55976675.4633988,120915.205525763,0
0.32,53022423.8289333,114718.906352628,4762.97780916604,55961007.7024609,120838.508473678,0
0.33,52941919.1192563,114525.816164824,4911.54709569162,55945348.7098195,120761.908658477,0
0.34,52172903.4113834,112905.830541169,5592.37109804492,55929698.478116,120685.405895362,0
0.35,50416494.5810132,109468.423556281,7565.32040562916,55914057,120609,0
0.36,52374856.0160393,113308.583369484,5574.34935037825,55937859.7991428,120660.910476175,0
0.37,53046830.1570679,114719.44559151,4750.14490171607,55961682.8727773,120712.86565644,0
0.38,52972349.0121969,114542.330790291,4888.67008896243,55985526.2468182,120764.865598569,0
0.39,52243932.5771888,113015.623145716,5520.14252376798,56009389.9472247,120816.910360431,0
0.4,50507976.1144029,109629.204887379,7572.67890283077,56033274,120869,0
0.41,52432851.5029481,113495.661696861,5889.2896394607,56029846.1614124,120881.195076325,0
0.42,52951943.4354121,114712.737914632,5021.0617996115,56026418.7421955,120893.392613742,0
0.43,52809502.8307787,114529.121453157,5064.92480171326,56022991.7422724,120905.592612996,0
0.44,51985417.8408528,112905.702464994,5295.32650971005,56019565.1615662,120917.795074834,0
0.45,50038134.8441489,109461.815381005,7522.94209947584,56016139,120930,0
0.46,52147980.7660869,113269.440473945,5238.60962352309,56006500.7710843,120904.778977267,0
0.47,52803367.1642648,114538.126159734,4835.77364553073,55996865.8583371,120879.568472476,0
0.48,52855149.318649,114496.690151482,5114.28598884135,55987234.260047,120854.368479049,0
0.49,52201113.285464,113056.61670187,5955.55146233342,55977605.9745043,120829.178990412,0
0.5,50461841.1755184,109599.043465873,7559.09380502497,55967981,120804,0
0.51,52391651.8126045,113377.631170377,5553.15222553238,55968839.7472918,120789.993507139,0
0.52,52967395.5167742,114609.243143532,4811.01334173834,55969698.5209366,120775.990261837,0
0.53,52935696.3436441,114517.934457152,4898.69064920196,55970557.3209354,120761.990262966,0
0.54,52179813.6938293,112934.035046836,5564.84732346948,55971416.1472894,120747.993509396,0
0.55,50450060.1007975,109546.509692387,7556.84736531074,55972275,120734,0
0.56,52389814.7106078,113382.63754715,5569.20341461879,55981825.6769327,120776.938828511,0
0.57,53016160.0531735,114727.863324781,4763.87838478876,55991379.6137292,120819.908210122,0
0.58,52939820.4444546,114565.481587549,4941.60321187718,56000936.8120587,120862.908177454,0
0.59,52193617.5468734,113021.788208946,5647.74208610005,56010497.2735918,120905.938763175,0
0.6,50440178.5723594,109631.756189196,7631.71651874606,56020061,120949,0
0.61,52390192.8257984,113436.926473296,5612.35473369239,56024672.8807977,120958.796824814,0
0.62,53059376.2616116,114845.526355635,4823.33834777477,56029285.521009,120968.595236836,0
0.63,53000734.4536318,114690.793859638,4950.65384788548,56033898.9208213,120978.39523645,0
0.64,52280615.9181511,113176.87094488,5629.78451725192,56038513.0804224,120988.196824043,0
0.65,50550024.6322453,109796.524999361,7591.37423673298,56043128,120998,0
0.66,52476433.8495014,113575.406161415,5599.40716112237,56043176.1998342,120979.188308574,0
0.67,53136934.2093925,114968.034980051,4760.9065397002,56043224.3997513,120960.382465587,0
0.68,53005309.159162,114671.20654712,4915.99842624808,56043272.5997513,120941.582468312,0
0.69,52242805.4603287,113069.934952536,5580.57921863344,56043320.7998342,120922.788314024,0
0.7,50497560.9488143,109643.264575182,7581.60220367435,56043369,120904,0
0.71,52281830.7310537,113320.711729335,5975.36879832853,56035896.0162484,120918.99255977,0
0.72,52960041.9352386,114798.822742738,5080.80225292325,56028425.0251693,120933.988838271,0
0.73,52840621.3455904,114609.839902011,5135.95163175417,56020956.0259657,120948.988836886,0
0.74,52160370.6417358,113206.987279699,5296.69699638434,56013489.0178413,120963.992557001,0
0.75,50516240.3772675,110118.664339276,7570.6912777408,56006024,120979,0
0.76,52425973.8942808,113734.595786972,5154.84813189319,56006967.5364125,120988.197202349,0
0.77,52988744.8999581,114884.897086891,4881.51697799423,56007911.1046171,120997.395803204,0
0.78,53097556.9487323,114964.790495171,5082.03518287387,56008854.7046155,121006.595802885,0
0.79,52497015.3742218,113624.741996091,5949.24754103907,56009798.3364093,121015.797201711,0
0.8,51022550.8250817,110443.065293925,7631.873219485,56010742,121025,0
0.81,52668173.7557105,113917.485164787,5548.47524656014,56005243.2415229,121001.381577533,0
0.82,53323468.5713952,115301.539981214,4729.9521898312,55999745.5626022,120977.772371691,0
0.83,53196418.5983204,115010.282503128,4913.35094482988,55994248.96292,120954.172377081,0
0.84,52468248.7558337,113443.416622768,5621.92375510376,55988753.4421584,120930.581588312,0
0.85,50987286.521544,110293.287617689,7570.60740131307,55983259,120907,0
0.86,52630457.3710915,113792.097431631,5600.33401506624,55961498.4193454,120859.324923001,0
0.87,53204400.8259594,115035.76402919,4803.00829211435,55939754.7487062,120811.68742889,0
0.88,53093277.9859743,114805.399475416,4907.45585171265,55918027.9683789,120764.087473243,0
0.89,52336544.2108375,113209.717600304,5577.32453029901,55896318.058691,120716.525011708,0
0.9,50823495.0643324,110012.771306495,7590.04072228599,55874625,120669,0
0.91,52502401.7764812,113564.23285861,5565.42099878145,55898279.0769974,120722.704224373,0
0.92,53246699.8402208,115141.58350299,4750.48216651684,55921953.1900067,120776.456272594,0
0.93,53153974.184037,114921.764634621,4907.93978568032,55945647.3644956,120830.25620857,0
0.94,52490083.5752075,113487.598181536,5595.7423182422,55969361.6259753,120884.104096326,0
0.95,51044543.5812035,110407.742078473,7581.20883448143,55993096,120938,0
0.96,52700585.082143,113933.155609435,5549.26040179733,55991705.0618032,120939.399935176,0
0.97,53359049.86477,115345.688331451,4737.65809730365,55990314.1927099,120940.799902763,0
0.98,53211226.0712444,115026.258176621,4911.2721064542,55988923.3927151,120942.199902762,0
0.99,52505602.8719317,113522.02230577,5617.71654349603,55987532.6618135,120943.599935174,0
1,51036147.2468503,110407.848296661,7575.81727668615,55986142,120945,0
1.01,52705443.9659815,113927.410618315,5561.58501480075,56014911.1447356,120979.161360337,0
1.02,53330263.5089892,115235.078645545,4789.75279121158,56043709.8714063,121013.342024129,0
1.03,53261709.2358936,115052.407737127,4904.58166147352,56072538.2256623,121047.542007745,0
1.04,52556884.0632512,113533.563837954,5585.92339094032,56101396.2532475,121081.761327567,0
1.05,51094551.0728109,110420.742903335,7568.37888814627,56130284,121116,0
1.06,52746013.6015852,113917.846445949,5568.93611477339,56130870.5754795,121113.399776724,0
1.07,53435396.1565828,115388.380135587,4756.85874865982,56131457.1632189,121110.799665093,0
1.08,53308727.933579,115111.132500349,4921.71082341099,56132043.7632185,121108.1996651,0
1.09,52598747.5600581,113604.958614668,5621.93891540724,56132630.3754788,121105.599776738,0
1.1,51113606.8251802,110505.223113148,7611.24946123484,56133217,121103,0
1.11,52713095.6365903,113881.460130427,5622.53342981989,56111093.5774505,121089.193706949,0
1.12,53404810.2494667,115378.98628016,4776.53927249833,56088987.5867543,121075.390561499,0
1.13,53251127.9385718,115061.299013947,4922.59276506936,56066899.0073165,121061.590562575,0
1.14,52491736.6925651,113478.267233938,5631.69241700871,56044827.8185751,121047.7937091,0
1.15,51000390.2595777,110359.805277478,7606.3224655081,56022774,121034,0
1.16,52669087.4620356,113867.712354058,5602.0835428472,56037065.4021652,121036.799740923,0
1.17,53329791.9068674,115249.195240165,4773.92170982956,56051364.0976606,121039.599611376,0
1.18,53230711.1530144,115013.264242818,4913.99998084629,56065670.0920704,121042.399611367,0
1.19,52526835.6034107,113501.052443559,5563.1338888133,56079983.390985,121045.199740905,0
1.2,51056015.6885985,110380.823547196,7566.55110262508,56094304,121048,0
1.21,52706991.3705961,113940.178763611,5920.82114789036,56110368.3767278,121077.171851891,0
1.22,53312716.5050419,115327.274712743,5041.90300311359,56126441.9571753,121106.357767659,0
1.23,53122324.7256581,115042.960164605,5096.49850545536,56142524.7492544,121135.557757476,0
1.24,52344012.5813631,113476.764658344,5296.02032707326,56158616.7608859,121164.771831526,0
1.25,50640065.6003346,110289.639383411,7576.5344660979,56174718,121194,0
1.26,52522078.0505347,113838.070015854,5282.97408921402,56163587.9861339,121183.79656501,0
1.27,53129586.7469752,115079.845073648,4814.82001826764,56152462.3818198,121173.594847949,0
1.28,53217173.1858467,115113.675346592,5075.81974547322,56141341.1844378,121163.394848383,0
1.29,52603098.7039216,113735.549465245,5887.07664068744,56130224.3913698,121153.196565878,0
1.3,51115292.156815,110524.812903602,7579.06580848227,56119112,121143,0
1.31,52803747.2029033,114098.447300474,5527.24809704343,56123006.9184004,121144.599915476,0
1.32,53408868.9485645,115385.923924593,4760.31451619391,56126902.377488,121146.199873213,0
1.33,53322966.0976888,115193.434959134,4928.3176321812,56130798.3773754,121147.799873211,0
1.34,52608650.3902551,113669.062398502,5627.46240359007,56134694.9181752,121149.399915473,0
1.35,51126915.7131004,110534.401667639,7608.76416793793,56138592,121151,0
1.36,52786765.5261824,114045.511006203,5642.64448083096,56143423.7359958,121162.995247486,0
1.37,53412162.3310879,115365.795744334,4781.71520884651,56148256.3037789,121174.992870522,0
1.38,53327501.9704046,115168.418644744,4909.09372201887,56153089.703564,121186.992869816,0
1.39,52587462.321761,113599.9219132,5581.54313269936,56157923.9355661,121198.995246073,0
1.4,51139836.1908165,110534.443260833,7595.50896350384,56162759,121211,0
1.41,52803722.4763619,114055.943811665,5525.90782214347,56173937.6928347,121246.957282353,0
1.42,53473976.6651202,115476.837496491,4773.25348999697,56185120.8365922,121282.935904516,0
1.43,53384127.1224925,115281.987207384,4887.85560283823,56196308.4339313,121318.935885491,0
1.44,52692804.9438399,113822.085224965,5570.58168762438,56207500.4875129,121354.957244303,0
1.45,51220250.976733,110714.07817309,7580.34355048564,56218697,121391,0
1.46,52866574.1351653,114189.797002674,5523.03078756541,56219617.5397034,121375.39197683,0
1.47,53517135.1030193,115560.85073023,4745.66776066253,56220538.1095536,121359.787966792,0
1.48,53411962.365878,115316.648187183,4896.67364070377,56221458.7095522,121344.187968339,0
1.49,52683855.06909,113768.095651455,5597.68315348478,56222379.3397005,121328.591979923,0
1.5,51195103.1281611,110619.921222229,7604.69331130208,56223300,121313,0
1.51,52851559.5851026,114195.099653203,5896.9558523609,56223596.9937245,121313.399994724,0
1.52,53402725.5403072,115449.947569177,5027.70930987841,56223893.9905867,121313.799992087,0
1.53,53239592.7317968,115201.195230238,5060.47340444301,56224190.9905867,121314.199992087,0
1.54,52467736.356868,113637.689799185,5369.31753307479,56224487.9937244,121314.599994724,0
1.55,50784597.3017668,110448.2610116,7675.13890476997,56224785,121315,0
1.56,52662118.8778231,114050.331736523,5272.19886490516,56235174.3152957,121352.75294691,0
1.57,53282771.3017646,115358.992785846,4792.84515160845,56245567.4708132,121390.529398394,0
1.58,53339177.048453,115363.206939537,5011.90456118926,56255964.4686821,121428.32937641,0
1.59,52736003.1434338,114033.755681093,5832.75208571418,56266365.3110334,121466.152902941,0
1.6,51256198.2060929,110859.990343214,7578.47397567785,56276770,121504,0
1.61,52915980.9869457,114378.295412421,5538.85588645489,56263303.3223606,121475.773795794,0
1.62,53513950.2504041,115661.214076624,4798.19017865887,56249843.0881621,121447.56070282,0
1.63,53419045.3340696,115449.693532006,4878.24604891374,56236389.2927811,121419.360711945,0
1.64,52664055.6607218,113849.52872879,5558.03334319771,56222941.9315986,121391.173814044,0
1.65,51154869.3732637,110660.539768394,7574.40237911707,56209501,121363,0
1.66,52804385.3759529,114190.67007918,5742.85115382429,56206359.6979427,121351.996010518,0
1.67,53419852.2009201,115555.905818594,4859.18532077167,56203218.7469728,121340.994016319,0
1.68,53220983.6106725,115175.767067978,4953.74628986069,56200078.1470317,121329.994016862,0
1.69,52465169.5424366,113603.452546392,5450.68749715203,56196937.8980603,121318.996011603,0
1.7,50823859.2028564,110347.12738523,7724.58246136474,56193798,121308,0
1.71,52608269.8708118,114146.369779848,5405.78527528555,56174835.0378054,121545.328107517,0
1.72,53265508.5508972,115743.562951091,4802.92485869751,56155884.8696429,121783.586657226,0
1.73,53243240.6149952,115853.081081332,4945.93239796577,56136947.482569,122022.781131555,0
1.74,52605153.2785464,114646.265120699,5707.59826594525,56118022.8636576,122262.91705609,0
1.75,51111584.0461253,111623.11456857,7568.47761238036,56099111,122504,0
1.76,52817935.1554369,115056.326556253,5499.83405715714,56135174.4271401,122294.577684266,0
1.77,53480311.5654405,116249.784912387,4740.26854304303,56171284.2510008,122085.870167378,0
1.78,53397874.9561956,115820.669566732,4924.95177481252,56207440.5611759,121877.87379595,0
1.79,52700766.0223337,114105.477412831,5615.289648237,56243643.4474903,121670.584941454,0
1.8,51233718.6690976,110781.737182853,7589.80981643232,56279893,121464,0
1.81,52907026.7958811,114317.908099679,5616.42108058908,56281071.7012469,121482.988119138,0
1.82,53572448.673765,115735.549419047,4801.52952724438,56282250.4518673,121501.98217592,0
1.83,53464299.0482408,115496.802515581,4927.88820642243,56283429.2518642,121520.982173133,0
1.84,52763147.4187924,114007.124493439,5594.22287672319,56284608.1012407,121539.988113563,0
1.85,51277697.1618316,110882.42308077,7621.22122836578,56285787,121559,0
1.86,52924076.6849351,114359.783121536,5604.1422415563,56287468.7989698,121554.999473437,0
1.87,53525647.8115848,115638.948389145,4827.00551637149,56289150.6984457,121550.999210182,0
1.88,53472693.3470356,115523.594646156,4967.48155006366,56290832.6984367,121546.999210208,0
1.89,52718700.9355364,113931.319542632,5698.27948521485,56292514.7989518,121542.999473489,0
1.9,51238202.5854751,110858.031513326,7668.54016131702,56294197,121539,0
1.91,52898170.5525766,114317.09341048,5661.11360619193,56283424.3603584,121530.197450615,0
1.92,53506994.8902571,115605.700485757,4841.98228284416,56272655.8429023,121521.396176199,0
1.93,53415312.0706942,115392.266368247,4943.4571488213,56261891.4452661,121512.596176476,0
1.94,52693875.310871,113871.492558326,5603.66981071306,56251131.165086,121503.797451169,0
1.95,51200692.3437262,110731.227990848,7596.96613297141,56240375,121495,0
1.96,52849686.2645887,114387.782577517,5570.0947921754,56236155.1338685,121707.897216733,0
1.97,53524121.0334198,115978.436807195,4723.04816659043,56231935.9009453,121921.541868146,0
1.98,53380090.5828799,115853.477582969,4918.40417688869,56227717.3010877,122135.937897277,0
1.99,52646082.2928885,114476.7401899,5585.77015068492,56223499.3341535,122351.089274945,0
2,51162697.7164976,111499.922983633,7589.83467580068,56219282,122567,0
2.01,52800010.0439753,115070.215827398,5950.3334654234,56232930.1339027,122584.989432399,0
2.02,53407114.8359371,116466.840283045,5056.50064992861,56246584.896022,122602.984146272,0
2.03,53231300.7589045,116233.284730095,5099.11755155223,56260246.2911877,122620.984143944,0
2.04,52476724.2467519,114709.864287888,5292.60537411702,56273914.324234,122638.989427744,0
2.05,50794581.0511922,111520.092508783,7557.33340248932,56287589,122657,0
2.06,52673807.302448,114938.663787738,5192.47798967205,56289787.8563559,122435.410208824,0
2.07,53287975.2491151,115983.98993647,4858.51438860937,56291986.8845137,122214.619613597,0
2.08,53357902.4293028,115775.795879787,5090.5911178186,56294186.0844935,121994.623898476,0
2.09,52740553.2585878,114212.185453385,5943.23817632303,56296385.4563156,121775.418778637,0
2.1,51262286.5526166,110825.360627112,7599.54915229836,56298585,121557,0
2.11,52945668.6289787,114392.387658783,5549.20929259187,56298571.7999876,121559.599777572,0
2.12,53557839.1200626,115682.266304447,4744.17790186913,56298558.5999814,121562.199666351,0
2.13,53476031.1163611,115509.838639701,4927.82286348728,56298545.3999814,121564.799666344,0
2.14,52765039.2836755,114008.647236872,5617.47054452328,56298532.1999876,121567.399777558,0
2.15,51278795.7649123,110876.54913224,7612.16577161291,56298519,121570,0
2.16,52922140.1483645,114355.443788962,5643.65420414836,56297585.1380417,121569.199978942,0
2.17,53541841.1887766,115666.491809048,4838.47567875054,56296651.3070641,121568.399968413,0
2.18,53473546.9691624,115512.992682079,4929.43801365345,56295717.5070656,121567.599968413,0
2.19,52763690.6346391,114011.181372802,5563.58495518518,56294783.7380448,121566.799978942,0
2.2,51271289.4138996,110871.558089731,7642.46894841227,56293850,121566,0
2.21,52956479.9846788,114413.919140159,5547.09414745144,56293082.5581528,121540.378417896,0
2.22,53508579.1505632,115566.804689293,4820.46923699888,56292315.1372301,121514.767633666,0
2.23,53452347.6682861,115428.381768235,4929.76534307042,56291547.7372309,121489.167640485,0
2.24,52716413.5001116,113874.289298444,5632.24618841893,56290780.3581545,121463.578431534,0
2.25,51216798.9520168,110699.905114355,7639.57472722643,56290013,121438,0
2.26,52895679.2872496,114257.310615921,5548.05145029997,56292223.6526735,121475.353983465,0
2.27,53544185.6488322,115636.83857616,4739.55948837554,56294434.4789898,121512.73095396,0
2.28,53455580.5716951,115459.654875282,4922.79315983453,56296645.4789694,121550.130932708,0
2.29,52732007.1231432,113955.836055251,5623.62949356401,56298856.6526326,121587.553940963,0
2.3,51246153.4814922,110848.958049586,7593.52847829705,56301068,121625,0
2.31,52892004.1526857,114303.573694043,5574.39196686845,56303112.7029245,121590.360582978,0
2.32,53576661.8293746,115740.787182798,4777.56029591769,56305157.5543705,121555.740891301,0
2.33,53474700.2566884,115502.456568444,4906.60027077191,56307202.5543543,121521.140908126,0
2.34,52766925.4576344,113994.557690599,5592.2572418528,56309247.7028921,121486.560616628,0
2.35,51280593.4210822,110847.557009348,7574.78424817898,56311293,121452,0
2.36,52933220.2810629,114347.920308562,5571.89423168617,56308782.3523294,121460.19778606,0
2.37,53579007.0907712,115731.634605877,4780.4756638803,56306271.928524,121468.396678867,0
2.38,53487203.2970826,115527.740922213,4919.24921855725,56303761.728554,121476.596678642,0
2.39,52785834.0911384,114035.226044853,5588.32269595492,56301251.7523893,121484.797785612,0
2.4,51312131.6197596,110924.680538231,7576.15664778179,56298742,121493,0
2.41,52948673.3488358,114444.212316892,5837.84857010152,56293861.9085208,121483.196836987,0
2.42,53487400.5491123,115665.193053322,4960.15757589309,56288982.6630011,121473.395255863,0
2.43,53335883.2295973,115399.463317919,4970.67669152035,56284104.2632209,121463.595256245,0
2.44,52554203.6527814,113785.101559544,5400.68503245582,56279226.7089605,121453.796837752,0
2.45,50873634.9833122,110483.386890497,7741.94831610486,56274350,121444,0
2.46,52725340.5612656,114177.966295976,5406.75646057195,56281654.0060004,121468.180726143,0
2.47,53391774.4420474,115566.644939249,4774.10222688761,56288959.9082619,121492.371083457,0
2.48,53415035.7439858,115539.596801879,5006.68272412865,56296267.7075229,121516.571077697,0
2.49,52796003.4654995,114174.765928909,5841.29429405206,56303577.4045225,121540.780714623,0
2.5,51308483.1993167,111001.931687548,7656.49619275327,56310889,121565,0
2.51,52999518.9378011,114573.594655604,5631.46588875279,56309114.3763209,121565,0
2.52,53739198.10609,116141.558099837,4726.46053493062,56307339.8644919,121565,0
2.53,53588145.2854578,115808.86836476,4883.10169477919,56305565.4645025,121565,0
2.54,52841457.7879424,114201.019096475,5595.12414339835,56303791.176342,121565,0
2.55,51267766.1417765,110869.912632769,7627.26371086843,56302017,121565,0
2.56,53028910.2137448,114648.779982189,5840.70396005438,56305308.6300551,121575.196577795,0
2.57,53585524.1925866,115907.776366424,4958.5368178806,56308600.6450151,121585.394866262,0
2.58,53421291.9611301,115615.642525939,4962.74922586657,56311893.0449476,121595.594865831,0
2.59,52625158.0691763,113980.401437156,5364.67564613818,56315185.82992,121605.796576933,0
2.6,50930104.0039616,110711.232691182,7727.71473604773,56318479,121616,0
2.61,46113056.4978354,99394.4184207849,5075.89118449601,44971022.0376535,97082.6803965021,0
2.62,35271589.5071135,76016.4577194873,4427.67208062649,33665678.8030875,72655.0998089954,0
2.63,23215514.5062915,50099.3969809428,4543.91639486573,22402215.2860223,48332.5761021081,0
2.64,14616103.9136181,31719.2689139585,5373.60333455516,11180399.2067166,24114.4329952635,0
2.65,16727097.4441635,36258.9617970878,7437.99902640522,0,0,0
2.66,14802490.9578624,32123.829051608,5596.12708198705,5433517.11545131,11736.8961531021,0
2.67,12420800.9594966,26996.9734808189,4594.75391236227,5294633.06617277,11456.4655160742,0
2.68,10762975.2147622,23447.7526020424,4876.16817988348,5162671.98549387,11189.1228716685,0
2.69,10947518.9313233,23866.0822099159,5492.29707630015,0,0,0
2.7,13028192.0532535,28405.2601413871,7205.98370838997,0,0,0
2.71,10753048.5100918,23451.4103003128,5760.81789126192,0,0,0
2.72,9271086.6827873,20226.9279890121,4909.96602164447,0,0,0
2.73,9450686.91371907,20617.9913974834,5044.4666426775,0,0,0
2.74,10615554.2351643,23157.7189167826,5690.97379827375,0,0,0
2.75,13027349.1186264,28396.9090955359,7222.28251438654,0,0,0
2.76,10665373.7787225,23261.6764164459,5713.37505361487,0,0,0
2.77,9127929.42628911,19924.9650283055,4836.20932361703,0,0,0
2.78,9341935.02683755,20390.7536187514,4988.36487597713,0,0,0
2.79,10606053.3224285,23153.8407222124,5698.14085845157,0,0,0
2.8,13013043.692501,28376.7510663425,7235.92693490906,0,0,0
2.81,10572541.9449347,23087.3863478952,5669.24103445256,0,0,0
2.82,9062256.57340634,19799.5052538952,4801.02305657699,0,0,0
2.83,9258932.49616511,20222.7619084375,4944.90083917587,0,0,0
2.84,10543175.4677843,23020.3703917381,5650.49973729968,0,0,0
2.85,13033488.2250223,28439.5298412087,7239.4119136657,0,0,0
2.86,10572584.3432015,23130.2128654691,5930.78738354218,0,0,0
2.87,8966665.35495159,19719.3197223422,4934.46772825804,0,0,0
2.88,9068486.41957327,19990.1225623043,4967.68417372453,0,0,0
2.89,10140875.7459544,22495.6533514519,5217.24543807505,0,0,0
2.9,12921397.7025119,28277.1225136761,7134.97557554271,0,0,0
2.91,10110203.2280537,22393.2705200591,4960.29037678503,0,0,0
2.92,8376961.74107608,18543.0573122874,4237.78206891252,0,0,0
2.93,8729040.99138134,19172.6786405498,4551.88435165629,0,0,0
2.94,10405677.6493712,22741.9260022907,5728.03222242193,0,0,0
2.95,13043499.1309063,28426.1289371534,7222.0975360546,0,0,0
2.96,10013116.550134,21835.5187799026,5272.37429874205,0,0,0
2.97,8741387.29648527,19069.63158165,4613.75240939191,0,0,0
2.98,9454874.68760894,20619.6349290629,5033.1693678745,0,0,0
2.99,10990993.279281,23964.9785167418,5901.20888750441,0,0,0
