54715366.000000 234.000000 134.000000
54644121.000000 223.000000 41.000000
54640765.000000 233.000000 22.000000
54565027.000000 229.000000 44.000000
49146961.000000 416.000000 201.000000
54595307.000000 250.000000 92.000000
54274544.000000 237.000000 45.000000
54702807.000000 234.000000 15.000000
54462771.000000 231.000000 69.000000
54683598.000000 250.000000 32.000000
54708751.000000 233.000000 72.000000
54264871.000000 232.000000 77.000000
54656961.000000 247.000000 48.000000
54632015.000000 242.000000 65.000000
54601504.000000 218.000000 67.000000
54642656.000000 226.000000 48.000000
54114648.000000 262.000000 53.000000
54268670.000000 226.000000 51.000000
54658877.000000 231.000000 36.000000
54698467.000000 247.000000 48.000000
54521505.000000 235.000000 59.000000
54142016.000000 235.000000 79.000000
54512872.000000 232.000000 66.000000
54215544.000000 233.000000 100.000000
54639919.000000 237.000000 46.000000
54314708.000000 243.000000 37.000000
54813339.000000 227.000000 41.000000
54740010.000000 246.000000 33.000000
54415309.000000 253.000000 67.000000
54688194.000000 218.000000 32.000000
54842017.000000 239.000000 130.000000
54191747.000000 229.000000 19.000000
54282330.000000 226.000000 31.000000
54798274.000000 223.000000 61.000000
54090810.000000 233.000000 92.000000
54564098.000000 239.000000 70.000000
54655354.000000 246.000000 57.000000
54476811.000000 237.000000 57.000000
54037288.000000 229.000000 41.000000
54190611.000000 224.000000 127.000000
54598119.000000 220.000000 51.000000
54516887.000000 228.000000 44.000000
54476825.000000 219.000000 91.000000
54153749.000000 270.000000 50.000000
54684897.000000 215.000000 45.000000
54536992.000000 220.000000 94.000000
54669388.000000 235.000000 37.000000
54715488.000000 230.000000 32.000000
54289463.000000 234.000000 73.000000
54147079.000000 228.000000 30.000000
54550969.000000 246.000000 57.000000
54538456.000000 239.000000 97.000000
50714727.000000 205.000000 93.000000
54798386.000000 235.000000 108.000000
54493296.000000 237.000000 25.000000
54806771.000000 242.000000 45.000000
54438025.000000 219.000000 60.000000
54599610.000000 229.000000 61.000000
54278226.000000 245.000000 26.000000
54127046.000000 230.000000 66.000000
54756490.000000 227.000000 30.000000
54640061.000000 253.000000 48.000000
54387042.000000 223.000000 109.000000
54433042.000000 227.000000 72.000000
54580777.000000 227.000000 79.000000
54301098.000000 234.000000 68.000000
54199525.000000 220.000000 83.000000
54599465.000000 231.000000 100.000000
54517682.000000 236.000000 47.000000
54556650.000000 243.000000 86.000000
53877770.000000 220.000000 108.000000
54103660.000000 229.000000 55.000000
54145923.000000 225.000000 88.000000
54467639.000000 224.000000 21.000000
54465686.000000 230.000000 65.000000
54348485.000000 233.000000 111.000000
54735420.000000 223.000000 48.000000
54283170.000000 242.000000 85.000000
54392642.000000 241.000000 124.000000
51498332.000000 223.000000 11.000000
54567999.000000 256.000000 71.000000
54393822.000000 252.000000 67.000000
54567372.000000 246.000000 61.000000
54599086.000000 234.000000 99.000000
54385430.000000 224.000000 44.000000
54694103.000000 234.000000 26.000000
54397508.000000 226.000000 93.000000
52820311.000000 398.000000 120.000000
54343501.000000 240.000000 19.000000
54546479.000000 233.000000 59.000000
54322577.000000 230.000000 71.000000
54483001.000000 219.000000 86.000000
54543215.000000 239.000000 67.000000
54018787.000000 252.000000 53.000000
54779863.000000 240.000000 62.000000
54574786.000000 247.000000 58.000000
54483555.000000 238.000000 50.000000
54720815.000000 237.000000 106.000000
54695418.000000 259.000000 137.000000
54369719.000000 230.000000 90.000000
