33136389.000000 141.000000 16.000000
33819674.000000 172.000000 15.000000
33046354.000000 149.000000 12.000000
33886186.000000 147.000000 17.000000
33967869.000000 162.000000 37.000000
33675986.000000 166.000000 28.000000
33957839.000000 192.000000 62.000000
34108594.000000 159.000000 13.000000
33911564.000000 150.000000 17.000000
33818399.000000 186.000000 55.000000
33883281.000000 142.000000 34.000000
33441062.000000 172.000000 46.000000
33916858.000000 159.000000 30.000000
33722749.000000 178.000000 68.000000
33864371.000000 141.000000 64.000000
33865588.000000 156.000000 35.000000
33715354.000000 148.000000 20.000000
33733890.000000 168.000000 53.000000
33133513.000000 169.000000 30.000000
33850439.000000 167.000000 29.000000
33819265.000000 171.000000 19.000000
33876016.000000 142.000000 17.000000
34106561.000000 156.000000 23.000000
33730267.000000 178.000000 35.000000
33631234.000000 149.000000 21.000000
33372782.000000 152.000000 27.000000
33901116.000000 168.000000 29.000000
33876181.000000 173.000000 31.000000
33606337.000000 146.000000 24.000000
33885612.000000 144.000000 14.000000
34112048.000000 163.000000 27.000000
33645133.000000 140.000000 11.000000
33822466.000000 157.000000 38.000000
33002218.000000 140.000000 12.000000
33829139.000000 156.000000 16.000000
32862245.000000 139.000000 12.000000
33691530.000000 148.000000 19.000000
33834010.000000 186.000000 40.000000
33916419.000000 148.000000 13.000000
33833175.000000 168.000000 38.000000
33610901.000000 172.000000 45.000000
33799059.000000 150.000000 12.000000
33812718.000000 145.000000 21.000000
33765689.000000 168.000000 38.000000
33880444.000000 166.000000 27.000000
33450208.000000 161.000000 26.000000
33896064.000000 166.000000 37.000000
33933268.000000 168.000000 25.000000
33878909.000000 141.000000 25.000000
33701265.000000 175.000000 41.000000
33640273.000000 157.000000 19.000000
33938481.000000 146.000000 22.000000
33803642.000000 145.000000 13.000000
34096918.000000 171.000000 32.000000
33930981.000000 146.000000 15.000000
33910683.000000 162.000000 31.000000
33761077.000000 167.000000 37.000000
34044407.000000 150.000000 14.000000
33874403.000000 133.000000 28.000000
33937882.000000 156.000000 28.000000
33788314.000000 164.000000 41.000000
33923758.000000 160.000000 29.000000
33814587.000000 151.000000 14.000000
33517324.000000 149.000000 15.000000
33841371.000000 165.000000 40.000000
33695316.000000 161.000000 30.000000
33902201.000000 131.000000 10.000000
33863557.000000 169.000000 30.000000
33903456.000000 152.000000 46.000000
33650266.000000 175.000000 56.000000
33684012.000000 161.000000 11.000000
33979376.000000 159.000000 21.000000
33840781.000000 172.000000 40.000000
33507780.000000 142.000000 34.000000
33973000.000000 141.000000 6.000000
33742243.000000 141.000000 16.000000
34039653.000000 169.000000 34.000000
33827591.000000 144.000000 21.000000
33873895.000000 148.000000 19.000000
33449543.000000 167.000000 25.000000
33850492.000000 143.000000 12.000000
33468003.000000 169.000000 34.000000
33438553.000000 173.000000 35.000000
34059340.000000 180.000000 8.000000
33965531.000000 165.000000 25.000000
33922229.000000 174.000000 38.000000
33758400.000000 145.000000 18.000000
33775200.000000 145.000000 14.000000
33718476.000000 184.000000 46.000000
33964651.000000 147.000000 15.000000
33770806.000000 148.000000 42.000000
33721323.000000 162.000000 20.000000
33810267.000000 147.000000 15.000000
33122587.000000 147.000000 9.000000
33801900.000000 163.000000 29.000000
33118099.000000 156.000000 18.000000
33760697.000000 157.000000 27.000000
33740166.000000 173.000000 39.000000
33959664.000000 150.000000 27.000000
33748366.000000 178.000000 31.000000
