35634505.000000 198.000000 91.000000
35456754.000000 201.000000 78.000000
35585737.000000 169.000000 61.000000
34931371.000000 198.000000 83.000000
35724860.000000 209.000000 125.000000
35727335.000000 221.000000 167.000000
35634929.000000 202.000000 89.000000
35603694.000000 160.000000 74.000000
35307661.000000 244.000000 119.000000
35635833.000000 177.000000 81.000000
35571406.000000 225.000000 105.000000
35589354.000000 200.000000 99.000000
35505211.000000 189.000000 57.000000
35639886.000000 229.000000 98.000000
34876261.000000 209.000000 75.000000
35272866.000000 203.000000 102.000000
35650602.000000 228.000000 86.000000
35333418.000000 215.000000 83.000000
35501264.000000 157.000000 52.000000
35261150.000000 193.000000 64.000000
35655908.000000 282.000000 155.000000
35632745.000000 208.000000 83.000000
35651984.000000 177.000000 75.000000
35570627.000000 183.000000 135.000000
35641612.000000 203.000000 62.000000
35594990.000000 177.000000 76.000000
35554515.000000 220.000000 123.000000
35160036.000000 178.000000 91.000000
35652477.000000 194.000000 55.000000
35583966.000000 221.000000 103.000000
34939097.000000 183.000000 98.000000
35106725.000000 175.000000 94.000000
35710910.000000 220.000000 117.000000
35447251.000000 215.000000 74.000000
35440274.000000 195.000000 50.000000
35581854.000000 165.000000 45.000000
35207306.000000 180.000000 63.000000
35356355.000000 163.000000 73.000000
35294658.000000 210.000000 78.000000
36067611.000000 183.000000 74.000000
35665321.000000 222.000000 100.000000
35702531.000000 219.000000 104.000000
35634343.000000 178.000000 72.000000
35651886.000000 216.000000 111.000000
35573378.000000 161.000000 40.000000
35686849.000000 316.000000 203.000000
35012804.000000 224.000000 87.000000
35310218.000000 282.000000 157.000000
36485019.000000 259.000000 132.000000
35836368.000000 250.000000 156.000000
35542259.000000 158.000000 83.000000
35575813.000000 338.000000 289.000000
35145442.000000 247.000000 153.000000
35348001.000000 198.000000 82.000000
35452158.000000 187.000000 85.000000
35729480.000000 194.000000 47.000000
35519359.000000 176.000000 36.000000
35645107.000000 164.000000 41.000000
35694113.000000 179.000000 49.000000
35628149.000000 223.000000 104.000000
35689135.000000 165.000000 109.000000
35636014.000000 176.000000 99.000000
35242971.000000 215.000000 104.000000
35571002.000000 161.000000 66.000000
35692940.000000 183.000000 76.000000
35785584.000000 198.000000 87.000000
35673354.000000 181.000000 56.000000
35624029.000000 180.000000 44.000000
35666711.000000 172.000000 45.000000
35448083.000000 195.000000 84.000000
26855833.000000 138.000000 50.000000
35476477.000000 250.000000 127.000000
35708040.000000 199.000000 101.000000
35564289.000000 184.000000 59.000000
35809805.000000 194.000000 81.000000
35662365.000000 178.000000 37.000000
35704630.000000 185.000000 65.000000
35129341.000000 196.000000 83.000000
35787666.000000 202.000000 68.000000
35630732.000000 174.000000 71.000000
35594225.000000 174.000000 52.000000
35697695.000000 188.000000 83.000000
35729100.000000 219.000000 88.000000
35405340.000000 155.000000 64.000000
35639886.000000 166.000000 32.000000
35676408.000000 184.000000 80.000000
35577228.000000 222.000000 114.000000
35592415.000000 189.000000 49.000000
35866249.000000 160.000000 88.000000
35587321.000000 192.000000 57.000000
35405095.000000 175.000000 91.000000
35548935.000000 232.000000 135.000000
35684056.000000 224.000000 97.000000
35724070.000000 185.000000 55.000000
35470049.000000 246.000000 126.000000
35728229.000000 212.000000 106.000000
35550800.000000 152.000000 55.000000
35337885.000000 189.000000 78.000000
35472208.000000 169.000000 48.000000
35238310.000000 239.000000 157.000000
