51180979.000000 3029.000000 86.000000
55153392.000000 3071.000000 70.000000
52572673.000000 2988.000000 72.000000
47422565.000000 3060.000000 75.000000
56169489.000000 3008.000000 66.000000
42511118.000000 2961.000000 66.000000
49159400.000000 3002.000000 59.000000
50219326.000000 3026.000000 63.000000
54899427.000000 3052.000000 68.000000
50654336.000000 3124.000000 73.000000
49390639.000000 2995.000000 60.000000
46625796.000000 2994.000000 64.000000
44403791.000000 3010.000000 54.000000
47301218.000000 3031.000000 53.000000
56816100.000000 2976.000000 67.000000
53138386.000000 3015.000000 68.000000
49016306.000000 3025.000000 62.000000
54034290.000000 3033.000000 80.000000
45656631.000000 2945.000000 67.000000
54767258.000000 3020.000000 61.000000
49986222.000000 3006.000000 78.000000
52572673.000000 3077.000000 67.000000
53252657.000000 3000.000000 70.000000
52572672.000000 3009.000000 83.000000
48336355.000000 2998.000000 70.000000
52693879.000000 2991.000000 66.000000
51239002.000000 3011.000000 71.000000
52804580.000000 3016.000000 64.000000
44167923.000000 3059.000000 77.000000
50808818.000000 3033.000000 64.000000
45288725.000000 3003.000000 74.000000
48249706.000000 3033.000000 70.000000
47557873.000000 3029.000000 69.000000
52708950.000000 3019.000000 68.000000
68135240.000000 3066.000000 86.000000
50580486.000000 3033.000000 71.000000
49016308.000000 2982.000000 71.000000
49575263.000000 3018.000000 65.000000
51158242.000000 3051.000000 67.000000
48369693.000000 3000.000000 67.000000
52289817.000000 3021.000000 67.000000
49905324.000000 2986.000000 88.000000
48742704.000000 2998.000000 72.000000
54529113.000000 3042.000000 83.000000
53138389.000000 3038.000000 71.000000
48136304.000000 2988.000000 66.000000
53148193.000000 2972.000000 72.000000
49743670.000000 3059.000000 77.000000
52955387.000000 3005.000000 65.000000
54562056.000000 3047.000000 68.000000
45204351.000000 2977.000000 64.000000
52178428.000000 3044.000000 73.000000
52702223.000000 3029.000000 66.000000
50967606.000000 3142.000000 77.000000
51582679.000000 3062.000000 72.000000
56816099.000000 2980.000000 48.000000
53219285.000000 3034.000000 69.000000
56167114.000000 3012.000000 69.000000
55238521.000000 3079.000000 71.000000
51053272.000000 3095.000000 65.000000
47192238.000000 2982.000000 47.000000
49171049.000000 3007.000000 61.000000
49137512.000000 3010.000000 76.000000
45136634.000000 3010.000000 65.000000
55037132.000000 3078.000000 59.000000
56169488.000000 3018.000000 68.000000
47088780.000000 3073.000000 74.000000
51036898.000000 3068.000000 70.000000
56452343.000000 2996.000000 72.000000
47601878.000000 3027.000000 66.000000
46950105.000000 2970.000000 81.000000
49177957.000000 2986.000000 73.000000
47528640.000000 3051.000000 78.000000
47280583.000000 3013.000000 66.000000
48733455.000000 3012.000000 71.000000
46348959.000000 2958.000000 74.000000
50504283.000000 2986.000000 71.000000
44247468.000000 3099.000000 74.000000
52635424.000000 2974.000000 71.000000
52729530.000000 3014.000000 54.000000
48391839.000000 3004.000000 72.000000
51926062.000000 2975.000000 65.000000
52644586.000000 3018.000000 71.000000
53513257.000000 3018.000000 61.000000
49246661.000000 2999.000000 63.000000
42112046.000000 2963.000000 66.000000
51130917.000000 3016.000000 80.000000
53183053.000000 2999.000000 67.000000
52693875.000000 3037.000000 64.000000
43750327.000000 3104.000000 87.000000
48597310.000000 2991.000000 67.000000
45289749.000000 2965.000000 85.000000
53704239.000000 2997.000000 69.000000
49154603.000000 2970.000000 66.000000
49484874.000000 2976.000000 62.000000
52238506.000000 3007.000000 75.000000
53663795.000000 3035.000000 72.000000
55306036.000000 3057.000000 69.000000
51518865.000000 3036.000000 82.000000
50752835.000000 3003.000000 65.000000
