8252382.000000 51919.000000 43030.000000
8351011.000000 51921.000000 43549.000000
8505476.000000 51920.000000 44415.000000
8526408.000000 51921.000000 44479.000000
8440612.000000 51921.000000 44057.000000
8595464.000000 51928.000000 44815.000000
8706379.000000 51919.000000 45397.000000
8575564.000000 51923.000000 44778.000000
8565928.000000 51920.000000 44661.000000
8215631.000000 51921.000000 42859.000000
8566759.000000 51920.000000 44720.000000
8647309.000000 51920.000000 45084.000000
8536201.000000 51923.000000 44523.000000
8415768.000000 51920.000000 43897.000000
8576602.000000 51923.000000 44719.000000
8604296.000000 51918.000000 44921.000000
8402663.000000 51925.000000 43833.000000
8543463.000000 51918.000000 44600.000000
8014077.000000 51913.000000 41808.000000
8624170.000000 51923.000000 45001.000000
8717865.000000 51920.000000 45533.000000
8450789.000000 51919.000000 44098.000000
8587434.000000 51920.000000 44788.000000
8517525.000000 51922.000000 44444.000000
8373092.000000 51919.000000 43745.000000
8659021.000000 51919.000000 45151.000000
8507015.000000 51924.000000 44395.000000
8722281.000000 51922.000000 45476.000000
8438727.000000 51919.000000 44056.000000
8510279.000000 51923.000000 44433.000000
8566889.000000 51920.000000 44674.000000
8393027.000000 51918.000000 43773.000000
8007932.000000 51921.000000 41745.000000
8139393.000000 51920.000000 42479.000000
8606409.000000 51922.000000 44886.000000
8493382.000000 51919.000000 44274.000000
8776045.000000 51893.000000 45781.000000
8469893.000000 51922.000000 44158.000000
8649001.000000 51921.000000 45132.000000
8614282.000000 51923.000000 44944.000000
8604537.000000 51920.000000 44990.000000
8586247.000000 51925.000000 44788.000000
8677420.000000 51920.000000 45241.000000
8343016.000000 51915.000000 43630.000000
8650572.000000 51923.000000 45134.000000
8060701.000000 51922.000000 42076.000000
8636364.000000 51919.000000 45088.000000
8595656.000000 51920.000000 44827.000000
8545957.000000 51921.000000 44595.000000
8456933.000000 51925.000000 44148.000000
8425442.000000 51918.000000 43972.000000
8389798.000000 51922.000000 43786.000000
8686061.000000 51921.000000 45313.000000
8486888.000000 51921.000000 44317.000000
8497990.000000 51922.000000 44316.000000
8549066.000000 51917.000000 44619.000000
8512007.000000 51923.000000 44438.000000
8460774.000000 51923.000000 44127.000000
8559626.000000 51919.000000 44631.000000
8529096.000000 51920.000000 44492.000000
8293057.000000 51914.000000 43270.000000
8621962.000000 51918.000000 44947.000000
8330114.000000 51919.000000 43452.000000
8588971.000000 51919.000000 44797.000000
8408773.000000 51923.000000 43841.000000
8582825.000000 51921.000000 44764.000000
8470026.000000 51918.000000 44175.000000
8261986.000000 51923.000000 43148.000000
8611401.000000 51920.000000 44908.000000
8557096.000000 51918.000000 44679.000000
8432774.000000 51921.000000 44022.000000
8404741.000000 51908.000000 43856.000000
8656490.000000 51920.000000 45140.000000
8618156.000000 51918.000000 44980.000000
8679951.000000 51916.000000 45268.000000
8411268.000000 51919.000000 43884.000000
8271046.000000 51921.000000 43132.000000
8510100.000000 51916.000000 44365.000000
8084738.000000 51918.000000 42165.000000
8535239.000000 51914.000000 44515.000000
8439303.000000 51922.000000 44059.000000
8402366.000000 51921.000000 43847.000000
8254497.000000 51922.000000 43063.000000
8525256.000000 51921.000000 44502.000000
8611784.000000 51922.000000 44928.000000
8367489.000000 51921.000000 43640.000000
8482891.000000 51921.000000 44229.000000
8511623.000000 51919.000000 44379.000000
8526985.000000 51922.000000 44445.000000
8450213.000000 51919.000000 44062.000000
8624458.000000 51920.000000 44974.000000
8503943.000000 51923.000000 44363.000000
8510374.000000 51921.000000 44389.000000
8500137.000000 51921.000000 44322.000000
7195340.000000 51379.000000 37507.000000
8493813.000000 51920.000000 44354.000000
8469774.000000 51922.000000 44172.000000
8594888.000000 51921.000000 44840.000000
8331040.000000 51921.000000 43448.000000
8407813.000000 51923.000000 43872.000000
