36651833.000000 25968.000000 25373.000000
36649790.000000 25975.000000 25418.000000
37296492.000000 25970.000000 25425.000000
36662493.000000 25968.000000 25418.000000
36624235.000000 25969.000000 25306.000000
36622621.000000 25974.000000 25262.000000
36649498.000000 25973.000000 25323.000000
36649641.000000 25973.000000 25412.000000
36672538.000000 25967.000000 25408.000000
36658848.000000 25971.000000 25400.000000
35928184.000000 25975.000000 25097.000000
36636377.000000 25972.000000 25345.000000
36661616.000000 25975.000000 25412.000000
36622854.000000 25968.000000 25272.000000
36634744.000000 25973.000000 25336.000000
36669587.000000 25977.000000 25480.000000
36612091.000000 25970.000000 25218.000000
36667953.000000 25979.000000 25418.000000
36595531.000000 25975.000000 25112.000000
36634808.000000 25970.000000 25370.000000
36660081.000000 25965.000000 25432.000000
37309152.000000 25966.000000 25472.000000
36636748.000000 25972.000000 25310.000000
36583620.000000 25968.000000 25081.000000
36653057.000000 25968.000000 25388.000000
37302297.000000 25973.000000 25521.000000
37287176.000000 25974.000000 25450.000000
36569131.000000 25974.000000 25208.000000
36638275.000000 25975.000000 25433.000000
36617930.000000 25968.000000 25199.000000
37269277.000000 25965.000000 25314.000000
37302765.000000 25970.000000 25423.000000
36606105.000000 25970.000000 25328.000000
37265877.000000 25973.000000 25445.000000
36645487.000000 25971.000000 25447.000000
36638543.000000 25972.000000 25400.000000
36661690.000000 25976.000000 25458.000000
36661958.000000 25967.000000 25356.000000
36626167.000000 25973.000000 25503.000000
36637757.000000 25978.000000 25379.000000
37298347.000000 25975.000000 25534.000000
35137766.000000 25974.000000 25099.000000
36583495.000000 25969.000000 25272.000000
36619267.000000 25973.000000 25299.000000
37300678.000000 25974.000000 25465.000000
37275313.000000 25973.000000 25404.000000
36615328.000000 25967.000000 25332.000000
35975972.000000 25972.000000 25352.000000
37261685.000000 25969.000000 25369.000000
36619265.000000 25976.000000 25309.000000
36654524.000000 25972.000000 25460.000000
37286562.000000 25972.000000 25409.000000
37272769.000000 25976.000000 25446.000000
36610434.000000 25980.000000 25314.000000
36658289.000000 25970.000000 25401.000000
36680159.000000 25967.000000 25454.000000
37278504.000000 25970.000000 25382.000000
36627547.000000 25970.000000 25278.000000
37309324.000000 25962.000000 25477.000000
37161594.000000 25966.000000 25457.000000
36623694.000000 25968.000000 25464.000000
35932034.000000 25979.000000 25296.000000
36633924.000000 25972.000000 25326.000000
36672226.000000 25979.000000 25455.000000
36639137.000000 25972.000000 25293.000000
37305664.000000 25974.000000 25489.000000
36673157.000000 25977.000000 25524.000000
37268592.000000 25972.000000 25323.000000
36649379.000000 25976.000000 25371.000000
37291770.000000 25973.000000 25412.000000
36650180.000000 25977.000000 25339.000000
36640054.000000 25968.000000 25399.000000
37285283.000000 25972.000000 25464.000000
36662684.000000 25973.000000 25425.000000
36684347.000000 25980.000000 25477.000000
37280314.000000 25975.000000 25502.000000
37293296.000000 25975.000000 25414.000000
36659010.000000 25970.000000 25411.000000
36636379.000000 25962.000000 25372.000000
37262259.000000 25978.000000 25513.000000
36592769.000000 25974.000000 25065.000000
36617985.000000 25976.000000 25330.000000
36617374.000000 25971.000000 25371.000000
36635342.000000 25973.000000 25300.000000
37286313.000000 25971.000000 25432.000000
36661769.000000 25971.000000 25373.000000
37302256.000000 25976.000000 25441.000000
36644359.000000 25980.000000 25382.000000
36585334.000000 25967.000000 25108.000000
37317005.000000 25970.000000 25455.000000
37305008.000000 25974.000000 25455.000000
35969981.000000 25974.000000 25281.000000
36653768.000000 25975.000000 25322.000000
36628025.000000 25973.000000 25235.000000
36675590.000000 25977.000000 25458.000000
36642176.000000 25970.000000 25435.000000
36674743.000000 25973.000000 25357.000000
37310407.000000 25970.000000 25494.000000
36682814.000000 25974.000000 25421.000000
37255107.000000 25970.000000 25330.000000
