24628926.000000 174719.000000 168537.000000
30487338.000000 85539.000000 81094.000000
31330317.000000 70951.000000 67104.000000
31632016.000000 69243.000000 65678.000000
30977292.000000 78654.000000 74506.000000
31681295.000000 65845.000000 62563.000000
25853755.000000 164021.000000 158653.000000
33457460.000000 37594.000000 34885.000000
30494920.000000 87296.000000 83400.000000
29696538.000000 100893.000000 96800.000000
30656903.000000 85496.000000 81603.000000
30326332.000000 89527.000000 85362.000000
31261774.000000 74812.000000 70074.000000
33871498.000000 30439.000000 28368.000000
31607132.000000 67584.000000 62993.000000
31636096.000000 64987.000000 60338.000000
28020824.000000 129140.000000 123989.000000
29644796.000000 97446.000000 92684.000000
30595772.000000 83966.000000 79306.000000
30668528.000000 83807.000000 79452.000000
30342840.000000 87857.000000 82669.000000
30501460.000000 87038.000000 82181.000000
32165595.000000 60518.000000 57032.000000
32051408.000000 61473.000000 57731.000000
30822592.000000 82628.000000 78689.000000
30969918.000000 78683.000000 74769.000000
30307828.000000 90301.000000 84827.000000
24335279.000000 185272.000000 178510.000000
31228517.000000 72629.000000 69000.000000
30718757.000000 83331.000000 78358.000000
30168967.000000 94392.000000 89344.000000
31486648.000000 70654.000000 67150.000000
29899819.000000 94141.000000 89836.000000
30032047.000000 93178.000000 88422.000000
28107848.000000 124757.000000 118521.000000
30541477.000000 87153.000000 82774.000000
30365544.000000 85676.000000 80955.000000
30899266.000000 80239.000000 75173.000000
31355913.000000 75140.000000 71221.000000
35752771.000000 132.000000 18.000000
27933025.000000 130437.000000 125688.000000
31257279.000000 75083.000000 71172.000000
31478933.000000 70925.000000 68340.000000
32185992.000000 56367.000000 52673.000000
31332811.000000 72312.000000 68464.000000
31857908.000000 64342.000000 61307.000000
32365257.000000 57829.000000 54659.000000
37162902.000000 123325.000000 119021.000000
32160243.000000 59078.000000 55584.000000
29520294.000000 100544.000000 95751.000000
30827423.000000 78238.000000 73546.000000
30301354.000000 88222.000000 84103.000000
29972697.000000 90939.000000 86177.000000
31900618.000000 62754.000000 58935.000000
26713019.000000 141005.000000 135316.000000
32064414.000000 59457.000000 56554.000000
30018010.000000 92078.000000 88181.000000
31285052.000000 72937.000000 70024.000000
31141964.000000 74871.000000 71867.000000
30173964.000000 90978.000000 86757.000000
29754234.000000 95572.000000 90606.000000
23356793.000000 195581.000000 190546.000000
31209727.000000 74496.000000 70578.000000
30951960.000000 79649.000000 75377.000000
30251769.000000 89733.000000 85307.000000
33739648.000000 32877.000000 31668.000000
31720554.000000 65669.000000 63133.000000
29687500.000000 100210.000000 95889.000000
33605219.000000 36516.000000 33643.000000
30562652.000000 86452.000000 82756.000000
30175450.000000 89795.000000 85778.000000
32002342.000000 60968.000000 57681.000000
29951950.000000 94483.000000 91044.000000
29583355.000000 101249.000000 96156.000000
31050639.000000 78327.000000 73523.000000
30820513.000000 81761.000000 77432.000000
31701832.000000 67722.000000 63923.000000
31392800.000000 72329.000000 67130.000000
30745933.000000 83541.000000 80181.000000
31764896.000000 65802.000000 62096.000000
30712996.000000 84379.000000 80450.000000
31740124.000000 62456.000000 59536.000000
23577211.000000 197365.000000 192809.000000
29901093.000000 95668.000000 91829.000000
30508424.000000 86913.000000 81336.000000
30897282.000000 79841.000000 77208.000000
25605712.000000 166739.000000 162613.000000
31241236.000000 73761.000000 70954.000000
31236153.000000 72051.000000 69917.000000
31725834.000000 65584.000000 62974.000000
29855557.000000 97851.000000 93917.000000
30911043.000000 81564.000000 78160.000000
30295882.000000 91751.000000 87455.000000
29570110.000000 101924.000000 96461.000000
30788594.000000 82510.000000 78591.000000
30410682.000000 86905.000000 83572.000000
31415410.000000 68831.000000 66662.000000
30847544.000000 80768.000000 77028.000000
30437401.000000 84131.000000 80047.000000
27910449.000000 124418.000000 120717.000000
