49262830.000000 18848.000000 16156.000000
49030207.000000 18827.000000 17246.000000
49257716.000000 18827.000000 16788.000000
49261247.000000 18626.000000 16513.000000
49220418.000000 18751.000000 16402.000000
49087677.000000 18759.000000 16880.000000
49138153.000000 18837.000000 16593.000000
48861094.000000 18624.000000 17013.000000
49150811.000000 18626.000000 16850.000000
48975898.000000 18871.000000 17094.000000
49270071.000000 18619.000000 16226.000000
49112275.000000 18631.000000 16634.000000
49166511.000000 18806.000000 16715.000000
49021327.000000 18876.000000 16956.000000
49277233.000000 18830.000000 15931.000000
49136511.000000 18779.000000 16739.000000
49279717.000000 18846.000000 16412.000000
49486926.000000 18855.000000 16256.000000
49558521.000000 18906.000000 16016.000000
49476511.000000 18835.000000 16492.000000
49408864.000000 18941.000000 15886.000000
49543677.000000 18926.000000 15951.000000
49204322.000000 18885.000000 16088.000000
49356817.000000 18796.000000 16117.000000
49111577.000000 18873.000000 16940.000000
49268513.000000 18714.000000 16507.000000
49205889.000000 18880.000000 16812.000000
49260220.000000 18628.000000 16434.000000
49267245.000000 18605.000000 16570.000000
49117782.000000 18637.000000 16614.000000
49099369.000000 18900.000000 16537.000000
49116168.000000 18866.000000 16854.000000
49156871.000000 18867.000000 16760.000000
49165937.000000 18848.000000 16706.000000
49095141.000000 18778.000000 17053.000000
49284299.000000 18625.000000 16188.000000
61222368.000000 23498.000000 20175.000000
49071145.000000 18627.000000 16576.000000
49242308.000000 18629.000000 16307.000000
48950414.000000 18925.000000 17069.000000
49339849.000000 18883.000000 16458.000000
49478817.000000 18857.000000 16465.000000
49419312.000000 19093.000000 16239.000000
49359660.000000 18792.000000 16497.000000
49524496.000000 18875.000000 16021.000000
49902305.000000 18896.000000 15397.000000
49668865.000000 18867.000000 16367.000000
49157988.000000 18863.000000 16819.000000
49087209.000000 18605.000000 17065.000000
49846424.000000 19129.000000 14979.000000
49520532.000000 18937.000000 15488.000000
49785680.000000 19143.000000 15743.000000
49207476.000000 18800.000000 16835.000000
49221883.000000 18852.000000 16280.000000
49515229.000000 18907.000000 16068.000000
49244095.000000 18868.000000 16841.000000
49436068.000000 18846.000000 16678.000000
49336866.000000 18880.000000 16930.000000
49372364.000000 18868.000000 16608.000000
49509951.000000 18864.000000 16256.000000
49462432.000000 18871.000000 15976.000000
49318283.000000 18718.000000 16894.000000
49238906.000000 18916.000000 16772.000000
49374830.000000 18871.000000 16674.000000
49186194.000000 18869.000000 16787.000000
49446848.000000 18846.000000 16071.000000
49384497.000000 18849.000000 16097.000000
49401908.000000 18863.000000 16860.000000
49479105.000000 18920.000000 16458.000000
49475079.000000 19047.000000 16499.000000
49384008.000000 18847.000000 16739.000000
49429564.000000 18909.000000 15838.000000
49617855.000000 18890.000000 15898.000000
49554315.000000 18952.000000 15470.000000
49396467.000000 18948.000000 17663.000000
49673045.000000 18919.000000 15804.000000
49821865.000000 18870.000000 14844.000000
49733742.000000 18859.000000 15318.000000
49649032.000000 18903.000000 15539.000000
49228201.000000 18860.000000 16415.000000
49433099.000000 18903.000000 16306.000000
49841435.000000 18882.000000 15236.000000
49715230.000000 18937.000000 15119.000000
49453391.000000 18844.000000 15810.000000
49373736.000000 18860.000000 15990.000000
49173430.000000 18623.000000 16528.000000
49045222.000000 18866.000000 16856.000000
48942667.000000 18860.000000 16651.000000
49081694.000000 18660.000000 16786.000000
49098407.000000 18837.000000 17075.000000
49180040.000000 18875.000000 16473.000000
49258876.000000 18882.000000 16463.000000
49251414.000000 18781.000000 16450.000000
49201386.000000 18666.000000 16231.000000
49037692.000000 18868.000000 16680.000000
49023505.000000 18644.000000 16889.000000
49074509.000000 18847.000000 16885.000000
49007323.000000 18840.000000 16666.000000
49077588.000000 18922.000000 16885.000000
49230259.000000 18841.000000 16584.000000
