36183052.000000 132660.000000 118499.000000
36093197.000000 129578.000000 116135.000000
37524253.000000 124442.000000 110772.000000
48918376.000000 96501.000000 81964.000000
20089130.000000 115567.000000 104900.000000
32256157.000000 137543.000000 123497.000000
27191385.000000 155191.000000 141997.000000
33027822.000000 137674.000000 123815.000000
38262647.000000 125392.000000 111508.000000
32020201.000000 148792.000000 134481.000000
52338080.000000 89939.000000 75945.000000
20780609.000000 119846.000000 108498.000000
46372206.000000 105272.000000 89940.000000
35321466.000000 132883.000000 120048.000000
59573758.000000 71561.000000 59782.000000
61152192.000000 69163.000000 54371.000000
41810819.000000 116788.000000 103122.000000
65297406.000000 57053.000000 41984.000000
31359206.000000 143530.000000 130407.000000
50232203.000000 94941.000000 81389.000000
41722849.000000 113819.000000 101304.000000
36738313.000000 131194.000000 116692.000000
32807938.000000 140844.000000 127830.000000
34030961.000000 136862.000000 123438.000000
38199851.000000 128356.000000 112593.000000
40724071.000000 125516.000000 111274.000000
44908373.000000 111468.000000 97721.000000
27112186.000000 155559.000000 141601.000000
40440384.000000 118930.000000 104955.000000
36467167.000000 132186.000000 117644.000000
36068074.000000 134886.000000 118503.000000
64266168.000000 61175.000000 44650.000000
35859820.000000 132691.000000 119367.000000
36305816.000000 132431.000000 117030.000000
44932646.000000 110105.000000 94542.000000
33296542.000000 139314.000000 125492.000000
44631656.000000 113262.000000 99424.000000
50921521.000000 93755.000000 78319.000000
45665664.000000 112734.000000 97807.000000
28090467.000000 160014.000000 144505.000000
41062486.000000 119215.000000 104735.000000
47210465.000000 106985.000000 92399.000000
40945464.000000 125347.000000 109628.000000
41014628.000000 123881.000000 108855.000000
43361314.000000 118139.000000 103036.000000
45284131.000000 112879.000000 98036.000000
37606494.000000 133443.000000 117847.000000
37562139.000000 134599.000000 118182.000000
41050583.000000 121349.000000 106205.000000
44248367.000000 116602.000000 99762.000000
44619053.000000 115518.000000 99987.000000
41996595.000000 116430.000000 102477.000000
38376727.000000 132378.000000 116205.000000
37595404.000000 128442.000000 114583.000000
45279567.000000 112240.000000 96724.000000
40678969.000000 123888.000000 105677.000000
36469988.000000 130841.000000 117136.000000
34100028.000000 132443.000000 119165.000000
39439245.000000 124201.000000 109712.000000
37341865.000000 126255.000000 113639.000000
33648398.000000 138661.000000 124719.000000
33831144.000000 144308.000000 130120.000000
34478385.000000 135221.000000 122447.000000
34837643.000000 136723.000000 121364.000000
35694165.000000 137426.000000 123358.000000
33039107.000000 137515.000000 124945.000000
32012803.000000 145331.000000 127357.000000
46571480.000000 104153.000000 89906.000000
33968718.000000 137780.000000 122636.000000
44095586.000000 107686.000000 94554.000000
36335691.000000 128097.000000 117399.000000
58299465.000000 75724.000000 60303.000000
38223417.000000 125968.000000 113108.000000
37416501.000000 125967.000000 114207.000000
37265951.000000 131440.000000 119693.000000
27884914.000000 159592.000000 145628.000000
33945088.000000 136341.000000 123472.000000
37680466.000000 127772.000000 113503.000000
34583938.000000 134796.000000 122621.000000
66193993.000000 54370.000000 38889.000000
36739506.000000 129925.000000 117068.000000
49904715.000000 91896.000000 80835.000000
26976040.000000 154428.000000 140882.000000
53600729.000000 90123.000000 75868.000000
33976471.000000 137626.000000 123655.000000
62274165.000000 61775.000000 49562.000000
47645925.000000 103329.000000 87383.000000
55278064.000000 79277.000000 66285.000000
29553360.000000 149745.000000 134989.000000
29948183.000000 155133.000000 140144.000000
36634514.000000 130055.000000 116981.000000
37354440.000000 128783.000000 113228.000000
35285675.000000 134182.000000 120901.000000
43273057.000000 111590.000000 99533.000000
63706126.000000 63096.000000 47498.000000
44818030.000000 113713.000000 99023.000000
27888139.000000 158945.000000 145240.000000
42588680.000000 117160.000000 98675.000000
27069858.000000 155525.000000 141166.000000
35689493.000000 131833.000000 118691.000000
