56196908.000000 21673.000000 3584.000000
55087354.000000 21080.000000 8568.000000
55358892.000000 21170.000000 7236.000000
54771700.000000 20884.000000 10090.000000
55585234.000000 21349.000000 6182.000000
54808842.000000 20959.000000 9517.000000
55276222.000000 20929.000000 8281.000000
54347331.000000 20889.000000 11956.000000
54834710.000000 20912.000000 8594.000000
55192496.000000 20919.000000 7730.000000
53481024.000000 20380.000000 12886.000000
56103298.000000 21428.000000 4032.000000
55350884.000000 21162.000000 7672.000000
55260278.000000 21183.000000 8109.000000
55059485.000000 21177.000000 8619.000000
53831110.000000 20643.000000 12056.000000
54706959.000000 20657.000000 10353.000000
54828429.000000 20894.000000 10033.000000
55098195.000000 20939.000000 8587.000000
54881268.000000 21145.000000 8439.000000
56057334.000000 21409.000000 4203.000000
53828521.000000 20420.000000 11927.000000
56066817.000000 21423.000000 4157.000000
56136806.000000 21422.000000 3879.000000
55200211.000000 21155.000000 7912.000000
56090754.000000 21436.000000 4211.000000
55083049.000000 20926.000000 7791.000000
55253524.000000 21149.000000 8094.000000
55333057.000000 21211.000000 7784.000000
54735758.000000 20970.000000 8523.000000
53994780.000000 20643.000000 11523.000000
55254334.000000 20909.000000 7470.000000
55219586.000000 20932.000000 8302.000000
55266692.000000 20916.000000 7831.000000
82930021.000000 31505.000000 12091.000000
55407179.000000 20935.000000 7798.000000
56041967.000000 21416.000000 4614.000000
55365079.000000 21171.000000 7743.000000
55211245.000000 21185.000000 8131.000000
56039499.000000 21235.000000 4318.000000
56036003.000000 21438.000000 4374.000000
54808257.000000 21010.000000 8712.000000
54117913.000000 20677.000000 11818.000000
55309913.000000 21153.000000 7910.000000
55296622.000000 20930.000000 8045.000000
55379416.000000 21152.000000 7483.000000
55343225.000000 21182.000000 7779.000000
54440035.000000 20909.000000 9717.000000
54893199.000000 21144.000000 9485.000000
55128191.000000 21172.000000 8619.000000
56168878.000000 21414.000000 3902.000000
54781782.000000 20940.000000 9622.000000
55176880.000000 21108.000000 8442.000000
55202927.000000 20926.000000 8586.000000
54722656.000000 20986.000000 8884.000000
55163971.000000 20908.000000 8516.000000
55953414.000000 21172.000000 4089.000000
56059985.000000 21347.000000 4166.000000
54974412.000000 21007.000000 8315.000000
55956916.000000 21428.000000 4405.000000
56039980.000000 21444.000000 4289.000000
55361005.000000 20909.000000 7863.000000
54637521.000000 20906.000000 9036.000000
54312329.000000 20809.000000 11276.000000
55178238.000000 21175.000000 8579.000000
54236761.000000 20828.000000 12619.000000
54442476.000000 20920.000000 10795.000000
55887426.000000 21433.000000 4152.000000
54870737.000000 20925.000000 8286.000000
55146158.000000 21154.000000 7950.000000
55351821.000000 21169.000000 7666.000000
55142102.000000 20939.000000 8336.000000
55359549.000000 21119.000000 7461.000000
55099559.000000 21165.000000 8000.000000
55187248.000000 21102.000000 8365.000000
55716446.000000 21163.000000 5618.000000
55325567.000000 21154.000000 7628.000000
55235001.000000 20927.000000 8371.000000
54864234.000000 20889.000000 8169.000000
55018569.000000 21162.000000 8824.000000
54254753.000000 20703.000000 12694.000000
56074636.000000 21435.000000 4059.000000
54130009.000000 20684.000000 12801.000000
54826278.000000 20927.000000 8529.000000
54541548.000000 20900.000000 9785.000000
82795061.000000 31476.000000 12358.000000
54100598.000000 20584.000000 11515.000000
54112885.000000 20631.000000 12495.000000
55215044.000000 21163.000000 8148.000000
55227691.000000 20909.000000 8276.000000
55312106.000000 21174.000000 7933.000000
54194230.000000 20653.000000 12905.000000
55150778.000000 21173.000000 8556.000000
54112008.000000 20608.000000 11994.000000
53993887.000000 20620.000000 11972.000000
56116513.000000 21420.000000 3861.000000
54287813.000000 20723.000000 11574.000000
55399425.000000 21158.000000 7446.000000
54593407.000000 20916.000000 10918.000000
54431899.000000 20883.000000 9948.000000
