35678506.000000 138.000000 0.000000
35432023.000000 140.000000 0.000000
35638652.000000 138.000000 0.000000
35832565.000000 148.000000 1.000000
35563993.000000 148.000000 0.000000
35921060.000000 145.000000 0.000000
35788413.000000 148.000000 0.000000
35811108.000000 145.000000 0.000000
35629186.000000 126.000000 0.000000
35717513.000000 141.000000 0.000000
35724360.000000 148.000000 1.000000
35820355.000000 154.000000 3.000000
35824426.000000 133.000000 1.000000
35370529.000000 150.000000 1.000000
35449408.000000 140.000000 0.000000
35645585.000000 148.000000 0.000000
35740321.000000 150.000000 0.000000
35612695.000000 130.000000 0.000000
35823803.000000 152.000000 0.000000
35575134.000000 151.000000 0.000000
35729885.000000 149.000000 1.000000
35471747.000000 135.000000 1.000000
35519315.000000 139.000000 0.000000
35645052.000000 154.000000 1.000000
35783163.000000 144.000000 1.000000
35655694.000000 142.000000 0.000000
35690655.000000 158.000000 1.000000
35602581.000000 150.000000 1.000000
35821654.000000 144.000000 0.000000
35650163.000000 159.000000 1.000000
36109567.000000 148.000000 0.000000
35789937.000000 146.000000 0.000000
35776583.000000 150.000000 0.000000
35547380.000000 136.000000 0.000000
35207299.000000 138.000000 0.000000
35630177.000000 146.000000 0.000000
35728608.000000 152.000000 0.000000
35492802.000000 166.000000 0.000000
35671725.000000 143.000000 0.000000
35775242.000000 158.000000 0.000000
35279336.000000 156.000000 0.000000
35724670.000000 133.000000 0.000000
35761651.000000 164.000000 1.000000
35547891.000000 131.000000 0.000000
35303773.000000 137.000000 0.000000
35758331.000000 152.000000 1.000000
35622600.000000 143.000000 0.000000
35649709.000000 150.000000 1.000000
35684237.000000 139.000000 0.000000
35120407.000000 140.000000 0.000000
35853046.000000 156.000000 0.000000
35641132.000000 139.000000 0.000000
35674218.000000 149.000000 0.000000
35710141.000000 136.000000 0.000000
35669782.000000 150.000000 0.000000
35513261.000000 145.000000 0.000000
35629295.000000 154.000000 2.000000
35551382.000000 138.000000 1.000000
35604203.000000 128.000000 0.000000
35522305.000000 139.000000 1.000000
35851586.000000 162.000000 0.000000
35761275.000000 133.000000 1.000000
35700504.000000 160.000000 0.000000
35756325.000000 157.000000 0.000000
35562540.000000 134.000000 0.000000
35537090.000000 140.000000 0.000000
35828380.000000 156.000000 0.000000
35628000.000000 142.000000 1.000000
35450931.000000 128.000000 1.000000
35806490.000000 148.000000 2.000000
35750622.000000 142.000000 1.000000
35786160.000000 141.000000 1.000000
35760130.000000 146.000000 0.000000
35704392.000000 147.000000 3.000000
35363119.000000 141.000000 0.000000
35740679.000000 141.000000 0.000000
35650516.000000 136.000000 0.000000
35899792.000000 142.000000 0.000000
35602297.000000 150.000000 0.000000
35587278.000000 131.000000 0.000000
35071037.000000 135.000000 0.000000
35662685.000000 157.000000 0.000000
35630002.000000 155.000000 0.000000
35509959.000000 135.000000 0.000000
35716625.000000 140.000000 0.000000
35946543.000000 152.000000 1.000000
35714623.000000 140.000000 0.000000
35637391.000000 156.000000 0.000000
35628294.000000 145.000000 0.000000
35865312.000000 143.000000 1.000000
35651491.000000 137.000000 2.000000
35797808.000000 151.000000 0.000000
35560957.000000 140.000000 0.000000
35688717.000000 149.000000 2.000000
35738723.000000 156.000000 0.000000
35716868.000000 139.000000 0.000000
35546849.000000 142.000000 0.000000
35569953.000000 145.000000 0.000000
35671999.000000 125.000000 0.000000
35363490.000000 134.000000 0.000000
