0,5970781.10788688,3566.89792068947,153.401410304374,0,3634,0
0.01,10081814.9546536,2790.17649299739,189.122044443503,9916772.40872729,2524.18686724654,241.694855991466
0.02,13183973.460049,2413.8863875829,274.952338973277,13191306.6313044,2350.56732173682,202.319624962794
0.03,14281387.2416393,2116.27193853822,340.559921516745,14822812.1093041,2199.29463287365,347.953160993089
0.04,12179739.2872042,1407.56050151771,277.177163668266,11849909.5903273,1377.54348079841,152.598929881015
0.05,13159095.5725634,837.870407923412,367.231085857128,13160395.6,649.5,271.8
0.06,15216576.7378319,946.856256034973,345.762706835421,15799879.4537698,697.666338177644,328.423055221647
0.07,15060943.6530753,809.211247455448,317.528907097299,14822812.1093041,753.54884553302,207.423212791671
0.08,19841526.9969051,806.951614934802,364.924463411373,19786959.9469565,819.163148793327,281.498570166954
0.09,21930832.4777523,733.753319225373,385.742885478212,19833544.8174546,897.293866124405,437.872342513246
0.1,39870584.2000679,1038.85629397402,802.072122612728,39949249.8,0,0
0.11,44958065.2048868,1479.65098428119,805.30009865107,45016633.0921488,1042.78337793875,0
0.12,39170042.3499125,1025.98029044841,376.03076627343,39170042.3499125,1099.16956653941,0
0.13,NaN,NaN,NaN,0,0,0
0.14,38979966.9367736,1612.96530728237,617.952196657882,38979966.9367736,1232.45397378589,0
0.15,40855851.2542757,1930.65517553254,992.789557554645,40979214,1312,0
0.16,41785783.5109812,1897.94847870959,743.331867169011,42070522.7106649,1556.62998667121,0
0.17,41332534.4882547,2258.86436113335,852.831877363476,43221546.5000402,1913.3932160445,0
0.18,43103591.7646545,2184.40394486935,771.927365794588,44437324.5409891,2482.31333877067,0
0.19,43673992.9925702,1691.59242982503,696.481030936317,45723479.4039354,0,0
0.2,44602634.9586763,2774.97026355791,2375.43075027771,47086304,0,0
0.21,42454906.46212,3465.66902373267,3272.64150985479,42202543.9383417,6127.09451742234,6099.49449264923
0.22,42028855.7985594,4507.61749459625,3935.39855346408,42028855.7985594,6129.99177224478,6102.39173504987
0.23,43335981.3044988,2703.68794674878,2257.0926243182,41856591.4554868,6132.89176835237,6105.29173112218
0.24,43943637.5226153,721.851970282083,601.400261844462,46317481.6370812,0,0
0.25,43662897.8645057,2708.80351430329,2207.26769174098,46129183,0,0
0.26,46097278.4713324,265.252361544667,226.327530905301,46600070.9383636,0,0
0.27,47061374.2543008,23.9878938349683,23.4558198859709,47080671.6989075,0,0
0.28,47569062.325785,2.89727220899323,2.81468047375141,47571288.9271231,0,0
0.29,48056392.5878085,20.9165146216543,20.2282330191209,48072239.0586743,0,0
0.3,47466333.1509312,2205.45048476342,2169.04319368788,48583852,0,0
0.31,48503443.8224872,8.81822828087201,8.57645470174599,48510280.8440809,0,0
0.32,48434809.6747459,2.70175053344964,2.65242627271691,48436932.1707608,0,0
0.33,48223763.6624463,173.38515728248,166.639318674276,48363804.9723668,0,0
0.34,46377631.1055205,1283.05704315636,1126.90806763324,48290898.247302,0,0
0.35,45346113.4579831,3242.4166966429,2729.31722152233,43396389.9,0,0
0.36,44393511.5906929,2270.97801878422,2024.66220954635,43243318.7286324,0,0
0.37,47105575.4171414,816.215126155946,681.253797692117,47879248.4568391,0,0
0.38,47596508.7437507,146.19462019408,101.462365982323,47711548.0452296,0,0
0.39,47451514.6829905,157.667978003911,99.7543712783937,47545018.2980937,0,0
0.4,45707158.9877371,3241.8433077088,2634.37875179433,47379647,0,0
0.41,47012899.0726658,342.458652443638,179.087354191244,47178414.9999147,0,0
0.42,46713806.4618608,355.83823105816,217.694919647351,46978885.1255029,0,0
0.43,43359479.7740558,3837.22485806058,3511.96750668512,42102932.2843591,6056.27037276101,6055.01936912009
0.44,42508257.2128482,1885.06308537488,1099.1157097962,41926361.4840921,0,0
0.45,43362615.7301108,3366.88755560218,2515.46990568597,41751265.5,0,0
0.46,42318091.9191718,2057.87953519649,1342.1184069322,41430673.365893,0,0
0.47,44867552.8436598,852.222810635752,588.527816594739,45683296.8063265,0,0
0.48,45256175.4325385,113.296852489022,87.864701364594,45337817.7010551,0,0
0.49,44964297.2758597,83.5732732070315,31.8377223063978,44997524.7346639,0,0
0.5,43224076.0821839,2726.54794018807,2223.75202530969,44662302,0,0
0.51,44736892.1337507,71.8294334910377,24.2865196566375,44750820.8294946,0,0
0.52,44838996.3998015,9.53515930525754,1.21519509243725,44839691.2370972,0,0
0.53,44922646.7937943,29.4770087630518,9.4034366251885,44928915.3215666,0,0
0.54,45004716.3367369,240.624359727002,50.4536278364843,45018495.1984001,0,0
0.55,43533174.3857307,3140.22154697288,2463.5639046626,45108433,0,0
0.56,45412552.0292327,168.380047038408,29.0352932476521,45425850.4710203,0,0
0.57,45745567.0704764,35.4694838651995,2.91656230463858,45747766.7840391,0,0
0.58,46054372.9903061,63.7868192047493,25.8887099872735,46074278.2666156,0,0
0.59,46184938.0116723,544.812709395679,280.720537717034,46405484.0161183,0,0
0.6,44328749.8467682,3298.54878892766,2607.51873153389,46741486,0,0
0.61,45952472.4826363,811.583128033941,471.24243073046,46343260.7465903,0,0
0.62,45899793.5399847,113.349068528516,54.366924710863,45951763.7207509,0,0
0.63,45550337.6559092,40.270045555147,18.4926788781608,45566825.8354118,0,0
0.64,45150138.9643812,90.9660299990849,36.2899185418844,45188283.6222045,0,0
0.65,42969137.8249373,2661.12343669073,2105.27185969632,44815979,0,0
0.66,35604860.0277366,1975.28175684959,1150.93175273921,35597690.899833,0,0
0.67,27175639.3207586,6012.62980367404,4253.49524630426,26509652.1861226,0,0
0.68,18133675.8372905,9946.63748108469,6572.64241726123,17549121.6951852,0,0
0.69,9619735.3515762,16991.8307322979,9956.79540195705,8713434.6463841,0,0
0.7,7809689.62296272,30672.9525625589,14882.6883543408,0,0,0
0.71,5192189.71983114,23708.6988804408,12255.7302533366,0,0,0
0.72,4487359.06900051,19017.2810150831,10398.4590455993,0,0,0
0.73,4236166.08099719,15822.9733412643,9189.06910135975,0,0,0
0.74,4194528.9123447,11924.0992777463,7370.3326680979,0,0,0
0.75,6528896.95899823,17262.6375083915,10641.3340406983,0,0,0
0.76,3914754.76197542,10208.2205142935,6849.93635399592,0,0,0
0.77,3062706.81170175,8210.58146262451,5639.02368274573,0,0,0
0.78,2665311.08358444,7078.35642200026,5012.41874556089,0,0,0
0.79,2433035.87508398,6249.23474714319,4569.51317980005,0,0,0
0.8,4197823.86012758,11956.8697145352,8772.04800146847,0,0,0
0.81,2265094.31539196,6625.58178084266,4935.63153127965,0,0,0
0.82,1935035.20019484,4861.39629308303,3775.54207834023,0,0,0
0.83,1743175.09986025,3556.70915255019,2941.10722930161,0,0,0
0.84,1804347.68405439,2534.67104416939,2310.48849436584,0,0,0
0.85,4491476.45633291,8722.22445310516,7512.37852179014,0,0,0
0.86,1934605.20510461,2743.35527960057,2104.00258255688,0,0,0
0.87,1482852.28369587,1762.33090401848,1358.55561025643,0,0,0
0.88,1325855.98797279,1172.35381444778,890.162975637707,0,0,0
0.89,1599699.23137472,1155.99686140126,746.206411621752,0,0,0
0.9,4271551.46591883,6390.03961877629,5944.6339836044,0,0,0
0.91,1075348.9675971,755.550509873,405.100950379232,0,0,0
0.92,569990.646538826,223.167698848036,124.728328272988,0,0,0
0.93,485461.795536983,113.562183436608,44.514920677601,0,0,0
0.94,757260.301981746,276.305442371686,95.1979930473542,0,0,0
0.95,4202954.78396336,6389.86499639259,6020.57732971776,0,0,0
0.96,841373.991268788,331.866199983205,140.076621011515,0,0,0
0.97,693957.372153292,637.347312610611,352.506714990511,0,0,0
0.98,923473.362342434,1094.2068009494,587.899147275619,0,0,0
0.99,1361419.46848166,2473.95314955868,1298.52215563047,0,0,0
