0,6425551.46005217,3589.00025278512,177.114744704285,0,3634,0
0.01,10358849.4901608,2823.89207087765,214.595327562561,9916772.40872729,2524.18686724654,241.694855991466
0.02,13186346.3368366,2402.88134020486,323.920822974419,13191306.6313044,2350.56732173682,404.639249925588
0.03,14525230.7585033,2152.54907240827,409.261696606522,14822812.1093041,2199.29463287365,347.953160993089
0.04,12177437.3383789,1413.49324263373,364.294666909627,11849909.5903273,1377.54348079841,305.19785976203
0.05,13222594.074904,849.288048869453,445.79838889823,13160395.6,649.5,407.7
0.06,15338956.8418629,977.325064354958,454.421944641271,15799879.4537698,697.666338177644,328.423055221647
0.07,15091219.4237512,836.723201400473,407.388070186135,14822812.1093041,753.54884553302,414.846425583341
0.08,19878759.2621628,891.126196927023,441.475894851628,19786959.9469565,819.163148793327,562.997140333908
0.09,23364502.4539534,925.31439447972,462.453222726414,19833544.8174546,897.293866124405,437.872342513246
0.1,40495443.3909266,1181.70974702611,916.618041408119,39949249.8,0,0
0.11,44973692.5147097,1564.3235603786,881.301632583583,45016633.0921488,1042.78337793875,0
0.12,39170042.3499125,1145.91193710493,511.00253603775,39170042.3499125,1099.16956653941,0
0.13,NaN,NaN,NaN,0,0,0
0.14,38979966.9367736,1872.10819279307,897.899184936763,38979966.9367736,1232.45397378589,0
0.15,40637786.1742175,2199.12363642872,1266.87411692253,40979214,1312,0
0.16,41017397.6654014,2532.11063160333,1412.40765261867,42070522.7106649,1556.62998667121,0
0.17,40812044.7483655,2562.52608214621,1139.98097847329,43221546.5000402,1913.3932160445,0
0.18,42566705.7914018,2593.91377432525,1189.85884821176,44437324.5409891,2482.31333877067,0
0.19,43566251.8020751,1922.42356563138,905.850828846163,45723479.4039354,0,0
0.2,44561105.491741,3044.30860908689,2657.82641614823,47086304,0,0
0.21,42322279.119761,5196.92933682329,4947.04344023061,42202543.9383417,6127.09451742234,6099.49449264923
0.22,42028855.7985594,5814.46529771146,5566.5789111012,42028855.7985594,6129.99177224478,6102.39173504987
0.23,42442757.4900013,4727.50649191192,4268.58140729237,41856591.4554868,6132.89176835237,6105.29173112218
0.24,43406488.6477361,2046.53595800891,1814.50073508578,46317481.6370812,0,0
0.25,43557876.690366,2940.70216500569,2437.68571479547,46129183,0,0
0.26,45713912.3213401,803.170460379477,726.975270701626,46600070.9383636,0,0
0.27,46923655.9010805,201.498393621094,199.698680947486,47080671.6989075,0,0
0.28,47553642.7675315,22.6524028012584,22.4201566741573,47571288.9271231,0,0
0.29,48020359.3409482,67.2490748826567,66.102101257658,48072239.0586743,0,0
0.3,47338741.7744292,2490.15263366613,2450.53451381735,48583852,0,0
0.31,48483455.2852842,34.0692153438896,33.6321584031063,48510280.8440809,0,0
0.32,48418747.3921094,22.8061353959261,22.6805861604552,48436932.1707608,0,0
0.33,47731829.1103708,786.740285665916,771.84807732932,48363804.9723668,0,0
0.34,45268356.0321755,2981.97733392436,2746.35492630622,48290898.247302,0,0
0.35,45241449.2388249,3500.84596181101,3001.36406817446,43396389.9,0,0
0.36,43732369.221966,4119.22664717769,3772.07014922815,43243318.7286324,6078.0678641111,6077.25072654871
0.37,45222624.0129228,3235.15078552869,3040.76063517968,43091323.6111552,6085.05174077904,6083.91604166393
0.38,47212563.7998109,630.650170881976,536.80830446809,47711548.0452296,0,0
0.39,47244541.3135967,428.126241100952,353.833336217221,47545018.2980937,0,0
0.4,45566205.4141551,3544.95274507528,2952.72369705269,47379647,0,0
0.41,46712606.6309111,748.67553648614,547.924632222456,47178414.9999147,0,0
0.42,45928054.4874429,1386.40230905077,1123.87382764063,46978885.1255029,0,0
0.43,42622252.5749039,4993.32948622078,4653.77660543922,42102932.2843591,6056.27037276101,6055.01936912009
0.44,42292880.9466405,3203.79138488762,2328.48480180561,41926361.4840921,0,0
0.45,43266053.845745,3649.67859590235,2803.21271793058,41751265.5,0,0
0.46,41957883.5332321,3564.28425976294,2666.55351337024,41430673.365893,6058.46867043962,6046.34594212942
0.47,43849615.3377879,2234.98835882657,1809.60619616079,45683296.8063265,0,0
0.48,45120952.829688,283.445932645139,235.635454121166,45337817.7010551,0,0
0.49,44918830.6230519,153.699525393342,90.7144658080714,44997524.7346639,0,0
0.5,43101980.6702234,2999.08945830779,2500.89255775666,44662302,0,0
0.51,44702641.1876566,132.183771958273,75.0033574806959,44750820.8294946,0,0
0.52,44835266.1095717,21.8996201323128,7.33602827700683,44839691.2370972,0,0
0.53,44914671.794402,55.4482195516809,22.8096945776385,44928915.3215666,0,0
0.54,44979126.6676021,327.637217070454,108.000682288163,45018495.1984001,0,0
0.55,43406401.4097336,3431.53722504128,2764.94686476106,45108433,0,0
0.56,45386625.5111974,239.930168681994,75.6246247128015,45425850.4710203,0,0
0.57,45735547.6867026,65.3684206572055,17.2469730606299,45747766.7840391,0,0
0.58,46015967.3670679,129.081060660027,77.3081211036181,46074278.2666156,0,0
0.59,45873684.0831135,1025.57043405353,711.445389803129,46405484.0161183,0,0
0.6,44237677.9000057,3609.30748292727,2937.54281582545,46741486,0,0
0.61,45440795.1680798,1624.42961487158,1197.48263604299,46343260.7465903,0,0
0.62,45739134.6082459,348.829202340701,258.081654894822,45951763.7207509,0,0
0.63,45519353.7543234,92.1262892936348,55.9682956132476,45566825.8354118,0,0
0.64,45102591.6115825,177.96223956367,105.807580411617,45188283.6222045,0,0
0.65,42879605.2650425,2903.90018401067,2348.04841404401,44815979,0,0
0.66,35592037.0284153,2387.10951967429,1470.44153361268,35597690.899833,0,0
0.67,27597439.6751929,7231.48051094661,5196.18972828533,26509652.1861226,0,0
0.68,19333089.5615471,13070.6331881523,8719.30618064377,17549121.6951852,0,0
0.69,11474581.8725432,22717.3093088887,13357.2018957151,8713434.6463841,0,0
0.7,9973205.28398111,38521.2295946177,19080.0019484967,0,0,0
0.71,7355803.13594092,33852.5970135722,17520.637958543,0,0,0
0.72,5960565.4792714,25819.6374692456,14163.8923744641,0,0,0
0.73,5250292.466032,19537.5710301562,11391.4352378782,0,0,0
0.74,5381435.06683377,15334.6389652325,9536.46030106334,0,0,0
0.75,8317834.28698433,22088.6569834066,14190.6065478477,0,0,0
0.76,5321896.72260895,14633.483573471,9941.97230213677,0,0,0
0.77,3979231.22974921,11321.202013861,7892.37925929448,0,0,0
0.78,3312881.69619437,9425.62229557831,6700.09011543901,0,0,0
0.79,3029901.94470856,8413.32502641947,6158.65336605417,0,0,0
0.8,5177439.07271472,15348.2585835125,11422.950682561,0,0,0
0.81,2995606.698381,9618.74648142258,7158.26612377971,0,0,0
0.82,2497748.50186601,7192.20168211443,5496.44370639445,0,0,0
0.83,2151236.71498843,5117.73317152162,4132.07311580582,0,0,0
0.84,2110499.26042476,3658.63673367536,3195.41253136371,0,0,0
0.85,5353975.43093145,10933.8899387575,9446.13531472076,0,0,0
0.86,2394670.38957628,4196.63722012953,3223.08841914737,0,0,0
0.87,1868621.33126041,2923.04564441428,2340.40830444594,0,0,0
0.88,1608424.21312112,1963.22641058574,1574.05907817715,0,0,0
0.89,1804553.27432526,1746.94308337351,1307.83575192247,0,0,0
0.9,4943818.65727011,7762.34292711795,7291.78318389424,0,0,0
0.91,1235484.59124776,1200.94036331346,846.211718369732,0,0,0
0.92,691414.442373295,447.785830982335,320.45585708718,0,0,0
0.93,582953.008295611,216.556934562136,121.894971463831,0,0,0
0.94,856330.101792475,444.569814976882,242.843850888802,0,0,0
0.95,4851936.52372748,7758.22969646216,7375.50316173249,0,0,0
0.96,927838.707834477,551.083728768105,334.14386231839,0,0,0
0.97,823783.271395394,1036.10588135134,648.713136543339,0,0,0
0.98,1105440.12287359,1876.42244637581,1196.19597998051,0,0,0
0.99,1569480.1085043,3599.46653098223,2149.85602670496,0,0,0
