0.000000 1041652.670000 3364.350000 114.180000
0.010000 0.000000 0.000000 0.000000
0.020000 0.000000 0.000000 0.000000
0.030000 1041652.670000 3364.350000 114.180000
0.040000 9004271.370000 1144.910000 408.000000
0.050000 1401095.840000 689.120000 160.500000
0.060000 13351484.910000 850.210000 637.510000
0.070000 15332249.570000 818.860000 325.460000
0.080000 34468295.150000 1034.880000 723.640000
0.090000 39221182.870000 341.470000 267.270000
0.100000 39124763.690000 503.580000 249.360000
0.110000 39191177.560000 418.090000 241.520000
0.120000 39211824.360000 659.240000 243.880000
0.130000 39244840.930000 581.410000 220.290000
0.140000 39138007.250000 696.390000 219.580000
0.150000 39139421.400000 1157.510000 233.700000
0.160000 39604854.150000 1571.790000 319.810000
0.170000 40624106.380000 1753.000000 81.970000
0.180000 40280445.040000 1776.130000 86.260000
0.190000 46229923.980000 408.780000 94.960000
0.200000 46714067.180000 171.010000 70.760000
0.210000 45050256.450000 939.590000 77.710000
0.220000 43113358.560000 1539.820000 103.770000
0.230000 40496653.570000 2189.080000 104.020000
0.240000 40367070.810000 2015.160000 145.110000
0.250000 45600565.600000 307.850000 103.310000
0.260000 43486120.240000 1360.990000 87.290000
0.270000 45645948.720000 1870.840000 196.990000
0.280000 43262879.740000 1561.730000 135.940000
0.290000 46421486.350000 427.600000 58.810000
0.300000 48627645.250000 93.080000 39.620000
0.310000 48296145.380000 41.820000 29.260000
0.320000 48284613.920000 388.560000 75.900000
0.330000 44030396.060000 1734.740000 98.730000
0.340000 44683529.350000 754.090000 67.470000
0.350000 45295257.730000 720.420000 65.650000
0.360000 45465041.130000 1293.980000 113.330000
0.370000 45323537.720000 908.220000 78.770000
0.380000 45901373.200000 1026.360000 112.090000
0.390000 44776578.890000 969.430000 100.380000
0.400000 44596657.260000 1411.310000 146.070000
0.410000 46177751.400000 1264.400000 105.490000
0.420000 46317776.540000 2044.750000 181.990000
0.430000 43365942.850000 1777.670000 179.960000
0.440000 43372767.750000 1882.650000 230.750000
0.450000 43632357.740000 2273.950000 264.620000
0.460000 43502922.140000 1834.290000 204.450000
0.470000 43487247.250000 1865.530000 205.440000
0.480000 43813343.240000 1101.720000 81.580000
0.490000 42437385.250000 1477.070000 134.430000
0.500000 43312935.330000 1090.120000 95.780000
0.510000 44069185.680000 1029.270000 103.760000
0.520000 43634621.460000 1322.530000 124.970000
0.530000 42455677.640000 1644.650000 154.430000
0.540000 43201535.290000 1469.980000 141.570000
0.550000 45430775.170000 1147.150000 185.220000
0.560000 44734538.700000 1564.320000 99.900000
0.570000 44720710.990000 1098.180000 78.480000
0.580000 45424068.030000 876.600000 127.960000
0.590000 45223213.160000 2083.070000 156.680000
0.600000 46731144.820000 646.330000 120.420000
0.610000 44709041.800000 1567.520000 112.150000
0.620000 45751654.980000 1281.320000 149.220000
0.630000 45197590.280000 1184.080000 117.280000
0.640000 43796571.640000 1641.170000 172.630000
0.650000 44629494.840000 1619.300000 186.410000
0.660000 43892351.800000 1187.040000 116.450000
0.670000 44139908.240000 1793.320000 170.440000
0.680000 31027712.790000 91500.440000 11435.820000
0.690000 21562249.890000 163472.800000 19150.050000
0.700000 3035203.430000 26516.980000 4197.230000
0.710000 0.000000 0.000000 0.000000
0.720000 0.000000 0.000000 0.000000
0.730000 0.000000 0.000000 0.000000
0.740000 0.000000 0.000000 0.000000
0.750000 0.000000 0.000000 0.000000
0.760000 0.000000 0.000000 0.000000
0.770000 0.000000 0.000000 0.000000
0.780000 0.000000 0.000000 0.000000
0.790000 0.000000 0.000000 0.000000
0.800000 0.000000 0.000000 0.000000
0.810000 0.000000 0.000000 0.000000
0.820000 0.000000 0.000000 0.000000
0.830000 0.000000 0.000000 0.000000
0.840000 0.000000 0.000000 0.000000
0.850000 0.000000 0.000000 0.000000
0.860000 0.000000 0.000000 0.000000
0.870000 0.000000 0.000000 0.000000
0.880000 0.000000 0.000000 0.000000
0.890000 0.000000 0.000000 0.000000
0.900000 0.000000 0.000000 0.000000
0.910000 0.000000 0.000000 0.000000
0.920000 0.000000 0.000000 0.000000
0.930000 0.000000 0.000000 0.000000
0.940000 0.000000 0.000000 0.000000
0.950000 0.000000 0.000000 0.000000
0.960000 0.000000 0.000000 0.000000
0.970000 0.000000 0.000000 0.000000
0.980000 0.000000 0.000000 0.000000
0.990000 0.000000 0.000000 0.000000
1.000000 0.000000 0.000000 0.000000
