0.000000 1714403.320000 3867.180000 73.390000
0.010000 0.000000 0.000000 0.000000
0.020000 0.000000 0.000000 0.000000
0.030000 1131550.500000 3696.260000 58.030000
0.040000 8644140.810000 1084.260000 79.580000
0.050000 2211606.910000 775.430000 105.590000
0.060000 13408082.040000 870.380000 508.510000
0.070000 15405491.800000 832.520000 182.380000
0.080000 36051615.660000 965.850000 736.550000
0.090000 39213316.210000 330.880000 255.850000
0.100000 39139532.760000 525.860000 231.630000
0.110000 39181875.890000 458.370000 233.830000
0.120000 39228404.740000 716.790000 222.020000
0.130000 39218407.660000 635.000000 209.230000
0.140000 39142976.970000 850.420000 201.720000
0.150000 39115047.110000 1216.860000 204.060000
0.160000 39680735.660000 1751.200000 233.610000
0.170000 40664471.540000 1841.550000 1.470000
0.180000 40363727.440000 1866.550000 2.780000
0.190000 46551027.490000 375.740000 90.250000
0.200000 46706515.800000 175.550000 68.490000
0.210000 44718731.560000 1042.760000 35.080000
0.220000 43107149.470000 1606.300000 51.570000
0.230000 40548719.100000 2261.740000 1.520000
0.240000 40676584.320000 2129.530000 43.470000
0.250000 45095415.520000 630.480000 82.200000
0.260000 43975528.880000 1085.970000 48.270000
0.270000 45598443.780000 1946.580000 76.540000
0.280000 43229840.140000 1600.390000 40.500000
0.290000 46706656.870000 412.840000 39.190000
0.300000 48580366.320000 91.430000 37.250000
0.310000 48321675.530000 42.070000 29.060000
0.320000 48040970.020000 617.730000 53.430000
0.330000 43919296.630000 1661.000000 1.190000
0.340000 44843754.660000 700.380000 1.000000
0.350000 45490980.950000 870.790000 7.220000
0.360000 45528803.200000 1222.680000 9.830000
0.370000 45554647.840000 928.840000 13.610000
0.380000 45778693.950000 1055.120000 21.140000
0.390000 44784489.960000 1021.820000 12.200000
0.400000 44626338.700000 1402.260000 2.330000
0.410000 46312484.030000 1458.840000 12.370000
0.420000 46329698.230000 2010.300000 6.630000
0.430000 43252071.330000 1796.870000 8.210000
0.440000 43462714.590000 2060.340000 2.840000
0.450000 43800041.170000 2288.380000 2.830000
0.460000 43558531.460000 1914.880000 2.310000
0.470000 43573970.990000 1836.150000 3.040000
0.480000 43793234.020000 1149.200000 0.460000
0.490000 42392482.080000 1562.780000 1.160000
0.500000 43442310.540000 1139.340000 0.750000
0.510000 44194397.760000 1092.050000 6.670000
0.520000 43663294.520000 1405.250000 3.440000
0.530000 42381226.880000 1696.860000 0.970000
0.540000 43570762.060000 1513.620000 1.100000
0.550000 45390514.860000 1262.230000 4.440000
0.560000 44795526.590000 1523.630000 3.140000
0.570000 44764368.360000 1115.000000 2.070000
0.580000 45501762.670000 978.670000 66.570000
0.590000 45382754.500000 2111.600000 4.920000
0.600000 46716749.820000 739.230000 70.920000
0.610000 44696061.050000 1629.750000 11.830000
0.620000 45891052.960000 1140.470000 47.170000
0.630000 45023324.720000 1332.460000 42.750000
0.640000 43943972.920000 1769.790000 49.260000
0.650000 44586268.050000 1610.130000 10.950000
0.660000 44042808.750000 1174.480000 5.230000
0.670000 43345464.050000 5184.500000 5.620000
0.680000 31335814.910000 112491.210000 42.480000
0.690000 24496124.690000 195647.540000 3.660000
0.700000 0.000000 0.000000 0.000000
0.710000 0.000000 0.000000 0.000000
0.720000 0.000000 0.000000 0.000000
0.730000 0.000000 0.000000 0.000000
0.740000 0.000000 0.000000 0.000000
0.750000 0.000000 0.000000 0.000000
0.760000 0.000000 0.000000 0.000000
0.770000 0.000000 0.000000 0.000000
0.780000 0.000000 0.000000 0.000000
0.790000 0.000000 0.000000 0.000000
0.800000 0.000000 0.000000 0.000000
0.810000 0.000000 0.000000 0.000000
0.820000 0.000000 0.000000 0.000000
0.830000 0.000000 0.000000 0.000000
0.840000 0.000000 0.000000 0.000000
0.850000 0.000000 0.000000 0.000000
0.860000 0.000000 0.000000 0.000000
0.870000 0.000000 0.000000 0.000000
0.880000 0.000000 0.000000 0.000000
0.890000 0.000000 0.000000 0.000000
0.900000 0.000000 0.000000 0.000000
0.910000 0.000000 0.000000 0.000000
0.920000 0.000000 0.000000 0.000000
0.930000 0.000000 0.000000 0.000000
0.940000 0.000000 0.000000 0.000000
0.950000 0.000000 0.000000 0.000000
0.960000 0.000000 0.000000 0.000000
0.970000 0.000000 0.000000 0.000000
0.980000 0.000000 0.000000 0.000000
0.990000 0.000000 0.000000 0.000000
1.000000 0.000000 0.000000 0.000000
