0.000000 1855593.580000 3703.770000 79.390000
0.010000 0.000000 0.000000 0.000000
0.020000 0.000000 0.000000 0.000000
0.030000 1017607.250000 3473.940000 54.450000
0.040000 8644088.120000 1076.100000 81.240000
0.050000 2390365.390000 827.360000 123.030000
0.060000 13401217.500000 864.270000 483.210000
0.070000 15450450.190000 832.130000 182.210000
0.080000 36143192.830000 958.530000 733.530000
0.090000 39218600.110000 324.330000 254.790000
0.100000 39142722.110000 490.790000 231.290000
0.110000 39183424.890000 422.700000 234.390000
0.120000 39231125.370000 662.720000 221.340000
0.130000 39226004.360000 564.370000 207.570000
0.140000 39144616.260000 757.260000 203.500000
0.150000 39122024.420000 1055.980000 206.440000
0.160000 39689105.690000 1614.320000 229.280000
0.170000 40678305.100000 1711.610000 0.240000
0.180000 40388051.790000 1754.670000 2.250000
0.190000 46564875.970000 345.910000 90.970000
0.200000 46683362.150000 174.060000 68.740000
0.210000 44677516.600000 1027.570000 34.410000
0.220000 43090013.290000 1578.150000 50.480000
0.230000 40574389.870000 2122.200000 0.220000
0.240000 40715626.510000 1969.710000 42.490000
0.250000 45063010.480000 644.560000 81.150000
0.260000 44005457.890000 1033.240000 48.620000
0.270000 45583041.770000 1908.200000 73.980000
0.280000 43253119.430000 1520.530000 39.700000
0.290000 46767209.910000 394.980000 39.020000
0.300000 48104746.040000 90.650000 37.190000
0.310000 48330955.670000 41.690000 28.970000
0.320000 48061496.220000 624.580000 53.680000
0.330000 43904824.410000 1605.380000 0.250000
0.340000 44818037.280000 668.180000 0.090000
0.350000 45462098.430000 837.110000 6.240000
0.360000 45523409.600000 1169.570000 9.150000
0.370000 45541985.340000 900.060000 12.530000
0.380000 45751071.090000 1026.430000 20.410000
0.390000 44780180.570000 991.350000 11.530000
0.400000 44596064.780000 1370.200000 0.210000
0.410000 46309112.410000 1422.680000 11.900000
0.420000 46308812.170000 1950.520000 5.790000
0.430000 43257413.890000 1706.740000 6.390000
0.440000 43418471.270000 1969.580000 0.240000
0.450000 43755096.540000 2189.280000 0.200000
0.460000 43540437.170000 1832.590000 0.240000
0.470000 43511445.330000 1766.570000 1.170000
0.480000 43791325.260000 1113.370000 0.100000
0.490000 42384931.240000 1483.530000 0.160000
0.500000 43388815.510000 1052.630000 0.010000
0.510000 44187408.680000 1004.500000 6.120000
0.520000 43669922.090000 1275.010000 2.580000
0.530000 42344096.030000 1640.390000 0.520000
0.540000 43507847.220000 1410.690000 0.100000
0.550000 45388140.700000 1236.590000 3.030000
0.560000 44757573.230000 1453.200000 2.950000
0.570000 44743816.590000 1031.020000 1.540000
0.580000 45496750.730000 934.800000 66.590000
0.590000 45328074.390000 1990.270000 4.580000
0.600000 46693318.220000 744.420000 70.570000
0.610000 44737827.180000 1525.450000 12.160000
0.620000 45840172.160000 1125.560000 46.100000
0.630000 45052859.820000 1253.270000 43.640000
0.640000 43903287.490000 1684.690000 47.710000
0.650000 44517645.820000 1577.910000 12.590000
0.660000 44035890.880000 1076.640000 4.820000
0.670000 43685790.610000 5164.980000 5.640000
0.680000 31763582.090000 113126.010000 40.490000
0.690000 24522102.770000 194817.780000 3.970000
0.700000 0.000000 0.000000 0.000000
0.710000 0.000000 0.000000 0.000000
0.720000 0.000000 0.000000 0.000000
0.730000 0.000000 0.000000 0.000000
0.740000 0.000000 0.000000 0.000000
0.750000 0.000000 0.000000 0.000000
0.760000 0.000000 0.000000 0.000000
0.770000 0.000000 0.000000 0.000000
0.780000 0.000000 0.000000 0.000000
0.790000 0.000000 0.000000 0.000000
0.800000 0.000000 0.000000 0.000000
0.810000 0.000000 0.000000 0.000000
0.820000 0.000000 0.000000 0.000000
0.830000 0.000000 0.000000 0.000000
0.840000 0.000000 0.000000 0.000000
0.850000 0.000000 0.000000 0.000000
0.860000 0.000000 0.000000 0.000000
0.870000 0.000000 0.000000 0.000000
0.880000 0.000000 0.000000 0.000000
0.890000 0.000000 0.000000 0.000000
0.900000 0.000000 0.000000 0.000000
0.910000 0.000000 0.000000 0.000000
0.920000 0.000000 0.000000 0.000000
0.930000 0.000000 0.000000 0.000000
0.940000 0.000000 0.000000 0.000000
0.950000 0.000000 0.000000 0.000000
0.960000 0.000000 0.000000 0.000000
0.970000 0.000000 0.000000 0.000000
0.980000 0.000000 0.000000 0.000000
0.990000 0.000000 0.000000 0.000000
1.000000 0.000000 0.000000 0.000000
