2661269.000000 233627.000000 26223.000000
2673577.000000 233615.000000 26405.000000
2661986.000000 233612.000000 26193.000000
2667517.000000 233627.000000 26292.000000
2671624.000000 233619.000000 26369.000000
2662722.000000 233624.000000 26238.000000
2673228.000000 233622.000000 26383.000000
2656030.000000 233616.000000 26149.000000
2663638.000000 233611.000000 26249.000000
2655832.000000 233632.000000 26131.000000
2672540.000000 233623.000000 26389.000000
2677466.000000 233625.000000 26456.000000
