10531403.000000 155762.000000 1204.000000
10502819.000000 155775.000000 1131.000000
10625642.000000 155790.000000 1470.000000
11471032.000000 155789.000000 2382.000000
10623728.000000 155758.000000 374.000000
10675000.000000 155759.000000 1629.000000
11484478.000000 155778.000000 437.000000
10675740.000000 155752.000000 814.000000
10681243.000000 155768.000000 5308.000000
10705942.000000 155761.000000 535.000000
10505847.000000 155764.000000 2072.000000
10595971.000000 155774.000000 4629.000000
