1182668.000000 103867.000000 11657.000000
1283280.000000 113344.000000 12625.000000
1299901.000000 113301.000000 12835.000000
1300875.000000 113308.000000 12879.000000
1283285.000000 113316.000000 12617.000000
1298249.000000 113325.000000 12830.000000
1282027.000000 113320.000000 12609.000000
1282820.000000 113313.000000 12614.000000
1276908.000000 113320.000000 12531.000000
1289906.000000 113314.000000 12715.000000
1300345.000000 113335.000000 12848.000000
1283731.000000 113329.000000 12629.000000
