0.010128119 50502114 50502114 8827  67
0.024654763 127294208 76792094 321  24
0.040579024 196429247 69135039 23943  55
0.055314452 200818793 4389546 244497  33
0.066313431 206754948 5936155 259606  0
0.077324072 213154546 6399598 283203  0
0.089320653 219074457 5919911 259605  0
0.100306718 224994120 5919663 259617  0
0.111320574 230852785 5858665 259595  0
0.122307393 236765983 5913198 259626  0
0.133318618 242670956 5904973 259597  0
0.144318760 248609080 5938124 259592  70
0.155320466 254521282 5912202 259620  65
0.167239786 261011999 6490717 283195  405
0.178324907 266960613 5948614 259604  83
0.189308444 272898047 5937434 259598  11
0.200309110 278833242 5935195 259592  11
0.211309012 284762626 5929384 259598  1
0.222308293 290681908 5919282 259621  16
0.233313753 296598001 5916093 259605  7
0.244321574 302499056 5901055 259589  6
0.255321004 308405023 5905967 259609  7
0.266309232 314325530 5920507 259603  22
0.277320867 320232939 5907409 259595  28
0.288320979 326191457 5958518 259594  24
0.299307108 332077550 5886093 259595  17
0.310323553 337960177 5882627 259607  17
0.321329679 343847155 5886978 259595  22
0.332321931 349773368 5926213 259628  9
0.343309659 355632870 5859502 259618  19
0.354320981 361494191 5861321 259596  6
0.365318480 367416830 5922639 259601  11
0.376321638 373331136 5914306 259632  29
0.387321890 379249828 5918692 259603  14
0.398309509 385192457 5942629 259603  10
0.409307508 391140501 5948044 259581  9
0.420308503 397016478 5875977 259600  23
0.431320592 402956505 5940027 259593  14
0.442308044 408830067 5873562 259592  7
0.453319626 414747500 5917433 259588  4
0.464330565 420659460 5911960 259631  12
0.475308770 426512133 5852673 259592  16
0.486320026 432442024 5929891 259598  25
0.497321481 438360821 5918797 259589  14
0.508308639 444266833 5906012 259598  13
0.519310305 450168055 5901222 259602  5
0.530307513 456062216 5894161 259597  0
0.541307772 461961313 5899097 259590  3
0.552320344 467847893 5886580 259589  5
0.563320123 473727446 5879553 259592  21
0.574321674 479590567 5863121 259600  1
0.585321734 485491791 5901224 259632  20
0.596321535 491577569 6085778 259597  15
0.607317927 497659486 6081917 259605  7
0.618320983 503732590 6073104 259595  10
0.629307358 509794102 6061512 259591  10
0.640320923 515904813 6110711 259593  6
0.651320106 521959475 6054662 259603  1
0.662308634 528003743 6044268 259595  12
0.673306366 534092305 6088562 259591  15
0.684309714 540112869 6020564 259588  24
0.695320090 546134953 6022084 259590  29
0.706307985 552226571 6091618 259597  25
0.717307330 558253919 6027348 259588  5
0.728308586 564325523 6071604 259591  6
0.739308211 570332452 6006929 259596  31
0.750323180 576386369 6053917 259636  17
0.761328655 582447226 6060857 259641  17
0.772322174 588435119 5987893 259621  25
0.783310002 594475525 6040406 259601  23
0.794320545 600508495 6032970 259601  26
0.805307906 606510021 6001526 259625  18
0.816309105 612597527 6087506 259628  18
0.827306993 618676714 6079187 259609  15
0.838321972 624745199 6068485 259602  9
0.849308257 630801713 6056514 259603  13
0.860322433 636859782 6058069 259600  11
0.871320372 642907897 6048115 259632  15
0.882320810 648947264 6039367 259594  13
0.893321016 654983878 6036614 259593  10
0.904329468 661006855 6022977 259593  9
0.915321803 667046253 6039398 259600  12
0.926320258 673087672 6041419 259598  21
0.937321640 679120340 6032668 259625  14
0.948320519 685142852 6022512 259587  7
0.959307380 691204626 6061774 259600  19
0.970320170 697214602 6009976 259584  18
0.981321358 703220426 6005824 259607  9
0.992308566 709272890 6052464 259594  13
1.003319996 715264824 5991934 259590  5
1.014308824 721308704 6043880 259617  16
1.025307822 727433556 6124852 259619  31
1.036320868 733559058 6125502 259599  31
1.047328617 739733632 6174574 259613  25
1.058320352 745900559 6166927 259606  12
1.069308350 752001539 6100980 259608  12
1.080321653 758156833 6155294 259618  16
1.091308408 764302447 6145614 259609  30
1.102320737 770385797 6083350 259584  18
1.113308802 776509461 6123664 259612  30
1.124308924 782638871 6129410 259593  8
1.135307615 788781941 6143070 259617  5
1.146321198 794914664 6132723 259591  11
1.157308163 801040639 6125975 259596  15
1.168320939 807124657 6084018 259591  18
1.179320091 813266558 6141901 259592  14
1.190316256 819374024 6107466 259598  11
1.201320928 825468061 6094037 259610  14
1.212308397 831557855 6089794 259594  23
1.223321562 837640311 6082456 259594  19
1.234320897 843781235 6140924 259617  20
1.245321803 849922479 6141244 259583  14
1.256307691 856114602 6192123 259600  16
1.267309376 862242257 6127655 259594  15
1.278319882 868358253 6115996 259614  31
1.289321414 874532953 6174700 259627  26
1.300320132 880647177 6114224 259600  29
1.311306444 886809023 6161846 259601  28
1.322308033 892906346 6097323 259603  27
1.333303701 899052916 6146570 259618  22
1.344328854 905165360 6112444 259642  9
1.355321396 911317445 6152085 259594  16
1.366320964 917407646 6090201 259620  9
1.377309852 923543994 6136348 259596  10
1.388320558 929676516 6132522 259600  30
1.399308918 946206259 16529743 259581  468
1.410309919 964182496 17976237 259582  11
1.421323284 982557702 18375206 259598  11
1.432309903 1000987567 18429865 259572  13
1.443320442 1018944302 17956735 259583  12
1.454321554 1037510923 18566621 259581  12
1.465309316 1055633666 18122743 259571  5
1.476307808 1073896372 18262706 259573  0
1.487329683 1092434992 18538620 259565  5
1.498309968 1110519834 18084842 259578  12
1.509308987 1128886456 18366622 259579  10
1.520310442 1147419163 18532707 259567  8
1.531321885 1165618464 18199301 259579  5
1.542307930 1184377998 18759534 259581  1
1.553320012 1202923655 18545657 259586  4
1.564320251 1221316007 18392352 259575  0
1.575307796 1239871721 18555714 259582  1
1.586320231 1258313131 18441410 259583  2
1.597320980 1277169913 18856782 259589  4
1.608320955 1295397590 18227677 259579  7
1.619308190 1314184479 18786889 259579  7
1.630328986 1332782206 18597727 259596  3
1.641308941 1351158296 18376090 259582  1
1.652309473 1370021324 18863028 259564  1
1.663309225 1388378088 18356764 259571  2
1.674321711 1406999158 18621070 259581  2
1.685322786 1425791645 18792487 259575  4
1.696321494 1443944278 18152633 259573  8
1.707322320 1462814175 18869897 259574  9
1.718307485 1481358486 18544311 259579  9
1.729320170 1499809081 18450595 259571  8
1.740320176 1518692886 18883805 259573  7
1.751308874 1537288541 18595655 259580  6
1.762307860 1555653702 18365161 259581  2
1.773315652 1574536213 18882511 259576  8
1.784309394 1593275218 18739005 259569  2
1.795306973 1611499189 18223971 259577  0
1.806308938 1630378341 18879152 259574  1
1.817308176 1649257737 18879396 259572  4
1.828308889 1667849884 18592147 259574  0
1.839307557 1686236969 18387085 259582  2
1.850306882 1705125706 18888737 259585  0
1.861306971 1723991718 18866012 259574  1
1.872319240 1742516833 18525115 259582  0
1.883319835 1761002326 18485493 259581  0
1.894320251 1779849308 18846982 259577  0
1.905307989 1798740145 18890837 259594  0
1.916318848 1817613019 18872874 259567  0
1.927316220 1836255334 18642315 259570  0
1.938319512 1854849023 18593689 259593  0
1.949318974 1873548449 18699426 259577  0
1.960307849 1892434566 18886117 259581  1
1.971321295 1911302300 18867734 259583  0
1.982322150 1930114758 18812458 259582  0
1.993319968 1948607123 18492365 259590  0
2.004319957 1967187798 18580675 259573  0
2.015320506 1986059651 18871853 259570  0
2.026307064 2004952032 18892381 259580  0
2.037320817 2023833378 18881346 259586  0
2.048319235 2042599949 18766571 259572  0
2.059309370 2061206814 18606865 259574  0
2.070316019 2079945349 18738535 259574  2
2.081321694 2098603755 18658406 259582  0
2.092320823 2117490432 18886677 259573  0
2.103320075 2136374045 18883613 259580  1
2.114320447 2155265965 18891920 259562  1
2.125309503 2174158221 18892256 259565  0
2.136320855 2193017657 18859436 259575  1
2.147309226 2211889390 18871733 259574  0
2.158307209 2230543174 18653784 259579  0
2.169307177 2249307204 18764030 259578  1
2.180306582 2268118675 18811471 259578  0
2.191320248 2286692470 18573795 259575  0
2.202306490 2305555851 18863381 259576  0
2.213313322 2324443207 18887356 259580  0
2.224308144 2343317699 18874492 259571  0
2.235309383 2362193360 18875661 259572  0
2.246308308 2381083788 18890428 259574  0
2.257306139 2399951456 18867668 259578  0
2.268307575 2418844705 18893249 259579  1
2.279307537 2437721413 18876708 259578  0
2.290322540 2456586347 18864934 259570  0
2.301308611 2475467481 18881134 259591  0
2.312307333 2494352063 18884582 259590  2
2.323306901 2513219218 18867155 259585  3
2.334320224 2532089314 18870096 259588  0
2.345307337 2550966822 18877508 259580  0
2.356328262 2569839092 18872270 259580  0
2.367308063 2588735762 18896670 259575  1
2.378309092 2607700820 18965058 259577  1
2.389309391 2626640134 18939314 259578  0
2.400319553 2645553534 18913400 259578  0
2.411320129 2664486700 18933166 259582  1
2.422308334 2683417888 18931188 259579  0
2.433309399 2702334019 18916131 259576  0
2.444307907 2721265281 18931262 259582  0
2.455320426 2740181371 18916090 259579  0
2.466306538 2759103692 18922321 259572  1
2.477319617 2778034066 18930374 259575  1
2.488307176 2796963778 18929712 259572  0
2.499307441 2815992774 19028996 259586  0
2.510328050 2834979633 18986859 259571  0
2.521321448 2854085921 19106288 259582  0
2.532318711 2872996931 18911010 259573  0
2.543309126 2891962382 18965451 259577  0
2.554307128 2911032123 19069741 259579  0
2.565308026 2930051196 19019073 259567  0
2.576307442 2948984900 18933704 259573  0
2.587321234 2967883684 18898784 259577  1
2.598307582 2986786471 18902787 259569  0
2.609319798 3005701133 18914662 259576  0
2.620318966 3024584363 18883230 259579  1
2.631308338 3043493051 18908688 259577  0
2.642319324 3062389978 18896927 259569  0
2.653328872 3081270566 18880588 259570  0
2.664310107 3100178005 18907439 259569  0
2.675308603 3119166829 18988824 259572  0
2.686307988 3138141030 18974201 259581  1
2.697321181 3157312067 19171037 259574  0
2.708307263 3176231161 18919094 259570  0
2.719306431 3195340051 19108890 259570  1
2.730321984 3214232336 18892285 259574  0
2.741307342 3233145503 18913167 259574  0
2.752306900 3252016497 18870994 259564  0
2.763321336 3270869541 18853044 259579  0
2.774306925 3289765322 18895781 259578  0
2.785308946 3308768326 19003004 259577  0
2.796326822 3327803988 19035662 259579  0
2.807309534 3346769296 18965308 259578  0
2.818319400 3365761612 18992316 259570  0
2.829320905 3384904671 19143059 259571  0
2.840306477 3403772481 18867810 259573  0
2.851321839 3422653016 18880535 259568  0
2.862308288 3441533884 18880868 259575  1
2.873320983 3460391459 18857575 259583  2
2.884322138 3479265884 18874425 259574  0
2.895320177 3498128344 18862460 259568  0
2.906321585 3517079609 18951265 259582  0
2.917320857 3536156300 19076691 259592  0
2.928319776 3555135180 18978880 259581  0
2.939316095 3574148430 19013250 259568  0
2.950307604 3593146481 18998051 259572  0
2.961320232 3612032474 18885993 259584  1
2.972308634 3630868613 18836139 259572  1
2.983319750 3649709090 18840477 259579  0
2.994320538 3668566400 18857310 259579  0
3.005308023 3687419524 18853124 259582  0
3.016321529 3706218832 18799308 259579  0
3.027306844 3725444218 19225386 259580  0
3.038307403 3744439645 18995427 259585  0
3.049306639 3763511559 19071914 259583  0
3.060321567 3782348497 18836938 259578  0
3.071319702 3801211042 18862545 259573  2
3.082307161 3820026612 18815570 259569  0
3.093320026 3838858268 18831656 259576  0
3.104320465 3857728297 18870029 259579  0
3.115305147 3876807868 19079571 259576  0
3.126320170 3895674902 18867034 259566  0
3.137317808 3914730022 19055120 259564  0
3.148308987 3933711348 18981326 259587  0
3.159307372 3952515303 18803955 259565  0
3.170328888 3971369860 18854557 259561  0
3.181319593 3990195681 18825821 259576  0
3.192308761 4008989931 18794250 259573  0
3.203320084 4028074873 19084942 259572  0
3.214310365 4046974907 18900034 259582  0
3.225307737 4066172090 19197183 259568  0
3.236317206 4085028098 18856008 259588  0
3.247320938 4103910865 18882767 259580  0
3.258307663 4122751369 18840504 259586  0
3.269320439 4141645537 18894168 259572  1
3.280318521 4160817297 19171760 259575  0
3.291308083 4180055871 19238574 259578  0
3.302318362 4198882512 18826641 259580  0
3.313321641 4217754939 18872427 259569  0
3.324321373 4236578107 18823168 259571  0
3.335307931 4255396766 18818659 259571  0
3.346308256 4274401397 19004631 259583  0
3.357308199 4293446520 19045123 259571  0
3.368320034 4312613661 19167141 259577  0
3.379327703 4331429266 18815605 259576  1
3.390309885 4350268356 18839090 259577  0
3.401320663 4369108046 18839690 259587  0
3.412307912 4388102253 18994207 259571  0
3.423307944 4407186473 19084220 259576  0
3.434321923 4426284189 19097716 259589  0
3.445320438 4445124599 18840410 259584  0
3.456309243 4463936150 18811551 259569  0
3.467307825 4482764110 18827960 259566  0
3.478319164 4501889445 19125335 259571  0
3.489319886 4521044976 19155531 259569  0
3.500307491 4539919687 18874711 259576  0
3.511320094 4558755810 18836123 259581  0
3.522308449 4577554799 18798989 259570  0
3.533314594 4596481302 18926503 259575  0
3.544306820 4615595179 19113877 259578  0
3.555319826 4634692835 19097656 259588  0
3.566320164 4653504692 18811857 259588  0
3.577321062 4672336032 18831340 259583  0
3.588321595 4691328928 18992896 259578  0
3.599307050 4710258482 18929554 259582  0
3.610322388 4729425514 19167032 259579  0
3.621306457 4748231732 18806218 259581  0
3.632308713 4767003373 18771641 259568  0
3.643319081 4785785191 18781818 259571  0
3.654319296 4804988191 19203000 259577  0
3.665307439 4824098426 19110235 259578  0
3.676316805 4842900771 18802345 259578  0
3.687321330 4861714388 18813617 259574  0
3.698321735 4880656024 18941636 259577  2
3.709321811 4899780102 19124078 259584  0
3.720316242 4918828884 19048782 259577  1
3.731320711 4937631984 18803100 259572  0
3.742308286 4956405587 18773603 259582  0
3.753320455 4975548010 19142423 259579  0
3.764320693 4994707562 19159552 259580  0
3.775319989 5013506139 18798577 259578  1
3.786309284 5032283619 18777480 259567  1
3.797307573 5051215651 18932032 259585  1
3.808306972 5070312182 19096531 259575  0
3.819315557 5089339556 19027374 259560  0
3.830321846 5108125980 18786424 259577  1
3.841308308 5126886955 18760975 259580  0
3.852309230 5145936735 19049780 259564  0
3.863307085 5165126412 19189677 259574  0
3.874320361 5183913591 18787179 259583  0
3.885308252 5202677857 18764266 259568  0
3.896321322 5221660530 18982673 259570  1
3.907319590 5240854426 19193896 259577  0
3.918318848 5259733229 18878803 259573  1
3.929321121 5278463317 18730088 259586  0
3.940320883 5297382550 18919233 259581  0
3.951319125 5316423360 19040810 259584  0
3.962327940 5335445023 19021663 259580  0
3.973309452 5354206308 18761285 259580  1
3.984309264 5372952650 18746342 259598  0
3.995320186 5392205061 19252411 259585  0
4.006308878 5411162468 18957407 259570  1
4.017308763 5429952836 18790368 259567  0
4.028319452 5448675767 18722931 259572  1
4.039322174 5467753404 19077637 259589  0
4.050308606 5486865260 19111856 259575  0
4.061319692 5505611144 18745884 259574  3
4.072320513 5524334847 18723703 259585  4
4.083312773 5543498542 19163695 259565  4
4.094322161 5562548647 19050105 259567  0
4.105306870 5581349371 18800724 259583  1
4.116315855 5600360192 19010821 259574  0
4.127306900 5619840528 19480336 259583  0
4.138319906 5638721913 18881385 259567  0
4.149309741 5657720267 18998354 259572  0
4.160306300 5676902460 19182193 259586  0
4.171320332 5696043902 19141442 259577  0
4.182307397 5714889521 18845619 259561  1
4.193308469 5734220663 19331142 259574  0
4.204307045 5753325734 19105071 259576  1
4.215319963 5772175169 18849435 259578  0
4.226308059 5791176163 19000994 259577  0
4.237320354 5810348526 19172363 259569  0
4.248318606 5829438713 19090187 259564  0
4.259313842 5848278001 18839288 259574  0
4.270319797 5867554251 19276250 259586  0
4.281307402 5886720577 19166326 259571  0
4.292309654 5905546757 18826180 259567  0
4.303308473 5924739136 19192379 259566  1
4.314321542 5943917967 19178831 259580  0
4.325309504 5962761689 18843722 259568  0
4.336319273 5981551627 18789938 259580  0
4.347307992 6000802875 19251248 259586  0
4.358307643 6019966392 19163517 259573  0
4.369307328 6038772486 18806094 259569  0
4.380308501 6057947117 19174631 259571  1
4.391307366 6077126065 19178948 259573  1
4.402317004 6095941118 18815053 259576  1
4.413320764 6114862596 18921478 259567  3
4.424321543 6134052196 19189600 259578  0
4.435310308 6153108562 19056366 259583  0
4.446307833 6171897317 18788755 259586  0
4.457308688 6191216927 19319610 259574  0
4.468318901 6210276964 19060037 259570  0
4.479309046 6229065853 18788889 259568  0
4.490319878 6248315564 19249711 259580  1
4.501308323 6267420958 19105394 259564  0
4.512319486 6286202061 18781103 259570  0
4.523307684 6305412608 19210547 259557  0
4.534308069 6324530053 19117445 259573  0
4.545317812 6343334652 18804599 259572  0
4.556320484 6362397461 19062809 259572  0
4.567306425 6381620955 19223494 259575  0
4.578307857 6400407279 18786324 259580  0
4.589319550 6419186949 18779670 259579  0
4.600307501 6438380475 19193526 259568  0
4.611307997 6457517604 19137129 259575  0
4.622321336 6476292452 18774848 259573  0
4.633320402 6495624870 19332418 259591  0
4.644306420 6514614101 18989231 259580  0
4.655307668 6533387423 18773322 259573  0
4.666308041 6552673671 19286248 259572  0
4.677319396 6571682875 19009204 259590  0
4.688308014 6590451175 18768300 259577  1
4.699328967 6607252095 16800920 259592  63
4.710323402 6626276992 19024897 259565  0
4.721319685 6645484649 19207657 259580  0
4.732320083 6664263374 18778725 259565  2
4.743309078 6671690463 7427089 259593  6
4.754320907 6677506438 5815975 259598  2
4.765320296 6683361951 5855513 259603  6
4.776322161 6689212158 5850207 259622  11
4.787309470 6694998047 5785889 259612  4
4.798319948 6700845818 5847771 259591  0
4.809319663 6706688003 5842185 259587  0
4.820306833 6712520076 5832073 259609  0
4.831307674 6718289909 5769833 259601  0
4.842327604 6724102306 5812397 259585  2
4.853308859 6729372663 5270357 259587  2
4.864307840 6734868440 5495777 259604  9
4.875321603 6740654673 5786233 259600  4
4.886308181 6746412198 5757525 259594  3
4.897321527 6752150767 5738569 259605  7
4.908308319 6757866886 5716119 259605  1
4.919320404 6763565523 5698637 259608  5
4.930308220 6769245363 5679840 259597  6
4.941320902 6774953443 5708080 259616  7
4.952307283 6780597763 5644320 259605  5
4.963306803 6786217472 5619709 259598  6
4.974320798 6791822887 5605415 259601  4
4.985317157 6797457677 5634790 259605  1
4.996321365 6803025429 5567752 259596  0
5.007320214 6808577095 5551666 259598  0
5.018321240 6814161263 5584168 259584  0
5.029306638 6819684867 5523604 259595  0
5.040320751 6825234869 5550002 259588  0
5.051307886 6830718353 5483484 259598  0
5.062306744 6836216889 5498536 259591  1
5.073320653 6841691940 5475051 259592  2
5.084308808 6847098321 5406381 259601  2
5.095320087 6852521155 5422834 259589  0
5.106307102 6857921073 5399918 259589  0
5.117306978 6863297040 5375967 259600  1
5.128328233 6869099610 5802570 283196  0
5.140308395 6874422565 5322955 259605  0
5.151319856 6879720535 5297970 259607  0
5.162308159 6884988970 5268435 259605  1
5.173306194 6890196619 5207649 259586  1
5.184320316 6895901639 5705020 283206  2
5.196307590 6901100342 5198703 259601  0
5.207319329 6906279426 5179084 259586  0
5.218307394 6911436270 5156844 259623  2
5.229307924 6916568958 5132688 259611  2
5.240281189 6921681162 5112204 259599  0
5.251317561 6927237515 5556353 283196  1
5.263319942 6932768706 5531191 283217  1
5.275308253 6937807347 5038641 259587  0
5.286327633 6943291275 5483928 283214  0
5.298308850 6948320825 5029550 259590  1
5.309307176 6953293698 4972873 259603  1
5.320308498 6958243661 4949963 259585  3
5.331308610 6963206085 4962424 259611  0
5.342320762 6968567029 5360944 283221  0
5.354319613 6973454001 4886972 259604  0
5.365320612 6978355291 4901290 259616  0
5.376319834 6983655202 5299911 283178  0
5.388308285 6988493309 4838107 259604  0
5.399307400 6993324982 4831673 259608  1
5.410320790 6998550182 5225200 283191  1
5.422319704 7003774995 5224813 283198  0
5.434328139 7008939328 5164333 283215  0
5.446320877 7014105649 5166321 283189  0
5.458305741 7018818005 4712356 259618  0
5.469308427 7023473968 4655963 259602  0
5.480309149 7028137426 4663458 259600  0
5.491308324 7032780683 4643257 259605  0
5.502307680 7037399166 4618483 259606  2
5.513321105 7042393674 4994508 283201  0
5.525307206 7047390487 4996813 283193  0
5.537306637 7051942812 4552325 259602  0
5.548321270 7056893355 4950543 283191  0
5.560307805 7061407378 4514023 259600  0
5.571306897 7065901928 4494550 259593  1
5.582327116 7070778739 4876811 283212  0
5.594320760 7075627881 4849142 283211  0
5.606307048 7080044304 4416423 259593  2
5.617309683 7084845817 4801513 283208  0
5.629320645 7089623054 4777237 283203  0
5.641326929 7094379346 4756292 283196  117
5.653306416 7098713729 4334383 259610  61
5.664295786 7103028627 4314898 259625  4
5.675303191 7107345510 4316883 259596  2
5.686320687 7112013956 4668446 283199  4
5.698308572 7116659234 4645278 283197  2
5.710321129 7121285103 4625869 283188  1
5.722321041 7125904147 4619044 283204  6
5.734328789 7130475734 4571587 283192  22
5.746309180 7135020100 4544366 283208  17
5.758308488 7139553427 4533327 283222  9
5.770321956 7144056147 4502720 283222  5
5.782308477 7148506991 4450844 283199  1
5.794308762 7152943634 4436643 283190  3
5.806319104 7157337816 4394182 283230  3
5.818308165 7161717467 4379651 283195  2
5.830319500 7166069446 4351979 283207  3
5.842307971 7170399572 4330126 283224  1
5.854308512 7174682491 4282919 283187  1
5.866320853 7178952042 4269551 283190  0
5.878307371 7183198826 4246784 283202  1
5.890321277 7187421251 4222425 283220  3
5.902315615 7191625385 4204134 283214  4
5.914320246 7195803532 4178147 283204  2
5.926320420 7199933235 4129703 283236  3
5.938309574 7204047461 4114226 283233  0
5.950307833 7208141052 4093591 283215  0
5.962321727 7212207055 4066003 283207  2
5.974324839 7216248016 4040961 283203  11
5.986308800 7220266345 4018329 283210  25
5.998308108 7224263650 3997305 283218  21
6.010308229 7228235763 3972113 283212  5
6.022320818 7232172926 3937163 283188  1
6.034320432 7236093102 3920176 283214  0
6.046320990 7239990775 3897673 283209  2
6.058329782 7243866082 3875307 283201  2
6.070322203 7247729956 3863874 283211  25
6.082307968 7250784118 3054162 259600  203
6.093308863 7253865114 3080996 283182  8
6.105322777 7256661456 2796342 259599  5
6.116321540 7259540976 2879520 259608  5
6.127307288 7262356646 2815670 259594  4
6.138311803 7265172964 2816318 259612  4
6.149308849 7267894376 2721412 259601  3
6.160308334 7270995272 3100896 283187  4
6.172310583 7274089931 3094659 283192  4
6.184321097 7276907281 2817350 259586  3
6.195321062 7280027603 3120322 283189  7
6.207317807 7283064701 3037098 283201  2
6.219314145 7285898159 2833458 259595  9
6.230309621 7288977096 3078937 283194  1
6.242321252 7291750551 2773455 259604  2
6.253309494 7294801931 3051380 283188  2
6.265321725 7297911046 3109115 283194  3
6.277321320 7300936193 3025147 283192  0
6.289321986 7304071717 3135524 283209  4
6.301309723 7307253754 3182037 283202  1
6.313307458 7310258399 3004645 283199  0
6.325321352 7313297452 3039053 283209  2
6.337319991 7316049010 2751558 259601  3
6.348309426 7319175331 3126321 283202  5
6.360318548 7322215444 3040113 283191  1
6.372323132 7325293701 3078257 283192  0
6.384320870 7328349885 3056184 283219  1
6.396321534 7331507359 3157474 283174  5
6.408308782 7334236273 2728914 259592  3
6.419322691 7337196602 2960329 259588  2
6.430309107 7340068046 2871444 259602  0
6.441308635 7343137052 3069006 283193  0
6.453319250 7346323115 3186063 283201  0
6.465320652 7349505250 3182135 283207  0
6.477307493 7352817810 3312560 283234  130
6.489320954 7354953164 2135354 283248  44
6.501323949 7357338061 2384897 113367  4115
6.512324347 7371910321 14572260 168345  10245
6.532616428 7386384798 14474477 5399  2376
6.548602780 7395368718 8983920 169190  2979
6.559325084 7399723810 4355092 259569  842
6.570322966 7402978895 3255085 259569  5315
6.581321365 7405915879 2936984 259565  8746
6.592311267 7408690220 2774341 259573  13890
6.603321285 7411405255 2715035 259573  16961
6.614310080 7414112599 2707344 259569  17994
6.625309989 7416812669 2700070 259583  21255
6.636322025 7419561464 2748795 259592  23383
6.647309264 7422321017 2759553 259574  23596
6.658308962 7425105972 2784955 259577  24914
6.669320468 7427899023 2793051 259575  25669
6.680321976 7430721232 2822209 259568  26352
6.691308868 7433558705 2837473 259576  27232
6.702310490 7436414083 2855378 259569  27633
6.713311689 7439281182 2867099 259568  27828
6.724311502 7442158378 2877196 259576  27973
6.735309727 7445049211 2890833 259557  28174
6.746310205 7447945509 2896298 259562  28248
6.757310191 7450854123 2908614 259586  28431
6.768322503 7453770257 2916134 259574  28531
6.779309635 7456679600 2909343 259583  28445
6.790309660 7459602293 2922693 259565  28654
6.801322263 7462517055 2914762 259566  28540
6.812309068 7465444057 2927002 259572  28705
6.823323150 7468380054 2935997 259590  28816
6.834322926 7471302691 2922637 259575  28636
6.845322627 7474245714 2943023 259563  28924
6.856323963 7477185084 2939370 259572  28869
6.867307452 7480129591 2944507 259576  28940
6.878324117 7483086013 2956422 259568  29110
6.889322029 7486043343 2957330 259580  29123
6.900309901 7488995236 2951893 259566  29057
6.911321583 7491945140 2949904 259571  29035
6.922309625 7494905948 2960808 259570  29183
6.933310927 7497876369 2970421 259572  29319
6.944321806 7500829926 2953557 259582  29095
6.955322661 7503795799 2965873 259574  29248
6.966309330 7506761505 2965706 259559  29260
6.977318599 7509734878 2973373 259574  29370
6.988323884 7512694903 2960025 259571  29184
6.999312230 7515666384 2971481 259577  29342
7.010310145 7518645798 2979414 259562  29446
7.021323561 7521615083 2969285 259580  29304
7.032309709 7524592200 2977117 259577  29435
7.043320544 7527570310 2978110 259572  29446
7.054323527 7530543431 2973121 259558  29366
7.065310009 7533512191 2968760 259567  29304
7.076308741 7536489492 2977301 259564  29418
7.087309296 7539467007 2977515 259577  29429
7.098309981 7542443338 2976331 259585  29411
7.109307737 7545416673 2973335 259568  29360
7.120322126 7548396473 2979800 259597  29447
7.131322612 7551356646 2960173 259567  29172
7.142309450 7554324032 2967386 259559  29280
7.153324016 7557286097 2962065 259582  29209
7.164322534 7560244479 2958382 259580  29170
7.175324256 7563207767 2963288 259580  29220
7.186323249 7566165149 2957382 259571  29143
7.197321957 7569125149 2960000 259575  29180
7.208308963 7572069273 2944124 259585  28968
7.219309588 7575019680 2950407 259546  29053
7.230323146 7577979310 2959630 259613  29182
7.241322282 7580927631 2948321 259584  29014
7.252322547 7583869611 2941980 259573  28932
7.263331943 7586821995 2952384 259566  29066
7.274324155 7589769126 2947131 259582  29007
7.285307780 7592713717 2944591 259572  28965
7.296324493 7595661293 2947576 259552  29009
7.307322381 7598607929 2946636 259600  28997
7.318311310 7601564955 2957026 259574  29130
7.329310019 7604506598 2941643 259573  28916
7.340322565 7607462503 2955905 259576  29128
7.351309530 7610402958 2940455 259562  28910
7.362322025 7613362693 2959735 259583  29188
7.373321931 7616321066 2958373 259580  29174
7.384310392 7619280354 2959288 259576  29170
7.395310182 7622235856 2955502 259591  29128
7.406321247 7625191852 2955996 259581  29128
7.417309752 7628163252 2971400 259589  29353
7.428309411 7631115870 2952618 259581  29081
7.439323567 7634084982 2969112 259579  29310
7.450309059 7637037841 2952859 259560  29074
7.461322527 7640003260 2965419 259573  29253
7.472309719 7642967216 2963956 259587  29242
7.483310928 7645932135 2964919 259586  29246
7.494321933 7648841082 2908947 259577  21048
7.505320072 7651584789 2743707 259580  259
7.516321971 7654339302 2754513 259569  203
7.527322680 7657096247 2756945 259565  111
7.538309218 7659867770 2771523 259578  105
7.549334698 7662623139 2755369 259584  111
7.560323819 7665378389 2755250 259581  119
7.571322268 7668146161 2767772 259585  111
7.582322480 7670909235 2763074 259570  103
7.593322562 7673671233 2761998 259583  103
7.604323821 7676441781 2770548 259576  112
7.615309113 7679209869 2768088 259574  98
7.626323779 7681974639 2764770 259580  108
7.637322064 7684739888 2765249 259576  107
7.648308776 7687516624 2776736 259568  98
7.659320488 7690278269 2761645 259575  102
7.670321697 7693056155 2777886 259570  103
7.681310096 7695818166 2762011 259580  103
7.692309491 7698593420 2775254 259581  101
7.703331274 7701368564 2775144 259565  104
7.714311552 7704131286 2762722 259576  127
7.725329234 7706905315 2774029 259572  96
7.736309726 7709683991 2778676 259587  101
7.747321755 7712470873 2786882 259576  91
7.758309896 7715247691 2776818 259590  100
7.769322169 7718026801 2779110 259585  104
7.780310707 7720814847 2788046 259572  106
7.791310222 7723598570 2783723 259585  100
7.802320932 7726392844 2794274 259571  100
7.813321431 7729170648 2777804 259573  99
7.824311136 7731967647 2796999 259582  91
7.835309888 7734767873 2800226 259576  90
7.846331130 7737568825 2800952 259579  94
7.857310815 7740368299 2799474 259567  101
7.868310208 7743168202 2799903 259565  104
7.879323683 7745968880 2800678 259577  95
7.890320475 7748768876 2799996 259573  91
7.901323271 7751571026 2802150 259583  95
7.912322176 7754383337 2812311 259571  103
7.923310385 7757193891 2810554 259573  91
7.934322770 7759998915 2805024 259596  105
7.945309548 7762818302 2819387 259574  95
7.956310098 7765637376 2819074 259577  94
7.967321199 7768446662 2809286 259579  89
7.978321435 7771268021 2821359 259591  88
7.989334415 7774092023 2824002 259588  92
8.000321666 7776917247 2825224 259581  102
8.011320671 7779740723 2823476 259574  92
8.022311080 7782565480 2824757 259567  97
8.033307432 7785390474 2824994 259583  93
8.044310614 7788213864 2823390 259568  83
8.055321723 7791040967 2827103 259575  88
8.066311518 7793872188 2831221 259558  92
8.077322034 7796717251 2845063 259583  86
8.088321659 7799549485 2832234 259582  93
8.099323884 7802393404 2843919 259579  92
8.110322134 7805223988 2830584 259577  92
8.121308605 7808068394 2844406 259590  84
8.132319038 7810902836 2834442 259576  94
8.143309913 7813753311 2850475 259572  80
8.154309475 7816602411 2849100 259573  82
8.165310707 7819449670 2847259 259573  91
8.176311196 7822288173 2838503 259569  91
8.187323025 7825138253 2850080 259563  87
8.198308143 7827991323 2853070 259583  93
8.209323169 7830846675 2855352 259588  89
8.220309041 7833703458 2856783 259570  80
8.231308893 7836566089 2862631 259571  80
8.242310145 7839431861 2865772 259579  80
8.253308807 7842291161 2859300 259588  84
8.264309002 7845150569 2859408 259580  90
8.275308365 7848021556 2870987 259573  90
8.286337057 7850891571 2870015 259576  85
8.297321452 7853760617 2869046 259568  85
8.308309387 7856642786 2882169 259580  76
8.319310853 7859511049 2868263 259574  98
8.330322466 7862394817 2883768 259587  239
8.341310298 7865278210 2883393 259594  245
8.352320319 7868158678 2880468 259580  243
8.363322992 7871050247 2891569 259575  238
8.374322784 7873943841 2893594 259572  245
8.385321566 7876827144 2883303 259577  246
8.396321918 7879723876 2896732 259569  260
8.407321300 7882624308 2900432 259589  236
8.418321846 7885530889 2906581 259594  243
8.429335232 7888439240 2908351 259593  244
8.440310080 7891351962 2912722 259591  242
8.451320405 7894267556 2915594 259584  248
8.462310550 7897184311 2916755 259587  280
8.473310326 7900108352 2924041 259578  247
8.484321022 7903039383 2931031 259578  231
8.495320397 7905966256 2926873 259578  244
8.506308492 7908894957 2928701 259578  239
8.517320398 7911837352 2942395 259585  237
8.528308336 7914773132 2935780 259567  275
8.539309352 7917713074 2939942 259591  246
8.550321494 7920665072 2951998 259587  244
8.561308949 7923610861 2945789 259584  251
8.572333595 7926568096 2957235 259584  239
8.583304940 7929518649 2950553 259585  242
8.594322059 7932481399 2962750 259579  259
8.605309881 7935444323 2962924 259568  234
8.616308936 7938401277 2956954 259590  249
8.627322785 7941366326 2965049 259593  244
8.638309487 7944337653 2971327 259593  243
8.649322893 7947308939 2971286 259578  239
8.660307201 7950281435 2972496 259583  268
8.671321581 7953251287 2969852 259588  241
8.682321452 7956229105 2977818 259585  236
8.693320508 7959207239 2978134 259587  235
8.704307623 7962186474 2979235 259585  247
8.715309302 7965168332 2981858 259582  232
8.726336514 7968149596 2981264 259579  261
8.737309753 7971136995 2987399 259579  244
8.748306512 7974120227 2983232 259580  240
8.759322284 7977103552 2983325 259587  244
8.770321130 7980087090 2983538 259571  249
8.781310285 7983070388 2983298 259589  240
8.792321346 7986058993 2988605 259581  241
8.803320626 7989042271 2983278 259592  240
8.814320398 7992026807 2984536 259589  241
8.825308570 7995016876 2990069 259589  234
8.836321305 7998001726 2984850 259587  243
8.847320787 8000987142 2985416 259581  248
8.858309336 8003978297 2991155 259579  254
8.869337689 8006963911 2985614 259583  240
8.880309490 8009954479 2990568 259585  238
8.891320015 8012940193 2985714 259585  242
8.902321678 8015930819 2990626 259591  233
8.913306630 8018922177 2991358 259578  237
8.924310362 8021907754 2985577 259581  256
8.935309347 8024899725 2991971 259577  231
8.946310616 8027891649 2991924 259577  241
8.957308178 8030883560 2991911 259577  238
8.968307503 8033870521 2986961 259577  241
8.979321196 8036864015 2993494 259585  240
8.990321778 8039857145 2993130 259583  255
9.001308806 8042850492 2993347 259581  231
9.012337032 8045844866 2994374 259589  234
9.023310995 8048839170 2994304 259594  241
9.034320406 8051834501 2995331 259583  237
9.045309278 8054832336 2997835 259582  240
9.056321174 8057830522 2998186 259592  259
9.067310736 8060832505 3001983 259581  242
9.078320628 8063839228 3006723 259601  237
9.089322670 8066851565 3012337 259593  238
9.100308918 8069877294 3025729 259607  245
9.111321118 8072933284 3055990 259597  244
9.122319860 8075993066 3059782 259578  250
9.133310202 8096123438 20130372 259581  86221
9.144322827 8113788269 17664831 283177  72882
9.156332619 8125205771 11417502 259610  38508
9.167322767 8143578550 18372779 259575  84180
9.178325847 8160238632 16660082 283211  68243
9.190325221 8173366637 13128005 259595  50421
9.201325120 8178772831 5406194 259592  141621
9.212319255 8199921070 21148239 259604  99823
9.223322625 8214183626 14262556 259594  55054
9.234321406 8227118677 12935051 283207  42979
9.246311987 8246682702 19564025 259589  90552
9.257324113 8263846229 17163527 283181  71371
9.269323238 8275245972 11399743 259595  41446
9.280325107 8280563658 5317686 259602  153867
9.291313912 8286362326 5798668 259576  259332
9.302321347 8298481755 12119429 259573  168116
9.313330303 8312750921 14269166 259585  55153
9.324323858 8333845335 21094414 259597  96925
9.335322664 8343125755 9280420 259585  25069
9.346310496 8360391021 17265266 259595  74936
9.357309144 8378910650 18519629 259576  82401
9.368312047 8386890980 7980330 259599  33531
9.379321363 8396692562 9801582 259606  173214
9.390312974 8414100390 17407828 283206  70552
9.402310272 8435236918 21136528 259583  97848
9.413322211 8444506086 9269168 259615  24509
9.424322250 8462287676 17781590 283199  75387
9.436322532 8481611021 19323345 259581  88257
9.447310777 8488778032 7167011 259616  34987
9.458331626 8494312723 5534691 259590  201447
9.469315021 8500111670 5798947 259608  259354
9.480312316 8505374715 5263045 259598  222129
9.491322349 8511173327 5798612 259610  259324
9.502322287 8516973183 5799856 259567  259366
9.513322656 8527484137 10510954 259590  158667
9.524322671 8544673481 17189344 283195  70361
9.536311809 8564396605 19723124 259577  88722
9.547323128 8574552201 10155596 259616  32707
9.558308374 8590927681 16375480 259576  68082
9.569310089 8610104793 19177112 259595  86751
9.580320031 8617446437 7341644 259571  27056
9.591309136 8628199269 10752832 259598  168258
9.602336933 8644708233 16508964 283204  65966
9.614311474 8665735080 21026847 259575  96328
9.625310256 8675010947 9275867 259608  24496
9.636323774 8692793931 17782984 283192  75083
9.648310126 8712996034 20202103 259570  94656
9.659324835 8719293141 6297107 259605  37581
9.670309364 8724829204 5536063 259627  209798
9.681325492 8730627983 5798779 259609  259363
9.692310331 8745741797 15113814 259604  108538
9.703310473 8762730439 16988642 259572  71734
9.714322852 8778479867 15749428 283185  61185
9.726310983 8792916854 14436987 259567  58445
9.737310072 8809678669 16761815 259599  71351
9.748323111 8826753061 17074392 283201  71120
9.760326679 8832223138 5470077 259612  107473
9.771312151 8849305191 17082053 259588  119702
9.782321900 8865624577 16319386 259582  67846
9.793322679 8880353961 14729384 283195  54494
9.805311330 8895711073 15357112 259601  64875
9.816311252 8912755272 17044199 259602  72920
9.827311051 8928519007 15763735 283186  62755
9.839322513 8934098289 5579282 259610  130618
9.850326268 8939633456 5535167 259608  239271
9.861320446 8944896220 5262764 259600  221761
9.872323352 8950694776 5798556 259620  259316
9.883310507 8956493108 5798332 259616  259339
9.894308376 8961879050 5385942 259614  229422
9.905344872 8967011258 5132208 259602  239568
9.916312260 8972809672 5798414 259601  259331
9.927321369 8978608062 5798390 259600  259349
9.938324285 8984407612 5799550 259579  259360
9.949311074 8990207468 5799856 259559  259358
9.960324779 8996006876 5799408 259547  259323
9.971309407 9003524354 7517478 259613  187224
9.982309780 9021315850 17791496 283194  73385
9.994322368 9040487829 19171979 259582  85626
10.005322460 9050746266 10258437 259602  32631
10.016321875 9069531806 18785540 283198  79851
10.028311374 9087920974 18389168 259573  81402
10.039325165 9096056853 8135879 259607  34462
10.050323288 9105844908 9788055 259609  161116
10.061307363 9122744128 16899220 259588  70941
10.072310241 9141923998 19179870 259585  85673
10.083324431 9151570993 9646995 259615  28634
10.094308726 9170424233 18853240 259581  83852
10.105311528 9187632277 17208044 259583  77565
10.116322770 9197107023 9474746 259589  26985
10.127323439 9202423094 5316071 259590  184626
10.138312518 9208221659 5798565 259595  259342
10.149320557 9221209992 12988333 259603  149301
10.160309985 9236512928 15302936 259585  61770
10.171311008 9256181824 19668896 283177  85069
10.183309589 9269399228 13217404 259602  51046
10.194322804 9283783323 14384095 259586  57468
10.205311937 9303881477 20098154 259579  90861
10.216308592 9309282124 5400647 259616  39092
10.227324558 9322557485 13275361 259598  153832
10.238310863 9337823288 15265803 259598  61282
10.249309894 9357101085 19277797 259576  85619
10.260322667 9368010032 10908947 259592  36124
10.271312873 9384593874 16583842 283192  67617
10.283310901 9405258509 20664635 259576  94551
10.294309732 9410658201 5399692 259620  39900
10.305323152 9416195607 5537406 259605  217488
10.316313433 9421993939 5798332 259605  259338
10.327311463 9427256032 5262093 259611  220734
10.338335864 9433054588 5798556 259609  259327
10.349312437 9438853367 5798779 259606  259379
10.360321759 9451320370 12467003 259599  147513
10.371309140 9466104643 14784273 259584  58876
10.382323696 9485748562 19643919 259589  88151
10.393314979 9495990003 10241441 259602  34747
10.404317421 9512775071 16785068 283204  68043
10.416318518 9533901206 21126135 259591  97904
10.427325784 9539298921 5397715 259606  34032
10.438308706 9551721331 12422410 259588  164192
10.449310735 9566110131 14388800 259579  55795
10.460322000 9587057181 20947050 259576  96042
10.471311260 9596325577 9268396 259610  24870
10.482308611 9613586615 17261038 259580  74982
10.493325517 9632066361 18479746 259586  83401
10.504311392 9640097298 8030937 259603  31449
10.515311045 9645632465 5535167 259611  194686
10.526314383 9651431021 5798556 259611  259347
10.537313235 9664737333 13306312 259601  120994
10.548311964 9681597054 16859721 259579  70764
10.559310150 9699393427 17796373 283180  73633
10.571310535 9714259358 14865931 283202  57980
10.583310746 9731008903 16749545 259610  71796
10.594310761 9748085638 17076735 283177  70746
10.606310186 9753555491 5469853 259620  105215
10.617312428 9770640172 17084681 259598  122570
10.628309627 9786964975 16324803 259566  67875
10.639334200 9801680202 14715227 283193  54475
10.651311414 9817048084 15367882 259592  65539
10.662312652 9834093644 17045560 259596  73819
10.673311928 9849848672 15755028 283188  62773
10.685308456 9855428625 5579953 259619  135320
10.696313079 9860964464 5535839 259598  239864
10.707321430 9866227005 5262541 259613  220825
10.718313765 9872025337 5798332 259624  259308
10.729310208 9877823668 5798331 259616  259338
10.740329294 9883209847 5386179 259611  229477
10.751299966 9888340168 5130321 259623  238320
10.762323047 9894138724 5798556 259624  259340
10.773323217 9899937727 5799003 259625  259383
10.784327296 9905736283 5798556 259600  259367
10.795324361 9911534615 5798332 259595  259362
10.806322136 9917333171 5798556 259596  259368
10.817325312 9920964159 3630988 259607  210117
10.828310577 9926762491 5798332 259617  259328
10.839323250 9932560823 5798332 259611  259357
10.850321408 9938359522 5798699 259630  259367
10.861311737 9944157486 5797964 259607  259353
10.872322669 9949956042 5798556 259623  259366
10.883322111 9955754429 5798387 259596  259358
10.894322910 9961554510 5800081 259560  259402
10.905311125 9967354393 5799883 259547  259357
10.916321048 9973154222 5799829 259553  259349
10.927336097 9978954078 5799856 259558  259355
10.938323055 9984754159 5800081 259565  259372
10.949308134 9990193526 5439367 259573  233276
10.960328633 9992391003 2197477 259619  234238
10.971321851 9995229548 2838545 50386  50117
10.982327114 9998692310 3462762 29611  29403
10.993328829 10002155041 3462731 29608  29423
11.004331522 10005617640 3462599 29603  29411
11.015326900 10009080372 3462732 29609  29412
11.026312285 10012543147 3462775 29607  29417
11.037315761 10016005892 3462745 29598  29419
11.048327467 10019468580 3462688 29601  29414
11.059329662 10022931312 3462732 29624  29423
11.070328201 10026394044 3462732 29606  29420
11.081331323 10029856775 3462731 29598  29421
11.092314638 10033319387 3462612 29605  29421
11.103315863 10036782163 3462776 29606  29423
11.114315559 10040244775 3462612 29604  29425
11.125316102 10043707386 3462611 29605  29425
11.136331830 10047169987 3462601 29604  29424
11.147327425 10050632610 3462623 29608  29427
11.158316918 10057029720 6397110 192818  147683
11.176599920 10065487975 8458255 338147  249949
11.192617711 10073974288 8486313 338956  250804
11.208603510 10082482299 8508011 339982  251437
11.224622729 10090993024 8510725 339859  251518
11.240608847 10099488053 8495029 339615  251035
11.256635006 10110471405 10983352 438889  324623
11.276625685 10119118172 8646767 345434  255548
11.292618206 10127781241 8663069 346286  256017
11.308615021 10136546012 8764771 349890  258994
11.324603377 10145191333 8645321 345440  255523
11.340613112 10153696454 8505121 339819  251345
11.356606214 10162184387 8487933 339353  250829
11.372622540 10170680976 8496589 339320  251122
11.388604415 10179172855 8491879 339583  250936
11.404619607 10187667404 8494549 339276  251057
11.420620112 10196154541 8487137 339127  250797
11.436602190 10204951538 8796997 351372  259998
11.452613879 10206800431 1848893 275653  269163
11.464343266 10208095933 1295502 259596  259427
11.475309618 10209391415 1295482 259580  259422
11.486322713 10211888407 2496992 286369  267104
11.499329308 10215749814 3861407 198646  153997
11.510325079 10217563172 1813358 259600  255060
11.521333039 10219376676 1813504 259590  259260
11.532329420 10221190146 1813470 259585  259410
11.543331342 10223003658 1813512 259593  259421
11.554329371 10224817401 1813743 259587  259409
11.565323987 10226631052 1813651 259594  259426
11.576311326 10228444578 1813526 259582  259409
11.587326415 10230258412 1813834 259592  259420
11.598315433 10232072057 1813645 259619  259447
11.609343076 10233885904 1813847 259607  259444
11.620317858 10235699541 1813637 259598  259419
11.631330377 10237513110 1813569 259595  259422
11.642330259 10239326461 1813351 259585  259415
11.653312224 10241140028 1813567 259590  259425
11.664327906 10242953659 1813631 259604  259432
11.675311725 10244637590 1683931 259603  258485
11.686329407 10246192922 1555332 259577  257932
11.697308172 10247748394 1555472 259589  258720
11.708310378 10249304013 1555619 259587  258964
11.719322473 10250859742 1555729 259599  259045
11.730323426 10252415303 1555561 259592  259022
11.741309968 10253970783 1555480 259586  259003
11.752311427 10255526479 1555696 259600  259038
11.763334305 10257082012 1555533 259596  259017
11.774323590 10258637497 1555485 259599  259042
11.785309203 10260193074 1555577 259598  259027
11.796310198 10261748275 1555201 259598  259029
11.807320831 10263303481 1555206 259602  259000
11.818310572 10264858644 1555163 259593  259010
11.829322265 10266413988 1555344 259591  259013
11.840323617 10267969101 1555113 259621  259024
11.851323033 10269625706 1656605 259605  259148
11.862314801 10271439246 1813540 259592  259411
11.873313084 10273252596 1813350 259584  259416
11.884310122 10275066248 1813652 259582  259407
11.895310004 10276880054 1813806 259590  259421
11.906346447 10278693804 1813750 259606  259433
11.917313762 10280507609 1813805 259604  259440
11.928323554 10282321275 1813666 259605  259429
11.939311486 10284134948 1813673 259589  259426
11.950330308 10285948383 1813435 259576  259399
11.961315577 10287761873 1813490 259597  259430
11.972326023 10289575357 1813484 259597  259427
11.983326925 10291388953 1813596 259600  259423
11.994315117 10293202584 1813631 259597  259424
12.005313745 10295016319 1813735 259605  259440
12.016310005 10296829992 1813673 259608  259431
12.027339914 10298475158 1645166 259617  258244
12.038324836 10300030571 1555413 259592  258086
12.049324704 10301585886 1555315 259585  258763
12.060312247 10303141622 1555736 259592  259008
12.071311548 10304696966 1555344 259593  258991
12.082311740 10306252705 1555739 259591  259026
12.093321999 10307808406 1555701 259611  259051
12.104324185 10309364132 1555726 259601  259035
12.115322867 10310919446 1555314 259605  259021
12.126311469 10312475130 1555684 259606  259043
12.137310031 10314030463 1555333 259588  259016
12.148322004 10315585866 1555403 259581  258999
12.159310659 10317141541 1555675 259600  259072
12.170309001 10318697153 1555612 259590  259031
12.181308977 10320252751 1555598 259590  259062
12.192312732 10321808178 1555427 259595  259046
12.203322291 10322541060 732882 121561  121174
12.220586120 10322542247 1187 58  0
12.234210627 10322543566 1319 104  2
12.250287787 10322544753 1187 57  0
12.265353647 10322548057 3304 209  70
