0.010131834 57957274 57957274 9068  67
0.023591889 152016936 94059662 320  1
0.039492847 196758605 44741669 71043  1382
0.051248365 199943910 3185305 159531  8714
0.063256125 203787919 3844009 169936  7475
0.075248688 207653571 3865652 169974  2900
0.087262468 211452441 3798870 169965  2742
0.099256761 215304907 3852466 169954  2762
0.111245687 219174995 3870088 169965  3186
0.123258997 222973149 3798154 169953  2916
0.135244379 226828373 3855224 169963  2789
0.147249909 230679789 3851416 169949  2764
0.159259838 234542493 3862704 169969  2611
0.171245071 238329562 3787069 169946  2507
0.183267925 242174870 3845308 169982  2475
0.195249450 246020322 3845452 169949  2484
0.207260737 249918091 3897769 169958  2502
0.219257213 253753273 3835182 169953  2426
0.231258529 257634566 3881293 169948  2715
0.243245305 261513080 3878514 169969  2430
0.255245582 265391119 3878039 169953  2383
0.267250305 269256004 3864885 169957  2363
0.279259444 273126835 3870831 169970  2474
0.291260697 276994437 3867602 169958  2385
0.303255866 280802328 3807891 169946  2355
0.315259276 284658991 3856663 169956  2315
0.327257773 288515583 3856592 169973  2276
0.339265816 292369591 3854008 169960  2299
0.351245819 296224542 3854951 169954  2285
0.363260095 300078727 3854185 169976  2408
0.375257811 303920236 3841509 169973  2354
0.387243600 307773620 3853384 169953  2299
0.399248200 311630197 3856577 169973  2371
0.411247910 315485180 3854983 169974  2247
0.423249676 319330087 3844907 169953  2249
0.435257026 323180795 3850708 169951  2668
0.447244612 327020633 3839838 169966  2386
0.459246335 330855119 3834486 169958  2372
0.471243968 334680963 3825844 169961  2339
0.483248017 338513387 3832424 169949  2256
0.495255524 342338693 3825306 169948  2556
0.507245640 346164430 3825737 169954  2633
0.519247573 349988374 3823944 169940  2578
0.531261046 353857018 3868644 169967  2454
0.543257815 357675019 3818001 169952  2375
0.555256658 361485461 3810442 169955  2246
0.567260562 365295806 3810345 169959  2267
0.579259961 369138562 3842756 169967  2253
0.591257501 372995896 3857334 169944  2361
0.603245130 376897407 3901511 169950  2490
0.615256856 380737106 3839699 169959  2657
0.627257752 384578103 3840997 169946  2443
0.639243542 388417966 3839863 169959  2698
0.651268852 392260646 3842680 169936  2730
0.663258718 396130094 3869448 169957  2566
0.675261118 399961637 3831543 169952  2431
0.687245650 403792331 3830694 169954  2411
0.699261093 407668866 3876535 169957  2234
0.711257487 411484596 3815730 169957  2365
0.723243342 415306346 3821750 169949  2458
0.735244982 419173609 3867263 169960  2705
0.747244502 422981356 3807747 169947  2617
0.759257138 426795099 3813743 169975  2709
0.771260445 430671927 3876828 169956  2419
0.783244590 434491992 3820065 169952  2358
0.795257944 438362999 3871007 169952  2346
0.807243486 442177450 3814451 169942  2564
0.819255879 446042230 3864780 169961  2524
0.831245963 449841400 3799170 169962  2579
0.843245112 453654665 3813265 169962  2390
0.855261382 457493890 3839225 169957  2478
0.867246291 461299076 3805186 169960  2399
0.879257761 465153036 3853960 169970  2453
0.891255264 468999719 3846683 169959  2419
0.903260693 472792017 3792298 169956  2615
0.915259173 476630282 3838265 169956  2437
0.927253849 480408833 3778551 169952  2451
0.939251665 484251141 3842308 169952  2364
0.951260222 488168595 3917454 169961  2570
0.963245631 492150881 3982286 169948  2681
0.975264034 496127618 3976737 169963  2947
0.987262250 500051537 3923919 169955  2612
0.999256380 504022657 3971120 169958  2450
1.011261716 507993316 3970659 169946  2533
1.023248752 511956875 3963559 169955  2394
1.035259252 515862940 3906065 169953  2435
1.047256848 519823281 3960341 169956  2289
1.059256788 523779389 3956108 169967  2300
1.071245090 527733698 3954309 169945  2289
1.083248354 531628822 3895124 169951  2618
1.095258820 535569211 3940389 169967  2496
1.107257086 539509366 3940155 169951  2662
1.119248579 543445314 3935948 169944  2477
1.131256019 547395643 3950329 169954  2569
1.143256568 551338057 3942414 169940  2427
1.155244511 555236273 3898216 169967  2478
1.167249064 559177323 3941050 169958  2477
1.179244416 563114181 3936858 169946  2545
1.191257477 567046207 3932026 169963  2541
1.203246090 570977150 3930943 169958  2728
1.215257660 574904159 3927009 169960  2781
1.227245732 578835235 3931076 169954  2807
1.239260622 582761871 3926636 169962  2813
1.251247668 586681297 3919426 169956  2670
1.263248668 590600369 3919072 169954  2592
1.275245260 594517667 3917298 169968  2671
1.287266577 598425862 3908195 169950  2699
1.299257707 602334217 3908355 169958  2581
1.311243209 606265780 3931563 169955  2432
1.323259182 610222124 3956344 169950  2441
1.335259899 614166918 3944794 169948  2525
1.347259451 618107448 3940530 169952  2667
1.359248858 622048294 3940846 169982  2480
1.371256854 626036332 3988038 169967  2400
1.383248807 629966209 3929877 169952  2398
1.395256139 633892000 3925791 169943  2453
1.407249273 637821056 3929056 169935  2445
1.419248445 641746474 3925418 169950  2457
1.431260538 645676312 3929838 169939  2372
1.443259668 649635458 3959146 169967  2554
1.455255501 653550393 3914935 169954  2556
1.467246791 657462031 3911638 169959  2519
1.479255960 661421829 3959798 169941  2564
1.491257733 665337433 3915604 169937  2467
1.503247536 669257682 3920249 169955  2428
1.515246505 673181012 3923330 169967  2619
1.527258642 677137323 3956311 169956  2430
1.539253718 681050436 3913113 169950  2599
1.551259098 684949949 3899513 169961  2403
1.563243820 688901725 3951776 169954  2300
1.575258223 692800596 3898871 169963  2495
1.587256310 696753585 3952989 169948  2372
1.599244786 700654692 3901107 169943  2337
1.611254719 704597411 3942719 169971  2376
1.623261009 708490255 3892844 169952  2675
1.635248698 712430640 3940385 169963  2620
1.647244198 716312430 3881790 169950  2578
1.659257428 720249051 3936621 169973  2452
1.671260474 724191163 3942112 169961  2441
1.683256404 728233128 4041965 169961  2443
1.695249309 732204550 3971422 169954  2385
1.707258136 736230116 4025566 169957  2374
1.719244402 740196249 3966133 169960  2285
1.731255595 744215854 4019605 169954  2355
1.743249198 748231417 4015563 169942  2574
1.755248101 752187327 3955910 169947  2550
1.767269181 756201410 4014083 169951  2411
1.779257656 760210117 4008707 169946  2461
1.791245116 764161545 3951428 169945  2539
1.803247602 768159278 3997733 169956  2384
1.815255852 772156637 3997359 169951  2493
1.827250525 776095270 3938633 169939  2445
1.839244818 780083240 3987970 169954  2618
1.851246138 784088560 4005320 169954  2510
1.863257413 788091288 4002728 169963  2510
1.875245033 792034275 3942987 169943  2464
1.887260193 796024720 3990445 169952  2428
1.899243689 800020329 3995609 169952  2483
1.911256746 804003343 3983014 169947  2370
1.923264426 807987440 3984097 169966  2579
1.935248845 811968995 3981555 169961  2582
1.947245790 815955222 3986227 169962  2581
1.959256800 819936664 3981442 169947  2653
1.971255977 823853308 3916644 169955  2587
1.983244213 827826138 3972830 169963  2389
1.995258519 831791318 3965180 169955  2354
2.007260733 835761606 3970288 169964  2328
2.019258235 839734489 3972883 169958  2332
2.031245045 843746276 4011787 169951  2457
2.043261038 847751357 4005081 169965  2425
2.055248844 851748477 3997120 169968  2321
2.067256651 855745417 3996940 169960  2405
2.079246946 859735756 3990339 169953  2333
2.091256620 863730693 3994937 169941  2304
2.103261895 867762850 4032157 169941  2263
2.115255965 871751986 3989136 169956  2320
2.127250255 875734434 3982448 169953  2378
2.139248348 879716883 3982449 169938  2222
2.151256351 883693432 3976549 169956  2413
2.163247013 887672858 3979426 169938  2540
2.175257467 891645255 3972397 169951  2394
2.187245406 895663278 4018023 169960  2407
2.199256639 899635391 3972113 169943  2359
2.211246192 903623908 3988517 169953  2462
2.223256481 907605089 3981181 169947  2401
2.235243618 911633734 4028645 169951  2670
2.247266384 915604303 3970569 169964  2616
2.259257254 919574728 3970425 169942  2551
2.271244493 923585304 4010576 169963  2407
2.283245509 927546419 3961115 169962  2461
2.295257283 931891333 4344914 155790  1997
2.306257708 943163827 11272494 155780  727
2.317244327 953631716 10467889 155764  1316
2.328258805 964819545 11187829 155786  997
2.339244731 975385983 10566438 155772  1146
2.350246719 986082598 10696615 155777  1160
2.361256825 997162609 11080011 155783  855
2.372245971 1007642852 10480243 155765  1005
2.383258486 1018913972 11271120 155769  776
2.394250175 1029392816 10478844 155768  912
2.405245750 1040663276 11270460 155777  840
2.416245609 1051162569 10499293 155761  802
2.427245704 1062360442 11197873 155771  953
2.438259276 1072942307 10581865 155756  851
2.449245139 1083847150 10904843 155782  1097
2.460248198 1094705788 10858638 155769  904
2.471244320 1105556663 10850875 155767  888
2.482245149 1116476111 10919448 155781  986
2.493245664 1127482637 11006526 155790  765
2.504248313 1137900653 10418016 155755  1038
2.515259391 1148907379 11006726 155772  861
2.526249173 1160162433 11255054 155784  864
2.537254360 1170791690 10629257 155768  1010
2.548256185 1181911716 11120026 155771  720
2.559244424 1192906084 10994368 155778  899
2.570249016 1203549424 10643340 155768  927
2.581260338 1214859586 11310162 155772  951
2.592245033 1225636383 10776797 155773  1013
2.603256872 1236280361 10643978 155770  804
2.614259608 1247732276 11451915 155769  3892
2.625257593 1258393876 10661600 155759  16555
2.637182456 1270189934 11796058 169914  34983
2.648229929 1281547856 11357922 155781  19101
2.659260623 1292188668 10640812 155755  13681
2.670256899 1303644046 11455378 155774  5391
2.681248007 1314312739 10668693 155756  2295
2.692254610 1325340375 11027636 155781  1322
2.703243509 1336423382 11083007 155769  1099
2.714258424 1347099969 10676587 155759  872
2.725247603 1358558977 11459008 155773  1008
2.736245075 1369209852 10650875 155756  870
2.747248953 1380674319 11464467 155769  930
2.758246099 1391315404 10641085 155778  1020
2.769248997 1402779549 11464145 155777  834
2.780243467 1413437705 10658156 155775  978
2.791245392 1424895163 11457458 155778  862
2.802246241 1435574701 10679538 155761  861
2.813244820 1446857400 11282699 155767  864
2.824244742 1457689813 10832413 155776  745
2.835257378 1468572557 10882744 155769  849
2.846249216 1479817846 11245289 155775  836
2.857254722 1490522770 10704924 155768  871
2.868249977 1501937142 11414372 155774  833
2.879248926 1512581959 10644817 155752  750
2.890247368 1524060816 11478857 155775  801
2.901257200 1534702233 10641417 155766  874
2.912257272 1546194689 11492456 155786  837
2.923261355 1556824972 10630283 155777  909
2.934255356 1568305507 11480535 155787  754
2.945256412 1578934525 10629018 155765  953
2.956257371 1590409347 11474822 155772  864
2.967260686 1601050634 10641287 155772  970
2.978267438 1612551750 11501116 155786  837
2.989256950 1623192152 10640402 155757  764
3.000256209 1634671829 11479677 155787  899
3.011255704 1645435599 10763770 155774  805
3.022256931 1656790891 11355292 155772  796
3.033260786 1667837091 11046200 155781  736
3.044248204 1678919544 11082453 155761  769
3.055257403 1690034786 11115242 155785  936
3.066244555 1701033159 10998373 155761  803
3.077247277 1712167522 11134363 155791  917
3.088242253 1723150886 10983364 155767  765
3.099261428 1734608040 11457154 155785  820
3.110260678 1745267647 10659607 155765  882
3.121253520 1756725935 11458288 155775  721
3.132245138 1767366831 10640896 155762  917
3.143244710 1778868102 11501271 155781  768
3.154248886 1789492145 10624043 155760  886
3.165242954 1800973236 11481091 155772  913
3.176245470 1812140268 11167032 155792  752
3.187244672 1823106932 10966664 155763  824
3.198249591 1834594814 11487882 155783  745
3.209244462 1845252860 10658046 155764  810
3.220260382 1856750317 11497457 155798  831
3.231249011 1867417432 10667115 155774  682
3.242244979 1878865886 11448454 155767  861
3.253245918 1890328490 11462604 155791  858
3.264248020 1901010795 10682305 155757  929
3.275256610 1912474331 11463536 155784  817
3.286246691 1923136594 10662263 155756  744
3.297256450 1934619415 11482821 155775  835
3.308258522 1945807595 11188180 155780  747
3.319242844 1956754769 10947174 155764  878
3.330245636 1968221350 11466581 155776  766
3.341258755 1978869092 10647742 155763  710
3.352260051 1990353880 11484788 155768  905
3.363256293 2001107534 10753654 155766  879
3.374258052 2012473477 11365943 155774  870
3.385257144 2023950811 11477334 155786  762
3.396242899 2034597264 10646453 155758  747
3.407257215 2046091304 11494040 155787  955
3.418265420 2057040211 10948907 155771  709
3.429249399 2068198809 11158598 155771  846
3.440259905 2079681757 11482948 155781  755
3.451253269 2090323991 10642234 155764  886
3.462257282 2101803511 11479520 155782  893
3.473255194 2112847894 11044383 155771  759
3.484258076 2123916445 11068551 155770  879
3.495257235 2135396789 11480344 155791  743
3.506258097 2146042593 10645804 155758  800
3.517247032 2157520392 11477799 155773  817
3.528244278 2168981831 11461439 155784  611
3.539248673 2179626462 10644631 155761  817
3.550255176 2191122441 11495979 155786  782
3.561255851 2202266635 11144194 155765  895
3.572257367 2213227790 10961155 155769  863
3.583245219 2224680309 11452519 155778  697
3.594245507 2235318461 10638152 155763  799
3.605260163 2246810876 11492415 155769  748
3.616249538 2258254328 11443452 155784  823
3.627256104 2268924530 10670202 155755  744
3.638245745 2280403243 11478713 155775  702
3.649245644 2291220144 10816901 155760  980
3.660244310 2302494803 11274659 155770  801
3.671244712 2313944276 11449473 155787  950
3.682258588 2324603357 10659081 155760  773
3.693248923 2336063233 11459876 155769  741
3.704242398 2347510872 11447639 155784  825
3.715265165 2358162810 10651938 155762  669
3.726245149 2369637288 11474478 155779  853
3.737260082 2380970731 11333443 155778  712
3.748259337 2391736171 10765440 155764  860
3.759259539 2403225481 11489310 155783  859
3.770246855 2414599769 11374288 155788  684
3.781243383 2425327433 10727664 155768  851
3.792246592 2436816228 11488795 155771  731
3.803257244 2448181758 11365530 155779  792
3.814257740 2458897358 10715600 155762  787
3.825255999 2470373874 11476516 155778  654
3.836244384 2481285637 10911763 155772  805
3.847245370 2492453071 11167434 155773  793
3.858256275 2503927362 11474291 155782  918
3.869249477 2514789243 10861881 155771  832
3.880260090 2525997285 11208042 155769  753
3.891259228 2537487933 11490648 155785  844
3.902247824 2548405186 10917253 155770  757
3.913257449 2559565500 11160314 155772  861
3.924259888 2571068069 11502569 155768  752
3.935256473 2582093010 11024941 155772  768
3.946247555 2593197459 11104449 155764  854
3.957246704 2604720488 11523029 155774  750
3.968246899 2615994375 11273887 155776  950
3.979258229 2626868479 10874104 155774  830
3.990257044 2638361039 11492560 155780  878
4.001268360 2649569138 11208099 155785  975
4.012255685 2660501832 10932694 155766  751
4.023259157 2672010002 11508170 155768  843
4.034244826 2683505179 11495177 155817  737
4.045247091 2694180417 10675238 155761  910
4.056262026 2705674267 11493850 155771  845
4.067265903 2717185020 11510753 155779  746
4.078258811 2728155387 10970367 155770  936
4.089243339 2739306073 11150686 155767  750
4.100256675 2750814346 11508273 155776  884
4.111246794 2762303465 11489119 155797  727
4.122246656 2772955575 10652110 155763  769
4.133247148 2784458394 11502819 155776  823
4.144264080 2795977902 11519508 155772  666
4.155262770 2806997345 11019443 155768  958
4.166243137 2818105759 11108414 155766  801
4.177246247 2829596735 11490976 155767  889
4.188256556 2841069533 11472798 155791  852
4.199261394 2851755035 10685502 155770  723
4.210244413 2863211990 11456955 155769  851
4.221256308 2874727606 11515616 155768  922
4.232246414 2886168128 11440522 155776  962
4.243242886 2896843440 10675312 155756  876
4.254245011 2908325893 11482453 155768  795
4.265257714 2919809304 11483411 155821  892
4.276256663 2930725572 10916268 155760  773
4.287249378 2941931070 11205498 155757  898
4.298264520 2953454932 11523862 155775  777
4.309260289 2964907739 11452807 155801  756
4.320255457 2975558157 10650418 155762  889
4.331245613 2987045103 11486946 155771  686
4.342258519 2998531928 11486825 155787  882
4.353248404 3009610868 11078940 155757  844
4.364259163 3020635883 11025015 155756  908
4.375260888 3032136048 11500165 155767  854
4.386258277 3043637950 11501902 155778  769
4.397255886 3054561128 10923178 155772  945
4.408260304 3065717035 11155907 155765  845
4.419248630 3077195944 11478909 155784  893
4.430256979 3088677245 11481301 155781  814
4.441267888 3099326996 10649751 155768  980
4.452249693 3110782055 11455059 155760  975
4.463256669 3122272987 11490932 155775  883
4.474255631 3133709263 11436276 155785  1046
4.485261206 3144381827 10672564 155751  909
4.496245108 3155842179 11460352 155775  908
4.507248184 3167333155 11490976 155782  885
4.518259130 3178573814 11240659 155782  744
4.529244704 3189404374 10830560 155758  897
4.540256837 3200898829 11494455 155769  850
4.551243782 3212379113 11480284 155777  885
4.562256701 3223554228 11175115 155765  857
4.573260680 3234446404 10892176 155766  690
4.584268385 3245908896 11462492 155768  860
4.595245594 3257376007 11467111 155795  758
4.606248896 3268147115 10771108 155764  915
4.617247332 3279461849 11314734 155779  786
4.628242224 3290923212 11461363 155769  744
4.639249606 3302379190 11455978 155798  864
4.650258168 3313153095 10773905 155765  697
4.661259523 3324485242 11332147 155765  843
4.672245275 3335987963 11502721 155773  695
4.683260452 3347432698 11444735 155804  743
4.694246856 3358208672 10775974 155752  849
4.705254369 3369529014 11320342 155766  663
4.716245784 3381001468 11472454 155769  811
4.727253730 3392474266 11472798 155812  732
4.738259242 3403200636 10726370 155758  915
4.749260107 3414562567 11361931 155765  782
4.760260850 3426030420 11467853 155771  793
4.771245191 3437493728 11463308 155790  934
4.782255374 3448354452 10860724 155761  759
4.793257583 3459569235 11214783 155771  916
4.804258548 3471063615 11494380 155770  867
4.815249063 3482522128 11458513 155790  795
4.826244592 3493407579 10885451 155768  914
4.837244427 3504574981 11167402 155775  668
4.848248613 3516034553 11459572 155764  825
4.859255418 3527527759 11493206 155783  711
4.870257814 3538372265 10844506 155766  879
4.881267823 3549556707 11184442 155767  871
4.892250422 3561029148 11472441 155766  809
4.903244567 3572500408 11471260 155803  922
4.914249206 3583521767 11021359 155767  888
4.925256718 3594530814 11009047 155772  889
4.936242993 3606016848 11486034 155769  824
4.947260846 3617471301 11454453 155785  771
4.958261185 3628819626 11348325 155763  890
4.969260333 3639499988 10680362 155769  727
4.980256845 3650946443 11446455 155764  878
4.991256507 3662427972 11481529 155786  724
5.002257859 3673809467 11381495 155781  783
5.013243568 3684452764 10643297 155764  837
5.024253343 3695900215 11447451 155768  677
5.035248519 3707353120 11452905 155785  755
5.046258118 3718648363 11295243 155772  703
5.057258334 3729386635 10738272 155771  798
5.068246496 3740854481 11467846 155764  874
5.079256824 3752306158 11451677 155777  708
5.090242323 3763719465 11413307 155778  837
5.101247105 3774331485 10612020 155756  732
5.112247467 3785771726 11440241 155762  793
5.123257349 3797257072 11485346 155763  720
5.134257402 3808651076 11394004 155785  692
5.145246037 3819268977 10617901 155770  824
5.156245243 3830700266 11431289 155761  614
5.167251141 3842143476 11443210 155772  876
5.178250157 3853618344 11474868 155817  770
5.189258612 3864461361 10843017 155782  793
5.200246894 3875598326 11136965 155765  846
5.211248223 3887050348 11452022 155775  790
5.222245486 3898501282 11450934 155795  882
5.233248524 3909518181 11016899 155763  866
5.244255323 3920502231 10984050 155762  861
5.255258542 3931964165 11461934 155764  718
5.266259314 3943397230 11433065 155785  761
5.277248102 3954795792 11398562 155780  862
5.288248341 3965403296 10607504 155762  675
5.299256424 3976826233 11422937 155765  799
5.310256873 3988290464 11464231 155771  741
5.321243427 3999693369 11402905 155786  717
5.332257323 4010516515 10823146 155753  845
5.343261942 4021697745 11181230 155766  629
5.354247584 4033133038 11435293 155767  781
5.365258079 4044586680 11453642 155772  835
5.376260455 4055971943 11385263 155788  847
5.387258578 4066588607 10616664 155756  749
5.398242775 4078033179 11444572 155769  674
5.409248337 4089499684 11466505 155758  872
5.420247324 4100971233 11471549 155783  612
5.431257072 4112113181 11141948 155777  813
5.442260791 4122998671 10885490 155759  675
5.453246150 4134431958 11433287 155776  728
5.464264885 4145903043 11471085 155773  857
5.475243120 4157335564 11432521 155793  702
5.486261213 4168143143 10807579 155754  922
5.497248769 4179389499 11246356 155759  814
5.508247317 4190835987 11446488 155767  897
5.519258566 4202296278 11460291 155787  859
5.530257471 4213709985 11413707 155777  674
5.541257837 4224422402 10712417 155756  891
5.552243412 4235752130 11329728 155762  686
5.563245307 4247196417 11444287 155772  820
5.574248286 4258668424 11472007 155792  856
5.585247062 4270051231 11382807 155793  909
5.596244984 4280658582 10607351 155763  906
5.607228596 4292101131 11442549 155764  671
5.618257868 4303535938 11434807 155769  796
5.629242387 4315008529 11472591 155817  711
5.640257156 4325899957 10891428 155765  800
5.651257974 4336979761 11079804 155763  805
5.662257347 4348422023 11442262 155774  619
5.673245099 4359859909 11437886 155795  746
5.684246224 4371149321 11289412 155778  716
5.695257540 4381839523 10690202 155761  753
5.706254545 4393289228 11449705 155765  641
5.717257911 4404710591 11421363 155766  637
5.728258866 4416123758 11413167 155788  754
5.739244878 4427049741 10925983 155766  628
5.750256831 4438128021 11078280 155764  841
5.761259486 4449593052 11465031 155764  695
5.772249102 4461009846 11416794 155772  654
5.783256064 4472439816 11429970 155799  754
5.794260789 4483404782 10964966 155772  566
5.805246791 4494428959 11024177 155772  715
5.816256876 4505876223 11447264 155775  617
5.827258149 4517303465 11427242 155767  677
5.838256725 4528762276 11458811 155805  625
5.849247426 4539764421 11002145 155766  612
5.860255305 4550716472 10952051 155770  746
5.871245161 4562143854 11427382 155767  630
5.882244956 4573568366 11424512 155775  774
5.893269228 4585026384 11458018 155797  640
5.904257010 4595986203 10959819 155773  679
5.915257030 4606964684 10978481 155767  753
5.926249481 4618389333 11424649 155769  601
5.937254240 4629814795 11425462 155769  694
5.948246436 4641260650 11445855 155770  643
5.959247458 4652622073 11361423 155793  711
5.970257610 4663223362 10601289 155759  715
5.981245278 4674630226 11406864 155763  630
5.992247524 4686065202 11434976 155767  782
6.003260410 4697495614 11430412 155772  578
6.014243028 4708914157 11418543 155801  695
6.025258614 4720299916 11385759 155777  591
6.036258106 4730877003 10577087 155751  630
6.047265195 4742286652 11409649 155771  704
6.058249027 4753707173 11420521 155768  581
6.069249072 4765116407 11409234 155782  725
6.080260952 4776523667 11407260 155793  660
6.091242849 4787317110 10793443 155758  814
6.102256146 4798479563 11162453 155766  659
6.113260598 4809885435 11405872 155772  624
6.124257743 4821307866 11422431 155765  814
6.135248085 4832720481 11412615 155796  573
6.146246254 4843813782 11093301 155776  720
6.157248756 4854712124 10898342 155761  647
6.168254691 4866106662 11394538 155773  766
6.179257323 4877539979 11433317 155772  788
6.190268043 4888971181 11431202 155776  676
6.201261208 4900395090 11423909 155821  680
6.212259350 4911809098 11414008 155779  630
6.223257432 4922749945 10940847 155763  726
6.234248137 4933771544 11021599 155765  646
6.245243736 4945176613 11405069 155768  572
6.256246578 4956607912 11431299 155769  731
6.267246401 4968028889 11420977 155769  572
6.278256520 4979406538 11377649 155778  732
6.289261345 4990379035 10972497 155761  621
6.300244227 5001363464 10984429 155771  620
6.311248466 5012780706 11417242 155770  686
6.322243554 5024210757 11430051 155769  536
6.333256746 5035618280 11407523 155772  674
6.344247945 5047047708 11429428 155769  635
6.355245354 5058396517 11348809 155798  649
6.366257663 5068980549 10584032 155752  697
6.377256529 5080366208 11385659 155760  688
6.388260674 5091779081 11412873 155781  879
6.399254499 5103195345 11416264 155769  634
6.410245765 5114599780 11404435 155777  789
6.421258287 5126028625 11428845 155807  669
6.432245949 5137361048 11332423 155779  635
6.443248224 5147934205 10573157 155750  721
6.454256779 5159313108 11378903 155768  558
6.465261206 5170713281 11400173 155780  702
6.476263398 5182138332 11425051 155769  727
6.487259146 5193532388 11394056 155786  942
6.498256495 5204917400 11385012 155770  802
6.509256920 5215681639 10764239 155768  818
6.520248452 5226839778 11158139 155769  771
6.531261171 5238236656 11396878 155768  595
6.542263184 5249634957 11398301 155783  757
6.553243156 5261072655 11437698 155763  630
6.564259598 5272457501 11384846 155803  669
6.575256340 5283797820 11340319 155769  769
6.586257142 5294361195 10563375 155763  596
6.597258738 5305736934 11375739 155766  701
6.608248103 5317156695 11419761 155767  702
6.619248335 5328548201 11391506 155759  735
6.630251771 5339953118 11404917 155763  650
6.641246085 5351290118 11337000 155775  587
6.652246288 5362063011 10772893 155764  729
6.663258120 5373197089 11134078 155762  568
6.674256772 5384587736 11390647 155772  793
6.685246844 5396013241 11425505 155774  648
6.696247450 5407379581 11366340 155774  685
6.707244082 5418777387 11397806 155808  730
6.718245607 5430126003 11348616 155789  556
6.729249436 5440810728 10684725 155755  667
6.740245215 5452040439 11229711 155768  576
6.751259897 5463422236 11381797 155778  671
6.762247509 5474835306 11413070 155766  614
6.773265441 5486206568 11371262 155769  667
6.784254940 5497595500 11388932 155778  765
6.795249606 5508986391 11390891 155800  573
6.806249071 5520275279 11288888 155772  695
6.817247330 5530858981 10583702 155749  589
6.828246026 5542216346 11357365 155767  614
6.839258161 5553599820 11383474 155771  666
6.850257933 5564977071 11377251 155768  503
6.861255052 5576413817 11436746 155773  670
6.872256567 5587870831 11457014 155763  656
6.883257226 5599334440 11463609 155803  731
6.894249388 5610809991 11475551 155792  592
6.905246604 5622205510 11395519 155768  625
6.916268056 5632815966 10610456 155760  741
6.927258975 5644249308 11433342 155766  541
6.938255417 5655724517 11475209 155769  695
6.949258182 5667193287 11468770 155775  603
6.960256784 5678647478 11454191 155772  654
6.971261580 5690101757 11454279 155770  730
6.982248245 5701547437 11445680 155796  612
6.993247298 5712939475 11392038 155777  801
7.004245462 5723543616 10604141 155762  626
7.015243348 5734971533 11427917 155764  741
7.026261020 5746437662 11466129 155765  653
7.037248676 5757874614 11436952 155763  635
7.048258754 5769336772 11462158 155774  653
7.059259596 5780786792 11450020 155774  531
7.070252729 5792236075 11449283 155798  695
7.081245984 5803690711 11454636 155804  649
7.092244830 5815071779 11381068 155786  771
7.103250029 5825677916 10606137 155744  616
7.114245391 5837087712 11409796 155770  576
7.125249089 5848542282 11454570 155764  731
7.136259091 5859982115 11439833 155761  538
7.147245037 5871416500 11434385 155771  679
7.158244979 5882862690 11446190 155764  596
7.169243054 5894249275 11386585 155786  681
7.180244650 5904970852 10721577 155763  756
7.191249189 5916225582 11254730 155768  549
7.202245828 5927672123 11446541 155772  657
7.213252670 5939123073 11450950 155767  684
7.224245168 5950557711 11434638 155766  725
7.235256875 5962009581 11451870 155773  635
7.246255879 5973438773 11429192 155793  571
7.257259472 5984880917 11442144 155809  689
7.268248724 5996277846 11396929 155777  641
7.279245069 6007251358 10973512 155770  736
7.290249311 6018277005 11025647 155764  609
7.301246913 6029701610 11424605 155779  650
7.312257279 6041139057 11437447 155767  665
7.323243081 6052565632 11426575 155772  540
7.334256399 6064009733 11444101 155765  697
7.345256089 6075446644 11436911 155769  603
7.356268771 6086865540 11418896 155785  709
7.367246663 6098301547 11436007 155797  647
7.378247638 6109662824 11361277 155777  675
7.389247547 6120260428 10597604 155756  804
7.400254972 6131642733 11382305 155764  551
7.411258594 6143076113 11433380 155768  713
7.422260860 6154510104 11433991 155770  651
7.433262036 6165931273 11421169 155767  663
7.444258458 6177360990 11429717 155773  678
7.455259997 6188767982 11406992 155790  538
7.466244979 6200195266 11427284 155807  732
7.477242651 6211575058 11379792 155793  641
7.488245023 6222401471 10826413 155750  747
7.499257515 6233539479 11138008 155761  621
7.510260264 6244935798 11396319 155777  609
7.521258526 6256359512 11423714 155766  656
7.532257208 6267776074 11416562 155768  523
7.543247664 6279189681 11413607 155775  636
7.554254606 6290607092 11417411 155760  627
7.565245341 6302017081 11409989 155799  681
7.576249630 6313445314 11428233 155804  638
7.587247022 6324811479 11366165 155786  653
7.598260515 6335584507 10773028 155759  713
7.609260177 6346767820 11183313 155766  528
7.620260675 6358181780 11413960 155769  721
7.631243977 6369624651 11442871 155761  613
7.642264579 6381039468 11414817 155768  679
7.653261418 6392462265 11422797 155771  728
7.664246013 6403871544 11409279 155771  556
7.675246722 6415287932 11416388 155766  722
7.686248917 6426694575 11406643 155773  629
7.697257803 6438053165 11358590 155773  792
7.708254459 6449010573 10957408 155757  677
7.719246201 6459992735 10982162 155767  692
7.730259693 6471391040 11398305 155767  711
7.741258252 6482801759 11410719 155771  519
7.752244744 6494227893 11426134 155767  704
7.763245642 6505651196 11423303 155763  543
7.774259341 6517063904 11412708 155773  679
7.785244551 6528481263 11417359 155770  687
7.796251973 6539885427 11404164 155766  619
7.807257685 6551306211 11420784 155769  756
7.818257470 6562721622 11415411 155763  524
7.829258565 6574131660 11410038 155779  666
7.840259941 6585547924 11416264 155770  545
7.851246519 6596954580 11406656 155775  620
7.862254845 6606388161 9433581 155787  5621
7.873257301 6616938425 10550264 155756  923
7.884248463 6628298703 11360278 155765  1270
7.895260388 6639711872 11413169 155772  697
7.906256350 6651111901 11400029 155762  683
7.917261886 6662529510 11417609 155766  700
7.928248184 6669615782 7086272 169944  2130
7.940263411 6673168816 3553034 169939  2739
7.952257571 6676931105 3762289 169939  2265
7.964256380 6680722608 3791503 169940  2302
7.976257163 6684524724 3802116 169953  2259
7.988244146 6688319744 3795020 169958  2110
8.000256452 6692113552 3793808 169936  2035
8.012248431 6695897642 3784090 169937  2163
8.024243688 6699687066 3789424 169958  2123
8.036248445 6703482559 3795493 169950  2051
8.048257234 6707267864 3785305 169956  2040
8.060256817 6711051542 3783678 169954  2094
8.072257916 6714828495 3776953 169957  2052
8.084245589 6718604631 3776136 169941  1880
8.096267346 6722374079 3769448 169945  2096
8.108256838 6726145197 3771118 169944  2158
8.120247335 6729372751 3227554 169943  2764
8.132257074 6733133983 3761232 169968  2801
8.144246111 6736648776 3514793 169944  2918
8.156262267 6740404972 3756196 169955  2403
8.168248696 6744142278 3737306 169938  2069
8.180247189 6747877030 3734752 169949  2036
8.192243192 6751596751 3719721 169948  1966
8.204254542 6755314825 3718074 169941  1983
8.216245581 6759068205 3753380 169954  1943
8.228248884 6762766300 3698095 169948  1897
8.240245613 6766455542 3689242 169952  1834
8.252264273 6770139995 3684453 169949  1888
8.264245700 6773862717 3722722 169955  1927
8.276255209 6777525715 3662998 169943  1829
8.288258552 6781184205 3658490 169963  2026
8.300244938 6784880680 3696475 169964  2109
8.312257458 6788519711 3639031 169944  1984
8.324244944 6792156604 3636893 169943  1951
8.336257990 6795832131 3675527 169950  1934
8.348244277 6799452293 3620162 169940  1953
8.360255697 6803065593 3613300 169950  1860
8.372244753 6806717077 3651484 169954  1925
8.384256012 6810315969 3598892 169948  2206
8.396256392 6813952769 3636800 169957  2027
8.408256122 6817540859 3588090 169950  2217
8.420256008 6821167297 3626438 169956  2195
8.432261131 6824738919 3571622 169956  2125
8.444243864 6828350565 3611646 169967  1975
8.456245603 6831900388 3549823 169951  2007
8.468256473 6835487452 3587064 169965  2131
8.480260286 6839017322 3529870 169948  2179
8.492257045 6842579867 3562545 169958  2139
8.504246139 6846089086 3509219 169949  2208
8.516247178 6849631486 3542400 169968  2178
8.528255318 6853161510 3530024 169970  2025
8.540259537 6856639156 3477646 169950  2116
8.552248897 6860149133 3509977 169951  2179
8.564256807 6863650622 3501489 169957  2014
8.576267542 6867098351 3447729 169951  2091
8.588249252 6870577994 3479643 169945  2144
8.600257238 6874045286 3467292 169946  2177
8.612256768 6877466727 3421441 169961  2089
8.624256124 6880915186 3448459 169949  2051
8.636245147 6884347221 3432035 169963  2089
8.648245123 6887773297 3426076 169954  1948
8.660257149 6891149281 3375984 169954  2009
8.672244296 6894554074 3404793 169976  2093
8.684248278 6897952653 3398579 169949  2035
8.696255438 6901339946 3387293 169950  2011
8.708248184 6904719383 3379437 169961  1967
8.720260224 6908058360 3338977 169954  2054
8.732252891 6911413155 3354795 169959  1922
8.744247230 6914765724 3352569 169966  1877
8.756259666 6918103379 3337655 169980  1938
8.768260999 6921435937 3332558 169959  1869
8.780255615 6924756713 3320776 169942  1903
8.792244915 6928069308 3312595 169954  2132
8.804259928 6931370044 3300736 169943  2080
8.816261514 6934663029 3292985 169949  2026
8.828259733 6937948708 3285679 169952  2065
8.840260047 6941220345 3271637 169953  2135
8.852244636 6944483773 3263428 169951  2162
8.864244292 6947739219 3255446 169950  2129
8.876256852 6950988021 3248802 169952  2151
8.888244805 6954225715 3237694 169960  1958
8.900255771 6957453213 3227498 169949  2442
8.912249084 6960672934 3219721 169956  2353
8.924247450 6963884239 3211305 169951  2059
8.936246573 6967089609 3205370 169958  2000
8.948255370 6970285059 3195450 169957  1952
8.960256703 6973502761 3217702 169956  1917
8.972244443 6976678747 3175986 169955  1910
8.984261315 6979850170 3171423 169961  1904
8.996244108 6983012341 3162171 169954  2008
9.008248014 6986169038 3156697 169960  1965
9.020248474 6989323439 3154401 169954  1915
9.032255997 6992481331 3157892 169965  2021
9.044256496 6995606332 3125001 169944  1862
9.056265273 6998717022 3110690 169960  1831
9.068259862 7001822642 3105620 169943  1942
9.080259942 7004948430 3125788 169943  1734
9.092259952 7008032127 3083697 169957  1848
9.104261201 7011108300 3076173 169952  1932
9.116243507 7014200661 3092361 169965  1740
9.128256247 7017253854 3053193 169940  1913
9.140256717 7020300136 3046282 169967  1919
9.152244432 7023364738 3064602 169947  1720
9.164256176 7026393904 3029166 169948  1997
9.176259696 7029414529 3020625 169960  2096
9.188260295 7032451621 3037092 169948  2062
9.200243338 7035456215 3004594 169949  2240
9.212294485 7038472224 3016009 169951  2050
9.224246757 7041454656 2982432 169968  1965
9.236244609 7044455862 3001206 169959  1917
9.248247279 7047417314 2961452 169960  2008
9.260247363 7050379787 2962473 169952  1919
9.272245618 7053345765 2965978 169962  1796
9.284243055 7056309299 2963534 169958  1831
9.296246897 7059245308 2936009 169942  1770
9.308247124 7062198738 2953430 169962  1779
9.320257334 7065113121 2914383 169954  1849
9.332248163 7068043452 2930331 169956  1747
9.344247706 7070941353 2897901 169950  1732
9.356244662 7073850472 2909119 169942  1736
9.368263342 7076725205 2874733 169967  1712
9.380257134 7079618158 2892953 169963  1728
9.392260121 7082498797 2880639 169954  1719
9.404257421 7085349096 2850299 169957  1789
9.416260161 7088216318 2867222 169960  1922
9.428259350 7091073671 2857353 169947  1868
9.440241026 7093901665 2827994 169959  1854
9.452255306 7096743286 2841621 169952  1864
9.464260302 7099574456 2831170 169968  1847
9.476247435 7102400088 2825632 169978  1901
9.488248335 7105191292 2791204 169961  1978
9.500258678 7107998518 2807226 169952  1980
9.512247420 7110794189 2795671 169948  1832
9.524256810 7113588450 2794261 169978  1825
9.536262843 7116346312 2757862 169950  1841
9.548248686 7119116049 2769737 169960  1832
9.560246672 7121882135 2766086 169957  1800
9.572245478 7124641740 2759605 169967  1835
9.584248155 7127374668 2732928 169951  1756
9.596248864 7130107605 2732937 169968  1776
9.608258167 7132836850 2729245 169955  1796
9.620256100 7135553228 2716378 169956  1789
9.632244233 7138263369 2710141 169970  1719
9.644256120 7140959200 2695831 169948  1797
9.656256439 7143646274 2687074 169947  1743
9.668244705 7146322986 2676712 169964  1735
9.680256618 7148985918 2662932 169962  1791
9.692271638 7151640195 2654277 169946  1700
9.704243803 7154280748 2640553 169967  1800
9.716260557 7156910772 2630024 169974  1808
9.728259277 7159551351 2640579 169951  1760
9.740258226 7162160439 2609088 169958  1763
9.752258676 7164760927 2600488 169937  1855
9.764248065 7167355177 2594250 169955  1757
9.776244965 7169936602 2581425 169956  1785
9.788243624 7172510729 2574127 169948  1780
9.800258020 7175075436 2564707 169953  1729
9.812244667 7177628011 2552575 169959  1723
9.824247199 7180171545 2543534 169962  1721
9.836257386 7182721693 2550148 169953  1706
9.848266669 7185249882 2528189 169947  1743
9.860249018 7187769247 2519365 169964  1670
9.872255632 7190282394 2513147 169967  1685
9.884245527 7192787533 2505139 169961  1775
9.896257224 7195293880 2506347 169945  1801
9.908247337 7197773441 2479561 169959  1885
9.920244500 7200248365 2474924 169946  1848
9.932260290 7202710572 2462207 169962  1747
9.944258793 7205176007 2465435 169958  1717
9.956254895 7207620821 2444814 169952  1798
9.968259409 7210056398 2435577 169959  1686
9.980256991 7212483466 2427068 169956  1794
9.992256741 7214910748 2427282 169945  1726
10.004254190 7217322736 2411988 169969  1904
10.016247006 7219726216 2403480 169971  1987
10.028261140 7222127631 2401415 169946  1871
10.040244479 7224514723 2387092 169958  1920
10.052260469 7226888307 2373584 169965  1932
10.064245425 7229260290 2371983 169952  1750
10.076260708 7231615939 2355649 169963  1825
10.088259197 7233975483 2359544 169976  1846
10.100247560 7236315505 2340022 169945  1802
10.112247523 7238648286 2332781 169949  1818
10.124243836 7240980308 2332022 169944  1857
10.136258733 7243302043 2321735 169963  1733
10.148248632 7245617466 2315423 169943  1780
10.160244318 7247921039 2303573 169977  1802
10.172265505 7249906254 1985215 155785  3362
10.183259937 7251693804 1787550 169947  2968
10.195247563 7253538352 1844548 169979  2841
10.207257143 7255405863 1867511 169954  3131
10.219247048 7257259201 1853338 169952  2836
10.231249875 7259103193 1843992 169950  2811
10.243266132 7260976611 1873418 169960  2731
10.255257834 7262822013 1845402 169949  2874
10.267249031 7264645724 1823711 169944  2837
10.279261097 7266488693 1842969 169958  2814
10.291257096 7268289544 1800851 169948  2773
10.303249073 7270090272 1800728 169949  2891
10.315247962 7271964764 1874492 169938  3145
10.327253369 7273847966 1883202 169940  2857
10.339259478 7275699265 1851299 169958  3007
10.351259908 7277550954 1851689 169944  2782
10.363257844 7279407002 1856048 169942  2772
10.375243863 7281252315 1845313 169961  2786
10.387260067 7282917825 1665510 155794  2412
10.398260392 7284753718 1835893 169945  3122
10.410258399 7286445439 1691721 155782  2571
10.421257551 7288323738 1878299 169952  3054
10.433257420 7289987198 1663460 155806  2428
10.444261485 7291831579 1844381 169966  3060
10.456244134 7293629699 1798120 169938  2606
10.468256948 7295491025 1861326 169966  3076
10.480276701 7297186564 1695539 155783  2554
10.491250533 7299014295 1827731 169935  2813
10.503245023 7300696248 1681953 155789  2501
10.514259401 7302510698 1814450 169957  2960
10.526245080 7304459297 1948599 169940  2895
10.538244170 7306381882 1922585 169970  2747
10.550245514 7308192565 1810683 169950  2998
10.562257973 7310034316 1841751 169960  3013
10.574260826 7311862394 1828078 169954  2781
10.586247678 7313659659 1797265 169954  2689
10.598244998 7315313143 1653484 155775  2331
10.609249384 7317150816 1837673 169948  2914
10.621243676 7318995704 1844888 169950  2581
10.633254083 7320834025 1838321 169954  2595
10.645257926 7322683764 1849739 169963  2813
10.657258159 7324520885 1837121 169928  2587
10.669245892 7326224722 1703837 155782  2408
10.680248010 7328080150 1855428 169973  2653
10.692245754 7329918346 1838196 169935  2571
10.704255553 7331781388 1863042 169953  2598
10.716247636 7333634600 1853212 169945  2532
10.728248772 7335515250 1880650 169941  2543
10.740282073 7337400257 1885007 169939  3191
10.752256358 7339275975 1875718 169952  3559
10.764248361 7341114664 1838689 169957  3140
10.776260757 7342955723 1841059 169956  3013
10.788255223 7344871649 1915926 169967  2682
10.800263900 7346779868 1908219 169972  2075
10.812248259 7348692596 1912728 169957  2091
10.824244965 7350599656 1907060 169955  1936
10.836260505 7352565276 1965620 169949  3305
10.848257588 7354149302 1584026 169965  3440
10.860260711 7355413356 1264054 170003  2908
10.872246790 7357127324 1713968 82380  35348
10.883273466 7359403675 2276351 135513  61077
10.895272133 7373985223 14581548 62889  19342
10.911550600 7391465662 17480439 53057  4264
10.927282275 7395705530 4239868 155769  1329
10.938259507 7398242867 2537337 155758  2739
10.949249322 7400329793 2086926 155762  9227
10.960253461 7402294903 1965110 155762  10740
10.971259860 7404165564 1870661 155749  12513
10.982249262 7405958923 1793359 155771  11711
10.993258491 7407683257 1724334 155783  12999
11.004246026 7409355147 1671890 155781  13088
11.015246265 7411021340 1666193 155758  12931
11.026247167 7412681437 1660097 155776  14318
11.037257095 7414320622 1639185 155777  14158
11.048261578 7416092238 1771616 169917  15691
11.060256914 7417721739 1629501 155777  14913
11.071261309 7419370578 1648839 155783  15230
11.082249648 7421016912 1646334 155771  15427
11.093257327 7422657087 1640175 155769  15402
11.104252740 7424316066 1658979 155757  15716
11.115256822 7425978706 1662640 155775  15819
11.126259347 7427642430 1663724 155773  15852
11.137262266 7429323856 1681426 155786  16106
11.148249094 7431015197 1691341 155779  16263
11.159247126 7432711142 1695945 155779  16330
11.170258608 7434408129 1696987 155781  16350
11.181261810 7436123470 1715341 155774  16626
11.192245276 7437841981 1718511 155785  16672
11.203248585 7439556581 1714600 155795  16629
11.214260764 7441284078 1727497 155795  16798
11.225248879 7443009137 1725059 155782  16766
11.236260781 7444746474 1737337 155781  16942
11.247268218 7446476459 1729985 155775  16838
11.258260475 7448217331 1740872 155776  16992
11.269257818 7449959359 1742028 155793  17021
11.280253340 7451701547 1742188 155784  17030
11.291247885 7453442119 1740572 155771  16989
11.302248638 7455190314 1748195 155775  17105
11.313259700 7456939396 1749082 155763  17118
11.324246968 7458687855 1748459 155780  17119
11.335257550 7460437942 1750087 155772  17143
11.346256622 7462181805 1743863 155763  17053
11.357258659 7463937812 1756007 155768  17209
11.368259261 7465694236 1756424 155776  17216
11.379261646 7467449283 1755047 155776  17205
11.390258135 7469207411 1758128 155771  17237
11.401255663 7470959455 1752044 155805  17174
11.412248909 7472711890 1752435 155779  17181
11.423256487 7474475908 1764018 155777  17335
11.434261157 7476243654 1767746 155781  17386
11.445259276 7478010698 1767044 155784  17375
11.456261347 7479774995 1764297 155765  17351
11.467246180 7481539572 1764577 155780  17349
11.478246628 7483303826 1764254 155768  17344
11.489248377 7485080900 1777074 155780  17529
11.500248816 7486847142 1766242 155782  17370
11.511258264 7488620199 1773057 155771  17469
11.522259154 7490393560 1773361 155763  17468
11.533247072 7492166748 1773188 155787  17469
11.544255731 7493940805 1774057 155799  17487
11.555258457 7495712679 1771874 155782  17458
11.566246668 7497493177 1780498 155781  17575
11.577244694 7499267003 1773826 155754  17475
11.588245646 7501042121 1775118 155794  17495
11.599262318 7502813671 1771550 155763  17450
11.610246893 7504593115 1779444 155765  17562
11.621258499 7506374185 1781070 155778  17580
11.632257315 7508154688 1780503 155780  17575
11.643260534 7509932694 1778006 155780  17541
11.654244658 7511709721 1777027 155796  17526
11.665246838 7513490209 1780488 155825  17577
11.676245223 7515275515 1785306 155769  17642
11.687256718 7517052705 1777190 155774  17526
11.698259204 7518842005 1789300 155772  17701
11.709257572 7520628657 1786652 155794  17658
11.720258482 7522401270 1772613 155793  17473
11.731256477 7524185874 1784604 155783  17637
11.742251073 7525970302 1784428 155769  17640
11.753249735 7527756980 1786678 155776  17659
11.764260483 7529540143 1783163 155786  17619
11.775258195 7531325140 1784997 155795  17637
11.786246657 7533116934 1791794 155798  17736
11.797249553 7534896316 1779382 155781  17555
11.808256619 7536675289 1778973 155773  17557
11.819258061 7538465514 1790225 155762  17708
11.830255843 7540246145 1780631 155797  17587
11.841258655 7542033120 1786975 155788  17673
11.852245490 7543820879 1787759 155783  17674
11.863250362 7545608787 1787908 155774  17677
11.874245671 7547382588 1773801 155784  17471
11.885244483 7549166235 1783647 155786  17611
11.896257398 7550947379 1781144 155768  17574
11.907258355 7552724912 1777533 155781  17532
11.918257573 7554502243 1777331 155795  17528
11.929249995 7556290607 1788364 155785  17682
11.940259391 7558063380 1772773 155775  17461
11.951246149 7559835604 1772224 155772  17464
11.962243401 7561607731 1772127 155776  17453
11.973246103 7563390285 1782554 155785  17594
11.984269943 7565322137 1931852 169950  19020
11.996246665 7567100712 1778575 155780  17547
12.007248291 7568864201 1763489 155773  17340
12.018259710 7570639769 1775568 155784  17513
12.029261546 7572414141 1774372 155775  17496
12.040245117 7574172925 1758784 155768  17276
12.051246353 7575945604 1772679 155800  17465
12.062258338 7577716078 1770474 155786  17441
12.073248034 7579485419 1769341 155778  17412
12.084261276 7581254789 1769370 155781  17421
12.095257728 7583021983 1767194 155786  17391
12.106246210 7584789020 1767037 155774  17385
12.117256262 7586553947 1764927 155766  17349
12.128258491 7588324279 1770332 155792  17430
12.139249010 7590099733 1775454 155779  17499
12.150245349 7591865206 1765473 155779  17356
12.161259947 7593628407 1763201 155791  17333
12.172246009 7595405197 1776790 155762  17520
12.183242001 7597164084 1758887 155789  17281
12.194255167 7598940548 1776464 155792  17509
12.205258739 7600698735 1758187 155770  17270
12.216247912 7602472671 1773936 155771  17476
12.227260664 7604233541 1760870 155786  17293
12.238257582 7606003511 1769970 155765  17424
12.249249734 7607776149 1772638 155779  17467
12.260245566 7609548841 1772692 155775  17468
12.271265632 7611307326 1758485 155788  17268
12.282258174 7613081365 1774039 155785  17483
12.293259517 7614857076 1775711 155778  17507
12.304262985 7616630464 1773388 155769  17482
12.315245736 7618405266 1774802 155763  17493
12.326246073 7620178947 1773681 155775  17486
12.337246481 7621951785 1772838 155763  17473
12.348244507 7623726174 1774389 155766  17483
12.359263189 7625512798 1786624 155781  17656
12.370258691 7627285228 1772430 155763  17455
12.381246283 7629058196 1772968 155774  17477
12.392247291 7630828656 1770460 155767  17434
12.403257408 7632615666 1787010 155783  17668
12.414247196 7634387261 1771595 155798  17449
12.425253672 7636160358 1773097 155764  17458
12.436248904 7637944092 1783734 155771  17611
12.447260786 7639713913 1769821 155776  17422
12.458250568 7641497647 1783734 155790  17624
12.469260757 7643267234 1769587 155780  17424
12.480258695 7645050263 1783029 155786  17612
12.491246145 7646834478 1784215 155756  17628
12.502245463 7648600401 1765923 155792  17088
12.513246245 7650400242 1799841 169934  130
12.525252371 7652213433 1813191 169948  160
12.537250058 7653859271 1645838 155773  129
12.548261276 7655506012 1646741 155770  76
12.559260772 7657167628 1661616 155773  72
12.570268815 7658815486 1647858 155772  73
12.581256043 7660476570 1661084 155767  65
12.592248284 7662124721 1648151 155776  70
12.603249954 7663784300 1659579 155772  66
12.614247316 7665443771 1659471 155764  66
12.625258525 7667092726 1648955 155780  80
12.636257123 7668749951 1657225 155774  64
12.647246219 7670408681 1658730 155774  61
12.658256412 7672070079 1661398 155775  61
12.669258277 7673731904 1661825 155762  62
12.680244559 7675392721 1660817 155769  66
12.691258384 7677054041 1661320 155775  72
12.702260036 7678712731 1658690 155775  62
12.713266042 7680374935 1662204 155765  59
12.724258640 7682033539 1658604 155767  63
12.735255359 7683691044 1657505 155783  68
12.746258292 7685348095 1657051 155781  66
12.757261500 7687005778 1657683 155778  66
12.768258566 7688661872 1656094 155776  65
12.779246948 7690322930 1661058 155777  64
12.790261747 7691989364 1666434 155776  58
12.801258489 7693646637 1657273 155781  65
12.812243447 7695303739 1657102 155782  66
12.823261347 7696975519 1671780 155773  65
12.834260058 7698631049 1655530 155769  65
12.845247047 7700301533 1670484 155776  60
12.856255896 7701958096 1656563 155781  63
12.867246221 7703629082 1670986 155759  60
12.878257927 7705284577 1655495 155774  73
12.889244782 7706956896 1672319 155774  62
12.900245501 7708612630 1655734 155771  61
12.911260106 7710284316 1671686 155775  62
12.922246138 7711953947 1669631 155774  63
12.933259451 7713610441 1656494 155770  67
12.944246769 7715281691 1671250 155774  64
12.955245148 7716955683 1673992 155774  64
12.966243751 7718628361 1672678 155774  58
12.977245536 7720298105 1669744 155769  65
12.988248028 7721959602 1661497 155769  57
12.999245363 7723632290 1672688 155778  63
13.010266145 7725305888 1673598 155773  57
13.021258768 7726978781 1672893 155774  66
13.032249433 7728651370 1672589 155775  60
13.043257022 7730324159 1672789 155795  60
13.054245461 7732000131 1675972 155768  58
13.065248973 7733676597 1676466 155768  61
13.076260282 7735353744 1677147 155776  63
13.087258310 7737038026 1684282 155764  65
13.098260953 7738724081 1686055 155787  55
13.109258082 7740400320 1676239 155787  58
13.120255893 7742075994 1675674 155775  62
13.131257509 7743751714 1675720 155774  62
13.142261608 7745440325 1688611 155767  59
13.153255257 7747120907 1680582 155776  59
13.164259302 7748798420 1677513 155778  55
13.175261371 7750480205 1681785 155762  62
13.186259890 7752168208 1688003 155776  58
13.197242061 7753848099 1679891 155768  62
13.208261518 7755542885 1694786 155776  51
13.219246033 7757222189 1679304 155777  69
13.230249178 7758915885 1693696 155779  62
13.241261334 7760596065 1680180 155790  61
13.252248756 7762290640 1694575 155773  56
13.263259638 7763970507 1679867 155783  61
13.274255680 7765664876 1694369 155775  52
13.285249348 7767346857 1681981 155769  63
13.296258135 7769042937 1696080 155777  56
13.307258523 7770738014 1695077 155768  54
13.318258895 7772420027 1682013 155763  59
13.329253701 7774115977 1695950 155762  63
13.340260869 7775813400 1697423 155770  56
13.351244358 7777498786 1685386 155753  65
13.362248393 7779195063 1696277 155779  58
13.373260392 7780892192 1697129 155767  55
13.384258378 7782590050 1697858 155781  53
13.395247106 7784286943 1696893 155761  54
13.406244326 7785981203 1694260 155775  62
13.417245724 7787668094 1686891 155773  57
13.428255826 7789364867 1696773 155772  51
13.439256995 7791064356 1699489 155770  58
13.450257837 7792764938 1700582 155774  58
13.461246156 7794465643 1700705 155772  54
13.472246678 7796166663 1701020 155774  58
13.483260507 7797868046 1701383 155782  59
13.494246833 7799569675 1701629 155780  53
13.505255181 7801270549 1700874 155766  54
13.516257793 7802971346 1700797 155766  56
13.527258199 7804678911 1707565 155776  54
13.538258027 7806387031 1708120 155788  53
13.549260710 7808088023 1700992 155783  55
13.560261038 7809789632 1701609 155775  54
13.571257888 7811493648 1704016 155776  53
13.582243226 7813198322 1704674 155776  64
13.593266578 7814915825 1717503 155774  50
13.604246084 7816619951 1704126 155763  56
13.615248932 7818323360 1703409 155774  66
13.626261179 7820027708 1704348 155769  60
13.637245400 7821745566 1717858 155772  53
13.648258178 7823449989 1704423 155783  53
13.659255588 7825154329 1704340 155781  53
13.670260483 7826873422 1719093 155771  53
13.681248905 7828579272 1705850 155783  62
13.692256827 7830299086 1719814 155764  52
13.703257323 7832008271 1709185 155762  54
13.714245261 7833717172 1708901 155767  54
13.725249617 7835438537 1721365 155774  48
13.736252386 7837147434 1708897 155777  53
13.747250402 7838870087 1722653 155777  56
13.758243953 7840580612 1710525 155783  55
13.769259112 7842303491 1722879 155775  50
13.780248464 7844023386 1719895 155776  55
13.791248640 7845736225 1712839 155775  46
13.802249288 7847459007 1722782 155778  51
13.813245144 7849172631 1713624 155790  61
13.824248906 7850899571 1726940 155776  58
13.835261092 7852625859 1726288 155770  52
13.846246286 7854342361 1716502 155771  51
13.857260893 7856071389 1729028 155774  44
13.868244581 7857799258 1727869 155772  49
13.879267187 7859515673 1716415 155780  62
13.890245402 7861398702 1883029 169938  78
13.902249435 7863284114 1885412 169934  141
13.914259828 7865170089 1885975 169943  145
13.926245634 7867057386 1887297 169937  159
13.938258848 7868947011 1889625 169943  163
13.950260137 7870836225 1889214 169930  165
13.962246400 7872726931 1890706 169938  152
13.974255749 7874618313 1891382 169932  155
13.986246106 7876509972 1891659 169932  158
13.998246818 7878403262 1893290 169939  156
14.010247891 7880297814 1894552 169933  154
14.022245705 7882191431 1893617 169927  172
14.034271114 7884100851 1909420 169922  156
14.046246404 7886001520 1900669 169940  160
14.058255989 7887902464 1900944 169928  160
14.070259179 7889804412 1901948 169923  163
14.082247992 7891708249 1903837 169933  158
14.094261502 7893617362 1909113 169936  177
14.106249015 7895529399 1912037 169941  158
14.118245967 7897436481 1907082 169932  165
14.130261497 7899345600 1909119 169927  162
14.142244240 7901265773 1920173 169934  154
14.154261387 7903177190 1911417 169926  154
14.166258093 7905089451 1912261 169937  174
14.178257862 7907012842 1923391 169943  150
14.190257332 7908927145 1914303 169936  160
14.202260294 7910844461 1917316 169932  171
14.214262078 7912771737 1927276 169940  156
14.226242870 7914692450 1920713 169933  162
14.238262531 7916620937 1928487 169935  171
14.250248290 7918544069 1923132 169929  162
14.262246802 7920477140 1933071 169921  157
14.274257362 7922401833 1924693 169942  160
14.286258262 7924336590 1934757 169923  157
14.298246528 7926264672 1928082 169941  160
14.310255288 7928200143 1935471 169938  175
14.322258351 7930129952 1929809 169934  159
14.334256644 7932070090 1940138 169923  157
14.346248003 7934009279 1939189 169937  161
14.358258739 7935943445 1934166 169943  158
14.370262413 7937884501 1941056 169927  164
14.382249292 7939817660 1933159 169931  180
14.394256998 7941759169 1941509 169929  160
14.406249175 7943703639 1944470 169942  160
14.418259151 7945643484 1939845 169944  163
14.430257957 7947588314 1944830 169948  164
14.442245806 7949534683 1946369 169927  155
14.454249556 7951481335 1946652 169934  169
14.466247715 7953423484 1942149 169938  160
14.478242519 7955372055 1948571 169935  154
14.490249182 7957321257 1949202 169943  156
14.502249168 7959270469 1949212 169926  158
14.514269944 7961220814 1950345 169941  155
14.526262531 7963170751 1949937 169946  180
14.538245117 7965116732 1945981 169927  154
14.550261670 7967068179 1951447 169932  159
14.562243632 7969020689 1952510 169936  160
14.574258739 7970972520 1951831 169929  156
14.586246798 7972924660 1952140 169932  161
14.598248275 7974875942 1951282 169922  175
14.610257768 7976827876 1951934 169938  161
14.622259314 7978780286 1952410 169940  161
14.634248074 7980733927 1953641 169939  161
14.646255993 7982686890 1952963 169933  155
14.658259566 7984639819 1952929 169941  158
14.670268293 7986592091 1952272 169932  168
14.682258778 7988544738 1952647 169939  160
14.694247278 7990497238 1952500 169927  154
14.706261967 7992450851 1953613 169926  160
14.718250391 7994403915 1953064 169939  157
14.730245330 7996357307 1953392 169942  160
14.742249693 7998310288 1952981 169935  170
14.754261073 8000264256 1953968 169934  158
14.766259329 8002223092 1958836 169943  149
14.778249149 8004177492 1954400 169934  160
14.790244991 8006131311 1953819 169929  157
14.802261038 8008084790 1953479 169928  155
14.814243747 8010037087 1952297 169934  174
14.826245723 8011991029 1953942 169932  158
14.838255743 8013949543 1958514 169929  155
14.850260203 8015903930 1954387 169939  160
14.862259112 8017858690 1954760 169938  159
14.874247155 8019812752 1954062 169932  157
14.886260685 8021772239 1959487 169938  167
14.898245140 8023727211 1954972 169927  163
14.910257510 8025681503 1954292 169933  161
14.922249934 8027641844 1960341 169943  153
14.934245883 8029596537 1954693 169927  157
14.946257523 8031551192 1954655 169938  161
14.958258942 8033510661 1959469 169932  167
14.970249232 8035466045 1955384 169929  159
14.982255235 8037421886 1955841 169930  162
14.994267032 8039383035 1961149 169938  152
15.006257954 8041338961 1955926 169933  154
15.018246997 8043300022 1961061 169928  147
15.030250233 8045255680 1955658 169932  176
15.042261496 8047211733 1956053 169926  157
15.054246565 8049173221 1961488 169937  154
15.066255475 8051130245 1957024 169937  166
15.078249278 8053093515 1963270 169936  155
15.090260871 8055051972 1958457 169936  162
15.102258254 8057015136 1963164 169926  170
15.114245427 8058974733 1959597 169945  158
15.126248516 8060941225 1966492 169938  155
15.138248556 8062904701 1963476 169938  163
15.150256246 8064875316 1970615 169936  153
15.162246372 8066847979 1972663 169930  153
15.174249388 8068819109 1971130 169939  144
15.186258511 8070804505 1985396 169929  132
15.198260527 8072803756 1999251 169944  157
15.210246800 8074806419 2002663 169932  155
15.222239343 8076809118 2002699 169943  160
15.234244026 8090447709 13638591 169925  57174
15.246259939 8100618739 10171030 169939  40898
15.258246355 8112015173 11396434 169933  50000
15.270249615 8123396805 11381632 169937  49845
15.282261668 8127413882 4017077 155780  49863
15.293248473 8138610982 11197100 155761  51472
15.304269902 8149096608 10485626 169940  43449
15.316244785 8160462138 11365530 169917  49878
15.328259838 8171829416 11367278 169930  52253
15.340247854 8175295384 3465968 169945  65534
15.352249354 8178774312 3478928 155768  153113
15.363263569 8189691148 10916836 155776  73267
15.374262578 8201119072 11427924 169952  48918
15.386248018 8210203628 9084556 155777  38016
15.397246393 8221339651 11136023 155765  50754
15.408258258 8226886277 5546626 169948  34913
15.420247171 8237198717 10312440 155777  70761
15.431246884 8248747530 11548813 155763  52266
15.442259632 8256100005 7352475 155774  27396
15.453248301 8268131783 12031778 169930  55389
15.465264804 8274968437 6836654 169948  36398
15.477246403 8278227751 3259314 155777  109925
15.488262780 8281443397 3215646 155766  136880
15.499247561 8284921537 3478140 155768  155514
15.510246636 8288401230 3479693 155776  155556
15.521262319 8296472812 8071582 169947  99794
15.533246931 8308115408 11642596 155791  52179
15.544259414 8315725277 7609869 155763  28445
15.555245689 8327377094 11651817 155767  53215
15.566263452 8336363013 8985919 169948  35780
15.578246651 8343385579 7022566 155766  75555
15.589261216 8354523941 11138362 155779  49838
15.600262649 8362983334 8459393 169940  32425
15.612262131 8374864048 11880714 155785  54447
15.623247483 8384514669 9650621 169937  39012
15.635257257 8387664552 3149883 155785  83804
15.646249722 8391142467 3477915 155753  150939
15.657262794 8402390110 11247643 169929  63739
15.669247197 8413774438 11384328 169947  48962
15.681249653 8424850713 11076275 155762  49349
15.692260552 8435993090 11142377 155770  50803
15.703258937 8439282158 3289068 155777  27316
15.714244180 8450284068 11001910 155788  70297
15.725261835 8461423694 11139626 155770  49052
15.736247593 8470825004 9401310 169934  38779
15.748262294 8481921331 11096327 155774  50540
15.759276979 8487471626 5550295 169940  36792
15.771252215 8490731163 3259537 155776  117407
15.782263124 8493945018 3213855 155784  137992
15.793245592 8497423830 3478812 155782  155487
15.804263662 8500902641 3478811 155774  155584
15.815251790 8503845624 2942983 155784  125366
15.826261793 8507324025 3478401 155775  155530
15.837251118 8510802548 3478523 155769  155458
15.848245730 8514282996 3480448 155780  155551
15.859259062 8517763393 3480397 155780  155571
15.870244387 8520331027 2567634 155782  123978
15.881260064 8532465018 12133991 169941  67117
15.893260723 8543007633 10542615 169949  43109
15.905258802 8554368431 11360798 169917  49525
15.917255505 8565762159 11393728 169929  49565
15.929251034 8568937353 3175194 155771  41039
15.940262014 8580445268 11507915 155771  54252
15.951245002 8591439456 10994188 169926  46111
15.963262909 8602836572 11397116 169940  49855
15.975246868 8614240378 11403806 169934  50004
15.987258474 8617706385 3466007 169939  58255
15.999260151 8621185167 3478782 155779  154851
16.010252216 8632146022 10960855 155772  78589
16.021258089 8643272880 11126858 155768  48932
16.032245003 8650704433 7431553 155774  27004
16.043262639 8662141864 11437431 155763  53181
16.054248531 8668676998 6535134 155780  33455
16.065279067 8676269815 7592817 155766  66708
16.076247925 8687899141 11629326 155784  53588
16.087250407 8696038240 8139099 155776  31813
16.098262153 8707154905 11116665 155761  49392
16.109257449 8716656453 9501548 169940  37885
16.121264705 8719805953 3149500 155765  88514
16.132263161 8723284372 3478419 155762  153709
16.143264693 8726497498 3213126 155763  137403
16.154245811 8729976173 3478675 155788  155561
16.165259190 8734556556 4580383 155763  122691
16.176245805 8745983299 11426743 155761  50534
16.187256958 8755483415 9500116 169948  36989
16.199263011 8766859581 11376166 169932  50964
16.211272877 8778254068 11394487 169938  49833
16.223260737 8782988706 4734638 155798  53099
16.234249075 8794458437 11469731 155776  51459
16.245259137 8803947522 9489085 169940  37698
16.257246920 8815301734 11354212 169928  49793
16.269258210 8826724896 11423162 169952  50927
16.281260083 8829874583 3149687 155778  54353
16.292264825 8833353062 3478479 155761  154623
16.303265727 8844308873 10955811 155776  78475
16.314247079 8855428789 11119916 155772  48926
16.325261161 8864840523 9411734 169941  36865
16.337248134 8875944872 11104349 155756  49679
16.348245672 8881183508 5238636 155789  27339
16.359269482 8890245918 9062410 155785  64667
16.370258980 8901371687 11125769 155774  49078
16.381245826 8909663442 8291755 155760  32312
16.392246881 8921343755 11680313 155773  54718
16.403261630 8929012568 7668813 169928  30339
16.415251390 8932271879 3259311 155772  100968
16.426247538 8935621793 3349914 155756  144239
16.437249470 8938964770 3342977 155773  147362
16.448262226 8942443805 3479035 155772  155585
16.459250574 8945386601 2942796 155771  123667
16.470247571 8948864965 3478364 155767  155540
16.481258383 8952343553 3478588 155771  155550
16.492253601 8955821916 3478363 155757  155558
16.503243937 8959300280 3478364 155768  155563
16.514267622 8962602616 3302336 169934  140634
16.526261559 8965495062 2892446 155775  154657
16.537246971 8968972840 3477778 155760  155494
16.548262959 8972451651 3478811 155778  155491
16.559259038 8975929791 3478140 155759  155465
16.570248667 8979408197 3478406 155770  155497
16.581256472 8982887246 3479049 155752  155509
16.592259254 8986367309 3480063 155788  155600
16.603247123 8989846505 3479196 155758  155560
16.614245892 8993325642 3479137 155749  155561
16.625261021 8996804920 3479278 155753  155565
16.636247026 8998851100 2046180 155777  124822
16.647262745 9009322734 10471634 155767  102221
16.658265050 9020433746 11111012 155770  48927
16.669247392 9028865225 8431479 169936  30707
16.681250566 9040595600 11730375 155776  53110
16.692260254 9046495444 5899844 169953  27211
16.704258348 9055525677 9030233 155761  67839
16.715263736 9067097979 11572302 155763  52206
16.726262268 9075640866 8542887 155784  33741
16.737256517 9086819959 11179093 155777  50081
16.748248996 9094273850 7453891 169930  27734
16.760250832 9097533162 3259312 155775  99601
16.771261168 9102146227 4613065 169940  150146
16.783258937 9113987607 11841380 155762  53494
16.794246505 9123611466 9623859 169944  37516
16.806270705 9134978722 11367256 169929  50000
16.818258945 9146380113 11401391 169943  49951
16.830260045 9150503794 4123681 155773  59694
16.841249106 9162137298 11633504 155764  54438
16.852260358 9172110768 9973470 169943  41636
16.864248692 9183482740 11371972 169937  50476
16.876258088 9194893267 11410527 169952  50206
16.888258868 9198043178 3149911 155783  50657
16.899256713 9201521541 3478363 155769  154657
16.910241985 9204735844 3214303 155783  136752
16.921247067 9208213984 3478140 155768  155539
16.932249769 9211477366 3263382 169922  137902
16.944246059 9223190415 11713049 155780  53052
16.955267902 9234024161 10833746 169941  45600
16.967262631 9245406015 11381854 169952  49773
16.979245510 9256809373 11403358 169941  49684
16.991263266 9261887161 5077788 169938  52988
17.003250260 9273336948 11449787 155760  53052
17.014263898 9282822927 9485979 169943  36800
17.026249592 9294177489 11354562 169930  49474
17.038247624 9305607917 11430428 169936  49318
17.050246520 9308758052 3150135 155781  53354
17.061245446 9312236587 3478535 155756  155526
17.072259785 9323199734 10963147 155782  77030
17.083247330 9334314508 11114774 155767  48928
17.094258099 9341833204 7518696 155796  27728
17.105250521 9353218758 11385554 155760  51400
17.116271657 9360040119 6821361 169926  30437
17.128262393 9369076944 9036825 155781  70831
17.139246015 9380178351 11101407 155762  49045
17.150262660 9388311206 8132855 155795  32175
17.161261050 9399812177 11500971 155774  53263
17.172251304 9407840007 8027830 169945  29562
17.184249651 9411090612 3250605 155771  90695
17.195264610 9414471451 3380839 155788  148213
17.206263265 9417785967 3314516 155756  144022
17.217244401 9421263659 3477692 155766  155526
17.228249586 9424205782 2942123 155762  124327
17.239246071 9427684594 3478812 155782  155554
17.250258820 9431163630 3479036 155786  155568
17.261268076 9434641994 3478364 155777  155565
17.272259198 9438120581 3478587 155777  155575
17.283257813 9441451693 3331112 169924  139084
17.295246272 9452037792 10586099 155777  92330
17.306250205 9463433147 11395355 169938  48925
17.318245801 9472551985 9118838 155764  36773
17.329246460 9483680047 11128062 155777  49835
17.340261002 9488905987 5225940 155771  26330
17.351262274 9497925136 9019149 155767  65546
17.362259263 9509050268 11125132 155767  49120
17.373257832 9517562159 8511891 155784  33234
17.384246107 9529153662 11591503 155774  52624
17.395260059 9536703915 7550253 169928  30854
17.407260576 9539963228 3259313 155772  91288
17.418264611 9544283956 4320728 169929  150465
17.430262614 9555574381 11290425 155773  49743
17.441250446 9566061025 10486644 169923  42892
17.453256592 9577420683 11359658 169928  49273
17.465247665 9588797631 11376948 169936  49405
17.477248278 9592442446 3644815 155778  52983
17.488251426 9604060403 11617957 155780  54162
17.499264389 9614510301 10449898 169928  42904
17.511262508 9625893513 11383212 169929  49482
17.523259035 9637304516 11411003 169932  50747
17.535245081 9640771389 3466873 169962  54774
17.547260137 9644249529 3478140 155758  155376
17.558258096 9647464279 3214750 155768  136415
17.569250291 9650942419 3478140 155752  155538
17.580259324 9655175890 4233471 169945  135470
17.592260177 9667082320 11906430 155771  53946
17.603257905 9676765387 9683067 169940  37851
17.615246122 9688143467 11378080 169934  50557
17.627258121 9699539827 11396360 169937  50811
17.639246988 9703666654 4126827 155777  52885
17.650250340 9715395808 11729154 155779  52876
17.661259508 9725270364 9874556 169945  39665
17.673258908 9736636911 11366547 169927  51201
17.685263707 9748035044 11398133 169950  49307
17.697245467 9751501049 3466005 169945  70931
17.709264431 9754979021 3477972 155764  154960
17.720258346 9766193715 11214694 169941  67152
17.732246518 9777611524 11417809 169933  49102
17.744247718 9788463075 10851551 155762  48514
17.755260240 9799769469 11306394 155767  51622
17.766262189 9803064209 3294740 155786  18582
17.777256381 9813858527 10794318 155779  82471
17.788259230 9825126222 11267695 155792  49948
17.799251145 9833555187 8428965 169930  30732
17.811260235 9844807317 11252130 155766  50356
17.822250980 9851184871 6377554 169931  28292
17.834242427 9854444014 3259143 155768  105783
17.845260889 9857660137 3216123 155778  137329
17.856245444 9861138472 3478335 155762  155533
17.867272990 9864616318 3477846 155751  155530
17.878247868 9867559184 2942866 155789  125750
17.889246694 9871037548 3478364 155777  155537
17.900250999 9874516135 3478587 155779  155548
17.911258048 9877994359 3478224 155764  155556
17.922264174 9881472415 3478056 155769  155553
17.933257629 9884168368 2695953 155764  125298
17.944262981 9887347185 3178817 155782  155551
17.955247680 9890825577 3478392 155770  155554
17.966248619 9894304275 3478698 155781  155581
17.977259738 9897782837 3478562 155778  155574
17.988260493 9901261088 3478251 155755  155563
17.999247905 9904739452 3478364 155773  155566
18.010266341 9908217816 3478364 155773  155563
18.021251176 9911696292 3478476 155771  155566
18.032261328 9915174289 3477997 155746  155547
18.043263324 9918652235 3477946 155750  155553
18.054262846 9920415781 1763546 155762  123897
18.065247668 9923439827 3024046 155770  155515
18.076247560 9926918414 3478587 155772  155522
18.087257483 9930396806 3478392 155764  155475
18.098249574 9933875142 3478336 155776  155473
18.109246786 9937353506 3478364 155762  155503
18.120263235 9940832093 3478587 155761  155508
18.131248277 9944309785 3477692 155766  155509
18.142247156 9947788373 3478588 155768  155574
18.153271605 9951266691 3478318 155753  155558
18.164245180 9954745100 3478409 155778  155579
18.175247332 9958224312 3479212 155767  155597
18.186259265 9961704216 3479904 155753  155579
18.197247720 9965183731 3479515 155746  155568
18.208249302 9968663408 3479677 155752  155583
18.219260194 9972142732 3479324 155764  155566
18.230262543 9975622495 3479763 155775  155602
18.241244492 9979102893 3480398 155788  155629
18.252258674 9982582619 3479726 155758  155582
18.263247159 9986062238 3479619 155760  155583
18.274246314 9989542071 3479833 155766  155591
18.285258377 9991593869 2051798 155779  122923
18.296260679 9992912645 1318776 155779  155605
18.307259798 9994679720 1767075 66245  65957
18.318246003 9996758492 2078772 17848  17631
18.329267332 9998837264 2078772 17842  17568
18.340265102 10000916035 2078771 17834  17562
18.351263093 10002994687 2078652 17841  17583
18.362263402 10005073219 2078532 17841  17585
18.373248468 10007151991 2078772 17841  17659
18.384266193 10009230762 2078771 17830  17657
18.395261068 10011309534 2078772 17822  17658
18.406251910 10013388172 2078638 17839  17661
18.417263666 10015466958 2078786 17842  17662
18.428265879 10017545729 2078771 17845  17670
18.439252556 10019624487 2078758 17840  17655
18.450277363 10021703273 2078786 17839  17659
18.461262278 10023781805 2078532 17840  17660
18.472262463 10025860576 2078771 17836  17655
18.483267635 10027939348 2078772 17836  17656
18.494260751 10030018120 2078772 17841  17663
18.505253489 10032096892 2078772 17834  17656
18.516265091 10034175663 2078771 17829  17658
18.527263357 10036254315 2078652 17834  17659
18.538253903 10038333087 2078772 17839  17659
18.549249811 10040411859 2078772 17842  17665
18.560250040 10042490630 2078771 17838  17661
18.571263816 10044569268 2078638 17841  17661
18.582253878 10046647934 2078666 17838  17658
18.593263100 10048726706 2078772 17843  17660
18.604264915 10050805477 2078771 17835  17660
18.615262535 10052884249 2078772 17833  17656
18.626249606 10055481533 2597284 89651  66716
18.637265465 10059287109 3805576 155812  112454
18.648272774 10063100511 3813402 155802  112641
18.659275909 10066903487 3802976 155815  112324
18.670257495 10070709076 3805589 155813  112399
18.681275480 10074516482 3807406 155799  112446
18.692259289 10078323667 3807185 155820  112450
18.703259815 10082131843 3808176 155812  112458
18.714275084 10085939882 3808039 155814  112527
18.725257709 10089745630 3805748 155816  112462
18.736284101 10093552169 3806539 155812  112481
18.747272023 10097359742 3807573 155809  112534
18.758274012 10101159309 3799567 155815  112265
18.769262554 10104967505 3808196 155818  112540
18.780270023 10108770742 3803237 155808  112377
18.791273389 10112578597 3807855 155806  112528
18.802258423 10116389356 3810759 155818  112618
18.813265023 10120191805 3802449 155811  112356
18.824271021 10123993219 3801414 155814  112318
18.835260983 10127793796 3800577 155816  112301
18.846258835 10131599688 3805892 155814  112472
18.857268987 10135404423 3804735 155810  112437
18.868260383 10139213216 3808793 155810  112564
18.879272006 10143019847 3806631 155815  112487
18.890285731 10146820074 3800227 155805  112285
18.901273476 10150623927 3803853 155815  112411
18.912260988 10154434942 3811015 155814  112631
18.923270597 10158238458 3803516 155807  112385
18.934267926 10162042826 3804368 155816  112416
18.945260668 10165844997 3802171 155813  112349
18.956271851 10169647805 3802808 155803  112358
18.967275562 10173461401 3813596 155810  112698
18.978259151 10177270041 3808640 155806  112544
18.989283460 10181074925 3804884 155816  112441
19.000260342 10184872767 3797842 155823  112213
19.011258044 10188676783 3804016 155802  112408
19.022261309 10192478200 3801417 155797  112318
19.033282109 10196277591 3799391 155814  112263
19.044272490 10200087319 3809728 155816  112586
19.055256725 10203892358 3805039 155811  112435
19.066261468 10206612143 2719785 155822  127588
19.077264717 10207460339 848196 169945  169778
19.089246656 10208308550 848211 169947  169778
19.101261719 10209156806 848256 169936  169772
19.113259615 10210005002 848196 169944  169776
19.125245522 10210853298 848296 169954  169786
19.137246024 10212732527 1879229 155130  133414
19.148272520 10216336237 3603710 169967  124797
19.160244461 10217424315 1088078 155792  154074
19.171250395 10218512680 1088365 155763  155434
19.182269874 10219600751 1088071 155781  155634
19.193268043 10220689301 1088550 155776  155623
19.204251985 10221777621 1088320 155792  155639
19.215253154 10222866301 1088680 155784  155635
19.226213636 10223954939 1088638 155795  155640
19.237281815 10225142083 1187144 169946  169787
19.249250307 10226230665 1088582 155783  155633
19.260267926 10227319065 1088400 155788  155630
19.271249512 10228407465 1088400 155777  155624
19.282249624 10229496089 1088624 155783  155629
19.293263482 10230584188 1088099 155785  155626
19.304230271 10231672637 1088449 155773  155616
19.315254210 10232760793 1088156 155775  155616
19.326246708 10233849515 1088722 155794  155639
19.337277181 10234938216 1088701 155792  155635
19.348264973 10236026420 1088204 155789  155633
19.359265755 10237115093 1088673 155779  155628
19.370263514 10238203143 1088050 155777  155621
19.381251329 10239291683 1088540 155783  155628
19.392249051 10240380405 1088722 155796  155642
19.403259353 10241468504 1088099 155779  155616
19.414265152 10242557267 1088763 155799  155642
19.425260272 10243645227 1087960 155767  155612
19.436260680 10244733819 1088592 155775  155617
19.447259859 10245742405 1008586 169962  168471
19.459251128 10246760568 1018163 169940  169084
19.471246971 10247778920 1018352 169941  169384
19.483266995 10248797137 1018217 169948  169488
19.495249600 10249815041 1017904 169932  169440
19.507259727 10250833210 1018169 169932  169484
19.519262556 10251851320 1018110 169933  169470
19.531262369 10252869575 1018255 169948  169467
19.543248372 10253887600 1018025 169944  169464
19.555259195 10254905859 1018259 169939  169486
19.567245708 10255923866 1018007 169941  169455
19.579259954 10256942011 1018145 169946  169479
19.591248061 10257960022 1018011 169938  169472
19.603245773 10258978233 1018211 169945  169503
19.615257333 10259996311 1018078 169943  169492
19.627261726 10261014407 1018096 169942  169497
19.639257155 10262032264 1017857 169931  169446
19.651258529 10263050504 1018240 169931  169497
19.663259464 10264068626 1018122 169940  169503
19.675246691 10265086821 1018195 169933  169506
19.687258031 10266104847 1018026 169936  169475
19.699246473 10267123040 1018193 169943  169500
19.711245723 10268140885 1017845 169944  169462
19.723247496 10269158972 1018087 169950  169490
19.735245262 10270251249 1092277 169937  169497
19.747262198 10271339222 1087973 155779  155619
19.758260577 10272427909 1088687 155791  155634
19.769262650 10273516204 1088295 155805  155649
19.780247068 10274604737 1088533 155783  155623
19.791261740 10275693361 1088624 155788  155628
19.802250579 10276781474 1088113 155792  155636
19.813262304 10277870077 1088603 155783  155629
19.824265567 10278958099 1088022 155787  155630
19.835250442 10280046807 1088708 155795  155646
19.846264438 10281135375 1088568 155785  155628
19.857249656 10282223474 1088099 155788  155628
19.868265589 10283312084 1088610 155795  155641
19.879249597 10284400064 1087980 155788  155629
19.890261986 10285488779 1088715 155798  155634
19.901252885 10286577410 1088631 155778  155623
19.912251697 10287665460 1088050 155781  155621
19.923252999 10288753930 1088470 155787  155634
19.934250051 10289842092 1088162 155788  155635
19.945276390 10290930828 1088736 155802  155649
19.956263826 10292019277 1088449 155779  155625
19.967249828 10293107362 1088085 155783  155634
19.978262480 10294195888 1088526 155794  155639
19.989263372 10295283966 1088078 155799  155635
20.000249674 10296372436 1088470 155777  155619
20.011260179 10297460514 1088078 155781  155623
20.022263515 10298531880 1071366 155783  155486
20.033260710 10299530117 998237 169965  168437
20.045258476 10300547998 1017881 169944  169058
20.057250456 10301566134 1018136 169946  169422
20.069245949 10302584350 1018216 169951  169482
20.081248849 10303602495 1018145 169938  169477
20.093269678 10304620766 1018271 169950  169502
20.105259461 10305638971 1018205 169949  169484
20.117258094 10306657035 1018064 169951  169464
20.129240530 10307675180 1018145 169936  169462
20.141247853 10308693337 1018157 169936  169476
20.153258557 10309711434 1018097 169920  169470
20.165246516 10310729657 1018223 169947  169498
20.177248855 10311747631 1017974 169946  169470
20.189258125 10312765572 1017941 169950  169468
20.201246421 10313783710 1018138 169944  169492
20.213256361 10314801889 1018179 169943  169499
20.225246284 10315820112 1018223 169945  169509
20.237247537 10316838215 1018103 169939  169502
20.249271499 10317856395 1018180 169933  169502
20.261252035 10318874282 1017887 169942  169462
20.273261002 10319892427 1018145 169954  169500
20.285259102 10320910638 1018211 169940  169503
20.297244951 10321928906 1018268 169949  169496
20.309263441 10322947071 1018165 169942  169507
20.321245464 10323381456 434385 71720  71397
20.339549930 10323382643 1187 57  0
20.352050732 10323383962 1319 91  2
20.368501139 10323385149 1187 57  0
20.375147985 10323388428 3279 216  48
