0.010100801 35612423 35612423 9633  66
0.023706778 98401513 62789090 285  0
0.039637522 161185658 62784145 273  0
0.055640245 196299527 35113869 56882  366
0.067365920 200604851 4305324 216144  2434
0.079365100 205875036 5270185 226593  1246
0.091363716 210598092 4723056 207706  679
0.102361810 215378489 4780397 207708  807
0.113375306 220631997 5253508 226583  635
0.125373736 225410494 4778497 207691  674
0.136374049 230185355 4774861 207701  617
0.147372381 234960667 4775312 207701  589
0.158361784 239728439 4767772 207699  612
0.169360654 244489296 4760857 207710  592
0.180369896 249301582 4812286 207691  600
0.191377213 254534197 5232615 226585  588
0.203376050 259820733 5286536 226586  585
0.215379173 265045469 5224736 226579  655
0.227374113 270312090 5266621 226577  604
0.239361873 275097992 4785902 207704  607
0.250360482 279886647 4788655 207717  560
0.261363119 284670991 4784344 207700  534
0.272373328 289448018 4777027 207719  595
0.283374671 294255564 4807546 207707  507
0.294374510 299459283 5203719 226598  649
0.306375614 304685912 5226629 226595  564
0.318361411 309877471 5191559 226588  638
0.330368437 314704768 4827297 207700  563
0.341364320 319468834 4764066 207707  602
0.352372299 324699340 5230506 226586  543
0.364374346 329928969 5229629 226582  609
0.376372716 335083725 5154756 226576  594
0.388374040 339886722 4802997 207699  524
0.399360882 344629529 4742807 207694  538
0.410362668 349426064 4796535 207714  585
0.421361751 354158684 4732620 207704  476
0.432373097 358950045 4791361 207698  518
0.443371984 364078566 5128521 226585  593
0.455375561 369296926 5218360 226577  640
0.467372397 374122072 4825146 207699  516
0.478367923 378920809 4798737 207700  573
0.489374622 384126299 5205490 226580  575
0.501373903 389398675 5272376 226580  599
0.513375676 394610539 5211864 226582  584
0.525375146 399823598 5213059 226586  523
0.537375556 405031653 5208055 226584  590
0.549362625 409828060 4796407 207719  513
0.560360749 414558351 4730291 207708  564
0.571360534 419335958 4777607 207708  519
0.582362874 424107910 4771952 207714  550
0.593374237 428904766 4796856 207707  534
0.604373360 434101800 5197034 226594  571
0.616370767 438882504 4780704 207701  516
0.627371506 443662394 4779890 207716  555
0.638361836 448838871 5176477 226576  540
0.650359912 453598523 4759652 207703  534
0.661361025 458369510 4770987 207698  520
0.672372568 463130660 4761150 207711  507
0.683375518 467885196 4754536 207694  553
0.694374180 473040179 5154983 226583  553
0.706374690 478249574 5209395 226574  538
0.718361866 482980064 4730490 207707  574
0.729360516 487865743 4885679 207692  519
0.740360769 492783669 4917926 207690  571
0.751372932 497695681 4912012 207712  541
0.762373789 503027792 5332111 226605  565
0.774373461 507988179 4960387 207713  527
0.785380405 512874726 4886547 207699  568
0.796361084 517770125 4895399 207705  540
0.807359979 522661140 4891015 207705  576
0.818366203 527541372 4880232 207703  630
0.829375296 532479401 4938029 207741  523
0.840362198 537352350 4872949 207704  586
0.851375372 542687699 5335349 226599  656
0.863373561 547562712 4875013 207715  603
0.874360708 552439699 4876987 207699  505
0.885361040 557365177 4925478 207705  609
0.896372930 562671974 5306797 226590  575
0.908373986 567561465 4889491 207687  543
0.919359973 572413213 4851748 207688  547
0.930363008 577314725 4901512 207695  591
0.941361108 582160487 4845762 207702  493
0.952372417 587057548 4897061 207704  622
0.963362357 592362458 5304910 226613  569
0.975360483 597193632 4831174 207738  523
0.986373980 602069824 4876192 207722  510
0.997374447 607406297 5336473 226597  560
1.009362176 612279340 4873043 207692  539
1.020361362 617200433 4921093 207711  521
1.031372008 622123808 4923375 207711  558
1.042363204 626979707 4855899 207707  517
1.053360824 631875018 4895311 207706  543
1.064359940 636786899 4911881 207702  509
1.075381283 642100865 5313966 226591  578
1.087362859 646995710 4894845 207692  493
1.098359389 651828597 4832887 207710  566
1.109374638 657178495 5349898 226587  558
1.121360822 662056062 4877567 207701  495
1.132362535 666897380 4841318 207693  550
1.143360001 671788337 4890957 207708  516
1.154374304 677136018 5347681 226577  602
1.166363763 682013774 4877756 207711  548
1.177373560 686855215 4841441 207711  542
1.188372032 692155073 5299858 226617  595
1.200360729 697021764 4866691 207712  512
1.211358772 701884121 4862357 207692  563
1.222380532 707211240 5327119 226588  582
1.234373709 712060803 4849563 207716  501
1.245361514 716903847 4843044 207717  556
1.256359521 721765066 4861219 207711  489
1.267373430 726726769 4961703 207709  560
1.278361043 731685886 4959117 207695  510
1.289373852 737118776 5432890 226602  580
1.301374009 742066981 4948205 207697  527
1.312359055 747008084 4941103 207697  498
1.323361358 751944544 4936460 207690  535
1.334372447 756938914 4994370 207691  511
1.345360816 761865364 4926450 207711  550
1.356372783 767263109 5397745 226581  618
1.368375540 772180588 4917479 207699  504
1.379380356 777566169 5385581 226581  570
1.391360876 782485867 4919698 207720  533
1.402358288 787465580 4979713 207718  499
1.413361228 792380415 4914835 207710  540
1.424361057 797302708 4922293 207701  527
1.435374437 802258288 4955580 207722  551
1.446376357 807627231 5368943 226588  580
1.458373607 812586110 4958879 207697  580
1.469359256 817476775 4890665 207698  458
1.480373672 822423419 4946644 207701  600
1.491359921 827308834 4885415 207703  508
1.502373971 832243102 4934268 207713  547
1.513373550 837589086 5345984 226589  560
1.525384387 842989345 5400259 226599  577
1.537360954 847968638 4979293 207697  527
1.548360367 852939117 4970479 207722  528
1.559375073 858324477 5385360 226595  598
1.571359826 863288570 4964093 207700  532
1.582361733 868251398 4962828 207710  529
1.593372762 873624822 5373424 226588  544
1.605375372 878578305 4953483 207689  540
1.616360438 883527368 4949063 207699  478
1.627360208 888418855 4891487 207695  536
1.638374237 893818542 5399687 226602  588
1.650359967 898752906 4934364 207703  525
1.661361714 903707071 4954165 207695  535
1.672381076 909069206 5362135 226588  585
1.684373133 914009306 4940100 207693  543
1.695361912 919401416 5392110 226583  612
1.707360239 924323816 4922400 207725  525
1.718374335 929248662 4924846 207696  538
1.729362611 941712163 12463501 207688  309
1.740363284 955865181 14153018 207680  299
1.751374890 970018345 14153164 207668  215
1.762374179 984356769 14338424 207673  140
1.773360915 998818465 14461696 207671  194
1.784373202 1012951092 14132627 207674  128
1.795374655 1027029451 14078359 207668  148
1.806361231 1041438361 14408910 207674  161
1.817382284 1055887499 14449138 207669  97
1.828363396 1070233420 14345921 207668  195
1.839372782 1084197021 13963601 207665  92
1.850362582 1098495645 14298624 207671  198
1.861392035 1112943909 14448264 207675  80
1.872362508 1127381192 14437283 207679  179
1.883373947 1141391767 14010575 207678  151
1.894374437 1155639775 14248008 207677  132
1.905361229 1170280841 14641066 207677  147
1.916361319 1184601673 14320832 207678  165
1.927373878 1198875403 14273730 207676  149
1.938373945 1213447197 14571794 207680  176
1.949362734 1227391919 13944722 207683  146
1.960374080 1242063340 14671421 207678  171
1.971383330 1256172978 14109638 207672  157
1.982373426 1270641137 14468159 207677  132
1.993362388 1285053722 14412585 207678  166
2.004376302 1299208931 14155209 207669  96
2.015360151 1313822566 14613635 207692  163
2.026363127 1328059312 14236746 207675  96
2.037360193 1342364598 14305286 207674  173
2.048362439 1356949428 14584830 207674  87
2.059361065 1370930976 13981548 207677  212
2.070362261 1385597192 14666216 207679  86
2.081373634 1400278300 14681108 207692  198
2.092362950 1414429305 14151005 207683  111
2.103361003 1428878206 14448901 207672  163
2.114381336 1443537295 14659089 207679  155
2.125361612 1458160440 14623145 207682  131
2.136360045 1472260962 14100522 207681  147
2.147361620 1486853338 14592376 207659  144
2.158360620 1501489108 14635770 207673  152
2.169375347 1515926451 14437343 207674  157
2.180374426 1530111478 14185027 207680  139
2.191363108 1544787785 14676307 207679  128
2.202360792 1559453649 14665864 207676  156
2.213373855 1573932074 14478425 207667  100
2.224374491 1588038069 14105995 207674  166
2.235359916 1602710414 14672345 207682  94
2.246373546 1617364936 14654522 207675  190
2.257370269 1631691047 14326111 207673  95
2.268375255 1646065305 14374258 207667  191
2.279374968 1660626868 14561563 207673  76
2.290374458 1675335136 14708268 207673  197
2.301374363 1689774530 14439394 207669  142
2.312373320 1704077826 14303296 207671  136
2.323374319 1718539213 14461387 207679  159
2.334361815 1733223320 14684107 207678  162
2.345374405 1747668030 14444710 207667  179
2.356374274 1761916500 14248470 207668  234
2.367373500 1776408273 14491773 207675  163
2.378375580 1791039223 14630950 207671  199
2.389372556 1805373170 14333947 207682  174
2.400368536 1819732191 14359021 207678  103
2.411362142 1834304681 14572490 207678  177
2.422374247 1848978188 14673507 207680  107
2.433362224 1863515962 14537774 207666  197
2.444360746 1877627637 14111675 207674  84
2.455362416 1892203709 14576072 207674  220
2.466374132 1906820494 14616785 207665  84
2.477360122 1921423926 14603432 207667  220
2.488375074 1935427068 14003142 207675  145
2.499361684 1950055054 14627986 207679  118
2.510361027 1964710731 14655677 207674  139
2.521362959 1979363984 14653253 207678  165
2.532361402 1993675266 14311282 207672  168
2.543360111 2008009539 14334273 207688  223
2.554375678 2022587161 14577622 207678  166
2.565373850 2037218862 14631701 207672  211
2.576360670 2051613323 14394461 207677  186
2.587362773 2065867772 14254449 207673  107
2.598359276 2080429123 14561351 207672  157
2.609374375 2095078308 14649185 207676  99
2.620374465 2109689088 14610780 207673  189
2.631373484 2123672619 13983531 207668  65
2.642373444 2138226736 14554117 207675  180
2.653362546 2152814219 14587483 207670  73
2.664374930 2167416333 14602114 207675  194
2.675374615 2181353878 13937545 207669  137
2.686374385 2196015792 14661914 207668  125
2.697383548 2210615628 14599836 207677  146
2.708373371 2225027313 14411685 207663  148
2.719362173 2239209829 14182516 207663  154
2.730356779 2253781536 14571707 207670  149
2.741372979 2268390774 14609238 207676  126
2.752375431 2282888261 14497487 207673  137
2.763373838 2296908668 14020407 207666  189
2.774373324 2311528900 14620232 207670  98
2.785360626 2326132345 14603445 207675  152
2.796373363 2340513171 14380826 207669  92
2.807373196 2354783292 14270121 207675  177
2.818374978 2369259746 14476454 207668  78
2.829362921 2383917921 14658175 207680  178
2.840381894 2398319428 14401507 207676  74
2.851374404 2412572732 14253304 207688  193
2.862361136 2426975072 14402340 207665  150
2.873376343 2441623247 14648175 207665  149
2.884374345 2456058144 14434897 207663  143
2.895362511 2470182973 14124829 207673  140
2.906373454 2484673761 14490788 207666  138
2.917362703 2499279984 14606223 207670  139
2.928360620 2513643510 14363526 207678  126
2.939359829 2527759929 14116419 207675  123
2.950374559 2542340366 14580437 207678  132
2.961360748 2556934535 14594169 207679  141
2.972362414 2571344148 14409613 207680  216
2.983369510 2585572132 14227984 207678  106
2.994360906 2600130525 14558393 207668  184
3.005361336 2614746398 14615873 207664  84
3.016375582 2629260043 14513645 207679  177
3.027362145 2643376744 14116701 207669  76
3.038363234 2657978267 14601523 207662  176
3.049371941 2672567888 14589621 207667  85
3.060374094 2687159029 14591141 207672  165
3.071374690 2701114401 13955372 207674  149
3.082361522 2715768524 14654123 207676  153
3.093374582 2730370936 14602412 207669  154
3.104363058 2744792517 14421581 207675  155
3.115374544 2758896537 14104020 207673  133
3.126372043 2773527419 14630882 207664  133
3.137381437 2788148139 14620720 207665  148
3.148374352 2802500676 14352537 207666  133
3.159362105 2816730705 14230029 207676  174
3.170373788 2831293197 14562492 207671  108
3.181373624 2845905605 14612408 207674  186
3.192375600 2860302932 14397327 207672  77
3.203375856 2874482351 14179419 207679  176
3.214374866 2889013901 14531550 207674  68
3.225361605 2903638384 14624483 207672  180
3.236374552 2917930634 14292250 207673  98
3.247360581 2932290947 14360313 207660  153
3.258374411 2946733674 14442727 207670  157
3.269360366 2961349141 14615467 207675  147
3.280369596 2975688417 14339276 207673  165
3.291363435 2989839720 14151303 207674  160
3.302360741 3004423298 14583578 207680  113
3.313362291 3019019067 14595769 207675  159
3.324373068 3033285074 14266007 207683  140
3.335374833 3047501874 14216800 207666  130
3.346361519 3062129679 14627805 207668  169
3.357360792 3076693596 14563917 207677  94
3.368361268 3091059049 14365453 207664  212
3.379363161 3105270282 14211233 207671  90
3.390361467 3119780462 14510180 207670  188
3.401377360 3134346456 14565994 207664  83
3.412375373 3148835330 14488874 207680  171
3.423369489 3162822571 13987241 207677  130
3.434360712 3177416851 14594280 207685  171
3.445374735 3191966742 14549891 207681  164
3.456374794 3206369823 14403081 207678  127
3.467375173 3220425405 14055582 207677  185
3.478362693 3235014308 14588903 207681  148
3.489361025 3249566432 14552124 207680  144
3.500376232 3263831167 14264735 207666  154
3.511474840 3278010260 14179093 207676  139
3.522373811 3292578836 14568576 207674  122
3.533374143 3307169491 14590655 207670  168
3.544361367 3321423172 14253681 207668  114
3.555362032 3335627558 14204386 207675  180
3.566361522 3350202915 14575357 207674  88
3.577382119 3364782664 14579749 207673  189
3.588361881 3379001098 14218434 207666  79
3.599374777 3393213268 14212170 207674  189
3.610374760 3407714706 14501438 207680  66
3.621360596 3422178774 14464068 207669  177
3.632374716 3436148571 13969797 207678  133
3.643374368 3450732264 14583693 207686  112
3.654375391 3465250835 14518571 207682  129
3.665373701 3479340393 14089558 207673  135
3.676363006 3493617623 14277230 207674  156
3.687361640 3508086860 14469237 207686  150
3.698361705 3521952089 13865229 207674  121
3.709374695 3536502091 14550002 207673  137
3.720382618 3550763009 14260918 207664  131
3.731362843 3564834015 14071006 207668  114
3.742374177 3579344190 14510175 207682  151
3.753373332 3593586334 14242144 207677  95
3.764361889 3607729716 14143382 207674  196
3.775391446 3622251922 14522206 207681  90
3.786374205 3636580686 14328764 207670  214
3.797362558 3650544434 13963748 207678  91
3.808360714 3665070799 14526365 207676  181
3.819375783 3679241019 14170220 207677  72
3.830360946 3693429246 14188227 207695  166
3.841375985 3707901590 14472344 207669  93
3.852373698 3722256246 14354656 207668  145
3.863370041 3736230565 13974319 207681  125
3.874375224 3750791014 14560449 207674  115
3.885373466 3764945576 14154562 207679  166
3.896365826 3779109175 14163599 207682  136
3.907374092 3793585032 14475857 207676  131
3.918376352 3807763140 14178108 207676  150
3.929375564 3821896251 14133111 207675  133
3.940361540 3836394601 14498350 207663  112
3.951361767 3850507270 14112669 207675  143
3.962373362 3864690385 14183115 207671  93
3.973362289 3879196734 14506349 207677  161
3.984374361 3893364414 14167680 207677  135
3.995373131 3907532009 14167595 207682  188
4.006381904 3922008222 14476213 207677  107
4.017374130 3936058442 14050220 207674  186
4.028374919 3950253894 14195452 207666  104
4.039373559 3964766961 14513067 207692  172
4.050362908 3978587542 13820581 207669  102
4.061362055 3993059682 14472140 207672  137
4.072362124 4007540798 14481116 207682  143
4.083360953 4021655436 14114638 207682  110
4.094372740 4035814019 14158583 207666  131
4.105375116 4050313501 14499482 207666  127
4.116360569 4064393477 14079976 207675  133
4.127374808 4078617564 14224087 207668  132
4.138362724 4093106171 14488607 207687  110
4.149360590 4107160274 14054103 207681  116
4.160369767 4121442552 14282278 207673  119
4.171373249 4135962147 14519595 207677  107
4.182374816 4150045484 14083337 207682  157
4.193361751 4164255417 14209933 207669  93
4.204375268 4178795407 14539990 207686  167
4.215361587 4192937625 14142218 207676  74
4.226360743 4207103988 14166363 207670  171
4.237374819 4221593584 14489596 207667  72
4.248360535 4235830654 14237070 207679  183
4.259361127 4249889052 14058398 207681  75
4.270361961 4264426441 14537389 207681  189
4.281361303 4278541269 14114828 207678  150
4.292374690 4292711052 14169783 207675  106
4.303382243 4307181139 14470087 207665  138
4.314361065 4321355021 14173882 207670  142
4.325359919 4335458629 14103608 207675  127
4.336363914 4349949169 14490540 207674  134
4.347373677 4363903920 13954751 207680  103
4.358361090 4378186165 14282245 207669  120
4.369373347 4392636335 14450170 207674  118
4.380374056 4406425668 13789333 207670  109
4.391361415 4420885080 14459412 207680  163
4.402360448 4435037279 14152199 207669  91
4.413374630 4449162331 14125052 207674  142
4.424374707 4463657527 14495196 207677  83
4.435360609 4477966525 14308998 207667  161
4.446384439 4491887702 13921177 207678  68
4.457360888 4506367331 14479629 207670  158
4.468374048 4520497755 14130424 207678  71
4.479376297 4534627866 14130111 207673  166
4.490362226 4549061651 14433785 207678  96
4.501363263 4563383329 14321678 207684  161
4.512374025 4577320607 13937278 207674  123
4.523360335 4591796226 14475619 207672  107
4.534362174 4605853840 14057614 207677  143
4.545372821 4620014627 14160787 207678  96
4.556373887 4634467844 14453217 207674  132
4.567373487 4648590391 14122547 207686  128
4.578361966 4662696480 14106089 207670  109
4.589383132 4677157197 14460717 207669  117
4.600362125 4691286237 14129040 207677  148
4.611360817 4705423763 14137526 207680  78
4.622374707 4719868092 14444329 207667  137
4.633362063 4734033842 14165750 207670  82
4.644362373 4748098424 14064582 207684  157
4.655378345 4762505551 14407127 207678  81
4.666375515 4776643489 14137938 207672  178
4.677360344 4790721943 14078454 207680  89
4.688374071 4805179749 14457806 207671  185
4.699373153 4819255861 14076112 207682  94
4.710361956 4833385732 14129871 207675  159
4.721361292 4847817662 14431930 207676  116
4.732374975 4861996204 14178542 207680  119
4.743370484 4876057833 14061629 207674  124
4.754376631 4890512589 14454756 207675  130
4.765374363 4904605743 14093154 207675  125
4.776374749 4918705123 14099380 207674  129
4.787359922 4933146614 14441491 207675  134
4.798363691 4947187513 14040899 207680  130
4.809374278 4961330700 14143187 207667  129
4.820361004 4975790812 14460112 207691  111
4.831361343 4989846850 14056038 207690  152
4.842374116 5003959945 14113095 207657  96
4.853361995 5018429650 14469705 207668  173
4.864374402 5032522621 14092971 207679  64
4.875374632 5046623328 14100707 207664  157
4.886381791 5061028132 14404804 207672  62
4.897373744 5074943645 13915513 207674  169
4.908375470 5089182002 14238357 207684  72
4.919362705 5103654074 14472072 207692  178
4.930360312 5117336652 13682578 207674  125
4.941375421 5131810098 14473446 207668  107
4.952373438 5146221256 14411158 207687  127
4.963362427 5160137892 13916636 207661  138
4.974373347 5174375174 14237282 207677  123
4.985373242 5188623829 14248655 207684  136
4.996362532 5202495084 13871255 207682  114
5.007360055 5216880504 14385420 207671  121
5.018374131 5230962519 14082015 207672  116
5.029389827 5245029843 14067324 207676  111
5.040375519 5259468581 14438738 207678  142
5.051374029 5273547512 14078931 207670  89
5.062374668 5287619693 14072181 207688  135
5.073375165 5302015884 14396191 207670  85
5.084374437 5316172134 14156250 207670  159
5.095360603 5330193370 14021236 207668  66
5.106363100 5344642103 14448733 207673  151
5.117372699 5358764623 14122520 207670  64
5.128361325 5372864147 14099524 207674  159
5.139360951 5387125196 14261049 207672  92
5.150373891 5401406359 14281163 207675  148
5.161374080 5415256758 13850399 207682  130
5.172369657 5429700983 14444225 207667  122
5.183360806 5443756186 14055203 207677  131
5.194373492 5457801050 14044864 207674  141
5.205370215 5472140463 14339413 207663  111
5.216373888 5486215641 14075178 207676  146
5.227374860 5500257330 14041689 207665  110
5.238360156 5514644361 14387031 207677  116
5.249375503 5528598703 13954342 207684  138
5.260374893 5542729627 14130924 207681  95
5.271373815 5557116870 14387243 207680  125
5.282360971 5571049226 13932356 207679  95
5.293360447 5585289390 14240164 207673  167
5.304362186 5599741074 14451684 207665  69
5.315373743 5613637986 13896912 207680  151
5.326381823 5628081530 14443544 207674  65
5.337373855 5642561740 14480210 207680  140
5.348362048 5656362208 13800468 207675  92
5.359374394 5670843684 14481476 207679  141
5.370360793 5685036170 14192486 207678  123
5.381362412 5699076349 14040179 207676  96
5.392373239 5713514691 14438342 207674  130
5.403375028 5727706547 14191856 207670  124
5.414373778 5741778593 14072046 207677  123
5.425362300 5756234707 14456114 207670  122
5.436373980 5770319004 14084297 207681  97
5.447360049 5784472957 14153953 207668  116
5.458362168 5798956120 14483163 207672  120
5.469383165 5813087982 14131862 207683  117
5.480360564 5827206521 14118539 207677  133
5.491360471 5841664992 14458471 207675  120
5.502361180 5855610644 13945652 207684  155
5.513362086 5869883634 14272990 207673  89
5.524375349 5884359332 14475698 207684  179
5.535373102 5898253096 13893764 207686  93
5.546361868 5912598213 14345117 207678  167
5.557361750 5927043221 14445008 207676  79
5.568361327 5941167488 14124267 207681  178
5.579376610 5955263921 14096433 207672  136
5.590361872 5969767788 14503867 207668  122
5.601373376 5983849015 14081227 207680  113
5.612383141 5997964293 14115278 207672  120
5.623373604 6012422498 14458205 207679  118
5.634361717 6026532286 14109788 207691  119
5.645375470 6040613570 14081284 207663  95
5.656374103 6055069252 14455682 207679  126
5.667362392 6069139274 14070022 207676  132
5.678372628 6083262932 14123658 207676  129
5.689363114 6097722995 14460063 207669  139
5.700362451 6111837268 14114273 207693  94
5.711373773 6125930524 14093256 207666  136
5.722361189 6140382315 14451791 207679  112
5.733360285 6154544949 14162634 207681  172
5.744361314 6168576997 14032048 207678  151
5.755388151 6183051321 14474324 207677  233
5.766373603 6197129825 14078504 207669  142
5.777338195 6211269649 14139824 207687  229
5.788374686 6225626823 14357174 207665  123
5.799361676 6239936670 14309847 207680  193
5.810374878 6253820368 13883698 207682  136
5.821373478 6268261866 14441498 207674  108
5.832362387 6282404946 14143080 207668  125
5.843360249 6296422843 14017897 207691  128
5.854362606 6310805469 14382626 207671  116
5.865361748 6324960641 14155172 207670  126
5.876361378 6339016161 14055520 207673  120
5.887362361 6353451325 14435164 207673  102
5.898374267 6367533803 14082478 207680  137
5.909381606 6381627073 14093270 207676  80
5.920376460 6396070644 14443571 207674  150
5.931372642 6410374984 14304340 207680  100
5.942362761 6424261392 13886408 207678  198
5.953373641 6438677522 14416130 207679  86
5.964375851 6453139111 14461589 207670  176
5.975374420 6467193400 14054289 207678  82
5.986374326 6481282621 14089221 207658  185
5.997375192 6495673302 14390681 207669  102
6.008374839 6510004140 14330838 207679  160
6.019362381 6523855462 13851322 207681  132
6.030362690 6538287677 14432215 207685  107
6.041374687 6552440498 14152821 207664  147
6.052368573 6566491227 14050729 207669  127
6.063376119 6580840593 14349366 207686  95
6.074374135 6595078954 14238361 207675  127
6.085362708 6607042627 11963673 207666  960
6.096373874 6621448006 14405379 207671  180
6.107361930 6635312903 13864897 207676  151
6.118375460 6649539714 14226811 207681  134
6.129362792 6663963478 14423764 207683  117
6.140375552 6670222196 6258718 207698  301
6.151361634 6674894088 4671892 207697  367
6.162361138 6679619588 4725500 207698  456
6.173373027 6684337934 4718346 207703  506
6.184360776 6689048160 4710226 207697  457
6.195369569 6693752087 4703927 207698  523
6.206361005 6698461359 4709272 207689  532
6.217373395 6703169121 4707762 207693  511
6.228359844 6707870242 4701121 207697  461
6.239360517 6712545072 4674830 207724  518
6.250373216 6717641783 5096711 226581  539
6.262373350 6722324248 4682465 207704  545
6.273362259 6727005907 4681659 207695  504
6.284372929 6731132181 4126274 207684  578
6.295372738 6735942137 4809956 226579  635
6.307362115 6740598866 4656729 207695  548
6.318360567 6745234281 4635415 207692  518
6.329360787 6749859073 4624792 207703  436
6.340368289 6754524037 4664964 207705  519
6.351361416 6759116628 4592591 207698  499
6.362373749 6763700864 4584236 207690  523
6.373361175 6768273475 4572611 207697  480
6.384374044 6773264274 4990799 226576  525
6.396372878 6778237770 4973496 226597  549
6.408362357 6783196138 4958368 226578  523
6.420360574 6787720714 4524576 207710  549
6.431362920 6792274137 4553423 207696  602
6.442375166 6796770999 4496862 207691  523
6.453361382 6801260515 4489516 207698  591
6.464373589 6805782528 4522013 207707  621
6.475375148 6810663774 4881246 226574  630
6.487362028 6815533413 4869639 226576  634
6.499367515 6820020868 4487455 207691  583
6.510362351 6824452816 4431948 207691  542
6.521374527 6829281979 4829163 226576  589
6.533360507 6833723710 4441731 207692  526
6.544361403 6838509890 4786180 226574  539
6.556374710 6843323428 4813538 226572  527
6.568360670 6847666289 4342861 207701  518
6.579360593 6852033426 4367137 207699  505
6.590361022 6856345166 4311740 207704  526
6.601375475 6861080127 4734961 226605  503
6.613361365 6865757411 4677284 226575  542
6.625375018 6870460033 4702622 226586  479
6.637372281 6875100912 4640879 226608  606
6.649369801 6879762865 4661953 226600  492
6.661360884 6884358863 4595998 226585  543
6.673361595 6888588010 4229147 207704  471
6.684373461 6893151827 4563817 226594  531
6.696374991 6897738354 4586527 226583  621
6.708361237 6902312668 4574314 226586  555
6.720373251 6906828584 4515916 226615  539
6.732373988 6911367901 4539317 226576  531
6.744372047 6915886570 4518669 226592  544
6.756360771 6920350283 4463713 226580  484
6.768359634 6924452389 4102106 207707  543
6.779373304 6928918621 4466232 226598  508
6.791360067 6932992716 4074095 207705  504
6.802378693 6937423540 4430824 226588  547
6.814375050 6941816485 4392945 226572  524
6.826374440 6946201453 4384968 226579  550
6.838375133 6950581233 4379780 226594  493
6.850359613 6954578698 3997465 207717  503
6.861375006 6958926084 4347386 226587  500
6.873375283 6963256670 4330586 226579  557
6.885361686 6967574286 4317616 226583  510
6.897373759 6971874942 4300656 226586  539
6.909361009 6976159100 4284158 226566  537
6.921374330 6980430659 4271559 226580  606
6.933360633 6984686921 4256262 226586  497
6.945361239 6988930302 4243381 226571  488
6.957373816 6993154872 4224570 226588  578
6.969381530 6997359468 4204596 226597  476
6.981360229 7001544364 4184896 226594  517
6.993362530 7005708483 4164119 226600  503
7.005374342 7009854526 4146043 226589  691
7.017372373 7013980512 4125986 226586  576
7.029362456 7018091667 4111155 226599  582
7.041373983 7022191798 4100131 226588  515
7.053374779 7026295140 4103342 226582  535
7.065360650 7030359759 4064619 226570  581
7.077359859 7034404608 4044849 226579  591
7.089361183 7038432596 4027988 226581  579
7.101373736 7042472870 4040274 226576  518
7.113374356 7046471794 3998924 226592  621
7.125387440 7050457712 3985918 226576  555
7.137361203 7054444909 3987197 226582  600
7.149373053 7058394403 3949494 226595  533
7.161374526 7062357508 3963105 226583  566
7.173361336 7066278347 3920839 226580  608
7.185361102 7070177198 3898851 226574  501
7.197374319 7074082656 3905458 226584  533
7.209360986 7077946921 3864265 226583  559
7.221361419 7081817416 3870495 226576  534
7.233373329 7085648612 3831196 226579  549
7.245374366 7089492315 3843703 226594  534
7.257372680 7093324117 3831802 226591  509
7.269360229 7097109696 3785579 226596  466
7.281367510 7100906623 3796927 226581  585
7.293376253 7104661471 3754848 226589  546
7.305373619 7108427884 3766413 226581  608
7.317362456 7112182761 3754877 226598  548
7.329361142 7115899079 3716318 226595  553
7.341375203 7119620950 3721871 226587  638
7.353375290 7123329354 3708404 226582  565
7.365360443 7127001589 3672235 226590  650
7.377374390 7130671032 3669443 226573  561
7.389372643 7134326856 3655824 226585  567
7.401360593 7137961041 3634185 226575  641
7.413371893 7141573027 3611986 226591  563
7.425362753 7145165567 3592540 226583  607
7.437380770 7148737476 3571909 226591  542
7.449376136 7152290810 3553334 226592  574
7.461359916 7155825121 3534311 226591  669
7.473361460 7159340965 3515844 226582  620
7.485372263 7162838782 3497817 226584  588
7.497373756 7166318933 3480151 226590  587
7.509360570 7169780638 3461705 226585  595
7.521362339 7173226560 3445922 226579  589
7.533374023 7176655882 3429322 226590  645
7.545361832 7180065318 3409436 226583  592
7.557361309 7183464193 3398875 226582  635
7.569372426 7186858323 3394130 226583  572
7.581373183 7190222864 3364541 226581  589
7.593382647 7193574030 3351166 226575  652
7.605360873 7196909055 3335025 226616  598
7.617359973 7200223122 3314067 226579  677
7.629374939 7203530996 3307874 226580  582
7.641372893 7206809303 3278307 226582  579
7.653360616 7210070819 3261516 226592  675
7.665361793 7213318240 3247421 226607  637
7.677373923 7216560813 3242573 226577  628
7.689373243 7219780182 3219369 226605  616
7.701359779 7222982567 3202385 226581  585
7.713374296 7226170730 3188163 226583  637
7.725372600 7229335750 3165020 226586  679
7.737361126 7232488023 3152273 226613  595
7.749359883 7235636294 3148271 226572  652
7.761369883 7238762476 3126182 226587  576
7.773374669 7241879077 3116601 226569  635
7.785373116 7244975491 3096414 226604  581
7.797362533 7248064501 3089010 226591  678
7.809360283 7250669595 2605094 226578  656
7.821376676 7253096166 2426571 226582  618
7.833397103 7255614843 2518677 226574  501
7.845376647 7258086104 2471261 226581  602
7.857362526 7260358245 2272141 207701  475
7.868375363 7262795786 2437541 226575  606
7.880362846 7265064465 2268679 207688  538
7.891362082 7267448658 2384193 226577  608
7.903375105 7269621855 2173197 207682  485
7.914370118 7272212324 2590469 226592  666
7.926377108 7274430449 2218125 207704  487
7.937360108 7276709225 2278776 207692  567
7.948375577 7278957882 2248657 207715  541
7.959362927 7281276042 2318160 207695  527
7.970361056 7283439562 2163520 207704  525
7.981374776 7285761621 2322059 207699  600
7.992375658 7288038490 2276869 207705  511
8.003362137 7290468051 2429561 226575  616
8.015362661 7292847095 2379044 226579  567
8.027361468 7295310099 2463004 226570  554
8.039361844 7297814027 2503928 226569  610
8.051374711 7300213140 2399113 226581  508
8.063384454 7302421717 2208577 207695  580
8.074375180 7305005791 2584074 226568  617
8.086375090 7307344861 2339070 207694  508
8.097363383 7309798040 2453179 226582  640
8.109363236 7312217627 2419587 226579  583
8.121363436 7314648163 2430536 226585  590
8.133374810 7316872785 2224622 207700  494
8.144375543 7319116038 2243253 207696  484
8.155373572 7321366171 2250133 207703  497
8.166374745 7323602985 2236814 207693  478
8.177362054 7325862165 2259180 207685  563
8.188361997 7328321522 2459357 226575  514
8.200361257 7330754328 2432806 226556  584
8.212400431 7333314143 2559815 226568  556
8.224375824 7335748032 2433889 226583  571
8.236373823 7338314548 2566516 226575  562
8.248376074 7340791621 2477073 226568  705
8.260360746 7343272998 2481377 226596  607
8.272374990 7345824975 2551977 226584  645
8.284373864 7348374395 2549420 226588  531
8.296362421 7350910339 2535944 226580  587
8.308360650 7353351796 2441457 226609  850
8.320363094 7355609273 2257477 242630  4084
8.338370410 7358597230 2987957 165331  40813
8.350369810 7369821954 11224724 76893  10318
8.367658091 7381457771 11635817 629  21
8.383656327 7391283164 9825393 76858  4365
8.396386693 7395121908 3838744 207675  949
8.407367625 7397997897 2875989 207683  1161
8.418362498 7400577899 2580002 207689  4394
8.429376804 7403004825 2426926 207675  7109
8.440376214 7405409820 2404995 207671  10203
8.451376126 7407797425 2387605 207689  14816
8.462374523 7410125730 2328305 207679  14814
8.473364475 7412456698 2330968 207666  17534
8.484362354 7414796547 2339849 207685  19840
8.495362751 7417085983 2289436 207680  20270
8.506374577 7419366071 2280088 207674  20238
8.517362047 7421612286 2246215 207672  20950
8.528376352 7423858755 2246469 207701  21231
8.539386316 7426109654 2250899 207690  21381
8.550364201 7428366891 2257237 207669  21479
8.561374858 7430640835 2273944 207667  21830
8.572363850 7432924641 2283806 207675  22009
8.583374907 7435209482 2284841 207667  22075
8.594363619 7437504382 2294900 207668  22241
8.605363918 7439798515 2294133 207677  22249
8.616363552 7442103536 2305021 207673  22407
8.627373824 7444416533 2312997 207678  22529
8.638375861 7446727603 2311070 207679  22510
8.649374726 7449052638 2325035 207672  22703
8.660361849 7451379514 2326876 207665  22741
8.671362885 7453707523 2328009 207677  22749
8.682371834 7456032911 2325388 207658  22714
8.693364774 7458368830 2335919 207677  22882
8.704374613 7460702939 2334109 207696  22856
8.715374867 7463038787 2335848 207672  22874
8.726374132 7465379357 2340570 207665  22929
8.737363058 7467719695 2340338 207674  22940
8.748375865 7470059625 2339930 207672  22939
8.759363980 7472411582 2351957 207672  23108
8.770363224 7474755771 2344189 207696  23002
8.781361346 7477112750 2356979 207668  23168
8.792363866 7479467598 2354848 207673  23150
8.803362328 7481821147 2353549 207670  23119
8.814361368 7484186213 2365066 207679  23306
8.825374977 7486552854 2366641 207675  23305
8.836385807 7488914964 2362110 207676  23248
8.847377310 7491277533 2362569 207672  23252
8.858373582 7493639961 2362428 207683  23269
8.869364112 7496012440 2372479 207669  23394
8.880376638 7498381759 2369319 207675  23364
8.891376091 7500746134 2364375 207678  23278
8.902393298 7503112564 2366430 207673  23316
8.913376617 7505490778 2378214 207679  23492
8.924363689 7507856632 2365854 207675  23315
8.935362478 7510230605 2373973 207682  23435
8.946362068 7512602737 2372132 207676  23409
8.957374724 7514976983 2374246 207663  23427
8.968383760 7517361826 2384843 207677  23576
8.979371233 7519734435 2372609 207678  23404
8.990376583 7522114770 2380335 207682  23520
9.001376038 7524494694 2379924 207653  23503
9.012376688 7526876960 2382266 207671  23539
9.023362317 7529254991 2378031 207683  23486
9.034376177 7531631489 2376498 207685  23467
9.045363136 7534015409 2383920 207672  23558
9.056364055 7536386650 2371241 207670  23389
9.067361402 7538769884 2383234 207696  23565
9.078375078 7541152618 2382734 207673  23544
9.089374664 7543527069 2374451 207666  23424
9.100394934 7545911686 2384617 207659  23553
9.111374583 7548287616 2375930 207707  23453
9.122373739 7550658352 2370736 207677  23377
9.133376992 7553024539 2366187 207677  23317
9.144361525 7555400503 2375964 207677  23461
9.155376610 7557773745 2373242 207669  23412
9.166373307 7560131818 2358073 207667  23201
9.177364366 7562502998 2371180 207653  23369
9.188363165 7564869095 2366097 207661  23308
9.199362518 7567230812 2361717 207679  23258
9.210374988 7569589614 2358802 207665  23224
9.221375121 7571961223 2371609 207665  23390
9.232362170 7574315575 2354352 207672  23157
9.243361290 7576675021 2359446 207668  23235
9.254375179 7579032921 2357900 207667  23192
9.265373939 7581395850 2362929 207669  23267
9.276375288 7583747020 2351170 207676  23099
9.287374661 7586101525 2354505 207679  23149
9.298375740 7588460513 2358988 207690  23220
9.309364759 7590819466 2358953 207676  23212
9.320363779 7593175415 2355949 207678  23168
9.331361868 7595544555 2369140 207681  23354
9.342364005 7597896822 2352267 207685  23128
9.353374207 7600247394 2350572 207670  23095
9.364361649 7602613488 2366094 207673  23314
9.375375249 7604961538 2348050 207665  23063
9.386361505 7607325460 2363922 207684  23282
9.397375575 7609688069 2362609 207681  23275
9.408374077 7612038669 2350600 207668  23095
9.419372971 7614405421 2366752 207675  23325
9.430374650 7616772258 2366837 207687  23332
9.441362603 7619139084 2366826 207668  23320
9.452362832 7621503647 2364563 207669  23283
9.463375285 7623877932 2374285 207670  23429
9.474374454 7626246081 2368149 207665  23346
9.485375487 7628610453 2364372 207680  23291
9.496377760 7630977910 2367457 207668  23331
9.507375559 7633348497 2370587 207673  23372
9.518361192 7635716588 2368091 207671  23334
9.529361915 7638085318 2368730 207673  23342
9.540362704 7640460231 2374913 207689  23442
9.551374760 7642823883 2363652 207674  23279
9.562389497 7645191897 2368014 207668  23347
9.573364066 7647565664 2373767 207666  23433
9.584364868 7649797228 2231564 207712  4192
9.595374692 7652006404 2209176 207687  201
9.606360197 7654206883 2200479 207681  106
9.617376794 7656407848 2200965 207675  91
9.628362243 7658610218 2202370 207682  88
9.639361953 7660827099 2216881 207687  89
9.650362962 7663027656 2200557 207671  90
9.661373585 7665242494 2214838 207680  86
9.672375904 7667443227 2200733 207680  92
9.683374521 7669655672 2212445 207670  80
9.694361890 7671872322 2216650 207688  83
9.705374119 7674089619 2217297 207678  85
9.716362778 7676305724 2216105 207668  86
9.727362795 7678520359 2214635 207688  84
9.738375455 7680733902 2213543 207685  81
9.749360577 7682945078 2211176 207682  85
9.760376990 7685155853 2210775 207697  83
9.771362223 7687366962 2211109 207694  89
9.782376325 7689578595 2211633 207698  79
9.793375308 7691798804 2220209 207684  79
9.804375821 7694008372 2209568 207676  82
9.815375261 7696232799 2224427 207673  80
9.826360996 7698440487 2207688 207684  85
9.837362855 7700665208 2224721 207685  85
9.848387549 7702887345 2222137 207682  85
9.859363418 7705096683 2209338 207678  93
9.870375591 7707320413 2223730 207682  74
9.881373937 7709543334 2222921 207677  80
9.892362056 7711765618 2222284 207687  77
9.903363412 7713990053 2224435 207669  84
9.914362738 7716216983 2226930 207683  83
9.925376171 7718442604 2225621 207683  84
9.936360807 7720668294 2225690 207691  80
9.947362430 7722894440 2226146 207671  88
9.958373849 7725120948 2226508 207677  77
9.969361649 7727362242 2241294 207681  76
9.980375618 7729587968 2225726 207680  74
9.991362498 7731817817 2229849 207679  80
10.002385767 7734063104 2245287 207677  78
10.013377311 7736295818 2232714 207688  79
10.024361170 7738541855 2246037 207680  69
10.035363542 7740773557 2231702 207678  88
10.046363352 7743017937 2244380 207696  72
10.057376188 7745263855 2245918 207684  74
10.068374808 7747499224 2235369 207682  75
10.079363140 7749741858 2242634 207687  71
10.090375483 7751990674 2248816 207685  76
10.101362986 7754240893 2250219 207674  79
10.112361558 7756490489 2249596 207688  75
10.123375575 7758739487 2248998 207689  76
10.134375057 7760989863 2250376 207687  78
10.145387780 7763239139 2249276 207680  76
10.156377159 7765489962 2250823 207681  70
10.167373423 7767742441 2252479 207680  73
10.178363248 7769993432 2250991 207681  73
10.189373735 7772258148 2264716 207672  78
10.200375911 7774513625 2255477 207673  68
10.211379713 7776768044 2254419 207682  79
10.222377026 7779028240 2260196 207684  74
10.233375025 7781291523 2263283 207684  72
10.244361958 7783545871 2254348 207677  74
10.255374994 7785814582 2268711 207678  71
10.266374064 7788068055 2253473 207679  70
10.277362960 7790337992 2269937 207680  69
10.288373172 7792604126 2266134 207682  76
10.299361832 7794870552 2266426 207679  73
10.310362095 7797143462 2272910 207668  73
10.321362198 7799416982 2273520 207674  74
10.332376047 7801676231 2259249 207673  66
10.343372310 7803948812 2272581 207687  72
10.354361346 7806221780 2272968 207686  73
10.365376009 7808495304 2273524 207677  70
10.376360848 7810771240 2275936 207678  70
10.387363191 7813048225 2276985 207673  68
10.398361434 7815326314 2278089 207687  66
10.409361736 7817602375 2276061 207677  67
10.420363689 7819880216 2277841 207695  73
10.431373215 7822158582 2278366 207692  76
10.442376579 7824435829 2277247 207673  75
10.453374501 7826715385 2279556 207688  72
10.464376351 7828995193 2279808 207672  68
10.475374580 7831285496 2290303 207682  69
10.486363316 7833574845 2289349 207676  63
10.497361432 7835858909 2284064 207681  72
10.508375835 7838143305 2284396 207683  68
10.519373911 7840440600 2297295 207683  66
10.530373280 7842725329 2284729 207687  70
10.541362833 7845022534 2297205 207673  62
10.552373196 7847307823 2285289 207679  72
10.563362292 7849612127 2304304 207683  75
10.574362282 7851903269 2291142 207673  65
10.585386975 7854208689 2305420 207680  65
10.596363737 7856501928 2293239 207674  63
10.607374856 7858807079 2305151 207685  68
10.618364405 7861105065 2297986 207688  150
10.629360125 7863408236 2303171 207690  187
10.640375828 7865716643 2308407 207683  187
10.651374144 7868028111 2311468 207695  190
10.662374077 7870329431 2301320 207689  190
10.673373757 7872643809 2314378 207682  193
10.684363082 7874958244 2314435 207688  187
10.695360378 7877272627 2314383 207690  203
10.706362015 7879590366 2317739 207703  185
10.717373894 7881908481 2318115 207684  190
10.728383897 7884231761 2323280 207691  188
10.739375176 7886557479 2325718 207678  197
10.750360369 7888884186 2326707 207686  195
10.761376582 7891214062 2329876 207684  207
10.772374972 7893545612 2331550 207686  191
10.783360594 7895878417 2332805 207686  192
10.794374237 7898213007 2334590 207683  203
10.805360970 7900550853 2337846 207684  196
10.816361929 7902889491 2338638 207668  186
10.827374995 7905229190 2339699 207693  210
10.838360491 7907579688 2350498 207679  190
10.849366324 7909923899 2344211 207677  192
10.860372010 7912270746 2346847 207692  194
10.871387083 7914620139 2349393 207675  191
10.882363426 7916979162 2359023 207693  189
10.893360668 7919332603 2353441 207694  206
10.904375595 7921689998 2357395 207688  188
10.915373307 7924051839 2361841 207680  191
10.926376364 7926410862 2359023 207680  193
10.937373869 7928777871 2367009 207677  185
10.948360446 7931141475 2363604 207682  194
10.959362338 7933512727 2371252 207673  201
10.970373248 7935877354 2364627 207687  192
10.981361527 7938250531 2373177 207675  185
10.992374187 7940616984 2366453 207675  196
11.003374960 7942993277 2376293 207676  188
11.014388120 7945372090 2378813 207676  186
11.025361859 7947742722 2370632 207691  213
11.036373988 7950121824 2379102 207684  192
11.047374478 7952503795 2381971 207697  187
11.058361827 7954882684 2378889 207695  194
11.069361042 7957262541 2379857 207691  185
11.080362762 7959645999 2383458 207687  187
11.091362911 7962029617 2383618 207682  203
11.102360658 7964415386 2385769 207693  190
11.113374530 7966798346 2382960 207683  192
11.124360497 7969182952 2384606 207686  186
11.135361993 7971569152 2386200 207691  189
11.146360868 7973955879 2386727 207695  191
11.157372772 7976341486 2385607 207674  216
11.168374604 7978728579 2387093 207691  190
11.179361081 7981116637 2388058 207678  194
11.190361803 7983503987 2387350 207683  190
11.201374753 7985891255 2387268 207678  184
11.212361802 7988278696 2387441 207694  197
11.223374902 7990665276 2386580 207680  209
11.234362198 7993053113 2387837 207698  191
11.245374074 7995440660 2387547 207692  188
11.256359853 7997834294 2393634 207685  188
11.267375409 8000223093 2388799 207681  188
11.278373229 8002611879 2388786 207683  189
11.289362058 8005000493 2388614 207677  203
11.300374028 8007388028 2387535 207692  184
11.311375277 8009778600 2390572 207684  195
11.322373293 8012169683 2391083 207683  184
11.333359916 8014557732 2388049 207683  195
11.344363538 8016947158 2389426 207687  193
11.355360651 8019340494 2393336 207706  201
11.366376014 8021729465 2388971 207690  189
11.377362737 8024118449 2388984 207687  194
11.388374490 8026513515 2395066 207697  184
11.399374565 8028903141 2389626 207679  188
11.410360041 8031297823 2394682 207696  184
11.421374148 8033686657 2388834 207707  201
11.432361604 8036076685 2390028 207704  186
11.443359093 8038472925 2396240 207707  192
11.454373366 8040863547 2390622 207690  189
11.465375029 8043259694 2396147 207687  179
11.476361545 8045651533 2391839 207687  187
11.487362745 8048047494 2395961 207686  203
11.498373770 8050444560 2397066 207694  181
11.509377484 8052837901 2393341 207692  190
11.520359959 8055237170 2399269 207707  186
11.531374773 8057632386 2395216 207694  188
11.542373502 8060034901 2402515 207708  191
11.553360207 8062439102 2404201 207671  201
11.564372774 8064842822 2403720 207697  183
11.575375123 8067254905 2412083 207721  192
11.586371886 8069676514 2421609 207712  186
11.597386029 8072118280 2441766 207677  195
11.608375075 8074566028 2447748 207710  183
11.619361484 8083195357 8629329 207680  28662
11.630366050 8099160640 15965283 226566  69373
11.642374940 8113368927 14208287 226581  59822
11.654362590 8123937014 10568087 207692  41326
11.665375453 8136079701 12142687 207683  62921
11.676376649 8148725586 12645885 226584  50263
11.688375489 8164782847 16057261 207693  74656
11.699374899 8173517521 8734674 226557  34533
11.711364928 8177937037 4419516 207669  156034
11.722379168 8190834497 12897460 207682  85824
11.733362941 8203107578 12273081 207690  49138
11.744374774 8218629532 15521954 207675  69938
11.755385360 8226568621 7939089 207680  26604
11.766377852 8240443453 13874832 207686  66758
11.777376159 8252764541 12321088 207686  52786
11.788378069 8268157095 15392554 207692  69001
11.799374251 8275260003 7102908 207670  31068
11.810377960 8279679131 4419128 207696  161850
11.821379137 8284053530 4374399 207674  189405
11.832375879 8288693162 4639632 207670  207425
11.843363491 8302831419 14138257 226565  81263
11.855363022 8314999423 12168004 207684  48920
11.866375105 8331177267 16177844 207692  73991
11.877374411 8337565258 6387991 207676  25518
11.888360977 8352276647 14711389 207687  72448
11.899388470 8364692538 12415891 207693  52222
11.910375815 8380251984 15559446 207679  70544
11.921364388 8386271336 6019352 207669  23532
11.932378541 8390690599 4419263 207690  177067
11.943382061 8405644673 14954074 207680  75561
11.954376970 8418370120 12725447 207677  52301
11.965374332 8434013575 15643455 207685  70356
11.976376589 8439443495 5429920 207680  23330
11.987361565 8455393991 15950496 207688  74473
11.998364015 8467562443 12168452 207677  50105
12.009376500 8483712934 16150491 207676  73697
12.020361649 8487963896 4250962 207699  19315
12.031376486 8492436048 4472152 207675  179618
12.042382336 8496959592 4523544 207675  200601
12.053375125 8501390491 4430899 207673  192269
12.064362361 8505700496 4310005 207679  186475
12.075378304 8510338732 4638236 207682  207368
12.086375960 8514978635 4639903 207661  207435
12.097363032 8519295672 4317037 207681  184064
12.108364532 8530957837 11662165 207709  86811
12.119374725 8543472210 12514373 207680  50930
12.130362531 8561517461 18045251 226568  82770
12.142361597 8567901337 6383876 207679  29781
12.153375674 8582588068 14686731 207675  71505
12.164363703 8595025791 12437723 207694  52106
12.175361159 8610587160 15561369 207690  69864
12.186362508 8616611204 6024044 207700  19687
12.197373018 8621030573 4419369 207694  175455
12.208369037 8635971701 14941128 207692  74170
12.219372527 8648580120 12608419 207685  51810
12.230377726 8664056083 15475963 207669  69274
12.241362849 8670547335 6491252 226578  16851
12.253361829 8688441867 17894532 226565  83024
12.265364269 8700619253 12177386 207685  53101
12.276362255 8715198619 14579366 226564  61615
12.288363182 8719508850 4310231 207694  57272
12.299378588 8723884369 4375519 207677  184750
12.310375478 8728522633 4638264 207679  207426
12.321376497 8735539057 7016424 207702  157489
12.332374760 8751073902 15534845 207683  69635
12.343376142 8763586773 12512871 207690  51262
12.354361978 8777496648 13909875 226556  57927
12.366364968 8788021619 10524971 226562  54045
12.378377972 8802616641 14595022 226561  62071
12.390375688 8815781603 13164962 207689  57588
12.401377165 8827412360 11630757 226575  43258
12.413361091 8831831546 4419186 207686  126933
12.424366544 8844352888 12521342 226571  117611
12.436361827 8858481226 14128338 226558  58938
12.448362724 8874045767 15564541 207697  69524
12.459375780 8881828992 7783225 226561  22052
12.471375046 8897790644 15961652 207678  76581
12.482376953 8909969559 12178915 207695  52158
12.493385602 8925876512 15906953 207686  72084
12.504363402 8930471697 4595185 207689  15581
12.515360798 8934903195 4431498 207697  180201
12.526372940 8939359649 4456454 207690  196692
12.537376163 8943857617 4497968 207689  197093
12.548365882 8948101449 4243832 207699  181583
12.559376849 8952739909 4638460 207688  207429
12.570375175 8957378593 4638684 207693  207476
12.581373470 8961762937 4384344 207685  188955
12.592362200 8965574227 3811290 207691  184414
12.603375716 8970212239 4638012 207681  207382
12.614374676 8974850699 4638460 207684  207393
12.625363768 8979488711 4638012 207672  207364
12.636372798 8984127698 4638987 207648  207419
12.647376117 8988766929 4639231 207655  207445
12.658375786 8993406384 4639455 207652  207455
12.669377583 8997570519 4164135 207690  175039
12.680374785 9006307769 8737250 207689  151300
12.691360625 9020889515 14581746 226578  61158
12.703362535 9034687440 13797925 207700  59312
12.714363095 9045700526 11013086 226562  41479
12.726373884 9058589318 12888792 226575  64126
12.738377814 9070906848 12317530 207674  50737
12.749374467 9088876614 17969766 226580  83274
12.761374374 9095256765 6380151 207670  30494
12.772375997 9099676175 4419410 207689  171627
12.783368809 9113650282 13974107 207691  78014
12.794374079 9126264753 12614471 207698  51942
12.805364088 9141972697 15707944 207698  71321
12.816376514 9148354925 6382228 207692  25025
12.827376371 9163333940 14979015 207678  71061
12.838364446 9176049689 12715749 207682  54309
12.849378070 9191707480 15657791 207676  71249
12.860377185 9197137690 5430210 207686  24882
12.871364911 9201540841 4403151 207669  170162
12.882367824 9205931724 4390883 207681  190183
12.893363717 9210495874 4564150 207684  201820
12.904365570 9224275229 13779355 207707  64102
12.915374569 9236828193 12552964 207680  51465
12.926374599 9252599703 15771510 207679  71106
12.937387838 9259276487 6676784 226562  20566
12.949375905 9275348858 16072371 207679  75180
12.960364591 9287565701 12216843 207710  50654
12.971363103 9303729626 16163925 207673  74859
12.982377096 9307971472 4241846 207676  32567
12.993367179 9312511309 4539837 207680  174704
13.004376885 9328502633 15991324 207708  72106
13.015364764 9343045466 14542833 226555  61154
13.027362741 9357621835 14576369 226576  61551
13.039361517 9365815376 8193541 207681  42841
13.050377587 9381986853 16171477 207676  76280
13.061361546 9394163578 12176725 207677  50985
13.072363000 9406805088 12641510 226559  49325
13.084386803 9411115320 4310232 207679  79239
13.095364782 9415489943 4374623 207676  188753
13.106363761 9420128179 4638236 207699  207432
13.117375668 9424230833 4102654 207696  171892
13.128374937 9428868858 4638025 207690  207426
13.139363746 9433506870 4638012 207695  207430
13.150361436 9438145106 4638236 207691  207452
13.161377046 9443954171 5809065 207682  152651
13.172385348 9459786947 15832776 207693  71181
13.183378288 9471965260 12178313 207675  48931
13.194374124 9486556020 14590760 226576  61317
13.206361273 9494750483 8194463 207691  31744
13.217376593 9510917769 16167286 207687  74213
13.228373719 9523126314 12208545 207697  50150
13.239377432 9535794175 12667861 226588  49848
13.251376045 9540104631 4310456 207701  98309
13.262376065 9550275906 10171275 207674  143039
13.273372364 9564853847 14577941 226559  61240
13.285376791 9578077502 13223655 207681  55877
13.296375707 9589668933 11591431 226570  45101
13.308363724 9602187695 12518762 226578  60472
13.320394064 9614787315 12599620 207704  53925
13.331375753 9630493835 15706520 207681  71024
13.342374192 9639234733 8740898 226565  31147
13.354376386 9643653694 4418961 207683  172562
13.365378129 9648029465 4375771 207688  189424
13.376376105 9652667896 4638431 207673  207463
13.387379330 9665200568 12532672 207700  68795
13.398377440 9677576826 12376258 207679  49918
13.409362726 9692933860 15357034 207680  68807
13.420362078 9701490713 8556853 226555  24349
13.432375402 9716593983 15103270 207696  70614
13.443379265 9729358794 12764811 207677  55970
13.454375221 9744849016 15490222 207672  69007
13.465365543 9750277262 5428246 207689  23889
13.476363547 9754677659 4400397 207678  182176
13.487380263 9770456498 15778839 207677  73593
13.498361946 9782768839 12312341 207684  49600
13.509363951 9798215830 15446991 207692  69617
13.520375811 9804788468 6572638 226574  22104
13.532374684 9820366601 15578133 207679  71607
13.543365787 9832871490 12504889 207676  53459
13.554359756 9848472032 15600542 226571  67256
13.566361723 9852732101 4260069 207688  38750
13.577363529 9857107620 4375519 207684  189161
13.588365331 9861745855 4638235 207681  207426
13.599374315 9865845836 4099981 207688  170947
13.610365387 9870484072 4638236 207679  207417
13.621375304 9875122532 4638460 207689  207437
13.632362533 9879760767 4638235 207685  207459
13.643362712 9883507324 3746557 207682  164070
13.654362122 9887957522 4450198 207683  207315
13.665362805 9892595534 4638012 207669  207429
13.676372644 9897233769 4638235 207664  207456
13.687360876 9901872005 4638236 207675  207455
13.698375333 9906510603 4638598 207670  207469
13.709363185 9911148701 4638098 207682  207457
13.720360311 9915787160 4638459 207675  207466
13.731375268 9919315314 3528154 207703  167909
13.742374910 9922896513 3581199 207705  207421
13.753363923 9927534749 4638236 207682  207402
13.764375082 9932173208 4638459 207682  207409
13.775374362 9936811668 4638460 207679  207383
13.786375108 9941449680 4638012 207660  207404
13.797373791 9946087692 4638012 207663  207447
13.808374287 9950726151 4638459 207684  207464
13.819389447 9955364414 4638263 207671  207458
13.830363096 9960003421 4639007 207641  207479
13.841376585 9964643747 4640326 207675  207504
13.852362918 9969283451 4639704 207662  207469
13.863372887 9973923578 4640127 207674  207484
13.874376181 9978563929 4640351 207674  207493
13.885362743 9983203607 4639678 207667  207476
13.896362809 9987843733 4640126 207680  207491
13.907374065 9990930421 3086688 207691  166004
13.918374428 9992891365 1960944 204103  203825
13.931363545 9995661994 2770629 23712  23478
13.942376648 9998432686 2770692 23727  23491
13.953378471 10001203378 2770692 23727  23441
13.964365876 10003974147 2770769 23721  23487
13.975379766 10006745001 2770854 23738  23540
13.986381169 10009515813 2770812 23736  23538
13.997369135 10012286599 2770786 23733  23538
14.008370611 10015057362 2770763 23718  23534
14.019371351 10017828221 2770859 23723  23537
14.030383117 10020598986 2770765 23737  23549
14.041368966 10023369845 2770859 23725  23539
14.052371969 10026140563 2770718 23718  23538
14.063383229 10028911255 2770692 23722  23538
14.074370558 10031681947 2770692 23721  23542
14.085387500 10034452519 2770572 23728  23543
14.096373153 10037223258 2770739 23728  23541
14.107371249 10039993738 2770480 23733  23534
14.118384478 10042764552 2770814 23721  23538
14.129384625 10045535290 2770738 23720  23537
14.140368957 10048306023 2770733 23711  23536
14.151382584 10051076789 2770766 23725  23535
14.162380840 10053350847 2274058 41635  34815
14.174371179 10058506368 5155521 207727  152349
14.185370829 10063660568 5154200 207721  152274
14.196388135 10068824522 5163954 207728  152561
14.207387765 10073977475 5152953 207731  152194
14.218376700 10079129555 5152080 207723  152214
14.229379604 10084283859 5154304 207726  152271
14.240395279 10089450361 5166502 207732  152688
14.251393729 10094609646 5159285 207727  152470
14.262394375 10099767714 5158068 207724  152419
14.273394208 10104931018 5163304 207727  152582
14.284395247 10110094773 5163755 207732  152558
14.295381610 10115241942 5147169 207726  152109
14.306381146 10120407700 5165758 207729  152626
14.317382905 10125565869 5158169 207728  152434
14.328393535 10130726135 5160266 207730  152470
14.339396581 10135892180 5166045 207731  152662
14.350394268 10141051328 5159148 207723  152454
14.361376453 10146200738 5149410 207731  152169
14.372390683 10151365525 5164787 207730  152613
14.383377746 10156533060 5167535 207727  152686
14.394390701 10161691935 5158875 207726  152462
14.405394105 10166846987 5155052 207723  152317
14.416390474 10172012983 5165996 207723  152666
14.427376443 10177170762 5157779 207728  152403
14.438377599 10182326309 5155547 207728  152344
14.449391203 10187486266 5159957 207726  152472
14.460393528 10192649530 5163264 207726  152565
14.471393041 10197806984 5157454 207727  152427
14.482380880 10202958841 5151857 207731  152234
14.493379426 10206084176 3125335 207715  179289
14.504384429 10207120717 1036541 207682  207526
14.515372332 10208157263 1036546 207685  207525
14.526378078 10209193812 1036549 207687  207525
14.537373457 10210230316 1036504 207685  207521
14.548364290 10215410807 5180491 269771  207771
14.565374376 10216862045 1451238 207695  203551
14.576382512 10218313320 1451275 207693  207242
14.587368078 10219764043 1450723 207680  207507
14.598370664 10221215194 1451151 207700  207530
14.609383911 10222666350 1451156 207703  207532
14.620387180 10224117478 1451128 207699  207540
14.631385599 10225568642 1451164 207704  207535
14.642371306 10227019316 1450674 207704  207529
14.653372225 10228470473 1451157 207688  207513
14.664370514 10229921657 1451184 207689  207527
14.675369214 10231372751 1451094 207687  207518
14.686383919 10232823768 1451017 207701  207528
14.697383493 10234274582 1450814 207696  207529
14.708388228 10235725724 1451142 207699  207534
14.719370981 10237176846 1451122 207704  207531
14.730370414 10238627828 1450982 207701  207530
14.741385130 10240078467 1450639 207673  207497
14.752383683 10241529462 1450995 207691  207527
14.763372495 10242980374 1450912 207692  207521
14.774383359 10244355363 1374989 207716  206937
14.785370561 10245599865 1244502 207700  206295
14.796379380 10246844536 1244671 207697  206890
14.807362327 10248089124 1244588 207698  207141
14.818374689 10249333863 1244739 207699  207220
14.829362318 10250578596 1244733 207692  207195
14.840361431 10251823257 1244661 207687  207214
14.851374311 10253067915 1244658 207689  207213
14.862363880 10254312624 1244709 207690  207210
14.873374809 10255557280 1244656 207712  207210
14.884376129 10256801808 1244528 207689  207209
14.895361792 10258046432 1244624 207673  207193
14.906375335 10259291009 1244577 207695  207230
14.917375111 10260535811 1244802 207690  207242
14.928362086 10261780291 1244480 207679  207208
14.939375453 10263025019 1244728 207698  207252
14.950375459 10264269820 1244801 207702  207245
14.961361579 10265514271 1244451 207694  207220
14.972361758 10266758920 1244649 207685  207232
14.983360640 10268003462 1244542 207695  207229
14.994386267 10269296300 1292838 207703  207232
15.005382272 10270747233 1450933 207695  207516
15.016361966 10272198368 1451135 207678  207508
15.027364805 10273649560 1451192 207708  207533
15.038380428 10275100626 1451066 207718  207545
15.049367194 10276551839 1451213 207703  207532
15.060369739 10278003142 1451303 207722  207559
15.071385163 10279454194 1451052 207700  207525
15.082384342 10280904994 1450800 207685  207514
15.093382092 10282355906 1450912 207690  207518
15.104367631 10283806859 1450953 207686  207516
15.115370383 10285257942 1451083 207696  207521
15.126385896 10286709054 1451112 207693  207521
15.137382503 10288159840 1450786 207698  207521
15.148384052 10289610716 1450876 207691  207527
15.159386088 10291061579 1450863 207675  207499
15.170383591 10292512512 1450933 207690  207516
15.181385030 10293963676 1451164 207707  207537
15.192368846 10295414517 1450841 207720  207552
15.203384282 10296865422 1450905 207683  207513
15.214368991 10298201560 1336138 207690  206695
15.225369451 10299445887 1244327 207691  206357
15.236366507 10300690564 1244677 207710  206947
15.247376314 10301935177 1244613 207690  207157
15.258374433 10303179994 1244817 207703  207210
15.269363055 10304424775 1244781 207683  207222
15.280361412 10305669388 1244613 207684  207211
15.291385097 10306913782 1244394 207687  207163
15.302362663 10308158587 1244805 207698  207231
15.313362120 10309403476 1244889 207700  207219
15.324376472 10310648051 1244575 207705  207224
15.335374495 10311892886 1244835 207700  207258
15.346377794 10313137318 1244432 207687  207215
15.357363140 10314381713 1244395 207688  207180
15.368402028 10315626446 1244733 207700  207240
15.379372049 10316871350 1244904 207707  207255
15.390359739 10318115938 1244588 207685  207227
15.401364171 10319360466 1244528 207688  207230
15.412360425 10320605067 1244601 207684  207233
15.423374080 10321849405 1244338 207697  207190
15.434379630 10322592003 742598 123173  122765
15.455654566 10322593190 1187 60  0
15.471627001 10322594509 1319 87  4
15.487633573 10322595696 1187 55  0
15.503623996 10322596883 1187 60  0
15.511141031 10322600162 3279 212  65
