0.010098010 32375544 32375544 8944  71
0.024030979 86318902 53943358 270  0
0.039962721 140257717 53938815 226  3
0.055954050 194352891 54095174 261  4
0.071947957 198146330 3793439 159506  11255
0.083707885 201998712 3852382 169957  16329
0.095688997 205931492 3932780 169961  11153
0.107682323 209907070 3975578 169948  9019
0.119695885 213830539 3923469 169951  8631
0.131694964 217804487 3973948 169955  8332
0.143681526 221786130 3981643 169954  8732
0.155681858 225701552 3915422 169972  8194
0.167698994 229673617 3972065 169956  7908
0.179681409 233587187 3913570 169984  7843
0.191692109 237548519 3961332 169966  7654
0.203683374 241460637 3912118 169965  7745
0.215695583 245420970 3960333 169958  7743
0.227684295 249431879 4010909 169959  8617
0.239682401 253380308 3948429 169963  8031
0.251683367 257381858 4001550 169967  7597
0.263694413 261380886 3999028 169994  7823
0.275695728 265323585 3942699 169976  7607
0.287682800 269312339 3988754 169955  7996
0.299682212 273292738 3980399 169970  8344
0.311695262 277282242 3989504 169948  8109
0.323694797 281205785 3923543 169961  7459
0.335685716 285185711 3979926 169948  7401
0.347705232 289161707 3975996 169954  7500
0.359684098 293137544 3975837 169943  7776
0.371696186 297045711 3908167 169957  7932
0.383697383 301008406 3962695 169975  7696
0.395695645 304960669 3952263 169962  7305
0.407697080 308936777 3976108 169975  7277
0.419695536 312911746 3974969 169956  7773
0.431682792 316882006 3970260 169975  7397
0.443682900 320486319 3604313 155812  6747
0.454696906 324447534 3961215 169961  7410
0.466683581 328049208 3601674 155815  7190
0.477695441 331999459 3950251 169986  7371
0.489695363 335945538 3946079 169959  7550
0.501704942 339894420 3948882 169967  8192
0.513684030 343491000 3596580 155810  7210
0.524695750 347432182 3941182 169950  7605
0.536683128 351367412 3935230 169969  7601
0.548682164 355304766 3937354 169969  7310
0.560682677 359239710 3934944 169959  7619
0.572681549 363160896 3921186 169971  7528
0.584683131 367098197 3937301 169977  7590
0.596681689 371065348 3967151 169990  7593
0.608682226 375030788 3965440 169982  7335
0.620682354 378995253 3964465 169962  7556
0.632682873 382953247 3957994 169966  7281
0.644681783 386615077 3661830 155803  7663
0.655693031 390562955 3947878 169950  8846
0.667684293 394504940 3941985 169950  7528
0.679695299 398456286 3951346 169982  7580
0.691683821 402111004 3654718 155828  7279
0.702695471 406046163 3935159 169977  7677
0.714683346 409978823 3932660 169951  7568
0.726695228 413912504 3933681 169970  7269
0.738696524 417844171 3931667 169962  7102
0.750682709 421774552 3930381 169957  7605
0.762695782 425750121 3975569 169959  7481
0.774695741 429690065 3939944 169980  7358
0.786695917 433622240 3932175 169985  7160
0.798684492 437556049 3933809 169965  7353
0.810696091 441540662 3984613 169988  7463
0.822704807 445459095 3918433 169959  7373
0.834696049 449380592 3921497 169949  7423
0.846682061 452996586 3615994 155786  6686
0.857696294 456911095 3914509 169954  7057
0.869695372 460886666 3975571 169962  7282
0.881683011 464791723 3905057 169961  7386
0.893682333 468403188 3611465 155793  7120
0.904696789 472304206 3901018 169961  7495
0.916695169 476201948 3897742 169950  7197
0.928696527 480147860 3945912 169955  7116
0.940694983 484049725 3901865 169954  7232
0.952695401 488143206 4093481 169959  7202
0.964680967 492184039 4040833 169964  7481
0.976714433 496218062 4034023 169971  7413
0.988683722 500312508 4094446 169963  7342
1.000695125 504339241 4026733 169960  7674
1.012695417 508418142 4078901 169963  7325
1.024695345 512435575 4017433 169970  7337
1.036683797 516507581 4072006 169958  7280
1.048682487 520225894 3718313 155796  6867
1.059684192 523941736 3715842 155789  7011
1.070695315 527949197 4007461 169954  7739
1.082682540 532011912 4062715 169947  7614
1.094681595 535711954 3700042 155790  7240
1.105696258 539708754 3996800 169957  7815
1.117682627 543760474 4051720 169944  7751
1.129691193 547821114 4060640 169947  7747
1.141682445 551528478 3707364 155803  6902
1.152682527 555228545 3700067 155792  6939
1.163682233 558925369 3696824 155802  6849
1.174682084 562619163 3693794 155808  6706
1.185696077 566671438 4052275 169948  7304
1.197682819 570354459 3683021 155797  6990
1.208695974 574328537 3974078 169971  7870
1.220684627 578367375 4038838 169955  7441
1.232681279 582048013 3680638 155796  6856
1.243682004 585723941 3675928 155804  6685
1.254682407 589751349 4027408 169978  7183
1.266694633 593779545 4028196 169967  7531
1.278705308 597786881 4007336 169956  7254
1.290683774 601465980 3679099 155830  6807
1.301682359 605146555 3680575 155821  6939
1.312683385 608851547 3704992 155783  6999
1.323682276 612914708 4063161 169971  7249
1.335683343 616966759 4052051 169959  7573
1.347696028 621013695 4046936 169982  7382
1.359697683 625059589 4045894 169978  7351
1.371682259 628743155 3683566 155818  6605
1.382682481 632425250 3682095 155776  6775
1.393682617 636464011 4038761 169994  7736
1.405683513 640497628 4033617 169969  7840
1.417683271 644525227 4027599 169959  7605
1.429696367 648548038 4022811 169979  7463
1.441705136 652575997 4027959 169952  7634
1.453683302 656593770 4017773 169968  7372
1.465682487 660608102 4014332 169976  7481
1.477696567 664629075 4020973 169962  7197
1.489681992 668659698 4030623 169957  7193
1.501682967 672683310 4023612 169973  7876
1.513684394 676699125 4015815 169948  7670
1.525696516 680716455 4017330 169966  7396
1.537693508 684729525 4013070 169956  7308
1.549682410 688436863 3707338 155792  6785
1.560694879 692437627 4000764 169943  7199
1.572695448 696443946 4006319 169961  7406
1.584701484 700442737 3998791 169955  7542
1.596691533 704445298 4002561 169960  7580
1.608684078 708140727 3695429 155782  6845
1.619695107 712133011 3992284 169966  7433
1.631695813 716119359 3986348 169958  7300
1.643682716 719801977 3682618 155792  6528
1.654697791 723855953 4053976 169986  7061
1.666682356 727637900 3781947 155807  6705
1.677695609 731718969 4081069 169962  7208
1.689682517 735497723 3778754 155812  6671
1.700694057 739562185 4064462 169975  7502
1.712695769 743639255 4077070 169956  7366
1.724682137 747398123 3758868 155826  6742
1.735695997 751460839 4062716 169970  7278
1.747705052 755525501 4064662 169958  7265
1.759695912 759635929 4110428 169974  7085
1.771695747 763694250 4058321 169966  7389
1.783683249 767800844 4106594 169980  7142
1.795695371 771845348 4044504 169971  7403
1.807696741 775885641 4040293 169983  7238
1.819682276 779981327 4095686 169970  7430
1.831681865 783734071 3752744 155813  6664
1.842695151 787784651 4050580 169952  7144
1.854697019 791885106 4100455 169947  7166
1.866694669 795930195 4045089 169949  7077
1.878682508 799667528 3737333 155783  6747
1.889682693 803401501 3733973 155808  6845
1.900702449 807433393 4031892 169953  7752
1.912682181 811161162 3727769 155791  6991
1.923694596 815250031 4088869 169960  7637
1.935695935 819277302 4027271 169951  7662
1.947695414 823350044 4072742 169965  7378
1.959682656 827074328 3724284 155817  6842
1.970682218 831088476 4014148 169959  7689
1.982684354 835154860 4066384 169950  8403
1.994683043 838867744 3712884 155786  6993
2.005696099 842984345 4116601 169950  7557
2.017699887 847029544 4045199 169943  7735
2.029695533 851134189 4104645 169962  7991
2.041686789 855232507 4098318 169966  7710
2.053695388 859268204 4035697 169939  7685
2.065695484 863357730 4089526 169968  7434
2.077683299 867089814 3732084 155802  6765
2.088681151 870825725 3735911 155794  6791
2.099699210 874913333 4087608 169947  7248
2.111682502 878642760 3729427 155798  6836
2.122682981 882715975 4073215 169964  7474
2.134683504 886439332 3723357 155806  6756
2.145683995 890159646 3720314 155787  6902
2.156681731 893870798 3711152 155797  6812
2.167683240 897941351 4070553 169959  7319
2.179696336 902020871 4079520 169955  7131
2.191695248 906103582 4082711 169951  7363
2.203683297 910178372 4074790 169956  7429
2.215696090 914202630 4024258 169937  7281
2.227696338 918259012 4056382 169946  7176
2.239694717 922320457 4061445 169973  7449
2.251683077 926079388 3758931 155808  6606
2.262682278 929785836 3706448 155804  6682
2.273697394 939655759 9869923 155786  3368
2.284683643 950134731 10478972 155771  3025
2.295682468 960773968 10639237 155764  3764
2.306694404 971830582 11056614 155784  3364
2.317682365 982317555 10486973 155761  3480
2.328682821 993184349 10866794 155770  3151
2.339696477 1004043660 10859311 155778  3238
2.350694722 1014528958 10485298 155763  3265
2.361704675 1025385428 10856470 155779  3283
2.372694650 1036257671 10872243 155790  2905
2.383683839 1046727517 10469846 155766  3130
2.394681574 1057905505 11177988 155779  3204
2.405694239 1068447719 10542214 155769  3268
2.416696075 1079170071 10722352 155770  3325
2.427680914 1090156305 10986234 155778  2885
2.438694180 1100649462 10493157 155754  3091
2.449694035 1111716532 11067070 155787  3079
2.460681857 1122339355 10622823 155773  2984
2.471681996 1133229578 10890223 155772  3244
2.482693575 1143571238 10341660 155759  3134
2.493682033 1154603222 11031984 155765  3002
2.504688833 1165300758 10697536 155762  3249
2.515682811 1176660306 11359548 155782  3022
2.526693893 1187314017 10653711 155758  3286
2.537681742 1197975591 10661574 155768  3100
2.548693085 1209376231 11400640 155784  2831
2.559695120 1220019489 10643258 155761  3089
2.570680941 1230674095 10654606 155785  3139
2.581694774 1241800653 11126558 155785  3142
2.592681046 1252731709 10931056 155771  2799
2.603681532 1263369112 10637403 155769  3068
2.614692350 1274246527 10877415 155765  3000
2.625693496 1285369625 11123098 155767  2989
2.636680418 1296014540 10644915 155763  3004
2.647681653 1306646104 10631564 155771  3076
2.658702566 1317995394 11349290 155802  2881
2.669693935 1328697883 10702489 155772  3243
2.680681220 1339334609 10636726 155756  3035
2.691694142 1350589835 11255226 155778  2933
2.702693677 1361396601 10806766 155769  3114
2.713681747 1372029467 10632866 155762  2978
2.724694268 1383056053 11026586 155776  3139
2.735681120 1394054518 10998465 155775  2872
2.746695129 1404690964 10636446 155759  3109
2.757693432 1415819893 11128929 155783  3153
2.768694344 1426759111 10939218 155768  2582
2.779679309 1437361224 10602113 155767  3029
2.790680825 1448376815 11015591 155769  3020
2.801703841 1459372059 10995244 155764  2736
2.812681256 1470007519 10635460 155776  3163
2.823680154 1480641844 10634325 155754  2989
2.834692957 1491840561 11198717 155783  3076
2.845680182 1502668066 10827505 155758  3100
2.856680504 1513380695 10712629 155761  3114
2.867695209 1524718160 11337465 155778  3107
2.878694259 1535386796 10668636 155760  2938
2.889680747 1546487699 11100903 155762  3092
2.900693403 1557466256 10978557 155764  3187
2.911694011 1568515517 11049261 155776  2998
2.922693457 1579571986 11056469 155773  3157
2.933695652 1590203688 10631702 155769  3080
2.944688974 1601472667 11268979 155779  3115
2.955681797 1612235733 10763066 155759  3133
2.966680375 1622975656 10739923 155771  2969
2.977682651 1633951201 10975545 152632  3013
2.988001968 1644899316 10948115 158903  2804
2.999682159 1655612316 10713000 155768  3093
3.010692190 1666919960 11307644 155787  2855
3.021680889 1677542234 10622274 155759  3064
3.032681185 1688217320 10675086 155772  3184
3.043693087 1699534323 11317003 155785  2757
3.054681592 1710157669 10623346 155759  3052
3.065681581 1721127812 10970143 155774  3032
3.076694170 1732243011 11115199 155778  2802
3.087701633 1742865909 10622898 155758  3309
3.098681374 1754287655 11421746 155779  2738
3.109693570 1764928789 10641134 155759  3047
3.120695129 1776214497 11285708 155782  2922
3.131693161 1786965322 10750825 155762  2794
3.142681553 1797627269 10661947 155756  3217
3.153693062 1808985240 11357971 155787  2600
3.164680737 1819623257 10638017 155761  2968
3.175693233 1830670764 11047507 155783  2922
3.186693928 1841642032 10971268 155768  2651
3.197679637 1852265665 10623633 155758  3148
3.208694633 1863398389 11132724 155781  2664
3.219694089 1874313932 10915543 155782  2804
3.230692844 1885073883 10759951 155758  3167
3.241689499 1896385937 11312054 155767  2798
3.252693668 1907011360 10625423 155759  3373
3.263694801 1918407117 11395757 155781  2670
3.274680479 1929048754 10641637 155754  2938
3.285680551 1939998913 10950159 155789  3005
3.296692510 1951068255 11069342 155778  2674
3.307680225 1961682438 10614183 155761  3161
3.318681454 1972680341 10997903 155766  2730
3.329694533 1983657303 10976962 155778  2918
3.340680649 1994305757 10648454 155769  3111
3.351680624 2005682942 11377185 155770  2798
3.362679939 2016350727 10667785 155759  3208
3.373680948 2027396084 11045357 155761  2751
3.384690044 2038392108 10996024 155770  2878
3.395694112 2049052843 10660735 155752  3205
3.406680712 2060398444 11345601 155780  2736
3.417681847 2071026191 10627747 155764  3206
3.428694106 2081961617 10935426 155770  2783
3.439681831 2092984288 11022671 155790  2909
3.450680654 2103621519 10637231 155761  2954
3.461694569 2114794861 11173342 155769  2857
3.472692481 2125662063 10867202 155770  3036
3.483681423 2136621212 10959149 155760  2805
3.494681212 2147649530 11028318 155772  2786
3.505693811 2158275445 10625915 155762  2906
3.516694180 2169473278 11197833 155783  2740
3.527690842 2180269373 10796095 155768  3034
3.538695008 2190888559 10619186 155769  2883
3.549681193 2202227002 11338443 155780  2848
3.560681399 2212889440 10662438 155768  2876
3.571694340 2224007083 11117643 155783  2834
3.582693390 2234904068 10896985 155771  3051
3.593694725 2245541497 10637429 155758  2827
3.604694167 2256862004 11320507 155781  2848
3.615693182 2267505144 10643140 155761  2814
3.626679391 2278488955 10983811 155782  2850
3.637694323 2289513760 11024805 155775  2944
3.648693743 2300138162 10624402 155764  2984
3.659681231 2311474650 11336488 155779  2899
3.670680296 2322116232 10641582 155762  2856
3.681702609 2333171759 11055527 155781  2913
3.692682420 2344119068 10947309 155771  3126
3.703680776 2354725836 10606768 155763  2885
3.714693945 2365922125 11196289 155781  2859
3.725680817 2376691519 10769394 155763  2841
3.736687219 2387902065 11210546 155775  2922
3.747693022 2398698729 10796664 155764  3081
3.758694591 2409575593 10876864 155766  2841
3.769680133 2420664819 11089226 155771  2825
3.780692118 2431281246 10616427 155761  2918
3.791680957 2442383032 11101786 155784  2930
3.802681375 2453257658 10874626 155760  3070
3.813679484 2463988136 10730478 155770  2899
3.824689663 2475194112 11205976 155775  2869
3.835680516 2485826124 10632012 155767  2891
3.846681251 2496888078 11061954 155778  2824
3.857693673 2507797699 10909621 155762  3107
3.868680412 2518398201 10600502 155762  2859
3.879682008 2529705872 11307671 155776  2826
3.890680183 2540348007 10642135 155755  2941
3.901693972 2551368612 11020605 155777  2856
3.912680140 2562334869 10966257 155774  3100
3.923693636 2572974270 10639401 155753  2821
3.934693041 2584096034 11121764 155766  2860
3.945693521 2594941206 10845172 155754  2915
3.956694456 2606123237 11182031 155779  2885
3.967689585 2617009942 10886705 155772  3029
3.978681060 2627838862 10828920 155756  2773
3.989694423 2638999714 11160852 155769  2828
4.000694081 2649636322 10636608 155769  2801
4.011693644 2660752914 11116592 155764  2760
4.022694259 2671679837 10926923 155757  3050
4.033695524 2682620181 10940344 155776  2833
4.044693803 2693672657 11052476 155774  2889
4.055681335 2704301107 10628450 155757  2847
4.066693181 2715360234 11059127 155775  2773
4.077684596 2726323905 10963671 155771  2890
4.088673172 2737296417 10972512 155769  2738
4.099693541 2748316533 11020116 155763  2767
4.110702099 2758945946 10629413 155760  2826
4.121694829 2770067716 11121770 155764  2757
4.132693827 2780956055 10888339 155769  2976
4.143681109 2791890509 10934454 155767  2799
4.154680185 2802942053 11051544 155761  2750
4.165694437 2813576122 10634069 155774  2898
4.176680956 2824897604 11321482 155776  2584
4.187682167 2835568633 10671029 155763  2920
4.198693390 2846574698 11006065 155772  2752
4.209692905 2857568364 10993666 155758  2807
4.220693901 2868190192 10621828 155763  2935
4.231680693 2879549857 11359665 155777  2542
4.242693579 2890155779 10605922 155760  2944
4.253680924 2901149434 10993655 155778  2718
4.264689026 2912154459 11005025 155760  2729
4.275680525 2922792492 10638033 155749  2921
4.286692191 2934134798 11342306 155788  2483
4.297679506 2944741098 10606300 155762  3056
4.308694162 2955797969 11056871 155761  2608
4.319694377 2966738258 10940289 155773  2778
4.330679383 2977455155 10716897 155754  2913
4.341694519 2988701976 11246821 155768  2521
4.352679284 2999310358 10608382 155757  3085
4.363680959 3010440239 11129881 155766  2652
4.374692798 3021289843 10849604 155784  2827
4.385694470 3032002041 10712198 155757  3101
4.396679882 3043244722 11242681 155778  2679
4.407700978 3053838338 10593616 155761  3187
4.418694207 3064958772 11120434 155774  2672
4.429693728 3075820572 10861800 155767  2766
4.440681338 3086575783 10755211 155760  3003
4.451681746 3097767189 11191406 155780  2554
4.462692439 3108363338 10596149 155760  3054
4.473680374 3119629878 11266540 155782  2672
4.484693800 3130333590 10703712 155765  2775
4.495680921 3141240020 10906430 155761  2929
4.506680101 3152272820 11032800 155781  2499
4.517693069 3162875343 10602523 155755  3068
4.528680462 3174170088 11294745 155778  2520
4.539680797 3184827553 10657465 155758  2771
4.550688643 3195679672 10852119 155772  2915
4.561690904 3206759469 11079797 155771  2573
4.572693514 3217357076 10597607 155766  3215
4.583682822 3228657469 11300393 155775  2532
4.594693405 3239295049 10637580 155769  2813
4.605693980 3250092516 10797467 155767  2936
4.616680919 3261225812 11133296 155770  2537
4.627693377 3271806424 10580612 155766  3123
4.638681100 3283156452 11350028 155779  2456
4.649694419 3293735798 10579346 155757  2759
4.660679784 3304623960 10888162 155761  2949
4.671692643 3315683232 11059272 155789  2557
4.682692092 3326273718 10590486 155761  3248
4.693702555 3337620198 11346480 155778  2568
4.704693020 3348223585 10603387 155767  2848
4.715680891 3359233470 11009885 155767  2897
4.726693907 3370201310 10967840 155763  2576
4.737694256 3380760387 10559077 155761  3088
4.748681135 3392101458 11341071 155778  2491
4.759693287 3402690260 10588802 155765  2829
4.770693389 3413656260 10966000 155778  2883
4.781693788 3424600847 10944587 155780  2551
4.792693387 3435182766 10581919 155757  3183
4.803681385 3446538477 11355711 155792  2497
4.814691748 3457129702 10591225 155760  2806
4.825694667 3468168330 11038628 155774  2820
4.836679956 3479073845 10905515 155769  2635
4.847689224 3489631277 10557432 155761  3154
4.858694867 3500989284 11358007 155773  2588
4.869692988 3511553944 10564660 155764  2921
4.880681598 3522675681 11121737 155764  2817
4.891679553 3533488803 10813122 155758  2620
4.902680969 3544041149 10552346 155761  3112
4.913680207 3555380835 11339686 155785  2485
4.924694920 3565953726 10572891 155759  2826
4.935692231 3577127483 11173757 155780  2784
4.946694374 3587880938 10753455 155777  2545
4.957694067 3598429568 10548630 155763  3121
4.968680272 3609767178 11337610 155776  2541
4.979693737 3620334061 10566883 155766  3006
4.990688806 3631533713 11199652 155780  2802
5.001694282 3642245333 10711620 155766  2604
5.012681030 3652793105 10547772 155758  3038
5.023681335 3664129470 11336365 155778  2441
5.034693455 3674684650 10555180 155761  2820
5.045694780 3685875758 11191108 155775  2769
5.056693909 3696597775 10722017 155774  2632
5.067681294 3707135573 10537798 155759  3108
5.078692653 3718462045 11326472 155779  2502
5.089681365 3729028567 10566522 155756  2891
5.100680738 3740062031 11033464 155765  2737
5.111695123 3750937193 10875162 155758  2579
5.122693059 3761479500 10542307 155756  3051
5.133691208 3772812139 11332639 155777  2469
5.144693373 3783375086 10562947 155763  2803
5.155681048 3794578192 11203106 155782  2794
5.166679717 3805271892 10693700 155755  2651
5.177694283 3815807878 10535986 155761  3073
5.188681268 3827122474 11314596 155776  2481
5.199694218 3837676246 10553772 155759  2914
5.210681253 3848773377 11097131 155772  2729
5.221679821 3859562502 10789125 155771  2561
5.232680214 3870091300 10528798 155762  3183
5.243693039 3881415764 11324464 155777  2459
5.254676371 3891964755 10548991 155750  2882
5.265680633 3903117512 11152757 155781  2843
5.276688699 3913861663 10744151 155762  2676
5.287694084 3924460929 10599266 155769  3106
5.298681520 3935710936 11250007 155779  2494
5.309694419 3946259278 10548342 155772  2852
5.320694078 3957508157 11248879 155767  2786
5.331694167 3968129128 10620971 155758  2627
5.342681605 3978813384 10684256 155765  3058
5.353680814 3990005414 11192030 155783  2523
5.364680223 4000524196 10518782 155758  3047
5.375680731 4011828021 11303825 155771  2712
5.386693471 4022398418 10570397 155754  2889
5.397679870 4033281241 10882823 155766  2999
5.408681765 4044252581 10971340 155768  2512
5.419693314 4054769876 10517295 155767  3025
5.430687893 4066090706 11320830 155782  2632
5.441681651 4076664559 10573853 155757  2761
5.452693167 4087589635 10925076 155763  2899
5.463693550 4098568377 10978742 155761  2535
5.474679671 4109106219 10537842 155753  3010
5.485681660 4120437593 11331374 155775  2659
5.496693372 4131004196 10566603 155764  2776
5.507695085 4142009710 11005514 155770  2915
5.518679767 4152905189 10895479 155759  2523
5.529694023 4163460807 10555618 155767  2931
5.540679791 4174762864 11302057 155780  2624
5.551680187 4185319284 10556420 155753  2807
5.562677265 4196346994 11027710 155773  2897
5.573689175 4206825691 10478697 149673  2562
5.583969068 4217726583 10900892 161875  3029
5.595693269 4229048131 11321548 155786  2721
5.606693304 4239600506 10552375 155758  2761
5.617680002 4250597237 10996731 155775  2907
5.628694182 4261477102 10879865 155780  2504
5.639693724 4272005057 10527955 155762  2944
5.650681139 4283321980 11316923 155788  2679
5.661679629 4293871471 10549491 155766  2770
5.672694087 4304824351 10952880 155771  2942
5.683680910 4315744161 10919810 155774  2465
5.694681371 4326325432 10581271 155764  2964
5.705693721 4337592277 11266845 155777  2741
5.716702959 4348157864 10565587 155760  2910
5.727681622 4359368686 11210822 155772  2903
5.738680440 4370008061 10639375 155763  2637
5.749681189 4380722175 10714114 155771  2934
5.760680578 4391827652 11105477 155776  2742
5.771694027 4402372576 10544924 155758  2919
5.782693103 4413594984 11222408 155793  2853
5.793681791 4424221076 10626092 155761  2528
5.804694076 4434927311 10706235 155768  2914
5.815679696 4446082012 11154701 155775  2643
5.826679774 4456614035 10532023 155759  2856
5.837694037 4467903005 11288970 155770  2765
5.848692613 4478477314 10574309 155755  2619
5.859689998 4489403505 10926191 155766  2809
5.870680759 4500314597 10911092 155762  2799
5.881694005 4511135150 10820553 155780  2705
5.892693935 4522162666 11027516 155775  2859
5.903681046 4532717971 10555305 155764  2797
5.914693426 4543803117 11085146 155784  2719
5.925680544 4554522971 10719854 155760  2809
5.936681086 4565431154 10908183 155771  2681
5.947681832 4576365909 10934755 155765  2832
5.958695074 4587009284 10643375 155767  2697
5.969694153 4598145206 11135922 155784  2706
5.980697082 4608723884 10578678 155756  2848
5.991693157 4619813737 11089853 155776  2670
6.002679679 4630547438 10733701 155766  2809
6.013701912 4641484214 10936776 155780  2653
6.024693867 4652383246 10899032 155778  2678
6.035680976 4663037367 10654121 155754  2925
6.046681222 4674188396 11151029 155788  2566
6.057692730 4684733051 10544655 155757  2992
6.068682369 4696031439 11298388 155779  2675
6.079684704 4706555283 10523844 155761  2866
6.090695270 4717604047 11048764 155783  3103
6.101681319 4728389288 10785241 155768  2809
6.112655872 4738890296 10501008 155762  3277
6.123693330 4750183014 11292718 155771  2543
6.134693459 4760693462 10510448 155762  2923
6.145680671 4771908861 11215399 155783  2892
6.156700810 4782506575 10597714 155750  2626
6.167694179 4793248088 10741513 155774  3136
6.178693508 4804331991 11083903 155768  2443
6.189694843 4814815156 10483165 155763  2961
6.200693482 4826114903 11299747 155781  2770
6.211681104 4836641540 10526637 155755  2827
6.222679713 4847745942 11104402 155784  2960
6.233696299 4858484428 10738486 155761  2589
6.244680131 4869091487 10607059 155770  2961
6.255680493 4880286891 11195404 155772  2510
6.266693572 4890812636 10525745 155769  2988
6.277680690 4902104280 11291644 155792  2807
6.288680476 4912653620 10549340 155761  2657
6.299702789 4923604478 10950858 155767  2862
6.310694224 4934435787 10831309 155773  2597
6.321680373 4945198915 10763128 155765  2899
6.332682075 4956262305 11063390 155780  2762
6.343693547 4966797930 10535625 155765  2673
6.354680322 4977994660 11196730 155776  2839
6.365692825 4988551793 10557133 155762  2792
6.376694997 4999487840 10936047 155771  2797
6.387679483 5010354104 10866264 155765  3018
6.398679924 5021271409 10917305 155764  2797
6.409693600 5032161677 10890268 155777  2958
6.420695040 5042762039 10600362 155747  2996
6.431679625 5053917981 11155942 155784  2593
6.442701381 5064450288 10532307 155760  3020
6.453680666 5075725790 11275502 155776  2693
6.464694254 5086257671 10531881 155761  3050
6.475693473 5097359628 11101957 155782  2792
6.486693796 5108044079 10684451 155773  2670
6.497694378 5118636462 10592383 155760  3016
6.508695404 5129807427 11170965 155773  2531
6.519692805 5140307877 10500450 155756  3095
6.530680724 5151585329 11277452 155775  2818
6.541693403 5162086489 10501160 155759  2739
6.552693356 5173028776 10942287 155785  2905
6.563692664 5183880555 10851779 155755  2677
6.574692627 5194386939 10506384 155756  2987
6.585694025 5205647707 11260768 155769  2720
6.596688398 5216145108 10497401 155763  2806
6.607683346 5227416512 11271404 155797  2725
6.618692979 5237938945 10522433 155760  2649
6.629681604 5248771229 10832284 155759  2836
6.640693446 5259719813 10948584 155762  2746
6.651682311 5270441824 10722011 155769  2865
6.662692581 5281488567 11046743 155770  2606
6.673681972 5292240790 10752223 155759  2719
6.684693312 5303220697 10979907 155776  2826
6.695693884 5313765595 10544898 155758  2963
6.706681193 5324807095 11041500 155770  2912
6.717681025 5335489368 10682273 155767  2847
6.728681287 5346486299 10996931 155772  2646
6.739712890 5357247452 10761153 155754  2847
6.750681928 5367997843 10750391 155767  2995
6.761693137 5378975071 10977228 155769  2861
6.772682166 5389495468 10520397 155756  2881
6.783681448 5400753590 11258122 155776  2490
6.794681400 5411230120 10476530 155757  2930
6.805694319 5422445555 11215435 155776  2775
6.816681528 5432987561 10542006 155756  2774
6.827693554 5443782118 10794557 155759  2859
6.838694296 5454769983 10987865 155784  2428
6.849680931 5465217386 10447403 155764  2932
6.860693490 5476485908 11268522 155771  2548
6.871694136 5486965089 10479181 155758  2861
6.882702468 5498234256 11269167 155778  2748
6.893693910 5508745948 10511692 155758  2598
6.904693646 5519690702 10944754 155772  2966
6.915680901 5530473800 10783098 155762  2716
6.926679583 5541148507 10674707 155759  2832
6.937692989 5552201113 11052606 155773  2705
6.948692915 5562828407 10627294 155763  2737
6.959694370 5573962458 11134051 155784  2599
6.970691929 5584505178 10542720 155764  2872
6.981680641 5595630099 11124921 155774  2609
6.992680079 5606384983 10754884 155765  2823
7.003681235 5617685759 11300776 155781  2664
7.014692841 5628285169 10599410 155776  2834
7.025682199 5639509034 11223865 155776  2578
7.036701575 5650140837 10631803 155774  2662
7.047695144 5661129687 10988850 155774  2752
7.058682240 5672042332 10912645 155771  2583
7.069695308 5682719721 10677389 155768  2903
7.080693344 5693931216 11211495 155784  2500
7.091680836 5704447397 10516181 155771  2884
7.102679872 5715783864 11336467 155769  2549
7.113680953 5726338315 10554451 155763  2710
7.124680783 5737643313 11304998 155788  2808
7.135680548 5748206910 10563597 155752  2580
7.146693664 5759090607 10883697 155766  2722
7.157680552 5770054459 10963852 155763  2561
7.168681028 5780981244 10926785 155773  2640
7.179688397 5791936005 10954761 155777  2775
7.190683106 5802860369 10924364 155764  2562
7.201680542 5813783319 10922950 155768  2614
7.212693960 5824396809 10613490 155754  2800
7.223692993 5835620197 11223388 155774  2394
7.234680998 5846173438 10553241 155749  2962
7.245693217 5857488101 11314663 155766  2381
7.256694689 5868026657 10538556 155762  2716
7.267693485 5879335732 11309075 155782  2640
7.278678880 5889880737 10545005 155765  2672
7.289694416 5901131760 11251023 155775  2760
7.300680364 5911734328 10602568 155768  2582
7.311680940 5922577376 10843048 155766  2781
7.322700893 5933554843 10977467 155766  2577
7.333696301 5944220243 10665400 155760  2727
7.344693330 5955392404 11172161 155774  2659
7.355694002 5966056380 10663976 155762  2675
7.366692095 5977207858 11151478 155779  2694
7.377681243 5987761852 10553994 155764  2816
7.388692836 5998982316 11220464 155785  2638
7.399694671 6009582471 10600155 155770  2888
7.410693470 6020642175 11059704 155781  2669
7.421681762 6031410281 10768106 155765  2704
7.432692941 6042261871 10851590 155756  2864
7.443680833 6053210782 10948911 155773  2495
7.454679165 6063751758 10540976 155773  2870
7.465701708 6075041562 11289804 155777  2519
7.476680650 6085579234 10537672 155762  2824
7.487680882 6096864545 11285311 155795  2634
7.498681691 6107396494 10531949 155759  2672
7.509679826 6118636253 11239759 155789  2863
7.520681135 6129236890 10600637 155763  2452
7.531692854 6140104256 10867366 155773  2852
7.542694486 6151031639 10927383 155760  2420
7.553681015 6161930399 10898760 155770  2785
7.564680530 6172863309 10932910 155774  2668
7.575680366 6183768774 10905465 155773  2559
7.586680095 6194682556 10913782 155764  2760
7.597693184 6205219266 10536710 155755  2805
7.608704160 6216438053 11218787 155778  2516
7.619681222 6226973152 10535099 155763  2764
7.630679967 6238254969 11281817 155793  2501
7.641694453 6248776882 10521913 155761  2851
7.652693839 6260073999 11297117 155779  2591
7.663680817 6270578268 10504269 155763  2555
7.674693443 6281664419 11086151 155780  2706
7.685681528 6292386857 10722438 155760  2495
7.696679821 6303175260 10788403 155770  2940
7.707694146 6314186173 11010913 155771  2692
7.718692675 6324794373 10608200 155768  2898
7.729694974 6335995723 11201350 155781  2465
7.740692643 6346794718 10798995 155761  2698
7.751693852 6357771676 10976958 155772  2696
7.762688354 6368348499 10576823 155752  2766
7.773694969 6379547744 11199245 155782  2774
7.784693715 6390095870 10548126 155748  2762
7.795695081 6401370848 11274978 155777  2490
7.806693542 6411883057 10512209 155753  2898
7.817695265 6423160987 11277930 155779  2654
7.828680627 6433681630 10520643 155759  2878
7.839681516 6444977519 11295889 155781  2830
7.850692771 6455505220 10527701 155767  2507
7.861680343 6466382482 10877262 155766  2859
7.872681005 6477286895 10904413 155771  2637
7.883682391 6488037848 10750953 155771  2810
7.894692614 6499077484 11039636 155762  2800
7.905701702 6509992171 10914687 155763  2737
7.916695418 6520878028 10885857 155771  2812
7.927694090 6531772121 10894093 155762  2694
7.938694399 6542622560 10850439 155766  2613
7.949680604 6553557776 10935216 155753  2763
7.960682710 6564445833 10888057 155769  2566
7.971680532 6575138606 10692773 155762  2856
7.982682148 6586226397 11087791 155785  2461
7.993693240 6596701432 10475035 155763  2840
8.004681102 6605975914 9274482 155771  6683
8.015681071 6616556687 10580773 155762  3306
8.026681157 6627169060 10612373 155760  3624
8.037694033 6638312422 11143362 155775  2858
8.048694148 6648922555 10610133 155768  3075
8.059694963 6660093800 11171245 155768  2636
8.070692675 6668588417 8494617 169950  5856
8.082687244 6672184404 3595987 169942  8791
8.094682233 6675761788 3577384 155805  7673
8.105693186 6679672445 3910657 169970  7243
8.117695258 6683523231 3850786 169943  7613
8.129682644 6687421338 3898107 169973  7261
8.141694447 6691318497 3897159 169945  6655
8.153696549 6695208578 3890081 169960  6799
8.165683188 6699052350 3843772 169946  6988
8.177682240 6702950540 3898190 169952  6578
8.189681316 6706843283 3892743 169939  6508
8.201690465 6710729567 3886284 169951  6929
8.213682194 6714279031 3549464 155791  6206
8.224682609 6718158685 3879654 169960  6468
8.236696432 6722034940 3876255 169968  6565
8.248695451 6725857652 3822712 169953  6722
8.260683274 6729178739 3321087 169944  7315
8.272683646 6732716972 3538233 155791  7838
8.283684222 6736276232 3559260 169961  7915
8.295697010 6740133139 3856907 169950  7596
8.307682390 6743970273 3837134 169949  7102
8.319682249 6747802949 3832676 169937  6698
8.331694785 6751622218 3819269 169959  6690
8.343693807 6755433890 3811672 169949  6870
8.355693856 6759240166 3806276 169948  6647
8.367702899 6763034619 3794453 169958  6416
8.379694871 6766822998 3788379 169955  6775
8.391693839 6770597785 3774787 169947  6666
8.403682132 6774366490 3768705 169970  6661
8.415685958 6778129362 3762872 169953  8406
8.427723201 6781878737 3749375 169968  15100
8.439698227 6785627230 3748493 169973  11049
8.451695982 6789406623 3779393 169951  8573
8.463682654 6793134539 3727916 169940  8295
8.475694971 6796852251 3717712 169943  7996
8.487694093 6800568556 3716305 169947  7632
8.499685968 6804273473 3704917 169954  7910
8.511681264 6807969692 3696219 169946  7577
8.523691116 6811683670 3713978 169964  7362
8.535682348 6815387911 3704241 169955  7471
8.547694421 6819064459 3676548 169948  7282
8.559682480 6822732754 3668295 169951  6848
8.571694166 6826390369 3657615 169949  7217
8.583695988 6830086592 3696223 169949  7097
8.595681530 6833716044 3629452 169957  6838
8.607695763 6837337807 3621763 169941  7367
8.619682475 6840949096 3611289 169952  7190
8.631681632 6844590504 3641408 169955  6831
8.643682490 6848177826 3587322 169958  6893
8.655682703 6851753763 3575937 169940  6917
8.667694769 6855347747 3593984 169942  6669
8.679702788 6858917376 3569629 169954  6775
8.691696284 6862459965 3542589 169953  6774
8.703694902 6866002707 3542742 169938  6913
8.715682389 6869557476 3554769 169955  7432
8.727695961 6873067398 3509922 169968  6956
8.739683243 6876610299 3542901 169964  6658
8.751681599 6880101016 3490717 169951  6630
8.763696404 6883576398 3475382 169950  6935
8.775694661 6887083183 3506785 169959  6784
8.787695949 6890536654 3453471 169952  6769
8.799696419 6894022647 3485993 169948  6811
8.811695791 6897457089 3434442 169948  6859
8.823695407 6900881955 3424866 169965  6628
8.835683286 6904338607 3456652 169951  6678
8.847700295 6907747761 3409154 169948  6713
8.859684188 6911182755 3434994 169944  6497
8.871683553 6914571730 3388975 169947  6793
8.883696233 6917983573 3411843 169940  6649
8.895695455 6921350288 3366715 169946  6629
8.907696190 6924741707 3391419 169944  7076
8.919698950 6928089894 3348187 169953  6758
8.931696012 6931462800 3372906 169950  6591
8.943681987 6934788988 3326188 169955  6830
8.955682797 6938144509 3355521 169949  6563
8.967681779 6941489426 3344917 169955  6359
8.979696165 6944784323 3294897 169964  6800
8.991695414 6948109354 3325031 169945  6430
9.003705593 6951382732 3273378 169951  6474
9.015696119 6954686607 3303875 169946  6875
9.027694968 6957949791 3263184 169943  6441
9.039696450 6961229123 3279332 169954  6144
9.051681786 6964505264 3276141 169946  6738
9.063684249 6967737801 3232537 169947  6351
9.075695764 6970991400 3253599 169957  6293
9.087684226 6974240999 3249599 169950  6762
9.099695019 6977443736 3202737 169958  6510
9.111695391 6980672900 3229164 169944  6574
9.123695527 6983896405 3223505 169930  6871
9.135694226 6987076721 3180316 169942  6452
9.147681749 6990281074 3204353 169941  6370
9.159692158 6993475026 3193952 169967  6737
9.171681870 6996626330 3151304 169944  6444
9.183680599 6999795769 3169439 169953  6227
9.195695252 7002953627 3157858 169955  6780
9.207682858 7006102757 3149130 169950  6735
9.219683030 7009208296 3105539 169973  6513
9.231694373 7012337175 3128879 169964  6859
9.243682025 7015455635 3118460 169948  6631
9.255694154 7018563400 3107765 169961  6418
9.267681446 7021663411 3100011 169961  6881
9.279681255 7024754232 3090821 169966  6510
9.291681681 7027801423 3047191 169952  6507
9.303694450 7030869575 3068152 169948  7012
9.315704476 7033927299 3057724 169947  6710
9.327695095 7036975012 3047713 169959  6392
9.339695418 7040013131 3038119 169979  6706
9.351695747 7043044044 3030913 169945  6587
9.363682789 7046065604 3021560 169953  6405
9.375696688 7049058024 2992420 169953  6631
9.387694547 7052052756 2994732 169943  6835
9.399682362 7055049478 2996722 169955  6731
9.411681429 7058036718 2987240 169943  6922
9.423681551 7061016303 2979585 169947  6688
9.435694664 7063987350 2971047 169982  6583
9.447695367 7066944355 2957005 169963  6783
9.459682785 7069891608 2947253 169944  6562
9.471682301 7072828869 2937261 169949  6526
9.483690524 7075754419 2925550 169955  6676
9.495683162 7078671397 2916978 169950  6454
9.507682619 7081578241 2906844 169946  6690
9.519682417 7084477225 2898984 169959  6650
9.531695513 7087368055 2890830 169965  6351
9.543696426 7090250761 2882706 169951  6545
9.555681928 7093149901 2899140 169955  6538
9.567695554 7096013024 2863123 169961  6344
9.579682936 7098866375 2853351 169950  6960
9.591696522 7101715325 2848950 169947  6657
9.603683678 7104554269 2838944 169947  6431
9.615682580 7107386608 2832339 169960  6978
9.627696343 7110209871 2823263 169954  6609
9.639708796 7113024755 2814884 169963  6382
9.651696148 7115853833 2829078 169972  6684
9.663696760 7118645774 2791941 169951  6508
9.675696473 7121437658 2791884 169954  6452
9.687695245 7124219215 2781557 169964  6726
9.699685978 7126989566 2770351 169974  6538
9.711681516 7129774256 2784690 169966  6855
9.723696045 7132519088 2744832 169952  6808
9.735682158 7135257532 2738444 169955  6636
9.747694760 7137985961 2728429 169958  6712
9.759682979 7140716983 2731022 169948  6690
9.771694855 7143420527 2703544 169950  6453
9.783694674 7146116977 2696450 169955  6743
9.795693867 7148814095 2697118 169960  6689
9.807683349 7151484570 2670475 169961  6669
9.819682211 7154141830 2657260 169971  6814
9.831683184 7156803610 2661780 169954  6621
9.843695873 7159445514 2641904 169952  6711
9.855682455 7162093698 2648184 169965  6820
9.867694402 7164707146 2613448 169940  6591
9.879696484 7167316759 2609613 169958  6749
9.893798598 7170366537 3049778 198283  31122
9.905668203 7172736884 2370347 155785  70774
9.916805790 7175331011 2594127 169940  93521
9.928679566 7177681020 2350009 155778  67062
9.939662655 7180241918 2560898 169952  42365
9.951865850 7182805816 2563898 169962  29803
9.963657886 7185350176 2544360 169950  25118
9.975654890 7187899745 2549569 169948  22601
9.987668170 7190426820 2527075 169966  21392
9.999656933 7192957157 2530337 169944  20871
10.011673060 7195466302 2509145 169972  20158
10.023681593 7197974013 2507711 169955  19086
10.035675958 7200461038 2487025 169963  15529
10.047681058 7202949191 2488153 169945  10651
10.059687580 7205418353 2469162 169954  9163
10.071693573 7207888678 2470325 169946  8531
10.083680078 7210335354 2446676 169952  8352
10.095693558 7212786504 2451150 169954  24521
10.107690276 7215233144 2446640 169971  32231
10.119707483 7217651114 2417970 169949  39915
10.131686421 7220077061 2425947 169957  25921
10.143663827 7222485502 2408441 169979  12345
10.155694733 7224889179 2403677 169958  10341
10.167681735 7227287980 2398801 170000  9427
10.179681715 7229659464 2371484 169943  9315
10.191693730 7232036855 2377391 169955  8896
10.203694960 7234399137 2362282 169978  8340
10.215681088 7236758963 2359826 169943  8085
10.227694930 7239111248 2352285 169947  7606
10.239695177 7241447697 2336449 169959  7777
10.251694029 7243784069 2336372 169948  7436
10.263683315 7246112400 2328331 169951  7001
10.275693270 7248428291 2315891 169986  7293
10.287696677 7250258167 1829876 155790  16995
10.298696842 7252092670 1834503 169961  7957
10.310683887 7253967615 1874945 169937  7921
10.322678507 7255831260 1863645 169954  7974
10.334696700 7257682280 1851020 169979  8167
10.346683315 7259566561 1884281 169942  8561
10.358697711 7261387194 1820633 169939  8022
10.370695617 7263205009 1817815 169938  7658
10.382696546 7265025931 1820922 169957  7833
10.394682262 7266850805 1824874 169971  7935
10.406696047 7268651834 1801029 169956  7737
10.418699690 7270450270 1798436 169946  7570
10.430698099 7272435690 1985420 169982  8237
10.442684742 7274252114 1816424 169947  7806
10.454696340 7276092628 1840514 169931  7414
10.466697272 7277983193 1890565 169949  8056
10.478696339 7279799464 1816271 169953  7617
10.490684061 7281537114 1737650 155798  6901
10.501695223 7283336355 1799241 169956  7803
10.513689159 7285031409 1695054 155779  6428
10.524683511 7286876226 1844817 169945  8379
10.536695917 7288726256 1850030 169955  7631
10.548696006 7290579715 1853459 169949  8362
10.560697362 7292367859 1788144 169950  7237
10.572682757 7294226859 1859000 169944  7947
10.584692917 7296051360 1824501 169946  7744
10.596689940 7297925448 1874088 169973  8164
10.608682932 7299712810 1787362 169961  7202
10.620682857 7301551854 1839044 169939  7581
10.632683097 7303374555 1822701 169955  8124
10.644695739 7305323373 1948818 169975  8265
10.656682675 7307278407 1955034 169963  8089
10.668684270 7309073689 1795282 169947  7440
10.680683713 7310905303 1831614 169956  8034
10.692694802 7312744253 1838950 169947  8076
10.704682931 7314536715 1792462 169941  7573
10.716682164 7316182985 1646270 155785  6448
10.727683229 7318077459 1894474 169953  9608
10.739697335 7319891877 1814418 169946  7812
10.751704948 7321601335 1709458 155771  7219
10.762684210 7323427407 1826072 169958  7969
10.774695829 7325275058 1847651 169965  7381
10.786696988 7326949499 1674441 155782  6579
10.797684096 7328767907 1818408 169940  7332
10.809683883 7330509134 1741227 155797  7007
10.820695542 7332346198 1837064 169937  6891
10.832697721 7334209069 1862871 169947  7271
10.844683963 7335953608 1744539 155773  6844
10.855697165 7337854641 1901033 169956  7143
10.867696244 7339760499 1905858 169959  8653
10.879696120 7341600988 1840489 169951  8342
10.891682676 7343446940 1845952 169943  8147
10.903692599 7345355350 1908410 169962  7635
10.915683087 7347273670 1918320 169949  7063
10.927687049 7349183553 1909883 169949  7033
10.939695716 7351084071 1900518 169963  7199
10.951682718 7353162875 2078804 169971  10384
10.963697671 7354282733 1119858 169998  9508
10.975697960 7355398217 1115484 115124  4502
10.987999011 7357442278 2044061 93414  48757
10.999689404 7359762405 2320127 144391  51517
11.010694104 7367975539 8213134 26396  9147
11.023965774 7378059395 10083856 549  25
11.039973648 7388651305 10591910 21403  3391
11.055991744 7393548444 4897139 142964  2542
11.066701112 7396225532 2677088 155758  3035
11.077698730 7398424747 2199215 155759  5813
11.088695103 7400412540 1987793 155758  9200
11.099682775 7402240936 1828396 155775  9976
11.110694334 7404003365 1762429 155775  11169
11.121697413 7405705052 1701687 155779  11710
11.132682392 7407382824 1677772 155779  13020
11.143682173 7409023109 1640285 155779  13248
11.154696316 7410651601 1628492 155768  13204
11.165681714 7412302298 1650697 155777  14430
11.176681777 7413939942 1637644 155785  14654
11.187695140 7415595475 1655533 155778  15085
11.198695106 7417257178 1661703 155770  15216
11.209694771 7418940950 1683772 155769  15584
11.220697027 7420635862 1694912 155764  15885
11.231682695 7422331653 1695791 155755  15972
11.242683714 7424038445 1706792 155773  16192
11.253687093 7425739210 1700765 155772  16169
11.264683702 7427440464 1701254 155777  16233
11.275681404 7429156417 1715953 155767  16474
11.286684336 7430875059 1718642 155774  16536
11.297694999 7432599585 1724526 155760  16610
11.308682844 7434325325 1725740 155767  16646
11.319682580 7436063769 1738444 155762  16854
11.330682035 7437801054 1737285 155753  16836
11.341682558 7439540826 1739772 155763  16906
11.352682453 7441274152 1733326 155780  16836
11.363704876 7443017312 1743160 155773  16978
11.374696145 7444761436 1744124 155773  17006
11.385695521 7446500366 1738930 155770  16948
11.396695956 7448250062 1749696 155789  17104
11.407687195 7449997452 1747390 155756  17074
11.418683293 7451746330 1748878 155782  17097
11.429696589 7453490136 1743806 155765  17028
11.440695938 7455241073 1750937 155770  17133
11.451683420 7456991705 1750632 155778  17136
11.462694862 7458742997 1751292 155762  17148
11.473695585 7460493658 1750661 155762  17141
11.484682010 7462242533 1748875 155774  17106
11.495695652 7463999239 1756706 155776  17220
11.506705215 7465757904 1758665 155776  17258
11.517684247 7467515451 1757547 155774  17239
11.528681903 7469272623 1757172 155772  17242
11.539697092 7471025704 1753081 155773  17184
11.550694080 7472791520 1765816 155775  17354
11.561683315 7474548060 1756540 155776  17220
11.572694501 7476318096 1770036 155770  17399
11.583695921 7478085636 1767540 155766  17373
11.594694730 7479852597 1766961 155771  17367
11.605695952 7481619554 1766957 155766  17368
11.616683011 7483393700 1774146 155770  17464
11.627681446 7485163661 1769961 155767  17415
11.638682649 7486942013 1778352 155769  17539
11.649706525 7488705563 1763550 155786  17327
11.660683276 7490478296 1772733 155772  17453
11.671681895 7492251433 1773137 155766  17462
11.682696241 7494027463 1776030 155781  17495
11.693681783 7495811180 1783717 155778  17606
11.704684752 7497584482 1773302 155780  17479
11.715687298 7499359233 1774751 155777  17486
11.726683140 7501133450 1774217 155772  17460
11.737694775 7502914620 1781170 155777  17567
11.748682905 7504696254 1781634 155777  17582
11.759682190 7506469495 1773241 155764  17460
11.770681696 7508251358 1781863 155767  17589
11.781695128 7510037800 1786442 155779  17649
11.792697610 7511815414 1777614 155764  17523
11.803684839 7513592726 1777312 155770  17523
11.814681581 7515378488 1785762 155771  17646
11.825696860 7517160801 1782313 155781  17594
11.836694215 7518951290 1790489 155769  17703
11.847696788 7520725505 1774215 155777  17484
11.858694540 7522511450 1785945 155765  17642
11.869683776 7524297956 1786506 155774  17648
11.880694778 7526085021 1787065 155779  17649
11.891695371 7527873100 1788079 155781  17670
11.902695323 7529656789 1783689 155770  17618
11.913695429 7531440194 1783405 155771  17607
11.924681977 7533222620 1782426 155770  17599
11.935694770 7535012217 1789597 155758  17690
11.946695785 7536791078 1778861 155780  17553
11.957696491 7538582507 1791429 155765  17714
11.968694763 7540360528 1778021 155768  17533
11.979697642 7542150828 1790300 155776  17707
11.990696958 7543939033 1788205 155760  17679
12.001696159 7545714758 1775725 155779  17506
12.012682352 7547499632 1784874 155775  17620
12.023682730 7549283720 1784088 155774  17612
12.034695126 7551065079 1781359 155771  17580
12.045682801 7552842145 1777066 155753  17519
12.056682427 7554619523 1777378 155769  17529
12.067681769 7556399305 1779782 155784  17562
12.078695752 7558181389 1782084 155770  17591
12.089705848 7559953420 1772031 155774  17460
12.100689244 7561725551 1772131 155763  17453
12.111682035 7563510242 1784691 155764  17608
12.122682511 7565278590 1768348 155782  17395
12.133695696 7567058463 1779873 155782  17564
12.144682572 7568823185 1764722 155769  17358
12.155695231 7570598497 1775312 155778  17505
12.166682097 7572374254 1775757 155778  17501
12.177688192 7574148797 1774543 155768  17473
12.188682151 7575907659 1758862 155753  17263
12.199682060 7577678583 1770924 155763  17436
12.210695230 7579448910 1770327 155777  17424
12.221695195 7581218073 1769163 155777  17409
12.232692610 7582985367 1767294 155763  17384
12.243696786 7584753523 1768156 155780  17394
12.254687978 7586524513 1770990 155774  17426
12.265696607 7588300412 1775899 155764  17508
12.276694559 7590066021 1765609 155775  17362
12.287696799 7591831048 1765027 155778  17351
12.298693724 7593609761 1778713 155770  17544
12.309683450 7595372349 1762588 155768  17316
12.320694715 7597133558 1761209 155786  17297
12.331682134 7598910486 1776928 155780  17509
12.342694676 7600671333 1760847 155772  17286
12.353694312 7602445006 1773673 155766  17464
12.364682464 7604219271 1774265 155759  17483
12.375694626 7605975849 1756578 155756  17232
12.386692652 7607749146 1773297 155778  17478
12.397683250 7609522732 1773586 155779  17462
12.408682790 7611296940 1774208 155780  17477
12.419696099 7613067585 1770645 155775  17438
12.430694931 7614835127 1767542 155789  17392
12.441683727 7616607781 1772654 155772  17455
12.452681465 7618384119 1776338 155774  17507
12.463696134 7620160324 1776205 155760  17505
12.474682056 7621944416 1784092 155765  17614
12.485686959 7623721348 1776932 155779  17513
12.496682654 7625494653 1773305 155770  17469
12.507682020 7627267611 1772958 155768  17464
12.518681626 7629041401 1773790 155790  17474
12.529694165 7630828720 1787319 155768  17660
12.540696220 7632600159 1771439 155772  17441
12.551682959 7634372195 1772036 155769  17449
12.562687898 7636159604 1787409 155758  17665
12.573696040 7637930231 1770627 155780  17427
12.584682995 7639716933 1786702 155774  17663
12.595696081 7641485570 1768637 155778  17407
12.606682020 7643270299 1784729 155767  17636
12.617682899 7645039782 1769483 155790  17419
12.628694762 7646824689 1784907 155765  17632
12.639688024 7648727229 1902540 169920  14491
12.651682176 7650525853 1798624 169935  173
12.663680696 7652187159 1661306 155768  154
12.674705801 7653833105 1645946 155781  111
12.685694854 7655480942 1647837 155767  72
12.696682059 7657142219 1661277 155773  73
12.707695798 7658789604 1647385 155776  75
12.718686876 7660451043 1661439 155770  70
12.729696169 7662106727 1655684 155782  72
12.740694965 7663758687 1651960 155757  66
12.751695960 7665418842 1660155 155759  70
12.762695676 7667077611 1658769 155769  78
12.773682109 7668725101 1647490 155768  71
12.784695407 7670384528 1659427 155765  61
12.795681403 7672047248 1662720 155768  61
12.806696321 7673709650 1662402 155769  63
12.817710794 7675371264 1661614 155779  70
12.828683456 7677033293 1662029 155770  70
12.839694792 7678694192 1660899 155764  67
12.850683731 7680353954 1659762 155762  66
12.861682156 7682012328 1658374 155767  68
12.872682492 7683671049 1658721 155782  68
12.883694364 7685328171 1657122 155751  65
12.894696260 7686986185 1658014 155773  71
12.905682238 7688642218 1656033 155771  63
12.916682791 7690312985 1670767 155771  57
12.927695843 7691970207 1657222 155783  65
12.938694469 7693627637 1657430 155767  67
12.949687301 7695298098 1670461 155773  66
12.960686430 7696956742 1658644 155783  69
12.971705146 7698611974 1655232 155767  70
12.982683465 7700283074 1671100 155772  60
12.993694523 7701939916 1656842 155769  70
13.004695229 7703611465 1671549 155756  62
13.015682441 7705267521 1656056 155768  75
13.026687180 7706940415 1672894 155777  61
13.037696079 7708608714 1668299 155773  59
13.048682694 7710268793 1660079 155772  60
13.059694650 7711939549 1670756 155777  62
13.070694723 7713611749 1672200 155768  62
13.081683611 7715269025 1657276 155769  67
13.092694667 7716944223 1675198 155774  62
13.103687272 7718617846 1673623 155771  61
13.114705532 7720291153 1673307 155772  64
13.125695477 7721965069 1673916 155781  63
13.136695533 7723627400 1662331 155776  73
13.147683178 7725297583 1670183 155769  56
13.158682454 7726970835 1673252 155769  67
13.169695450 7728644071 1673236 155785  55
13.180682405 7730318711 1674640 155778  60
13.191696181 7731994996 1676285 155782  59
13.202694667 7733674049 1679053 155783  65
13.213681578 7735363747 1689698 155786  57
13.224680451 7737042008 1678261 155776  63
13.235681863 7738719826 1677818 155767  64
13.246693722 7740396080 1676254 155767  61
13.257692038 7742071970 1675890 155773  63
13.268696047 7743752924 1680954 155761  62
13.279694972 7745440892 1687968 155774  58
13.290681864 7747117677 1676785 155776  60
13.301695008 7748794441 1676764 155769  58
13.312696883 7750486155 1691714 155784  58
13.323682002 7752165206 1679051 155760  62
13.334681334 7753850012 1684806 155774  65
13.345695053 7755540150 1690138 155771  57
13.356682985 7757219198 1679048 155783  64
13.367682397 7758913062 1693864 155774  54
13.378694366 7760593397 1680335 155774  61
13.389681522 7762287936 1694539 155761  59
13.400705288 7763968276 1680340 155771  63
13.411682836 7765663519 1695243 155780  50
13.422693985 7767359189 1695670 155772  59
13.433686345 7769041396 1682207 155777  61
13.444681676 7770736492 1695096 155760  52
13.455682209 7772431998 1695506 155788  64
13.466681801 7774116575 1684577 155781  60
13.477682693 7775814291 1697716 155785  59
13.488681578 7777511896 1697605 155770  61
13.499694874 7779201573 1689677 155775  62
13.510694480 7780892899 1691326 155765  53
13.521682192 7782590844 1697945 155774  55
13.532694248 7784287993 1697149 155781  62
13.543695514 7785986493 1698500 155771  52
13.554692366 7787683892 1697399 155772  53
13.565687705 7789381121 1697229 155769  56
13.576682443 7791080552 1699431 155776  65
13.587696339 7792776145 1695593 155776  51
13.598694812 7794474460 1698315 155767  59
13.609694784 7796176419 1701959 155759  57
13.620695503 7797881244 1704825 155772  59
13.631684531 7799588993 1707749 155770  58
13.642685337 7801290909 1701916 155774  50
13.653681743 7802991972 1701063 155764  54
13.664681318 7804693284 1701312 155766  58
13.675682444 7806395233 1701949 155768  53
13.686693864 7808097081 1701848 155768  55
13.697693992 7809799805 1702724 155769  58
13.708695341 7811505481 1705676 155768  57
13.719686826 7813223029 1717548 155775  48
13.730681836 7814928133 1705104 155773  55
13.741681381 7816632639 1704506 155775  57
13.752682503 7818336796 1704157 155773  58
13.763681606 7820054816 1718020 155782  57
13.774681651 7821760162 1705346 155772  56
13.785695697 7823465096 1704934 155776  55
13.796680676 7825183556 1718460 155768  49
13.807695151 7826890256 1706700 155780  59
13.818696234 7828598441 1708185 155770  108
13.829694612 7830318791 1720350 155770  49
13.840688262 7832028131 1709340 155778  55
13.851682197 7833749716 1721585 155769  51
13.862674713 7835458640 1708924 155768  58
13.873687392 7837180922 1722282 155783  53
13.884682280 7838891554 1710632 155769  63
13.895695980 7840614464 1722910 155765  57
13.906696776 7842324964 1710500 155772  56
13.917695447 7844048009 1723045 155773  47
13.928694340 7845758278 1710269 155786  54
13.939693976 7847481937 1723659 155766  49
13.950686651 7849208721 1726784 155778  56
13.961682046 7850924202 1715481 155772  56
13.972694805 7852651744 1727542 155776  55
13.983704645 7854380824 1729080 155777  43
13.994695734 7856097999 1717175 155776  54
14.005698779 7857826907 1728908 155776  48
14.016695618 7859556272 1729365 155760  56
14.027681713 7861274312 1718040 155773  121
14.038682533 7863002996 1728684 155780  144
14.049681359 7864732974 1729978 155779  146
14.060682240 7866464201 1731227 155768  146
14.071694390 7868353002 1888801 169929  165
14.083694728 7870086113 1733111 155779  163
14.094694031 7871976518 1890405 169945  157
14.106684760 7873867463 1890945 169937  156
14.118680753 7875594233 1726770 155777  153
14.129681384 7877328276 1734043 155780  142
14.140690840 7879222804 1894528 169942  155
14.152694437 7881126008 1903204 169938  167
14.164694252 7883022391 1896383 169942  168
14.176694212 7884921512 1899121 169935  161
14.188685717 7886822513 1901001 169934  160
14.200681652 7888566278 1743765 155782  153
14.211693299 7890469652 1903374 169934  165
14.223694581 7892373414 1903762 169945  181
14.235694197 7894288858 1915444 169944  155
14.247693863 7896194992 1906134 169946  165
14.259694052 7898102966 1907974 169948  163
14.271685688 7900015528 1912562 169938  165
14.283681457 7901775740 1760212 155778  140
14.294705669 7903687396 1911656 169932  177
14.306682661 7905442489 1755093 155783  147
14.317693187 7907356296 1913807 169936  164
14.329694547 7909279320 1923024 169949  155
14.341681109 7911038173 1758853 155770  146
14.352686805 7912798280 1760107 155766  147
14.363693303 7914725707 1927427 169936  168
14.375695116 7916646527 1920820 169937  161
14.387681648 7918410422 1763895 155770  150
14.398680451 7920183602 1773180 155777  143
14.409693156 7922107537 1923935 169936  163
14.421694019 7924041231 1933694 169950  167
14.433686331 7925808583 1767352 155776  162
14.444706710 7927743527 1934944 169935  157
14.456694409 7929671986 1928459 169928  159
14.468693539 7931611641 1939655 169937  156
14.480723752 7933544279 1932638 169933  166
14.492680367 7935323503 1779224 155775  148
14.503682259 7937095542 1772039 155781  170
14.514685978 7938876188 1780646 155774  142
14.525694727 7940808717 1932529 169924  167
14.537692559 7942751510 1942793 169943  161
14.549693502 7944697053 1945543 169943  164
14.561693264 7946634757 1937704 169951  164
14.573680936 7948418542 1783785 155788  166
14.584680966 7950197188 1778646 155779  149
14.595698858 7952144735 1947547 169930  164
14.607682314 7953931365 1786630 155779  146
14.618681236 7955712351 1780986 155773  148
14.629694752 7957660930 1948579 169946  157
14.641693008 7959608920 1947990 169947  170
14.653681444 7961397256 1788336 155790  145
14.664680662 7963180446 1783190 155776  149
14.675687285 7964970205 1789759 155762  144
14.686680277 7966753960 1783755 155782  148
14.697693289 7968705629 1951669 169937  159
14.709693932 7970656334 1950705 169940  171
14.721693504 7972608114 1951780 169936  158
14.733681154 7974398289 1790175 155767  146
14.744693186 7976350282 1951993 169937  157
14.756691029 7978302037 1951755 169956  180
14.768683831 7980088295 1786258 155780  158
14.779680197 7981877470 1789175 155775  162
14.790682258 7983668188 1790718 155786  141
14.801693408 7985619961 1951773 169968  152
14.813682616 7987410869 1790908 155778  144
14.824692566 7989201445 1790576 155764  145
14.835694828 7991153655 1952210 169934  160
14.847681264 7992940437 1786782 155782  168
14.858680466 7994729571 1789134 155777  142
14.869694352 7996681805 1952234 169952  158
14.881694544 7998641268 1959463 169953  156
14.893681587 8000427393 1786125 155773  150
14.904693649 8002386450 1959057 169939  155
14.916681575 8004172426 1785976 155764  166
14.927693611 8006131532 1959106 169925  151
14.939682073 8007923393 1791861 155782  144
14.950680195 8009709696 1786303 155770  155
14.961694011 8011668314 1958618 169943  148
14.973681323 8013460001 1791687 155775  147
14.984681562 8015250950 1790949 155765  153
14.995694672 8017205106 1954156 169960  161
15.007693810 8019158554 1953448 169947  161
15.019680967 8020950901 1792347 155772  145
15.030681018 8022743735 1792834 155773  144
15.041692991 8024697811 1954076 169933  157
15.053694554 8026656227 1958416 169930  170
15.065681873 8028449060 1792833 155771  146
15.076693819 8030402671 1953611 169947  160
15.088702242 8032358034 1955363 169932  167
15.100679593 8034155057 1797023 155779  143
15.111682349 8035948496 1793439 155783  149
15.122693121 8037903086 1954590 169926  166
15.134682570 8039696493 1793407 155762  142
15.145680869 8041490048 1793555 155767  142
15.156693292 8043450546 1960498 169937  152
15.168693551 8045406607 1956061 169942  157
15.180680507 8047200927 1794320 155778  147
15.191681325 8048996751 1795824 155782  159
15.202704835 8050956460 1959709 169939  155
15.214681907 8052752091 1795631 155776  147
15.225693306 8054715099 1963008 169939  154
15.237695412 8056674045 1958946 169927  155
15.249693958 8058638596 1964551 169934  165
15.261695624 8060599619 1961023 169948  172
15.273681153 8062399872 1800253 155777  143
15.284694202 8064370024 1970152 169927  160
15.296680857 8066174735 1804711 155776  145
15.307680633 8067985948 1811213 155771  143
15.318682065 8069800033 1814085 155772  157
15.329693938 8071793146 1993113 169931  179
15.341695397 8073795453 2002307 169938  155
15.353680923 8075630634 1835181 155775  148
15.364705469 8084107441 8476807 155778  31096
15.375684374 8095897747 11790306 155764  53603
15.386681940 8103303481 7405734 155762  32499
15.397697382 8114949985 11646504 155786  53742
15.408695878 8123922355 8972370 169938  35574
15.420683194 8130952358 7030003 155768  75200
15.431682899 8142109539 11157181 155782  49699
15.442696645 8150911667 8802128 169943  34186
15.454682657 8162518971 11607304 155784  53236
15.465694573 8172073272 9554301 169927  42558
15.477698592 8175222627 3149355 155769  67880
15.488697477 8178701569 3478942 155771  153040
15.499683227 8189950389 11248820 169948  63276
15.511692450 8201354618 11404229 169939  48930
15.523696652 8212432018 11077400 155760  49336
15.534682841 8223541959 11109941 155771  51115
15.545696513 8227147030 3605071 169945  32505
15.557696986 8238448098 11301068 169938  65758
15.569696578 8249832616 11384518 169930  49698
15.581682011 8260910907 11078291 155770  50204
15.592683729 8272039319 11128412 155781  51712
15.603696882 8275326017 3286698 155763  29062
15.614684508 8278584853 3258836 155765  123178
15.625699763 8281800051 3215198 155777  136974
15.636695279 8285277953 3477902 155757  155494
15.647695135 8288757106 3479153 155754  155569
15.658691080 8297479845 8722739 155765  77725
15.669695449 8308670835 11190990 155782  49655
15.680695302 8317322006 8651171 155771  33895
15.691682337 8328799653 11477647 155782  52361
15.702694503 8336265609 7465956 169943  28630
15.714683568 8344445160 8179551 169931  67864
15.726682861 8355754061 11308901 155782  50388
15.737695340 8363906809 8152748 155759  31172
15.748682865 8375018576 11111767 155767  50011
15.759694718 8384501494 9482918 169936  40939
15.771682260 8387651609 3150115 155792  69499
15.782696723 8391129301 3477692 155780  155228
15.793682028 8402348559 11219258 169933  52423
15.805694707 8413748953 11400394 169925  50062
15.817706237 8425146080 11397127 169922  50641
15.829683896 8436575079 11428999 169938  49899
15.841695671 8439860001 3284922 155778  58085
15.852696927 8452147006 12287005 169929  56976
15.864695120 8462563177 10416171 169929  42289
15.876694639 8473927027 11363850 169948  51026
15.888696092 8485320391 11393364 169943  50671
15.900681670 8488470751 3150360 155794  57426
15.911700120 8491949339 3478588 155769  150994
15.922696291 8495164090 3214751 155766  137632
15.933683281 8498642006 3477916 155765  155512
15.944683212 8501836557 3194551 155791  134945
15.955696762 8505064510 3227953 155784  145212
15.966705568 8508542650 3478140 155773  155518
15.977696187 8512021775 3479125 155782  155574
15.988682319 8515502620 3480845 155784  155653
15.999696695 8518983241 3480621 155786  155610
16.010695884 8526437057 7453816 169935  102166
16.022696449 8537642335 11205278 155772  49241
16.033694502 8545762167 8119832 155772  30468
16.044682810 8556963015 11200848 155779  50397
16.055693970 8566342154 9379139 169940  36768
16.067678018 8572913924 6571770 155773  62940
16.078694701 8584480837 11566913 155782  51888
16.089695423 8592766964 8286127 169947  30659
16.101682042 8604039002 11272038 155775  50144
16.112705335 8614515333 10476331 169944  43878
16.124683344 8617665372 3150039 155796  61486
16.135697520 8621143337 3477965 155764  153762
16.146685251 8632357610 11214273 169926  67053
16.158694658 8643768953 11411343 169939  48926
16.170682643 8654650731 10881778 155771  48716
16.181694639 8665930316 11279585 155765  50434
16.192698855 8669224139 3293823 155765  20053
16.203694534 8679983797 10759658 155779  68550
16.214695866 8691284551 11300754 155777  51138
16.225681895 8699625252 8340701 169951  31035
16.237682101 8710799480 11174228 155775  51255
16.248695210 8717006130 6206650 155767  29241
16.259706686 8720265221 3259091 155780  114808
16.270699558 8723480895 3215674 155780  135832
16.281683057 8726958559 3477664 155762  155505
16.292696546 8730436474 3477915 155770  155536
16.303682655 8737267641 6831167 155784  102704
16.314681804 8748388674 11121033 155758  48925
16.325695549 8755903143 7514469 155774  27331
16.336682008 8767464304 11561161 155759  53468
16.347682664 8778068232 10603928 169948  44844
16.359682420 8783155164 5086932 155779  55226
16.370696892 8794248454 11093290 155761  49536
16.381695558 8803758400 9509946 169945  38042
16.393681897 8815570984 11812584 169928  53629
16.405695827 8826517764 10946780 169945  46296
16.417705959 8829666780 3149016 155765  64283
16.428686771 8833145143 3478363 155766  153345
16.439684426 8844063177 10918034 155781  74715
16.450695212 8855179770 11116593 155764  48928
16.461694048 8862759808 7580038 155764  27709
16.472683487 8874089636 11329828 155779  51811
16.483695763 8880589628 6499992 155773  30123
16.494696722 8888243182 7653554 155777  63608
16.505681650 8899820983 11577801 155757  51969
16.516695486 8907971789 8150806 155764  30853
16.527680599 8919133000 11161211 155772  50640
16.538696557 8928571612 9438612 169936  39249
16.550682230 8931720684 3149072 155768  85507
16.561693869 8935198570 3477886 155764  155367
16.572684598 8938412006 3213436 155788  136686
16.583681544 8941890146 3478140 155770  155543
16.594695362 8944832270 2942124 155770  124314
16.605681448 8948310410 3478140 155758  155524
16.616696928 8951788692 3478282 155759  155528
16.627695163 8955266689 3477997 155755  155550
16.638682442 8958745277 3478588 155771  155575
16.649681507 8962101771 3356494 155763  146517
16.660694154 8964623184 2521413 155773  132025
16.671695026 8968100876 3477692 155747  155503
16.682681158 8971579016 3478140 155768  155541
16.693683013 8975057604 3478588 155771  155566
16.704704709 8978536385 3478781 155769  155555
16.715683424 8982014906 3478521 155769  155561
16.726694720 8985494185 3479279 155756  155560
16.737696820 8988973015 3478830 155746  155531
16.748682688 8992452291 3479276 155760  155546
16.759696517 8995932018 3479727 155762  155572
16.770681606 8998349689 2417671 155781  123004
16.781683428 9006158423 7808734 155779  114782
16.792693904 9017635651 11477228 155779  50919
16.803681446 9025525903 7890252 155774  29415
16.814694722 9036869295 11343392 155753  51563
16.825682611 9045342130 8472835 169929  33580
16.837694278 9052431839 7089709 155773  57441
16.848693199 9063539451 11107612 155765  49924
16.859681648 9072741894 9202443 169926  36607
16.871693871 9084046594 11304700 155766  50992
16.882695340 9093527421 9480827 169930  38796
16.894694720 9096677504 3150083 155784  70718
16.905684935 9100155277 3477773 155769  155503
16.916695611 9111365967 11210690 169931  60967
16.928682713 9122756533 11390566 169938  48935
16.940681249 9133873963 11117430 155781  49242
16.951695087 9144984945 11110982 155757  49144
16.962694227 9148285071 3300126 155786  23162
16.973694936 9159251602 10966531 155774  66218
16.984682414 9170375620 11124018 155772  49097
16.995681004 9177857895 7482275 155788  28924
17.006705386 9189319177 11461282 155770  51433
17.017683038 9196080421 6761244 169949  24975
17.029698934 9199339540 3259119 155764  113467
17.040684853 9202554376 3214836 155780  136559
17.051683139 9206032740 3478364 155764  155534
17.062682354 9209510656 3477916 155752  155539
17.073681246 9217601550 8090894 169941  98169
17.085683272 9229330447 11728897 155779  52795
17.096681378 9236909728 7579281 155772  27282
17.107695740 9248552699 11642971 155785  53392
17.118680423 9257486010 8933311 169927  36063
17.130681545 9264519942 7033932 155771  61229
17.141697008 9275659922 11139980 155770  49645
17.152691907 9284432984 8773062 169942  33468
17.164682536 9296085042 11652058 155785  53320
17.175681395 9305662951 9577909 169931  38181
17.187697225 9308812862 3149911 155777  58071
17.198683010 9312290778 3477916 155757  155523
17.209683476 9323525240 11234462 169956  62502
17.221695218 9334928350 11403110 169937  48932
17.233682531 9346049010 11120660 155783  49121
17.244682592 9357166448 11117438 155774  49350
17.255681195 9360466297 3299849 155765  23905
17.266695238 9371435770 10969473 155774  68232
17.277681316 9382562153 11126383 155778  49759
17.288681312 9390203938 7641785 155782  28292
17.299705745 9401836563 11632625 155784  53061
17.310683773 9408044635 6208072 155772  26898
17.321683536 9411303796 3259161 155784  103526
17.332698431 9414520338 3216542 155769  136565
17.343681917 9417998030 3477692 155771  155504
17.354681899 9421475498 3477468 155770  155521
17.365695839 9424418518 2943020 155791  123349
17.376696824 9427896881 3478363 155765  155534
17.387681776 9431374797 3477916 155765  155517
17.398681515 9434852937 3478140 155760  155553
17.409695951 9438331077 3478140 155763  155557
17.420681597 9441240923 2909846 155765  126370
17.431694663 9452208804 10967881 169937  85553
17.443705338 9463617377 11408573 169934  49186
17.455695904 9474552240 10934863 155768  49890
17.466681069 9485795284 11243044 155772  50107
17.477696495 9489089562 3294278 155774  20869
17.488694078 9500077700 10988138 155777  79253
17.499683943 9511236228 11158528 155765  49450
17.510694652 9519769628 8533400 169924  36222
17.522696431 9531591868 11822240 155770  53510
17.533681137 9536942496 5350628 155772  24268
17.544694920 9540201278 3258782 155767  115843
17.555697241 9545158529 4957251 155774  132558
17.566695097 9556452232 11293703 155766  49978
17.577694556 9565950465 9498233 169939  36698
17.589695632 9577321900 11371435 169937  50465
17.601705255 9588738120 11416220 169923  49380
17.613682180 9593427719 4689599 155800  59710
17.624696336 9604940529 11512810 155776  52275
17.635696151 9614428074 9487545 169932  36901
17.647694031 9625788670 11360596 169924  49377
17.659696164 9637233224 11444554 169934  50114
17.671694526 9640382994 3149770 155770  46906
17.682697752 9643861052 3478058 155758  155461
17.693682294 9647076250 3215198 155780  136928
17.704681363 9650554613 3478363 155761  155549
17.715695089 9653642493 3087880 155758  129593
17.726694154 9665928106 12285613 169947  61278
17.738694650 9676082775 10154669 155777  43966
17.749706256 9687168671 11085896 155775  55325
17.760697528 9698571779 11403108 169936  49606
17.772697014 9701890825 3319046 155769  69649
17.783688589 9713174268 11283443 169933  61034
17.795695202 9724558700 11384432 169942  49209
17.807695695 9735656079 11097379 155777  49159
17.818694084 9747064078 11407999 169939  49255
17.830694440 9750382307 3318229 155792  38538
17.841696926 9753640726 3258419 155779  137470
17.852688014 9761668113 8027387 155773  98807
17.863683070 9773430297 11762184 155779  53014
17.874695966 9780929169 7498872 155766  26616
17.885681868 9792585458 11656289 155768  53843
17.896692414 9801549884 8964426 169942  35057
17.908695676 9808570594 7020710 155764  74183
17.919695155 9819719939 11149345 155777  49117
17.930683505 9828393448 8673509 169914  34219
17.942694270 9840092423 11698975 155763  54455
17.953695669 9849707450 9615027 169939  38307
17.965695668 9852856913 3149463 155778  77339
17.976701937 9856335276 3478363 155766  152726
17.987695130 9859548683 3213407 155761  137988
17.998695425 9863026557 3477874 155748  155519
18.009682058 9865966512 2939955 155782  123569
18.020694696 9869444623 3478111 155767  155524
18.031694975 9872922677 3478054 155765  155518
18.042695341 9876400455 3477778 155758  155540
18.053695986 9879878147 3477692 155757  155533
18.064682222 9883356062 3477915 155762  155546
18.075685952 9885752470 2396408 155782  123387
18.086681653 9889230456 3477986 155758  155525
18.097682416 9892708078 3477622 155761  155535
18.108681738 9896185993 3477915 155750  155547
18.119682624 9899663867 3477874 155755  155536
18.130681443 9903141601 3477734 155761  155547
18.141695269 9906619517 3477916 155757  155544
18.152683197 9910097810 3478293 155748  155554
18.163696647 9913576020 3478210 155771  155568
18.174681693 9917054160 3478140 155764  155557
18.185682645 9919640975 2586815 155764  123664
18.196704470 9921843545 2202570 155782  155578
18.207696346 9925322133 3478588 155777  155548
18.218680761 9928800707 3478574 155772  155552
18.229696007 9932278637 3477930 155766  155550
18.240696010 9935757448 3478811 155772  155562
18.251682982 9939235770 3478322 155759  155540
18.262681854 9942714139 3478369 155764  155546
18.273695354 9946192540 3478401 155774  155561
18.284693912 9949671321 3478781 155773  155557
18.295681905 9953149043 3477722 155766  155534
18.306694821 9956627490 3478447 155765  155566
18.317682822 9960107889 3480399 155783  155614
18.328695008 9963588287 3480398 155780  155625
18.339703784 9967068909 3480622 155788  155620
18.350696460 9970548636 3479727 155773  155608
18.361682309 9974028586 3479950 155777  155602
18.372696391 9977508759 3480173 155776  155611
18.383694384 9980989157 3480398 155771  155622
18.394683862 9984469556 3480399 155773  155616
18.405694225 9987949954 3480398 155795  155620
18.416696544 9990821190 2871236 155784  123051
18.427682719 9992139923 1318733 155775  155254
18.438682162 9993294947 1155024 115774  115480
18.449685955 9995373720 2078773 17852  17623
18.460684033 9997452491 2078771 17842  17645
18.471685556 9999531234 2078743 17844  17645
18.482697527 10001609915 2078681 17847  17634
18.493690713 10003688447 2078532 17848  17643
18.504688483 10005767098 2078651 17845  17636
18.515688931 10007845750 2078652 17841  17634
18.526688917 10009924421 2078671 17852  17644
18.537688400 10012003174 2078753 17851  17665
18.548702465 10014081945 2078771 17830  17660
18.559699087 10016160717 2078772 17850  17663
18.570685056 10018239369 2078652 17850  17658
18.581703883 10020317901 2078532 17850  17661
18.592704582 10022396672 2078771 17846  17661
18.603691104 10024475444 2078772 17851  17663
18.614686922 10026554096 2078652 17840  17657
18.625707566 10028632868 2078772 17850  17666
18.636698451 10030711519 2078651 17843  17662
18.647685926 10032790171 2078652 17844  17657
18.658703432 10034868943 2078772 17853  17657
18.669703344 10036947592 2078649 17848  17658
18.680703764 10039026246 2078654 17840  17660
18.691701639 10041105018 2078772 17855  17665
18.702705491 10043183670 2078652 17852  17662
18.713687624 10045262322 2078652 17842  17659
18.724701792 10047341093 2078771 17845  17657
18.735701198 10049419865 2078772 17846  17659
18.746700997 10051498637 2078772 17858  17661
18.757703286 10053766352 2267715 39793  33495
18.772704676 10057609055 3842703 155811  113584
18.783710452 10061450308 3841253 155820  113504
18.794704568 10065288244 3837936 155817  113419
18.805706583 10069135819 3847575 155815  113691
18.816705605 10072979008 3843189 155818  113576
18.827691948 10076812107 3833099 155803  113262
18.838706073 10080646699 3834592 155820  113286
18.849701859 10084482478 3835779 155819  113361
18.860690758 10088322370 3839892 155815  113466
18.871703003 10092158886 3836516 155809  113373
18.882707193 10095990652 3831766 155815  113205
18.893691028 10099828326 3837674 155817  113392
18.904706771 10103671341 3843015 155824  113562
18.915691113 10107510697 3839356 155818  113462
18.926713852 10111352765 3842068 155816  113545
18.937692747 10115187221 3834456 155807  113319
18.948705980 10119031674 3844453 155818  113609
18.959706886 10122865636 3833962 155813  113299
18.970693042 10126709423 3843787 155815  113592
18.981709034 10130549861 3840438 155813  113486
18.992693833 10134396535 3846674 155818  113683
19.003691406 10138240752 3844217 155818  113602
19.014692301 10142088763 3848011 155818  113713
19.025692170 10145930545 3841782 155820  113528
19.036693082 10149772486 3841941 155813  113543
19.047692038 10153618097 3845611 155816  113655
19.058706684 10157459095 3840998 155815  113507
19.069704365 10161312822 3853727 155817  113885
19.080691838 10165155742 3842920 155813  113563
19.091705604 10168991309 3835567 155813  113339
19.102694346 10172838946 3847637 155809  113720
19.113694555 10176691878 3852932 155801  113856
19.124709538 10180542320 3850442 155815  113778
19.135693093 10184392533 3850213 155821  113766
19.146693002 10188240357 3847824 155809  113702
19.157703335 10192079327 3838970 155813  113440
19.168705187 10195932616 3853289 155820  113877
19.179705063 10199777660 3845044 155807  113626
19.190693435 10203623819 3846159 155810  113664
19.201705881 10206346856 2723037 155811  129059
19.212693466 10207124490 777634 155783  155627
19.223712455 10207972756 848266 169944  169786
19.235695894 10208750370 777614 155788  155630
19.246694380 10209598636 848266 169946  169775
19.258695350 10210446937 848301 169960  169798
19.270681632 10212304465 1857528 175008  159621
19.283695784 10215946055 3641590 156662  109069
19.295688227 10217034492 1088437 155774  153661
19.306689346 10218122434 1087942 155782  155299
19.317704429 10219210773 1088339 155778  155615
19.328705421 10220298993 1088220 155796  155641
19.339705367 10221387431 1088438 155780  155622
19.350690252 10222476009 1088578 155781  155616
19.361705142 10223564202 1088193 155787  155625
19.372703367 10224652800 1088598 155775  155628
19.383703563 10225740951 1088151 155797  155638
19.394695215 10226829730 1088779 155797  155644
19.405685204 10227918502 1088772 155788  155638
19.416683372 10229007021 1088519 155807  155646
19.427698756 10230095506 1088485 155780  155619
19.438685798 10231183789 1088283 155783  155633
19.449701224 10232272359 1088570 155789  155632
19.460700303 10233360886 1088527 155775  155616
19.471685785 10234449114 1088228 155780  155625
19.482686131 10235537581 1088467 155768  155615
19.493685840 10236625458 1087877 155768  155608
19.504686728 10237714112 1088654 155781  155632
19.515692458 10238802493 1088381 155775  155619
19.526696680 10239891029 1088536 155792  155635
19.537684895 10240979523 1088494 155771  155611
19.548686348 10242067979 1088456 155803  155654
19.559681256 10243156583 1088604 155798  155635
19.570681569 10244244850 1088267 155772  155616
19.581693992 10245199810 954960 155793  154687
19.592694627 10246133455 933645 155802  154911
19.603693229 10247151957 1018502 169962  169366
19.615680959 10248085572 933615 155788  155361
19.626681814 10249018928 933356 155783  155341
19.637694627 10250037493 1018565 169953  169527
19.649694880 10251056082 1018589 169949  169537
19.661705835 10252074599 1018517 169948  169524
19.673695098 10253092981 1018382 169946  169506
19.685694477 10254111618 1018637 169964  169547
19.697681970 10255045071 933453 155783  155345
19.708682102 10255978728 933657 155798  155398
19.719696881 10256996906 1018178 169939  169484
19.731682834 10257930215 933309 155782  155366
19.742696080 10258948444 1018229 169940  169508
19.754681835 10259881716 933272 155780  155364
19.765694838 10260899777 1018061 169950  169485
19.777682780 10261833062 933285 155790  155371
19.788682442 10262766599 933537 155795  155391
19.799695402 10263784786 1018187 169948  169510
19.811682404 10264718281 933495 155784  155398
19.822713366 10265736521 1018240 169949  169517
19.834683455 10266669681 933160 155784  155344
19.845694308 10267687964 1018283 169961  169526
19.857682911 10268621251 933287 155784  155366
19.868681972 10269570196 948945 155793  155348
19.879704355 10270658612 1088416 155780  155617
19.890687651 10271746679 1088067 155774  155625
19.901705406 10272835124 1088445 155775  155619
19.912706802 10273923064 1087940 155759  155594
19.923706831 10275011453 1088389 155771  155610
19.934687400 10276099954 1088501 155779  155620
19.945703052 10277188154 1088200 155780  155626
19.956687515 10278276479 1088325 155770  155618
19.967709258 10279364810 1088331 155783  155626
19.978698913 10280453430 1088620 155788  155635
19.989702212 10281542111 1088681 155778  155628
20.000692887 10282630254 1088143 155773  155620
20.011701626 10283718748 1088494 155781  155620
20.022699822 10284806969 1088221 155788  155622
20.033688444 10285895483 1088514 155770  155616
20.044701681 10286984017 1088534 155791  155639
20.055687556 10288072252 1088235 155779  155617
20.066700105 10289160781 1088529 155766  155604
20.077687817 10290248820 1088039 155770  155615
20.088699223 10291337250 1088430 155771  155612
20.099701412 10292425247 1087997 155780  155607
20.110697692 10293513831 1088584 155788  155625
20.121682647 10294602623 1088792 155774  155622
20.132683529 10295690897 1088274 155788  155626
20.143699645 10296779468 1088571 155767  155609
20.154686984 10297867507 1088039 155774  155621
20.165687136 10298822912 955405 155798  154703
20.176682338 10299756497 933585 155790  154875
20.187695277 10300774722 1018225 169944  169325
20.199680614 10301708266 933544 155784  155364
20.210681359 10302641928 933662 155779  155383
20.221679861 10303575648 933720 155795  155392
20.232694161 10304593922 1018274 169938  169496
20.244681696 10305527549 933627 155776  155375
20.255690785 10306461227 933678 155794  155388
20.266695498 10307479744 1018517 169949  169526
20.278681240 10308413401 933657 155774  155374
20.289694093 10309431918 1018517 169946  169520
20.301680115 10310365281 933363 155790  155345
20.312694552 10311383670 1018389 169948  169517
20.324681120 10312317255 933585 155781  155390
20.335681599 10313250627 933372 155779  155376
20.346692935 10314184211 933584 155780  155395
20.357681034 10315117832 933621 155782  155397
20.368693063 10316051377 933545 155784  155389
20.379682042 10316985148 933771 155787  155413
20.390693728 10318003610 1018462 169941  169541
20.402691427 10319022145 1018535 169970  169557
20.414681706 10319955634 933489 155779  155372
20.425693565 10320974055 1018421 169939  169516
20.437695368 10321992250 1018195 169946  169502
20.449696250 10323010663 1018413 169944  169517
20.461682356 10323111791 101128 16066  15855
20.478103947 10323112978 1187 56  0
20.493276470 10323114165 1187 55  0
20.508379215 10323115484 1319 90  4
20.525098073 10323116671 1187 55  0
20.540470397 10323117858 1187 57  0
20.547296732 10323121137 3279 208  60
