0.010084518 41452399 41452399 9429  69
0.024249204 109063212 67610813 285  4
0.040170837 176674611 67611399 274  17
0.056168048 196842863 20168252 82912  5630
0.067911662 199774439 2931576 138212  25858
0.079906301 202914561 3140122 141647  25928
0.091915099 206134172 3219611 141640  17592
0.103901701 209347245 3213073 141647  15736
0.115916180 212508143 3160898 141642  15186
0.127915001 215714754 3206611 141656  14596
0.139913167 218929499 3214745 141635  15160
0.151916458 222086551 3157052 141633  14586
0.163912184 225293112 3206561 141642  13577
0.175911985 228504075 3210963 141651  13246
0.187914311 231713742 3209667 141632  13568
0.199902015 234863921 3150179 141634  13127
0.211911394 238070178 3206257 141667  12508
0.223913449 241274578 3204400 141667  12600
0.235899980 244472692 3198114 141663  12351
0.247916136 247701979 3229287 141635  12068
0.259913597 250886032 3184053 141645  12161
0.271914813 254119242 3233210 141642  11820
0.283900748 257354127 3234885 141644  11550
0.295900512 260583255 3229128 141649  11891
0.307900501 263816528 3233273 141640  12181
0.319905550 266985410 3168882 141647  12436
0.331901778 270206340 3220930 141639  12655
0.343910123 273423295 3216955 141633  12353
0.355915129 276638076 3214781 141646  12312
0.367913054 279863809 3225733 141644  12468
0.379903249 283079747 3215938 141642  11941
0.391900150 286298112 3218365 141630  12508
0.403902143 289509400 3211288 141639  12605
0.415900544 292662188 3152788 141641  12263
0.427901349 295865301 3203113 141641  11911
0.439901088 299068827 3203526 141644  11940
0.451902116 302269402 3200575 141647  11703
0.463913221 305464599 3195197 141653  11914
0.475912893 308675940 3211341 141636  11884
0.487901098 311885928 3209988 141632  11929
0.499908316 315095269 3209341 141635  12455
0.511901635 318298918 3203649 141640  12363
0.523900813 321502186 3203268 141644  11963
0.535901116 324700390 3198204 141644  11970
0.547900854 327897502 3197112 141638  12023
0.559914553 331095249 3197747 141646  11977
0.571913857 334285269 3190020 141648  11494
0.583901375 337477984 3192715 141646  11794
0.595899838 340668252 3190268 141638  12067
0.607914466 343860462 3192210 141652  12501
0.619915048 347042553 3182091 141634  12269
0.631900936 350226148 3183595 141638  12005
0.643900502 353408815 3182667 141643  11722
0.655923004 356589594 3180779 141634  12386
0.667901711 359771283 3181689 141643  12395
0.679913087 363000503 3229220 141646  12156
0.691900711 366173711 3173208 141658  11932
0.703899970 369378432 3204721 141667  12194
0.715912995 372589785 3211353 141650  11862
0.727900301 375792795 3203010 141645  11867
0.739901985 378995610 3202815 141633  12175
0.751900467 382195985 3200375 141628  12138
0.763900846 385451613 3255628 141645  12185
0.775915045 388643874 3192261 141647  12226
0.787912563 391836403 3192529 141628  12020
0.799913365 395026495 3190092 141653  11868
0.811913363 398217518 3191023 141653  11646
0.823908245 401468564 3251046 141647  12387
0.835900427 404652257 3183693 141642  12345
0.847899975 407839485 3187228 141652  12162
0.859914250 411024729 3185244 141647  11975
0.871911168 414260686 3235957 141635  11868
0.883901404 417440131 3179445 141651  11719
0.895912275 420618518 3178387 141636  11756
0.907914774 423847542 3229024 141653  13149
0.919900632 427021331 3173789 141661  13164
0.931901354 430212963 3191632 141641  12544
0.943902373 433451807 3238844 141645  12180
0.955899291 436630735 3178928 141657  11635
0.967900606 439809537 3178802 141647  11682
0.979909268 443042507 3232970 141637  12459
0.991901283 446211976 3169469 141637  12584
1.003899811 449385809 3173833 141645  12659
1.015901603 452605695 3219886 141654  12254
1.027900232 455773844 3168149 141642  12278
1.039901491 459000714 3226870 141657  12035
1.051900455 462166685 3165971 141630  11698
1.063913611 465389081 3222396 141647  11617
1.075900422 468545423 3156342 141633  14384
1.087904604 471710066 3164643 141647  14771
1.099910746 474919005 3208939 141647  13334
1.111913821 478077154 3158149 141639  12937
1.123901110 481273235 3196081 141631  12561
1.135922059 484433272 3160037 141639  12371
1.147915660 487750060 3316788 141639  12148
1.159899661 491022756 3272696 141638  12099
1.171900950 494349637 3326881 141638  12062
1.183900422 497613568 3263931 141646  11966
1.195914441 500931395 3317827 141631  11974
1.207899732 504191253 3259858 141635  12336
1.219901253 507506716 3315463 141653  12009
1.231900529 510818666 3311950 141636  11992
1.243897570 514069181 3250515 141644  11780
1.255912019 517378945 3309764 141651  11673
1.267899061 520631223 3252278 141648  11715
1.279899916 523936801 3305578 141646  11968
1.291926145 527239833 3303032 141635  12276
1.303902230 530482695 3242862 141635  12355
1.315912498 533775124 3292429 141640  12044
1.327901393 537016421 3241297 141634  12512
1.339914105 540303302 3286881 141636  12208
1.351913271 543593184 3289882 141632  12085
1.363901705 546834309 3241125 141639  11883
1.375913588 550134632 3300323 141648  11837
1.387913159 553431215 3296583 141638  11904
1.399912744 556670724 3239509 141639  12678
1.411914006 559962675 3291951 141661  12526
1.423900507 563248751 3286076 141649  12250
1.435913190 566540035 3291284 141648  12238
1.447912684 569762992 3222957 141641  11960
1.459907823 573040910 3277918 141643  12207
1.471914138 576321091 3280181 141627  12187
1.483912714 579605506 3284415 141643  12063
1.495901238 582827446 3221940 141651  12174
1.507899790 586102578 3275132 141638  12216
1.519900529 589373310 3270732 141647  12123
1.531914774 592643704 3270394 141642  11963
1.543901102 595916255 3272551 141648  11963
1.555899794 599183631 3267376 141661  11737
1.567900989 602388146 3204515 141655  11692
1.579899707 605670655 3282509 141635  11729
1.591912316 608971759 3301104 141640  11816
1.603912224 612265403 3293644 141645  12913
1.615909447 615557491 3292088 141647  13994
1.627914365 618849054 3291563 141643  13392
1.639899830 622138444 3289390 141641  12669
1.651914122 625374673 3236229 141641  12882
1.663899906 628650457 3275784 141629  12731
1.675901359 631926346 3275889 141651  12420
1.687916578 635205252 3278906 141664  12435
1.699902999 638487375 3282123 141652  12519
1.711912494 641758546 3271171 141665  12790
1.723911993 645032486 3273940 141655  12586
1.735900591 648304492 3272006 141659  12231
1.747913800 651576266 3271774 141649  12001
1.759900941 654842792 3266526 141644  11827
1.771921847 658108457 3265665 141639  11893
1.783901475 661365012 3256555 141628  11762
1.795900596 664634402 3269390 141636  11827
1.807912882 667906042 3271640 141643  12129
1.819912817 671175236 3269194 141635  12263
1.831915045 674443267 3268031 141630  12329
1.843901160 677710433 3267166 141645  12068
1.855900216 680974230 3263797 141631  12410
1.867912850 684233567 3259337 141648  13134
1.879899939 687546356 3312789 141642  12553
1.891899817 690798569 3252213 141637  12089
1.903913200 694055956 3257387 141653  12366
1.915900934 697311121 3255165 141638  12370
1.927923593 700565236 3254115 141652  12366
1.939901115 703813343 3248107 141640  12184
1.951912763 707119421 3306078 141646  11914
1.963913712 710364268 3244847 141661  12187
1.975900296 713610696 3246428 141637  12136
1.987900585 716854158 3243462 141636  11922
1.999901253 720090718 3236560 141670  11971
2.011912719 723430306 3339588 141657  12027
2.023913150 726750404 3320098 141641  11980
2.035901589 730073814 3323410 141647  12023
2.047912887 733390304 3316490 141627  12021
2.059911526 736764186 3373882 141640  11980
2.071900184 740075591 3311405 141647  11793
2.083912587 743389897 3314306 141642  11878
2.095909075 746750882 3360985 141632  12124
2.107913590 750053385 3302503 141638  12689
2.119900708 753357368 3303983 141637  13301
2.131902296 756720704 3363336 141640  13355
2.143911619 760021437 3300733 141644  12732
2.155913430 763322472 3301035 141636  12410
2.167912712 766672475 3350003 141632  11996
2.179899334 769968952 3296477 141651  12022
2.191901549 773315346 3346394 141629  14858
2.203910343 776598740 3283394 141635  30306
2.215913375 779886826 3288086 141642  26571
2.227913728 783234929 3348103 141647  20078
2.239900800 786535249 3300320 141653  18092
2.251911501 789883293 3348044 141646  17965
2.263902573 793172790 3289497 141635  16916
2.275912385 796518211 3345421 141631  15842
2.287902537 799805887 3287676 141644  14984
2.299913309 803142683 3336796 141630  15047
2.311901503 806423574 3280891 141642  14743
2.323913366 809755262 3331688 141644  14718
2.335914565 813036437 3281175 141649  14441
2.347899323 816371189 3334752 141656  13806
2.359899991 819647722 3276533 141641  13215
2.371899393 822971766 3324044 141640  13485
2.383897984 826247205 3275439 141639  14513
2.395902343 829568810 3321605 141640  13972
2.407922821 832834625 3265815 141646  13586
2.419914250 836148666 3314041 141650  13156
2.431913748 839473539 3324873 141659  12854
2.443901074 842776177 3302638 141640  12549
2.455914402 846124765 3348588 141650  12499
2.467901663 849423814 3299049 141662  12505
2.479911549 852767317 3343503 141661  12070
2.491913228 856114149 3346832 141647  12379
2.503899529 859399344 3285195 141642  12314
2.515912627 862741083 3341739 141661  12821
2.527912456 866073078 3331995 141641  12598
2.539913424 869358190 3285112 141654  12433
2.551912463 872697898 3339708 141665  12185
2.563921938 876033040 3335142 141661  12420
2.575900550 879364962 3331922 141654  12752
2.587903852 882640647 3275685 141653  12489
2.599901317 885970012 3329365 141632  12324
2.611957893 889294703 3324691 141652  12476
2.623902803 892619396 3324693 141647  12544
2.635914382 895886814 3267418 141641  12426
2.647901697 899213563 3326749 141653  12292
2.659900539 902547526 3333963 141662  12353
2.671913974 905879509 3331983 141629  12473
2.683900020 909205224 3325715 141636  12392
2.695900108 912532475 3327251 141654  12256
2.707901890 915798932 3266457 141629  12089
2.719900258 919120801 3321869 141652  12178
2.731910237 922436897 3316096 141645  12385
2.743912372 925753880 3316983 141632  12370
2.755914477 929071334 3317454 141643  12266
2.767914475 934869673 5798339 129832  8667
2.778901540 943539156 8669483 129821  4558
2.789903451 952571301 9032145 129830  4788
2.800900688 961293864 8722563 129811  6013
2.811899380 970250310 8956446 129818  4571
2.822912178 979128698 8878388 129823  5255
2.833913066 987914292 8785594 129832  5066
2.844899383 997139746 9225454 129830  4953
2.855899204 1005607518 8467772 129816  4787
2.866901202 1014827911 9220393 129825  4592
2.877921640 1024268710 9440799 141622  5218
2.889913562 1033469096 9200386 129822  4090
2.900899592 1041986088 8516992 129818  4729
2.911901037 1051176401 9190313 129831  4411
2.922911468 1060029402 8853001 129826  4137
2.933912926 1068865477 8836075 129824  4638
2.944900954 1078082639 9217162 129824  4602
2.955911971 1086546237 8463598 129827  4310
2.966912873 1095767207 9220970 129815  4170
2.977898437 1104694265 8927058 129817  4288
2.988912808 1113441889 8747624 129827  3840
2.999912960 1122660806 9218917 129824  4367
3.010900747 1131438954 8778148 129831  4356
3.021922655 1140321555 8882601 129825  4280
3.032913496 1148999706 8678151 129829  4716
3.043899757 1158152272 9152566 129829  4547
3.054898411 1167161395 9009123 129822  4038
3.065913706 1176096756 8935361 129850  4402
3.076901843 1185275125 9178369 129831  4361
3.087898934 1194046624 8771499 129824  4013
3.098913693 1203213516 9166892 129837  4446
3.109898886 1211981489 8767973 129837  4126
3.120901185 1220956006 8974517 129832  4147
3.131913376 1229937367 8981361 129847  4342
3.142899947 1239014680 9077313 129827  4208
3.153912961 1247874766 8860086 129841  4206
3.164922292 1257140970 9266204 129838  4506
3.175900163 1265843248 8702278 129838  4338
3.186911954 1274979647 9136399 129835  4173
3.197900575 1283758717 8779070 129831  4373
3.208899726 1293012352 9253635 129818  4053
3.219901481 1301717255 8704903 129818  4174
3.230899758 1310936751 9219496 129832  4134
3.241912344 1319650530 8713779 129828  4097
3.252911625 1328991104 9340574 129836  4009
3.263911149 1337596978 8605874 129823  4034
3.274900683 1346950722 9353744 129830  3973
3.285912384 1355580151 8629429 129826  4276
3.296910302 1364946979 9366828 129837  3937
3.307898390 1373917335 8970356 129838  4283
3.318919385 1382911454 8994119 129833  4226
3.329913926 1392207892 9296438 129844  4279
3.340905106 1400859854 8651962 129842  4534
3.351900121 1410225571 9365717 129834  4073
3.362911312 1419832376 9606805 141648  4779
3.374911327 1429195430 9363054 129825  4196
3.385900209 1437799876 8604446 129824  4390
3.396900320 1447171565 9371689 129844  3984
3.407913424 1455846610 8675045 129813  4530
3.418898361 1465110090 9263480 129830  3861
3.429913156 1474154839 9044749 129846  4273
3.440911271 1483081636 8926797 129823  4218
3.451912508 1492435645 9354009 129830  3864
3.462907273 1501078733 8643088 129845  4447
3.473900444 1510429424 9350691 129821  4039
3.484897655 1519404665 8975241 129839  4337
3.495899666 1528396304 8991639 129840  4315
3.506912034 1537747344 9351040 129836  4090
3.517899298 1546413650 8666306 129811  4319
3.528912040 1555741642 9327992 129845  4217
3.539900397 1564738022 8996380 129831  4301
3.550898832 1573703131 8965109 129814  4335
3.561900043 1583044687 9341556 129828  4232
3.572912210 1591663745 8619058 129823  4278
3.583912565 1601035955 9372210 129832  3917
3.594901002 1610129835 9093880 129824  4242
3.605909323 1618994800 8864965 129815  4092
3.616912735 1628400118 9405318 129837  3963
3.627899356 1637051499 8651381 129828  4463
3.638913471 1646332293 9280794 129820  4145
3.649912508 1655709966 9377673 129827  4138
3.660913389 1664327742 8617776 129811  4323
3.671899144 1673698719 9370977 129825  3964
3.682900171 1682781881 9083162 129826  4056
3.693899622 1691631866 8849985 129822  4000
3.704912157 1701004231 9372365 129815  4050
3.715901534 1709805651 8801420 129806  4159
3.726911710 1718970350 9164699 129821  4066
3.737913114 1728342491 9372141 129832  4385
3.748912452 1737017408 8674917 129840  4948
3.759907479 1746323622 9306214 129836  5290
3.770900140 1755389590 9065968 129818  6011
3.781899488 1764266471 8876881 129811  6070
3.792902079 1773613186 9346715 129841  6733
3.803913157 1782345482 8732296 129819  7141
3.814899404 1791596034 9250552 129820  6267
3.825911433 1800876183 9280149 129830  6901
3.836901340 1809547925 8671742 129832  7210
3.847899552 1818929079 9381154 129827  6457
3.858899586 1827943623 9014544 129816  7084
3.869912517 1836885544 8941921 129812  6873
3.880897741 1846296697 9411153 129839  6467
3.891900069 1855270389 8973692 129825  6850
3.902917803 1864251563 8981174 129813  6625
3.913902154 1873623053 9371490 129820  6119
3.924898889 1882360328 8737275 129811  6914
3.935900237 1891602591 9242263 129821  6619
3.946911888 1900954089 9351498 129838  6315
3.957900528 1909584657 8630568 129811  6924
3.968911970 1918925382 9340725 129818  6420
3.979899301 1928279049 9353667 129827  6249
3.990913152 1936903586 8624537 129819  6705
4.001913761 1946269681 9366095 129825  6259
4.012911668 1955654960 9385279 129848  6067
4.023899059 1964286433 8631473 129807  6632
4.034899806 1973613437 9327004 129821  6205
4.045926415 1982973537 9360100 129820  6341
4.056900836 1991583055 8609518 129840  6762
4.067900197 2000951491 9368436 129833  6375
4.078914258 2010313573 9362082 129840  6248
4.089912066 2018957315 8643742 129829  6638
4.100899687 2028311979 9354664 129832  6260
4.111912871 2037664776 9352797 129823  6142
4.122914276 2046272887 8608111 129817  6697
4.133912124 2055631235 9358348 129813  6286
4.144911655 2065009783 9378548 129838  6201
4.155899108 2073672799 8663016 129813  6729
4.166912084 2082973913 9301114 129820  6235
4.177912168 2092335572 9361659 129827  6145
4.188909016 2100939298 8603726 129819  6701
4.199901007 2110294679 9355381 129816  6297
4.210913031 2119655788 9361109 129821  6221
4.221899982 2128273607 8617819 129812  6620
4.232898436 2137629702 9356095 129820  6236
4.243897207 2146987011 9357309 129839  6064
4.254912783 2155685370 8698359 129825  6550
4.265899417 2164955094 9269724 129827  6265
4.276912085 2174312846 9357752 129825  5846
4.287910882 2182958302 8645456 129825  6428
4.298899843 2192275693 9317391 129816  6049
4.309912824 2201624193 9348500 129816  5854
4.320912455 2210260168 8635975 129826  6510
4.331899610 2219590742 9330574 129820  6298
4.342905815 2228928060 9337318 129818  6231
4.353911246 2237529365 8601305 129833  6850
4.364898156 2246906149 9376784 129825  6392
4.375901478 2256261503 9355354 129815  5799
4.386915116 2265200735 8939232 129828  6570
4.397912077 2274232506 9031771 129818  6211
4.408899698 2283631829 9399323 129834  5775
4.419912169 2292606668 8974839 129815  6386
4.430911606 2301590384 8983716 129831  6477
4.441900007 2310938726 9348342 129816  5717
4.452913126 2320025010 9086284 129813  6262
4.463910457 2328896871 8871861 129835  6489
4.474911375 2338240484 9343613 129812  5418
4.485921006 2347470913 9230429 129820  6111
4.496912897 2356181405 8710492 129836  6390
4.507901544 2365534026 9352621 129820  5519
4.518900939 2374688473 9154447 129805  6211
4.529911931 2383504830 8816357 129821  6338
4.540898597 2392834662 9329832 129816  5579
4.551899289 2401964062 9129400 129819  6144
4.562913434 2410780189 8816127 129826  6350
4.573912271 2420109327 9329138 129815  5447
4.584899199 2429457176 9347849 129820  6054
4.595898483 2438167095 8709919 129810  6396
4.606899704 2447427671 9260576 129819  5611
4.617898222 2456754570 9326899 129833  6120
4.628899860 2465740177 8985607 129826  6355
4.639900407 2474721848 8981671 129818  5722
4.650901172 2484036604 9314756 129833  6228
4.661901656 2493106136 9069532 129823  6643
4.672912731 2502033418 8927282 129827  6084
4.683898412 2511361967 9328549 129824  5839
4.694911210 2520682465 9320498 129815  6199
4.705899908 2529445523 8763058 129818  5779
4.716900369 2538653218 9207695 129837  5891
4.727911583 2547992380 9339162 129823  5931
4.738912908 2557060914 9068534 129816  5632
4.749899546 2565951435 8890521 129822  5833
4.760911180 2575354483 9403048 129832  6010
4.771907845 2584459932 9105449 129822  5863
4.782900856 2593288829 8828897 129814  5954
4.793912163 2602696645 9407816 129830  5994
4.804899858 2612039079 9342434 129814  5693
4.815911199 2620683487 8644408 129830  6182
4.826913467 2630065420 9381933 129829  5680
4.837898687 2639432295 9366875 129824  5665
4.848900222 2648147026 8714731 129815  6518
4.859911737 2657423868 9276842 129820  5798
4.870911785 2666819358 9395490 129837  5548
4.881899279 2675904052 9084694 129830  6151
4.892912460 2684778497 8874445 129834  5848
4.903899914 2694165870 9387373 129814  5598
4.914912985 2703523983 9358113 129811  6179
4.925919627 2712249513 8725530 129813  6030
4.936912821 2721540859 9291346 129833  5642
4.947900075 2730933511 9392652 129825  6158
4.958900360 2739945578 9012067 129812  6221
4.969901168 2748883834 8938256 129810  5703
4.980900349 2758259354 9375520 129827  6084
4.991899833 2767629826 9370472 129823  5795
5.002913058 2776640095 9010269 129824  5638
5.013898975 2785637888 8997793 129818  5996
5.024900986 2795022297 9384409 129822  5718
5.035911995 2804371000 9348703 129814  5483
5.046899136 2813100609 8729609 129839  6346
5.057899250 2822361810 9261201 129839  5859
5.068920695 2831766168 9404358 129810  5469
5.079913342 2840788656 9022488 129814  6280
5.090899897 2849747448 8958792 129824  5975
5.101914258 2859082295 9334847 129833  5396
5.112912252 2868446401 9364106 129825  5808
5.123898593 2877437120 8990719 129834  5891
5.134899991 2886428355 8991235 129813  5531
5.145912709 2895805284 9376929 129830  5892
5.156899694 2905171943 9366659 129826  5690
5.167899841 2914159396 8987453 129826  5954
5.178912459 2923153811 8994415 129827  5874
5.189899193 2932534599 9380788 129826  5497
5.200913108 2941899713 9365114 129833  5786
5.211922673 2950895031 8995318 129815  6107
5.222912857 2959887463 8992432 129817  5355
5.233899117 2969258436 9370973 129831  5469
5.244900743 2978530584 9272148 129820  6051
5.255912130 2987245172 8714588 129810  5619
5.266900325 2996583709 9338537 129836  5506
5.277911339 3005937435 9353726 129813  5814
5.288913317 3014985962 9048527 129833  5610
5.299900204 3023936157 8950195 129827  5741
5.310899929 3033275447 9339290 129823  5801
5.321911291 3042620801 9345354 129825  5334
5.332899081 3051625620 9004819 129813  5822
5.343901542 3060628115 9002495 129832  6216
5.354921124 3069963179 9335064 129825  5269
5.365899611 3079299727 9336548 129831  5477
5.376900982 3088109124 8809397 129813  6154
5.387913017 3097269843 9160719 129817  5389
5.398898798 3106636313 9366470 129823  5477
5.409911929 3115982620 9346307 129811  6124
5.420900677 3124596308 8613688 129824  5819
5.431899707 3133925499 9329191 129822  5242
5.442911956 3143288046 9362547 129815  5801
5.453899617 3152338147 9050101 129828  5743
5.464912491 3161246887 8908740 129826  5685
5.475899112 3170605931 9359044 129817  5742
5.486912957 3179932912 9326981 129824  5492
5.497899528 3188936229 9003317 129807  5593
5.508906995 3197924665 8988436 129828  6049
5.519899360 3207258878 9334213 129826  5434
5.530912665 3216578223 9319345 129827  5653
5.541899353 3225383835 8805612 129811  6169
5.552911374 3234531677 9147842 129816  5533
5.563901265 3243890018 9358341 129818  5541
5.574899566 3253076400 9186382 129832  6157
5.585913210 3261874857 8798457 129836  5867
5.596911751 3271164454 9289597 129823  5279
5.607912576 3280553001 9388547 129817  6005
5.618900140 3289689279 9136278 129831  5770
5.629899424 3298435985 8746706 129827  5464
5.640899806 3307807854 9371869 129807  5774
5.651915724 3317121482 9313628 129821  6358
5.662912868 3325931639 8810157 129828  6577
5.673898576 3335090761 9159122 129825  6602
5.684901433 3344447580 9356819 129819  6386
5.695899554 3353765142 9317562 129823  5637
5.706904485 3362663437 8898295 129812  6164
5.717897961 3371723501 9060064 129820  5625
5.728900378 3381096223 9372722 129841  5495
5.739911953 3390462059 9365836 129830  5674
5.750897734 3399470866 9008807 129820  5872
5.761913741 3408393294 8922428 129814  5676
5.772911666 3417766279 9372985 129821  5840
5.783912323 3427106815 9340536 129833  5688
5.794906665 3436102150 8995335 129823  5863
5.805900622 3445056296 8954146 129806  5680
5.816899851 3454407437 9351141 129828  5645
5.827913688 3463727660 9320223 129823  5650
5.838912873 3472793482 9065822 129824  6060
5.849913634 3481677473 8883991 129826  5638
5.860911985 3491018521 9341048 129828  5659
5.871899996 3500370198 9351677 129817  5720
5.882899453 3509424956 9054758 129825  5779
5.893900782 3518309933 8884977 129822  5558
5.904912610 3527659511 9349578 129809  5468
5.915912267 3536994682 9335171 129819  5401
5.926912582 3546002737 9008055 129822  5815
5.937908039 3555012276 9009539 129829  5729
5.948913294 3564312191 9299915 129831  5305
5.959913558 3573616870 9304679 129829  5715
5.970899629 3582670615 9053745 129820  5827
5.981900847 3591524215 8853600 129817  5514
5.992901962 3600863350 9339135 129829  5713
6.003912120 3610193847 9330497 129816  5516
6.014900457 3619247001 9053154 129825  5482
6.025901778 3628111079 8864078 129821  5709
6.036914136 3637453926 9342847 129824  5472
6.047912327 3646768954 9315028 129830  5412
6.058897918 3655452283 8683329 129804  6028
6.069898612 3664677700 9225417 129822  5595
6.080899937 3674040454 9362754 129822  5521
6.091907629 3683243095 9202641 129806  5805
6.102912296 3691984948 8741853 129810  5899
6.113898191 3701234168 9249220 129824  5240
6.124912928 3710541696 9307528 129831  5652
6.135898189 3719546594 9004898 129823  5699
6.146902210 3728595563 9048969 129829  5431
6.157912688 3737794185 9198622 129819  5623
6.168900859 3747124500 9330315 129851  5677
6.179900348 3756144614 9020114 129815  5628
6.190898875 3765013283 8868669 129823  5665
6.201899246 3774360666 9347383 129829  5638
6.212913071 3783665937 9305271 129815  5388
6.223912945 3792303362 8637425 129809  5924
6.234920794 3801579280 9275918 129837  5409
6.245912334 3810923004 9343724 129838  5318
6.256900085 3820233081 9310077 129829  5793
6.267900436 3829049321 8816240 129820  5705
6.278899188 3838144778 9095457 129823  5287
6.289914792 3847472656 9327878 129820  5655
6.300913536 3856795190 9322534 129823  5498
6.311914391 3865817135 9021945 129827  5274
6.322911188 3874692076 8874941 129818  5838
6.333913114 3884013870 9321794 129809  5537
6.344912095 3893335419 9321549 129832  5500
6.355900579 3902141098 8805679 129824  6034
6.366912547 3911212560 9071462 129814  5538
6.377907781 3920552366 9339806 129823  5305
6.388899259 3929871315 9318949 129820  5808
6.399899306 3938813236 8941921 129842  5635
6.410901841 3947760953 8947717 129824  5305
6.421911745 3957083389 9322436 129814  5612
6.432914217 3966404582 9321193 129824  5346
6.443899188 3975388898 8984316 129825  5545
6.454900546 3984325070 8936172 129821  5954
6.465898506 3993609104 9284034 129835  5132
6.476899478 4002913511 9304407 129815  5441
6.487900009 4011971617 9058106 129813  6011
6.498899606 4020855079 8883462 129827  5437
6.509913255 4030143322 9288243 129821  5255
6.520907339 4039474556 9331234 129809  5637
6.531899377 4048427168 8952612 129826  5487
6.542900151 4057370625 8943457 129821  5579
6.553912132 4066637277 9266652 129809  5644
6.564912110 4075954992 9317715 129819  5290
6.575912701 4084978078 9023086 129839  5598
6.586911779 4093999517 9021439 129834  6032
6.597899966 4103229394 9229877 129829  5133
6.608912755 4112580722 9351328 129830  5232
6.619912433 4121784730 9204008 129811  5987
6.630911887 4130501517 8716787 129824  5605
6.641913411 4139794607 9293090 129823  5082
6.652910269 4149172539 9377932 129822  5847
6.663898660 4158475264 9302725 129829  5495
6.674920601 4167364514 8889250 129813  5595
6.685913856 4176386486 9021972 129830  5876
6.696914060 4185720266 9333780 129836  5366
6.707912155 4195016037 9295771 129828  5367
6.718910473 4204100637 9084600 129819  5788
6.729899970 4212936911 8836274 129813  5350
6.740898398 4222247770 9310859 129831  5190
6.751901066 4231590196 9342426 129843  5696
6.762912717 4240547623 8957427 129817  5486
6.773899774 4249490226 8942603 129844  5324
6.784899029 4258859680 9369454 129828  5367
6.795900016 4268177508 9317828 129830  5319
6.806898697 4277258270 9080762 129815  5292
6.817920199 4286145492 8887222 129827  5674
6.828911594 4295336866 9191374 129831  5414
6.839899881 4304626565 9289699 129818  5245
6.850900486 4313739272 9112707 129821  5845
6.861899850 4322530502 8791230 129810  5471
6.872901542 4331836245 9305743 129819  5306
6.883899256 4341170391 9334146 129825  5568
6.894912464 4350160358 8989967 129831  5677
6.905912438 4359029329 8868971 129817  5338
6.916897256 4368370112 9340783 129831  5457
6.927900110 4377659294 9289182 129838  5457
6.938912211 4386622066 8962772 129814  5730
6.949912507 4395567189 8945123 129831  5662
6.960931724 4404856414 9289225 129836  5738
6.971913455 4414135951 9279537 129830  6003
6.982911380 4423236454 9100503 129829  6460
6.993913187 4432053424 8816970 129812  5907
7.004911322 4441343239 9289815 129842  5242
7.015913196 4450657599 9314360 129830  5521
7.026913194 4459714473 9056874 129843  5718
7.037912132 4468586438 8871965 129833  5637
7.048898592 4477875347 9288909 129827  5134
7.059900547 4487200516 9325169 129822  5396
7.070913629 4496289466 9088950 129828  5879
7.081913370 4505150098 8860632 129811  5777
7.092899151 4514365438 9215340 129833  5285
7.103913818 4523650219 9284781 129820  5425
7.114921160 4532678339 9028120 129827  5635
7.125901190 4541479487 8801148 129814  5232
7.136900919 4550789627 9310140 129830  5512
7.147912163 4560086563 9296936 129832  5262
7.158895441 4569102632 9016069 129826  5298
7.169900235 4577972212 8869580 129820  5652
7.180899750 4587286123 9313911 129832  5310
7.191900411 4596569333 9283210 129822  5042
7.202900348 4605599803 9030470 129819  5642
7.213912067 4614534803 8935000 129825  5563
7.224900140 4623754793 9219990 129862  4856
7.235899489 4633066185 9311392 129839  5423
7.246898663 4642360335 9294150 129826  5342
7.257908531 4651437704 9077369 129830  5122
7.268900842 4660223302 8785598 129830  5439
7.279912357 4669522671 9299369 129829  5277
7.290913472 4678823879 9301208 129824  5034
7.301899659 4687939041 9115162 129831  5687
7.312900444 4696744874 8805833 129821  5345
7.323899478 4705996864 9251990 129832  5113
7.334900449 4715312652 9315788 129837  5655
7.345916770 4724596662 9284010 129823  5502
7.356913118 4733585514 8988852 129825  5316
7.367911509 4742449871 8864357 129820  5518
7.378899446 4751738945 9289074 129837  5193
7.389912838 4761027889 9288944 129845  5042
7.400919956 4770061740 9033851 129827  5600
7.411914710 4778903135 8841395 129829  5462
7.422912705 4788181274 9278139 129822  4898
7.433900762 4797460175 9278901 129827  5271
7.444898347 4806443644 8983469 129833  5304
7.455911921 4815404461 8960817 129812  5206
7.466912869 4824608566 9204105 129821  5143
7.477912177 4833895680 9287114 129838  5186
7.488913258 4842944597 9048917 129830  5406
7.499912436 4851867556 8922959 129831  5657
7.510899040 4861059699 9192143 129838  4886
7.521898618 4870366707 9307008 129834  5024
7.532912829 4879686877 9320170 129819  5429
7.543921588 4888655416 8968539 129829  5117
7.554912955 4897606703 8951287 129814  5131
7.565900813 4906862038 9255335 129821  5440
7.576898227 4916169260 9307222 129831  4972
7.587900562 4925446234 9276974 129816  5099
7.598899776 4934604601 9158367 129825  5603
7.609901510 4943294853 8690252 129815  5097
7.620900135 4952566498 9271645 129818  5040
7.631899402 4961890149 9323651 129823  5456
7.642900107 4970839332 8949183 129820  5221
7.653898914 4979777657 8938325 129817  5074
7.664909890 4989038908 9261251 129836  5299
7.675913327 4998330218 9291310 129836  4903
7.686910168 5007592136 9261918 129829  5112
7.697899459 5016771171 9179035 129815  5708
7.708899440 5025471128 8699957 129817  5453
7.719899015 5034754399 9283271 129830  4715
7.730898953 5044090453 9336054 129836  5521
7.741914278 5053354759 9264306 129833  5262
7.752914062 5062273018 8918259 129823  5065
7.763901073 5071367365 9094347 129831  5503
7.774899534 5080515082 9147717 129832  5118
7.785910972 5089797449 9282367 129822  5268
7.796913554 5099114078 9316629 129830  5470
7.807912845 5108127892 9013814 129826  5479
7.818912852 5116963116 8835224 129825  5377
7.829911437 5126232047 9268931 129812  5164
7.840919534 5135526621 9294574 129841  5467
7.851912829 5144785594 9258973 129831  5262
7.862912150 5153867137 9081543 129819  5435
7.873913181 5162612915 8745778 129816  5152
7.884912366 5171876706 9263791 129827  5128
7.895901524 5181165169 9288463 129823  5267
7.906898368 5190277584 9112415 129820  5422
7.917912846 5199099032 8821448 129830  5374
7.928912680 5208289680 9190648 129832  5047
7.939912008 5217583864 9294184 129819  5140
7.950912175 5226852163 9268299 129822  5185
7.961901176 5235916864 9064701 129822  5294
7.972899324 5244743384 8826520 129832  5072
7.983919389 5253976626 9233242 129842  5351
7.994913880 5263275874 9299248 129823  5229
8.005900301 5272550888 9275014 129823  5066
8.016901152 5281460639 8909751 129832  5613
8.027899203 5290450840 8990201 129816  5424
8.038900848 5299680479 9229639 129818  4802
8.049911670 5308952289 9271810 129827  5254
8.060913004 5318230510 9278221 129834  5315
8.071899575 5327367149 9136639 129816  5119
8.082910126 5336100513 8733364 129826  5670
8.093898860 5345332745 9232232 129839  5107
8.104899038 5354629464 9296719 129831  4988
8.115898889 5363888079 9258615 129825  5424
8.126921214 5372856061 8967982 129808  5398
8.137900781 5381862348 9006287 129811  5236
8.148901326 5390998552 9136204 129829  5550
8.159899177 5400272107 9273555 129823  5340
8.170898708 5409539486 9267379 129820  4953
8.181913259 5418578100 9038614 129837  5685
8.192911317 5427404771 8826671 129819  5474
8.203911999 5436629723 9224952 129834  5035
8.214900477 5445918496 9288773 129826  5499
8.225910544 5455173252 9254756 129824  5101
8.236912865 5464227036 9053784 129811  5345
8.247911113 5473112198 8885162 129820  5551
8.258912504 5482262060 9149862 129819  4834
8.269922046 5491528853 9266793 129815  5217
8.280901149 5500814600 9285747 129819  5468
8.291899491 5509838388 9023788 129828  5305
8.302912146 5518724273 8885885 129831  5294
8.313913290 5527884963 9160690 129839  5485
8.324913074 5537144139 9259176 129821  5042
8.335911895 5546373685 9229546 129819  5074
8.346913333 5555525769 9152084 129825  5742
8.357900074 5564205292 8679523 129831  5409
8.368911256 5573467486 9262194 129830  4855
8.379912840 5582811621 9344135 129837  5486
8.390912148 5592113846 9302225 129820  5057
8.401899862 5601151832 9037986 129810  5141
8.412900273 5610244069 9092237 129817  5514
8.423907188 5619387457 9143388 129825  4928
8.434900722 5628716454 9328997 129814  4938
8.445911720 5638050188 9333734 129819  5399
8.456900525 5647104155 9053967 129823  5297
8.467900559 5656042208 8938053 129821  5059
8.478900540 5665301756 9259548 129822  5129
8.489900298 5674610587 9308831 129834  5190
8.500913546 5683926739 9316152 129826  4657
8.511911771 5693107366 9180627 129823  5375
8.522911162 5701953105 8845739 129825  5233
8.533900926 5711154909 9201804 129809  4826
8.544899146 5720508896 9353987 129813  5126
8.555898548 5729814772 9305876 129813  4814
8.566907026 5738874666 9059894 129833  4999
8.577899790 5747910794 9036128 129820  5192
8.588899021 5757036136 9125342 129836  4808
8.599901016 5766354224 9318088 129826  4910
8.610900760 5775669816 9315592 129824  5030
8.621913019 5784851687 9181871 129824  5165
8.632912116 5793652973 8801286 129827  5171
8.643913204 5802884854 9231881 129810  4881
8.654913555 5812219330 9334476 129834  4964
8.665911833 5821504310 9284980 129821  5120
8.676899600 5830641336 9137026 129827  5374
8.687899682 5839610146 8968810 129826  4970
8.698912443 5848715867 9105721 129825  5112
8.709906878 5858032080 9316213 129830  4916
8.720913825 5867350172 9318092 129817  4907
8.731898636 5876331449 8981277 129814  5404
8.742901771 5885363070 9031621 129811  5268
8.753911912 5894555751 9192681 129818  4602
8.764899493 5903852111 9296360 129832  5064
8.775912265 5913153109 9300998 129818  5029
8.786913852 5922399382 9246273 129815  4752
8.797912587 5931056089 8656707 129832  5143
8.808899008 5940347205 9291116 129823  4790
8.819897759 5949673887 9326682 129815  4704
8.830912266 5958961192 9287305 129818  5208
8.841912288 5968019112 9057920 129812  5233
8.852899132 5976969945 8950833 129811  4831
8.863908614 5986150490 9180545 129820  5043
8.874915358 5995468884 9318394 129818  4907
8.885900259 6004772392 9303508 129825  4543
8.896914383 6013819468 9047076 129826  5199
8.907912388 6022716389 8896921 129823  4950
8.918901312 6031957383 9240994 129826  4551
8.929900747 6041273574 9316191 129825  5022
8.940901722 6050555195 9281621 129825  4894
8.951912273 6059630932 9075737 129816  4955
8.962897634 6068572442 8941510 129833  5165
8.973913551 6077729150 9156708 129836  4679
8.984898882 6087046074 9316924 129821  4866
8.995899337 6096344550 9298476 129826  5253
9.006907929 6105319174 8974624 129817  5016
9.017912603 6114331190 9012016 129823  4985
9.028900117 6123506490 9175300 129833  5236
9.039900648 6132805542 9299052 129814  4755
9.050898686 6142082555 9277013 129824  4559
9.061914464 6151309307 9226752 129813  5185
9.072913636 6160071317 8762010 129817  4950
9.083898597 6169243871 9172554 129822  4422
9.094911934 6178565453 9321582 129818  5013
9.105912572 6187835640 9270187 129814  4683
9.116899363 6196888033 9052393 129817  4882
9.127912387 6205888484 9000451 129816  5397
9.138912655 6214989946 9101462 129824  4688
9.149920770 6224278944 9288998 129828  4650
9.160899690 6233612850 9333906 129819  5117
9.171911326 6242605455 8992605 129826  4968
9.182899187 6251486893 8881438 129820  4710
9.193913101 6260727589 9240696 129826  4995
9.204914405 6270012950 9285361 129812  5001
9.215898960 6279276392 9263442 129822  4586
9.226912415 6288424046 9147654 129817  5318
9.237912329 6297228313 8804267 129819  5098
9.248898964 6306414396 9186083 129819  4748
9.259912301 6315731916 9317520 129822  4985
9.270911496 6325008454 9276538 129825  4637
9.281898690 6334097697 9089243 129811  4886
9.292906961 6342994105 8896408 129820  5079
9.303900982 6352156758 9162653 129816  4861
9.314912641 6361441204 9284446 129833  4814
9.325900548 6370731931 9290727 129827  5051
9.336914213 6379959817 9227886 129817  5154
9.347915507 6388757436 8797619 129810  5120
9.358900411 6397863350 9105914 129819  4684
9.369913502 6407164015 9300665 129820  4630
9.380899654 6416436855 9272840 129818  4730
9.391912372 6425533974 9097119 129808  4935
9.402899153 6434500684 8966710 129823  4610
9.413899754 6443551078 9050394 129832  4827
9.424900265 6452847652 9296574 129817  4730
9.435899116 6462131036 9283384 129823  4435
9.446919988 6471140872 9009836 129832  5008
9.457912492 6480103669 8962797 129814  5096
9.468900087 6489252077 9148408 129833  4442
9.479912608 6498522396 9270319 129826  4967
9.490898429 6507794685 9272289 129812  4945
9.501899743 6517009236 9214551 129813  4772
9.512912474 6525711962 8702726 129823  5237
9.523912883 6534908613 9196651 129817  4785
9.534911123 6544202324 9293711 129833  4529
9.545900521 6553464461 9262137 129809  4969
9.556911922 6562558001 9093540 129812  4850
9.567899630 6571477321 8919320 129843  4506
9.578900501 6580571406 9094085 129831  4816
9.589924845 6589839071 9267665 129818  4767
9.600900520 6599127071 9288000 129836  4423
9.611913462 6605773125 6646054 129809  11922
9.622900139 6615002328 9229203 129811  6494
9.633899544 6624294925 9292597 129841  6945
9.644913785 6633544917 9249992 129821  7263
9.655912129 6642600791 9055874 129821  5649
9.666912507 6651677146 9076355 129808  5373
9.677898944 6660653231 8976085 129829  5465
9.688899123 6668526860 7873629 141634  11609
9.700917914 6671405561 2878701 141632  20222
9.712905053 6674543073 3137512 141638  23724
9.724914111 6677688923 3145850 141645  20798
9.736921650 6680878636 3189713 141644  21822
9.748913262 6684018785 3140149 141640  22389
9.760901424 6687204566 3185781 141637  22224
9.772913962 6690337723 3133157 141636  22312
9.784899928 6693506699 3168976 141626  22664
9.796913236 6696643984 3137285 141646  22473
9.808900558 6699778357 3134373 141643  22481
9.820902423 6702966176 3187819 141637  23154
9.832914102 6706097733 3131557 141638  23388
9.844912450 6709274191 3176458 141643  22396
9.856914049 6712400090 3125899 141652  22710
9.868900400 6715573333 3173243 141647  22673
9.880912836 6718692629 3119296 141644  22262
9.892915038 6721861135 3168506 141641  23207
9.904903186 6724977335 3116200 141631  22868
9.916899937 6727822215 2844880 129834  20530
9.927915876 6730472152 2649937 141632  25941
9.939901271 6733580207 3108055 141649  27421
9.951913520 6736439514 2859307 141640  27269
9.963901608 6739590478 3150964 141658  25058
9.975915547 6742708464 3117986 141656  22200
9.987912365 6745817620 3109156 141634  22444
9.999901270 6748951053 3133433 141635  22782
10.011899655 6752022171 3071118 141640  22486
10.023902467 6755142333 3120162 141652  22593
10.035912803 6758253161 3110828 141645  22748
10.047900954 6761312243 3059082 141648  22611
10.059920993 6764413338 3101095 141646  23011
10.071902121 6767508357 3095019 141635  22297
10.083900360 6770546667 3038310 141652  22547
10.095900508 6773631061 3084394 141656  22636
10.107913077 6776707750 3076689 141646  22379
10.119902102 6779732696 3024946 141635  23138
10.131912468 6782799705 3067009 141630  23025
10.143902266 6785863971 3064266 141654  22768
10.155901071 6788919565 3055594 141652  22741
10.167900926 6791923173 3003608 141643  22518
10.179913082 6794971051 3047878 141631  23232
10.191900746 6798013782 3042731 141649  22716
10.203901145 6801050621 3036839 141636  22332
10.215922211 6804084527 3033906 141625  22726
10.227915349 6807060909 2976382 141645  22668
10.239901624 6810086624 3025715 141641  22962
10.251915113 6813103054 3016430 141632  15596
10.263914462 6816115820 3012766 141648  12912
10.275902306 6819125479 3009659 141639  12932
10.287913789 6822127735 3002256 141638  12880
10.299901237 6825125900 2998165 141638  12411
10.311913152 6828121898 2995998 141649  11835
10.323913457 6831059867 2937969 141622  12196
10.335913666 6834032841 2972974 141649  12103
10.347900657 6837000861 2968020 141625  12034
10.359901976 6839963170 2962309 141649  11238
10.371922635 6842917360 2954190 141649  11242
10.383901737 6845866242 2948882 141646  10866
10.395912642 6848804516 2938274 141636  10723
10.407913460 6851734838 2930322 141663  10359
10.419900392 6854659647 2924809 141639  10352
10.431900144 6857576064 2916417 141638  10703
10.443913416 6860482676 2906612 141660  10598
10.455901878 6863386023 2903347 141652  10607
10.467912833 6866279530 2893507 141641  10026
10.479900168 6869166370 2886840 141646  10025
10.491900530 6872043683 2877313 141628  9929
10.503902052 6874915710 2872027 141636  10128
10.515912957 6877824539 2908829 141639  9982
10.527921156 6880684109 2859570 141651  10275
10.539901104 6883531148 2847039 141645  10196
10.551912996 6886372693 2841545 141634  9986
10.563902198 6889207787 2835094 141641  9739
10.575900133 6892036942 2829155 141647  9810
10.587913538 6894857095 2820153 141635  9657
10.599913160 6897673812 2816717 141627  9968
10.611914779 6900484225 2810413 141641  9969
10.623914014 6903326996 2842771 141631  9759
10.635900086 6906124297 2797301 141641  9758
10.647912881 6908919606 2795309 141641  9908
10.659912609 6911704810 2785204 141639  9878
10.671913315 6914486290 2781480 141637  10040
10.683899616 6917297725 2811435 141633  10083
10.695922432 6920064721 2766996 141644  10060
10.707913700 6922822010 2757289 141645  9676
10.719900572 6925574301 2752291 141641  9734
10.731914074 6928355363 2781062 141640  9979
10.743913509 6931094252 2738889 141636  10254
10.755903217 6933825763 2731511 141650  9752
10.767900373 6936551044 2725281 141636  9844
10.779901554 6939304944 2753900 141646  9555
10.791900843 6942019245 2714301 141645  9712
10.803914199 6944724816 2705571 141640  9652
10.815899990 6947459548 2734732 141648  9650
10.827900025 6950152882 2693334 141643  9938
10.839899727 6952840507 2687625 141645  9981
10.851921376 6955558277 2717770 141633  9942
10.863901511 6958234620 2676343 141660  9824
10.875899026 6960903750 2669130 141649  10155
10.887914595 6963601657 2697907 141648  9858
10.899900714 6966258941 2657284 141644  9706
10.911900622 6968945784 2686843 141634  9530
10.923912701 6971590442 2644658 141636  9814
10.935913152 6974231969 2641527 141634  9818
10.947912614 6976898168 2666199 141632  9775
10.959912979 6979530035 2631867 141636  9806
10.971899581 6982184615 2654580 141634  9813
10.983913636 6984803754 2619139 141664  10090
10.995912408 6987449114 2645360 141654  10285
11.007920597 6990059742 2610628 141644  10539
11.019901825 6992691431 2631689 141630  10344
11.031911641 6995286988 2595557 141636  10524
11.043901042 6997904777 2617789 141645  10307
11.055899805 7000484504 2579727 141647  10198
11.067913599 7003086000 2601496 141648  10044
11.079912488 7005652906 2566906 141652  10080
11.091902566 7008236787 2583881 141648  9746
11.103913405 7010790865 2554078 141636  9703
11.115900003 7013363656 2572791 141648  9488
11.127900976 7015933634 2569978 141644  9853
11.139912701 7018465055 2531421 141637  9716
11.151900479 7021019918 2554863 141649  10024
11.163908318 7023537607 2517689 141645  9982
11.175901323 7026082021 2544414 141650  10084
11.187913215 7028615985 2533964 141655  9911
11.199902227 7031116994 2501009 141640  9951
11.211910836 7033635796 2518802 141644  9960
11.223913914 7036154771 2518975 141636  10082
11.235900169 7038632234 2477463 141640  9729
11.247901871 7041136005 2503771 141643  10437
11.259912843 7043633127 2497122 141644  10170
11.271913704 7046098226 2465099 141642  10192
11.283912803 7048581049 2482823 141633  9978
11.295898085 7051061354 2480305 141650  10215
11.307900520 7053506241 2444887 141637  9979
11.319914469 7055973701 2467460 141647  10059
11.331925197 7058433827 2460126 141631  10311
11.343913306 7060892246 2458419 141643  10185
11.355901674 7063316738 2424492 141637  10088
11.367913670 7065761981 2445243 141637  10113
11.379913058 7068196396 2434415 141656  9953
11.391901263 7070625549 2429153 141647  9768
11.403913218 7073048936 2423387 141633  9951
11.415914367 7075437758 2388822 141644  9456
11.427900015 7077844063 2406305 141638  9539
11.439900581 7080245241 2401178 141649  9529
11.451899642 7082640441 2395200 141641  9725
11.463902125 7085031071 2390630 141641  9563
11.475912134 7087419782 2388711 141659  9757
11.487909668 7089772632 2352850 141649  9659
11.499900151 7092144937 2372305 141642  9445
11.511900399 7094514694 2369757 141640  9709
11.523913871 7096877886 2363192 141646  9403
11.535901342 7099235096 2357210 141644  9511
11.547897535 7101584608 2349512 141656  9647
11.559912583 7103930718 2346110 141652  9567
11.571901492 7106270747 2340029 141652  9505
11.583900170 7108604642 2333895 141631  9676
11.595914102 7110930785 2326143 141639  9569
11.607913401 7113253158 2322373 141661  9354
11.619912986 7115570502 2317344 141647  9581
11.631912965 7117880873 2310371 141644  9361
11.643908859 7120185306 2304433 141656  9562
11.655902097 7122484874 2299568 141637  9277
11.667912493 7124779837 2294963 141643  9305
11.679914102 7127066076 2286239 141644  9397
11.691899853 7129347039 2280963 141642  9719
11.703915699 7131618567 2271528 141645  9688
11.715912890 7133885920 2267353 141644  9652
11.727901159 7136144405 2258485 141634  9813
11.739913604 7138398343 2253938 141655  9600
11.751913410 7140641622 2243279 141649  9933
11.763899128 7142878706 2237084 141630  9918
11.775900160 7145108161 2229455 141649  10197
11.787901841 7147348020 2239859 141651  10766
11.799908630 7149559618 2211598 141638  10270
11.811913659 7151766533 2206915 141634  9850
11.823899854 7153965631 2199098 141653  10474
11.835914276 7156158236 2192605 141638  10319
11.847899714 7158359442 2201206 141669  10132
11.859900533 7160535920 2176478 141641  9823
11.871900371 7162707406 2171486 141647  9719
11.883901434 7164872410 2165004 141648  9961
11.895912559 7167030701 2158291 141649  9624
11.907900894 7169197705 2167004 141638  9499
11.919912243 7171344588 2146883 141658  9711
11.931911034 7173483160 2138572 141646  9519
11.943900599 7175632096 2148936 141651  9644
11.955912311 7177751643 2119547 141635  9399
11.967907384 7179870241 2118598 141665  9649
11.979899692 7181984191 2113950 141643  10101
11.991912227 7184105199 2121008 141656  9734
12.003901492 7186207942 2102743 141643  9388
12.015912721 7188305727 2097785 141643  9591
12.027912573 7190408399 2102672 141653  9232
12.039910641 7192494933 2086534 141656  9303
12.051913330 7194572100 2077167 141653  9099
12.063899688 7196654841 2082741 141645  9459
12.075913234 7198717443 2062602 141654  9555
12.087900205 7200773744 2056301 141653  9591
12.099899744 7202832771 2059027 141643  9453
12.111913889 7204878987 2046216 141678  9440
12.123908058 7206915369 2036382 141671  9498
12.135900693 7208956641 2041272 141635  9326
12.147913618 7210980862 2024221 141651  9364
12.159900773 7213011519 2030657 141665  9415
12.171913835 7215022922 2011403 141675  9561
12.183901217 7217032262 2009340 141676  9443
12.195901232 7219041754 2009492 141656  9469
12.207901030 7221040638 1998884 141644  9413
12.219895219 7223037118 1996480 141639  9537
12.231899992 7225019713 1982595 141643  9439
12.243901603 7227005681 1985968 141650  9532
12.255913615 7228974303 1968622 141648  9544
12.267914197 7230949533 1975230 141648  9304
12.279909099 7232905014 1955481 141653  9200
12.291901110 7234871917 1966903 141647  9543
12.303913263 7236816322 1944405 141637  9056
12.315900577 7238769319 1952997 141652  9217
12.327912933 7240701877 1932558 141650  9524
12.339900811 7242645304 1943427 141640  9385
12.351913420 7244568435 1923131 141662  9287
12.363912866 7246498274 1929839 141661  9154
12.375900134 7248414121 1915847 141646  9579
12.387914073 7250064686 1650565 129843  11952
12.398914074 7251454224 1389538 129830  13071
12.409914841 7252989180 1534956 141659  13552
12.421899970 7254449462 1460282 129849  12337
12.432911671 7255956484 1507022 141627  13692
12.444918914 7257473975 1517491 141626  12855
12.456899938 7259027810 1553835 141649  13890
12.468913350 7260593383 1565573 141641  14047
12.480912772 7262176676 1583293 141630  14140
12.492912474 7263655313 1478637 141644  13446
12.504912879 7265157496 1502183 141633  12515
12.516912385 7266710913 1553417 141636  13953
12.528914883 7268200232 1489319 141638  12817
12.540914648 7269547114 1346882 129823  10999
12.551904429 7271075847 1528733 141652  14430
12.563901171 7272716433 1640586 141633  14510
12.575902836 7274103660 1387227 129843  11039
12.586899771 7275649168 1545508 141637  14259
12.598923480 7277227030 1577862 141648  14574
12.610901714 7278597457 1370427 129837  11234
12.621912309 7280143962 1546505 141632  14317
12.633901558 7281701663 1557701 141653  14089
12.645900330 7283105775 1404112 129830  11854
12.656902608 7284599446 1493671 141629  14045
12.668901616 7286184473 1585027 141644  14846
12.680903151 7287553937 1369464 129842  12084
12.691900809 7288978460 1424523 129825  11964
12.702912630 7290519153 1540693 141644  14533
12.714913876 7292044094 1524941 141637  14112
12.726900324 7293557340 1513246 141674  13310
12.738901269 7295071330 1513990 141628  13087
12.750909347 7296616050 1544720 141626  14595
12.762902943 7298175980 1559930 141643  14774
12.774901034 7299688336 1512356 141628  13676
12.786903477 7301067744 1379408 129824  11740
12.797913498 7302592580 1524836 141648  14448
12.809902392 7304144734 1552154 141640  14258
12.821902478 7305748267 1603533 141637  14484
12.833903344 7307381699 1633432 141638  14729
12.845900808 7308907296 1525597 141649  14527
12.857901054 7310436025 1528729 141646  14133
12.869901425 7311960501 1524476 141638  14467
12.881913938 7313322546 1362045 129830  11909
12.892915309 7314820402 1497856 141634  13579
12.904921601 7316360490 1540088 141628  14228
12.916913686 7317735721 1375231 129843  10870
12.927901283 7319292223 1556502 141646  14048
12.939913452 7320848679 1556456 141646  14164
12.951901917 7322212161 1363482 129833  10902
12.962914622 7323761256 1549095 141632  14670
12.974913117 7325354189 1592933 141629  14403
12.986915699 7326835797 1481608 141642  12465
12.998913661 7328404511 1568714 141650  14071
13.010913676 7329879245 1474734 141630  13227
13.022913615 7331410225 1530980 141631  12197
13.034914563 7332861938 1451713 129827  11960
13.045901278 7334421499 1559561 141651  13309
13.057913687 7336018465 1596966 141624  13117
13.069923159 7337589775 1571310 141637  13321
13.081915134 7339146504 1556729 141642  14599
13.093913835 7340731109 1584605 141643  15237
13.105915887 7342240597 1509488 141632  15783
13.117913499 7343787912 1547315 141646  15008
13.129913518 7345379734 1591822 141645  12805
13.141899696 7346970878 1591144 141645  10791
13.153901721 7348566694 1595816 141652  10556
13.165900839 7350155618 1588924 141668  10553
13.177912952 7351744373 1588755 141644  10485
13.189901503 7353453887 1709514 141647  16303
13.201913506 7354518174 1064287 141685  17695
13.213917914 7355585401 1067227 141654  13438
13.225913670 7356721125 1135724 57732  25368
13.236917768 7358409958 1688833 77236  59890
13.247904869 7360562123 2152165 139554  59482
13.259907427 7370323565 9761442 11532  6193
13.272183191 7382757286 12433721 670  25
13.288185579 7391620630 8863344 52506  4223
13.298912601 7395250801 3630171 129801  5298
13.309917377 7397610024 2359223 129803  6962
13.320914897 7399499379 1889355 129806  8583
13.331916959 7401192893 1693514 129830  6540
13.342901446 7402766346 1573453 129815  9804
13.353899011 7404273521 1507175 129817  9699
13.364900312 7405723112 1449591 129812  10865
13.375911663 7407136668 1413556 129845  11711
13.386913575 7408513200 1376532 129829  11453
13.397913936 7409864243 1351043 129823  11279
13.408901677 7411199498 1335255 129812  11230
13.419900584 7412547315 1347817 129820  11857
13.430900922 7413882386 1335071 129822  11867
13.441912691 7415233374 1350988 129835  12283
13.452913202 7416568090 1334716 129820  12130
13.463900173 7417920957 1352867 129817  12496
13.474901037 7419283095 1362138 129823  12669
13.485901008 7420663082 1379987 129802  12937
13.496913892 7422036343 1373261 129816  12904
13.507898100 7423406567 1370224 129822  12885
13.518922005 7424794801 1388234 129809  13155
13.529914106 7426190513 1395712 129819  13303
13.540900097 7427571087 1380574 129844  13120
13.551903112 7428969801 1398714 129826  13387
13.562899756 7430373834 1404033 129819  13483
13.573914518 7431786615 1412781 129827  13611
13.584913192 7433199829 1413214 129815  13606
13.595913963 7434614864 1415035 129824  13628
13.606913538 7436033096 1418232 129818  13703
13.617913639 7437462214 1429118 129818  13847
13.628914066 7438891662 1429448 129833  13868
13.639913398 7440320032 1428370 129843  13846
13.650912163 7441760263 1440231 129813  14006
13.661911960 7443195235 1434972 129833  13931
13.672916621 7444637772 1442537 129816  14050
13.683901926 7446082240 1444468 129805  14061
13.694917097 7447525060 1442820 129828  14057
13.705902335 7448980485 1455425 129809  14235
13.716911530 7450425002 1444517 129836  14074
13.727901311 7451882576 1457574 129808  14261
13.738914825 7453338135 1455559 129817  14217
13.749903259 7454788944 1450809 129809  14165
13.760900434 7456243469 1454525 129812  14218
13.771912676 7457695750 1452281 129833  14180
13.782913903 7459148435 1452685 129817  14197
13.793900748 7460612952 1464517 129818  14363
13.804901842 7462067160 1454208 129811  14220
13.815926581 7463521961 1454801 129812  14225
13.826902241 7464982408 1460447 129829  14305
13.837911863 7466443652 1461244 129811  14306
13.848901104 7467903873 1460221 129810  14306
13.859901168 7469375963 1472090 129822  14461
13.870901676 7470833333 1457370 129825  14260
13.881913137 7472300259 1466926 129843  14391
13.892899185 7473759688 1459429 129822  14287
13.903913063 7475231156 1471468 129817  14447
13.914912827 7476702848 1471692 129831  14468
13.925899678 7478174004 1471156 129817  14468
13.936899939 7479643766 1469762 129823  14446
13.947900654 7481114011 1470245 129818  14441
13.958923842 7482583849 1469838 129828  14451
13.969913820 7484053591 1469742 129821  14443
13.980911784 7485535158 1481567 129811  14612
13.991913569 7487005843 1470685 129818  14456
14.002900246 7488485240 1479397 129816  14569
14.013915445 7489964388 1479148 129820  14577
14.024914466 7491432551 1468163 129827  14416
14.035913974 7492910799 1478248 129834  14569
14.046911651 7494390020 1479221 129828  14584
14.057898996 7495868108 1478088 129821  14560
14.068901443 7497347034 1478926 129827  14573
14.079913039 7498831377 1484343 129804  14648
14.090913880 7500308768 1477391 129814  14552
14.101923294 7501783555 1474787 129847  14521
14.112902395 7503269356 1485801 129819  14669
14.123912333 7504745617 1476261 129830  14527
14.134901454 7506233567 1487950 129823  14694
14.145901882 7507708684 1475117 129810  14520
14.156913360 7509193938 1485254 129824  14663
14.167912018 7510678725 1484787 129811  14653
14.178913675 7512162239 1483514 129816  14631
14.189900580 7513644146 1481907 129821  14614
14.200899638 7515126796 1482650 129817  14629
14.211901173 7516615700 1488904 129824  14708
14.222896434 7518099073 1483373 129810  14625
14.233899398 7519583284 1484211 129805  14648
14.244912443 7521064265 1480981 129813  14601
14.255909914 7522546659 1482394 129824  14635
14.266901455 7524037532 1490873 129817  14742
14.277901776 7525518128 1480596 129815  14602
14.288913181 7527012759 1494631 129822  14793
14.299915069 7528494330 1481571 129819  14615
14.310901283 7529986169 1491839 129828  14756
14.321912901 7531472788 1486619 129834  14691
14.332902769 7532955299 1482511 129803  14612
14.343914950 7534444057 1488758 129831  14709
14.354900614 7535931609 1487552 129832  14689
14.365911185 7537418754 1487145 129819  14687
14.376912521 7538906157 1487403 129813  14697
14.387899885 7540392589 1486432 129818  14680
14.398923876 7541881279 1488690 129821  14710
14.409913824 7543367334 1486055 129812  14675
14.420911402 7544853431 1486097 129825  14678
14.431913913 7546338019 1484588 129829  14649
14.442913394 7547820932 1482913 129823  14630
14.453902715 7549302457 1481525 129842  14613
14.464912676 7550795497 1493040 129817  14761
14.475901027 7552272968 1477471 129840  14551
14.486912655 7553749756 1476788 129820  14551
14.497901089 7555237833 1488077 129822  14708
14.508912261 7556711333 1473500 129815  14508
14.519900619 7558197441 1486108 129820  14679
14.530901650 7559672096 1474655 129817  14509
14.541921991 7561154194 1482098 129828  14620
14.552902399 7562638961 1484767 129830  14655
14.563913931 7564109424 1470463 129811  14453
14.574902178 7565590483 1481059 129810  14603
14.585899463 7567070308 1479825 129835  14590
14.596901520 7568549880 1479572 129819  14577
14.607899315 7570027470 1477590 129825  14558
14.618913030 7571501301 1473831 129826  14507
14.629913848 7572971273 1469972 129830  14451
14.640900385 7574444638 1473365 129830  14502
14.651901020 7575921357 1476719 129840  14545
14.662901561 7577401515 1480158 129836  14600
14.673912505 7578877368 1475853 129830  14529
14.684923747 7580349072 1471704 129825  14472
14.695901218 7581819239 1470167 129823  14457
14.706915502 7583288818 1469579 129815  14443
14.717901943 7584758772 1469954 129835  14446
14.728914925 7586241658 1482886 129829  14631
14.739901356 7587708177 1466519 129808  14399
14.750914411 7589176823 1468646 129814  14437
14.761894765 7590659816 1482993 129803  14644
14.772899753 7592127207 1467391 129799  14410
14.783913424 7593609083 1481876 129812  14608
14.794902288 7595075537 1466454 129822  14401
14.805914183 7596554876 1479339 129796  14567
14.816899604 7598018498 1463622 129813  14366
14.827912625 7599497558 1479060 129807  14567
14.838929717 7600960378 1462820 129817  14353
14.849913761 7602438215 1477837 129815  14557
14.860901382 7603916871 1478656 129817  14567
14.871914180 7605379088 1462217 129826  14339
14.882913658 7606855107 1476019 129816  14535
14.893913436 7608332059 1476952 129839  14555
14.904899253 7609808899 1476840 129826  14541
14.915913409 7611286340 1477441 129816  14553
14.926913730 7612755125 1468785 129826  14437
14.937902241 7614229555 1474430 129826  14513
14.948913598 7615708161 1478606 129841  14568
14.959900856 7617186456 1478295 129839  14567
14.970914388 7618665025 1478569 129820  14577
14.981910846 7620142512 1477487 129842  14557
14.992901003 7621622209 1479697 129835  14589
15.003912961 7623107863 1485654 129813  14672
15.014903595 7624589604 1481741 129806  14614
15.025900666 7626066335 1476731 129820  14543
15.036900211 7627542843 1476508 129828  14543
15.047899486 7629021053 1478210 129828  14564
15.058902080 7630497413 1476360 129842  14546
15.069901451 7631987944 1490531 129831  14733
15.080899592 7633463476 1475532 129820  14522
15.091901260 7634939732 1476256 129821  14538
15.102900198 7636430958 1491226 129811  14740
15.113911620 7637905558 1474600 129817  14514
15.124909721 7639380759 1475201 129821  14527
15.135913935 7640870384 1489625 129813  14723
15.146912074 7642342994 1472610 129828  14493
15.157900595 7643832273 1489279 129819  14705
15.168900029 7645305433 1473160 129829  14495
15.179900163 7646795596 1490163 129838  14731
15.190914581 7648267990 1472394 129815  14486
15.201915092 7649812242 1544252 141627  5902
15.213912404 7651321032 1508790 141624  141
15.225899387 7652814730 1493698 141624  136
15.237899661 7654197811 1383081 129814  84
15.248913610 7655567664 1369853 129819  61
15.259901617 7656951697 1384033 129822  58
15.270922269 7658322253 1370556 129812  68
15.281912263 7659706936 1384683 129820  61
15.292912307 7661079590 1372654 129839  60
15.303914612 7662459703 1380113 129819  58
15.314900119 7663844124 1384421 129807  57
15.325916128 7665224131 1380007 129816  64
15.336916979 7666597479 1373348 129822  57
15.347917173 7667980874 1383395 129817  57
15.358908808 7669363392 1382518 129831  60
15.369901749 7670746346 1382954 129823  55
15.380899140 7672128646 1382300 129808  58
15.391914502 7673502615 1373969 129813  50
15.402914703 7674885283 1382668 129814  55
15.413912774 7676270066 1384783 129827  56
15.424910545 7677653656 1383590 129825  58
15.435913857 7679036922 1383266 129816  59
15.446901263 7680420525 1383603 129820  59
15.457901475 7681801963 1381438 129823  54
15.468912343 7683183081 1381118 129824  57
15.479913361 7684571034 1387953 129814  63
15.490910965 7685959716 1388682 129824  51
15.501902270 7687341020 1381304 129829  54
15.512900961 7688721367 1380347 129833  52
15.523902436 7690100922 1379555 129816  54
15.534899457 7691480021 1379099 129796  54
15.545899438 7692875333 1395312 129827  49
15.556901029 7694256360 1381027 129834  60
15.567909684 7695636249 1379889 129823  62
15.578902178 7697021741 1385492 129830  58
15.589901056 7698410828 1389087 129823  55
15.600914581 7699788774 1377946 129835  59
15.611913956 7701183970 1395196 129823  52
15.622895502 7702563840 1379870 129820  60
15.633914104 7703943949 1380109 129824  58
15.644899465 7705337984 1394035 129828  58
15.655900036 7706718320 1380336 129811  52
15.666900787 7708113352 1395032 129817  49
15.677913946 7709493165 1379813 129816  56
15.688899467 7710887923 1394758 129824  52
15.699899705 7712273772 1385849 129832  58
15.710923949 7713661254 1387482 129818  54
15.721914871 7715056819 1395565 129821  54
15.732913375 7716438567 1381748 129825  59
15.743913873 7717835136 1396569 129810  53
15.754912477 7719231168 1396032 129802  56
15.765914525 7720612494 1381326 129821  59
15.776912076 7722009026 1396532 129822  58
15.787902780 7723405382 1396356 129818  110
15.798914732 7724801787 1396405 129827  50
15.809900493 7726183590 1381803 129824  52
15.820911824 7727579319 1395729 129826  53
15.831900065 7728974657 1395338 129828  48
15.842898956 7730371185 1396528 129812  56
15.853913458 7731769321 1398136 129816  50
15.864909496 7733168163 1398842 129815  56
15.875912344 7734560876 1392713 129817  54
15.886900408 7735953945 1393069 129819  53
15.897901970 7737353048 1399103 129829  55
15.908901434 7738753871 1400823 129819  55
15.919901499 7740153298 1399427 129804  50
15.930912836 7741552433 1399135 129825  56
15.941899404 7742952008 1399575 129824  52
15.952900072 7744351301 1399293 129826  49
15.963900664 7745751433 1400132 129826  48
15.974900761 7747157285 1405852 129826  49
15.985913786 7748564671 1407386 129824  48
15.996914220 7749964972 1400301 129829  46
16.007917409 7751365066 1400094 129823  50
16.018901523 7752766433 1401367 129814  53
16.029901874 7754168794 1402361 129829  55
16.040915128 7755571561 1402767 129832  58
16.051899269 7756985349 1413788 129819  54
16.062915467 7758390029 1404680 129825  43
16.073913376 7759792152 1402123 129815  49
16.084900047 7761194133 1401981 129812  54
16.095901898 7762606436 1412303 129820  51
16.106900799 7764013403 1406967 129824  51
16.117912704 7765415721 1402318 129802  52
16.128913641 7766820641 1404920 129824  51
16.139912379 7768236730 1416089 129807  45
16.150923004 7769641072 1404342 129822  57
16.161912768 7771053463 1412391 129818  51
16.172914232 7772461565 1408102 129818  51
16.183914868 7773865946 1404381 129818  49
16.194912865 7775284944 1418998 129823  45
16.205914830 7776690118 1405174 129805  52
16.216899947 7778109314 1419196 129815  48
16.227914679 7779514452 1405138 129814  54
16.238912684 7780934402 1419950 129828  48
16.249914655 7782340086 1405684 129823  49
16.260912546 7783759231 1419145 129817  52
16.271900507 7785163980 1404749 129820  52
16.282910762 7786583518 1419538 129832  42
16.293912556 7787988221 1404703 129828  54
16.304899931 7789407036 1418815 129820  50
16.315913592 7790825296 1418260 129819  51
16.326916149 7792235495 1410199 129824  51
16.337898757 7793657518 1422023 129821  49
16.348901349 7795066939 1409421 129832  57
16.359898743 7796487686 1420747 129822  54
16.370900074 7797909913 1422227 129820  47
16.381914735 7799326518 1416605 129811  52
16.392912780 7800741488 1414970 129820  50
16.403901337 7802163394 1421906 129824  46
16.414900239 7803585303 1421909 129819  46
16.425901500 7804994326 1409023 129835  55
16.436899141 7806415768 1421442 129826  54
16.447921223 7807837515 1421747 129828  44
16.458914174 7809259740 1422225 129840  42
16.469912535 7810682829 1423089 129814  44
16.480899836 7812096027 1413198 129817  51
16.491899711 7813520163 1424136 129828  44
16.502916769 7814945805 1425642 129837  45
16.513913989 7816370696 1424891 129830  42
16.524912091 7817794982 1424286 129830  49
16.535898849 7819218968 1423986 129831  45
16.546899670 7820643868 1424900 129831  51
16.557914014 7822068983 1425115 129810  43
16.568913696 7823493808 1424825 129818  48
16.579901534 7824918204 1424396 129824  52
16.590928725 7826339623 1421419 129818  49
16.601901059 7827763092 1423469 129819  49
16.612899294 7829188841 1425749 129821  50
16.623913425 7830617161 1428320 129819  45
16.634914703 7832049309 1432148 129813  45
16.645913701 7833481215 1431906 129822  57
16.656913682 7834909633 1428418 129822  46
16.667915056 7836337996 1428363 129819  45
16.678899487 7837766275 1428279 129824  49
16.689901385 7839195418 1429143 129824  52
16.700899034 7840624891 1429473 129817  46
16.711916301 7842054383 1429492 129827  46
16.722914106 7843483345 1428962 129821  46
16.733925337 7844913220 1429875 129823  47
16.744901188 7846347817 1434597 129814  45
16.755900406 7847784909 1437092 129824  42
16.766898844 7849217432 1432523 129820  50
16.777914258 7850651071 1433639 129823  53
16.788913237 7852084132 1433061 129827  59
16.799898694 7853518596 1434464 129811  42
16.810912392 7854964339 1445743 129824  37
16.821911867 7856399028 1434689 129802  47
16.832899958 7857833868 1434840 129822  48
16.843914533 7859268753 1434885 129819  47
16.854913201 7860714104 1445351 129821  41
16.865900588 7862275564 1561460 141640  108
16.877909110 7863850887 1575323 141627  132
16.889900965 7865422191 1571304 141625  119
16.901900384 7866988844 1566653 141618  119
16.913901042 7868566727 1577883 141626  138
16.925912728 7870133561 1566834 141628  138
16.937912439 7871712245 1578684 141631  131
16.949899782 7873291578 1579333 141626  134
16.961899980 7874863219 1571641 141621  134
16.973913562 7876438645 1575426 141628  152
16.985901461 7878018956 1580311 141630  128
16.997900562 7879600683 1581727 141627  134
17.009900825 7881171241 1570558 141640  133
17.021899859 7882753256 1582015 141624  133
17.033913938 7884338746 1585490 141625  142
17.045923837 7885924408 1585662 141634  149
17.057913419 7887511698 1587290 141627  135
17.069913928 7889088711 1577013 141637  141
17.081914603 7890678196 1589485 141629  140
17.093899421 7892267745 1589549 141628  131
17.105900476 7893858773 1591028 141628  138
17.117912822 7895449090 1590317 141634  152
17.129914517 7897040835 1591745 141621  134
17.141898699 7898633822 1592987 141626  141
17.153911624 7900223443 1589621 141619  137
17.165913146 7901813407 1589964 141623  129
17.177910761 7903409394 1595987 141644  139
17.189899689 7905005051 1595657 141623  156
17.201923009 7906601786 1596735 141618  135
17.213913217 7908199535 1597749 141625  134
17.225901522 7909797611 1598076 141629  138
17.237898824 7911397740 1600129 141621  137
17.249898902 7912999211 1601471 141626  138
17.261913248 7914600855 1601644 141626  149
17.273912430 7916203317 1602462 141633  130
17.285901252 7917806600 1603283 141625  132
17.297963278 7919412971 1606371 141630  139
17.309910952 7921026647 1613676 141627  132
17.321899158 7922632410 1605763 141630  137
17.333900136 7924239486 1607076 141621  151
17.345900301 7925848068 1608582 141634  141
17.357912417 7927457371 1609303 141620  132
17.369914698 7929066606 1609235 141635  134
17.381912581 7930677190 1610584 141626  139
17.393912465 7932289834 1612644 141617  135
17.405912674 7933909273 1619439 141625  145
17.417913360 7935521738 1612465 141627  137
17.429899075 7937134576 1612838 141619  137
17.441899904 7938747597 1613021 141619  134
17.453912305 7940360721 1613124 141623  135
17.465912621 7941981429 1620708 141636  131
17.477900683 7943597197 1615768 141628  158
17.489913494 7945214921 1617724 141623  136
17.501912003 7946831828 1616907 141623  136
17.513922711 7948455543 1623715 141632  136
17.525913534 7950073452 1617909 141637  136
17.537900539 7951692827 1619375 141631  137
17.549902561 7953318062 1625235 141619  142
17.561901050 7954937824 1619762 141631  139
17.573901848 7956558098 1620274 141621  131
17.585900197 7958185101 1627003 141620  133
17.597911756 7959805798 1620697 141626  133
17.609912760 7961427511 1621713 141625  135
17.621914279 7963054855 1627344 141616  156
17.633899691 7964676966 1622111 141628  133
17.645913713 7966300017 1623051 141630  146
17.657899481 7967928941 1628924 141623  129
17.669901247 7969552502 1623561 141631  133
17.681909392 7971181538 1629036 141619  139
17.693904837 7972804235 1622697 141619  156
17.705913303 7974432671 1628436 141619  138
17.717913688 7976056376 1623705 141625  137
17.729911943 7977680191 1623815 141636  138
17.741913142 7979309780 1629589 141634  136
17.753912717 7980934327 1624547 141612  141
17.765899485 7982563747 1629420 141623  144
17.777899714 7984187073 1623326 141625  132
17.789913593 7985817163 1630090 141625  127
17.801900617 7987440825 1623662 141620  138
17.813900676 7989070215 1629390 141621  135
17.825911645 7990699759 1629544 141632  134
17.837922001 7992324071 1624312 141619  150
17.849913206 7993954539 1630468 141627  131
17.861912274 7995578797 1624258 141625  135
17.873902629 7997208700 1629903 141621  131
17.885912902 7998833629 1624929 141625  148
17.897901720 8000464162 1630533 141623  133
17.909900451 8002094058 1629896 141618  150
17.921901010 8003719079 1625021 141626  137
17.933913602 8005350133 1631054 141620  139
17.945898764 8006980602 1630469 141633  129
17.957901349 8008605330 1624728 141622  141
17.969899357 8010235416 1630086 141623  132
17.981912050 8011865666 1630250 141627  146
17.993909045 8013490364 1624698 141621  138
18.005901330 8015120697 1630333 141625  131
18.017900706 8016752084 1631387 141628  128
18.029900204 8018377697 1625613 141629  139
18.041914903 8020008457 1630760 141632  134
18.053900555 8021638395 1629938 141629  144
18.065913210 8023270145 1631750 141635  130
18.077913162 8024895856 1625711 141623  138
18.089912824 8026527192 1631336 141618  129
18.101899442 8028158886 1631694 141627  132
18.113899395 8029790175 1631289 141617  127
18.125911986 8031414594 1624419 141628  157
18.137900675 8033045860 1631266 141627  125
18.149911484 8034677922 1632062 141639  132
18.161912999 8036309641 1631719 141622  136
18.173913298 8037941797 1632156 141619  128
18.185912312 8039568680 1626883 141625  136
18.197912435 8041200491 1631811 141634  148
18.209914657 8042832803 1632312 141639  128
18.221911468 8044464427 1631624 141618  128
18.233901607 8046097297 1632870 141637  134
18.245913046 8047729721 1632424 141628  133
18.257900804 8049362207 1632486 141623  137
18.269913960 8050992604 1630397 141624  147
18.281898763 8052623018 1630414 141621  227
18.293907196 8054256968 1633950 141619  133
18.305898742 8055891677 1634709 141633  138
18.317912017 8057526712 1635035 141624  129
18.329913956 8059161815 1635103 141617  130
18.341899794 8060798141 1636326 141641  146
18.353901686 8062435453 1637312 141626  133
18.365899775 8064075311 1639858 141634  131
18.377913164 8065715922 1640611 141616  133
18.389900315 8067358912 1642990 141626  133
18.401900967 8069003443 1644531 141620  132
18.413913446 8070654332 1650889 141621  149
18.425912661 8072316862 1662530 141622  126
18.437899986 8073985680 1668818 141627  113
18.449911455 8075653791 1668111 141610  132
18.461902067 8079415037 3761246 141622  6252
18.473923816 8089275662 9860625 141625  43118
18.485901627 8100085990 10810328 141617  49930
18.497900723 8108175480 8089490 141635  42216
18.509905068 8117430515 9255035 129816  41674
18.520913316 8124371368 6940853 141632  28602
18.532916414 8127914950 3543582 129838  71666
18.543904065 8137782315 9867365 141623  43729
18.555914018 8148597122 10814807 141629  49361
18.567915617 8156808298 8211176 141633  38758
18.579901351 8166209033 9400735 141628  41736
18.591906404 8173073028 6863995 141625  31854
18.603914696 8175711777 2638749 129853  87974
18.614903059 8178610286 2898509 129809  129596
18.625913918 8186896869 8286583 141627  81768
18.637914679 8196346458 9449589 141618  40685
18.649915032 8202961756 6615298 141640  27104
18.661903034 8213821332 10859576 141624  50046
18.673916022 8224632695 10811363 141624  50256
18.685915144 8227371507 2738812 129831  39567
18.696902285 8235840968 8469461 129830  69010
18.707915780 8245448790 9607822 141645  43102
18.719900549 8251649289 6200499 141613  23018
18.731913950 8262352284 10702995 141625  48185
18.743913799 8273143598 10791314 141609  49304
18.755900581 8275881853 2738255 129833  37379
18.766912362 8278561008 2679155 129828  113120
18.777912227 8281461488 2900480 141620  123640
18.789916122 8284360140 2898652 129832  129591
18.800900256 8287259120 2898980 129822  129625
18.811903228 8290128012 2868892 129805  127248
18.822913315 8299285923 9157911 129839  55447
18.833915547 8307985885 8699962 129818  37513
18.844914325 8314764773 6778888 141627  26510
18.856903036 8324627581 9862808 141622  44551
18.868914899 8335477738 10850157 141622  49351
18.880899473 8338217775 2740037 129839  45691
18.891917242 8346646380 8428605 129823  62261
18.902914380 8356931984 10285604 141624  46727
18.914914045 8363408770 6476786 141621  29480
18.926902657 8373130143 9721373 141637  43866
18.938910139 8383984714 10854571 141625  49078
18.950915844 8386724089 2739375 129835  52105
18.961917019 8389403019 2678930 129826  110714
18.972916037 8392337462 2934443 129833  110626
18.983912634 8402873988 10536526 141629  46741
18.995914383 8413671751 10797763 141624  49058
19.007901565 8421506368 7834617 141622  32920
19.019902224 8431086170 9579802 129830  45629
19.030913718 8438041282 6955112 141641  26168
19.042901579 8441387136 3345854 129834  76664
19.053917255 8451411662 10024526 141630  45287
19.065913726 8462198021 10786359 141622  49003
19.077902472 8470033737 7835716 141633  33535
19.089908977 8479629499 9595762 129825  44615
19.100901362 8486580299 6950800 141635  25553
19.112912303 8489150051 2569752 129824  78657
19.123904991 8492048479 2898428 129813  128637
19.134903049 8494681501 2633022 129819  111458
19.145914480 8497579985 2898484 129822  129507
19.156901391 8500478580 2898595 129814  129596
19.167900666 8502842112 2363532 129825  102454
19.178912304 8505740764 2898652 129837  129598
19.189913565 8508639192 2898428 129813  129610
19.200899683 8511538078 2898886 129829  129551
19.211914254 8514437827 2899749 129804  129548
19.222914413 8517337354 2899527 129797  129518
19.233913510 8520171850 2834496 129797  124765
19.244915581 8527155884 6984034 141636  81551
19.256913503 8536747382 9591498 129824  42865
19.267914558 8543697930 6950548 141628  28913
19.279900019 8554440586 10742656 141627  51306
19.291914882 8565011202 10570616 129840  49458
19.302913763 8567723680 2712478 129830  18008
19.313903980 8574265843 6542163 129829  76981
19.324914089 8583383741 9117898 129827  40061
19.335912997 8591738767 8355026 141620  35163
19.347914445 8601306064 9567297 129834  46928
19.358906473 8609957950 8651886 129810  38024
19.369901741 8615798959 5841009 141643  26165
19.381899536 8618478589 2679630 129848  94627
19.392928994 8621377016 2898427 129826  129563
19.403914829 8629106195 7729179 129824  69058
19.414913220 8638616495 9510300 141631  40649
19.426913749 8645500156 6883661 141632  25029
19.438913050 8656338372 10838216 141621  50478
19.450914832 8667155525 10817153 141625  49910
19.462911781 8669894229 2738704 129823  31912
19.473902696 8678105843 8211614 129830  72477
19.484913547 8687454148 9348305 141617  40467
19.496900055 8694002719 6548571 141621  25763
19.508901387 8704869302 10866583 141615  49729
19.520913489 8715667440 10798138 141623  50577
19.532914938 8718407263 2739823 129834  45080
19.543927463 8721086640 2679377 129836  105123
19.554903700 8723984209 2897569 141632  122630
19.566901748 8726882637 2898428 129839  129596
19.577900360 8729780841 2898204 129840  129599
19.588914615 8732661936 2881095 129834  128074
19.599901392 8741819913 9157977 129821  53595
19.610914490 8750428170 8608257 129821  36929
19.621901084 8757293243 6865073 141622  26846
19.633903167 8767165679 9872436 141622  43951
19.645912399 8778013168 10847489 141634  49359
19.657899994 8780745902 2732734 129491  43908
19.668178946 8788474374 7728472 118347  62658
19.678913719 8798018451 9544077 141615  41441
19.690911161 8804637113 6618662 141620  27191
19.702913680 8815493243 10856130 141618  50029
19.714916245 8826292762 10799519 141618  50184
19.726906854 8829031241 2738479 129821  38282
19.737901495 8831710172 2678931 129822  107498
19.748913649 8835141281 3431109 141638  122437
19.760913098 8845444119 10302838 141626  45415
19.772893299 8856236302 10792183 141616  49147
19.784913395 8864070451 7834149 141631  32484
19.796914414 8873662656 9592205 129819  44118
19.807902385 8880616872 6954216 141634  26221
19.819900450 8884158528 3541656 129833  74827
19.830902495 8894030625 9872097 141620  43131
19.842912596 8904847672 10817047 141632  48936
19.854900382 8912860452 8012780 141615  33289
19.866914488 8922458397 9597945 141626  42584
19.878902649 8929342058 6883661 141636  26705
19.890899514 8931964791 2622733 129838  84545
19.901915632 8934862771 2897980 129825  129589
19.912914607 8937496717 2633946 129831  110633
19.923915188 8940395341 2898624 129832  129604
19.934900349 8943293545 2898204 129814  129610
19.945913241 8945656595 2363050 129826  103701
19.956911612 8948555056 2898461 129834  129607
19.967900219 8951453708 2898652 129828  129616
19.978899994 8954352136 2898428 129817  129608
19.989914989 8957250564 2898428 129821  129619
20.000910703 8960149215 2898651 129826  129630
20.011916571 8962915035 2765820 141638  116540
20.023913310 8965131124 2216089 129826  126620
20.034916171 8968029552 2898428 129820  129610
20.045913959 8970927756 2898204 129812  129562
20.056901240 8973826183 2898427 129830  129516
20.067914505 8976724611 2898428 129815  129511
20.078902299 8979622815 2898204 129821  129498
20.089912980 8982521584 2898769 129820  129543
20.100900698 8985421109 2899525 129819  129561
20.111914160 8988320634 2899525 129811  129636
20.122914828 8991220159 2899525 129804  129635
20.133913799 8994119459 2899300 129811  129644
20.144911963 8997018984 2899525 129818  129636
20.155901821 8998944124 1925140 129845  102469
20.166914133 9004535434 5591310 129832  110901
20.177900240 9013136064 8600630 129829  36691
20.188901271 9022011404 8875340 141643  36725
20.200902200 9030590452 8579048 129818  37558
20.211913371 9039405777 8815325 129822  39972
20.222902526 9045991682 6585905 141636  27529
20.234899768 9050602563 4610881 129824  79994
20.245903109 9060849621 10247058 141634  46038
20.257899361 9070288787 9439166 141635  40736
20.269901846 9078868449 8579662 129821  43883
20.280903734 9088510019 9641570 141633  42315
20.292922403 9094523953 6013934 141646  24520
20.304902624 9097203330 2679377 129828  86358
20.315902453 9100101534 2898204 129836  129599
20.326914967 9107503574 7402040 129824  73815
20.337898828 9117159918 9656344 129832  42814
20.348901112 9124107386 6947468 141631  26407
20.360899251 9134580422 10473036 129822  51619
20.371914666 9143156101 8575679 129820  38322
20.382901101 9148060086 4903985 141624  30915
20.394915639 9154624800 6564714 129828  77756
20.405902040 9163227271 8602471 129817  36709
20.416900365 9172112869 8885598 141632  36904
20.428901720 9181190556 9077687 129811  42582
20.439911684 9190180359 8989803 129825  40879
20.450914800 9196095323 5914964 141625  24530
20.462902231 9198774924 2679601 129835  95418
20.473903429 9201673082 2898158 129809  128842
20.484903891 9204308389 2635307 129842  111852
20.495899632 9207207041 2898652 129814  129607
20.506900243 9210105432 2898391 129806  129608
20.517900270 9214693586 4588154 129831  90821
20.528912662 9223641530 8947944 129826  38927
20.539901977 9233807725 10166195 141622  44797
20.551901225 9241381359 7573634 129823  32415
20.562903889 9250971717 9590358 129821  43947
20.573913484 9257922735 6951018 141619  25772
20.585910783 9261316027 3393292 129826  68258
20.596902428 9271291764 9975737 141611  43543
20.608900079 9282074763 10782999 141614  49378
20.620914808 9289898650 7823887 141642  32377
20.632899699 9299510315 9611665 129805  43224
20.643900475 9306455478 6945163 141623  26945
20.655901353 9309025490 2570012 129850  79719
20.666917245 9311924142 2898652 129825  127383
20.677912856 9318651079 6726937 141613  84154
20.689900864 9329125195 10474116 129824  48875
20.700902606 9336099816 6974621 141625  27791
20.712900200 9346642434 10542618 129839  51734
20.723912699 9355254609 8612175 129825  37209
20.734901087 9360171656 4917047 141622  20346
20.746924246 9366724748 6553092 129839  83473
20.757904806 9375331500 8606752 129823  36760
20.768900584 9384192593 8861093 141622  37330
20.780915187 9392748128 8555535 129827  38781
20.791901068 9402952553 10204425 141624  47625
20.803915322 9408435194 5482641 141648  26380
20.815916851 9411114752 2679558 129842  87561
20.826916099 9414013180 2898428 129821  129531
20.837914347 9416649115 2635935 129828  110614
20.848901508 9419547094 2897979 129834  129583
20.859912856 9422445298 2898204 129833  129609
20.870899437 9424808244 2362946 129844  103364
20.881911908 9427706810 2898566 129826  129604
20.892907850 9430605685 2898875 129841  129619
20.903910025 9433504113 2898428 129824  129610
20.914913196 9436402541 2898428 129823  129619
20.925913868 9439300969 2898428 129832  129618
20.936899394 9441900570 2599601 141656  115006
20.948901573 9451064541 9163971 129832  79792
20.959913504 9459825415 8760874 129814  37810
20.970900623 9466538531 6713116 141639  25707
20.982902398 9476403986 9865455 141624  45796
20.994913657 9487245621 10841635 141625  49533
21.006902001 9489983877 2738256 129825  45170
21.017915167 9498421720 8437843 129825  62192
21.028900668 9508642656 10220936 141632  46659
21.040930583 9515209012 6566356 141638  29531
21.052903118 9525096976 9887964 141615  43597
21.064900530 9535812779 10715803 141623  49642
21.076915653 9538552686 2739907 129834  48499
21.087901770 9541231841 2679155 129820  113965
21.098917325 9544532274 3300433 129837  111601
21.109898782 9554684305 10152031 141612  44475
21.121913801 9565473951 10789646 141622  49174
21.133901509 9573302731 7828780 141634  42727
21.145913368 9582898667 9595936 129826  44446
21.156913443 9589852589 6953922 141632  26744
21.168902162 9593392802 3540213 129832  77401
21.179915763 9603248050 9855248 141611  43936
21.191902198 9614050392 10802342 141616  49931
21.203925894 9621992225 7941833 141617  49730
21.215915852 9631434599 9442374 129824  43270
21.226911743 9638380420 6945821 141616  26791
21.238901202 9640950423 2570003 129832  85461
21.249903166 9643849075 2898652 129832  128973
21.260914567 9646484113 2635038 129831  111152
21.271899932 9649382765 2898652 129821  129606
21.282914397 9652281445 2898680 129812  129630
21.293899417 9655907529 3626084 129831  100548
21.304900152 9665640207 9732678 141618  42150
21.316911735 9676331913 10691706 141623  47791
21.328900313 9683895983 7564070 129835  32771
21.339914244 9693489804 9593821 129824  44023
21.350914296 9700434945 6945141 141640  28528
21.362915041 9703674016 3239071 129829  75353
21.373902471 9713833550 10159534 141629  44401
21.385899670 9724601541 10767991 141619  49477
21.397914639 9732442507 7840966 141626  38211
21.409903287 9742046074 9603567 129811  46171
21.420916059 9748995467 6949393 141643  27200
21.432901507 9751564995 2569528 129823  76198
21.443917389 9754463423 2898428 129820  128041
21.454914890 9761188568 6725145 141630  84181
21.466915792 9771721767 10533199 129816  48970
21.477912090 9778650269 6928502 141619  25294
21.489900472 9789185551 10535282 129830  52440
21.500910993 9797801730 8616179 129814  38378
21.511901611 9802456471 4654741 129823  19795
21.522913482 9808042485 5586014 129838  82722
21.533902863 9816653138 8610653 129814  36939
21.544911644 9826512099 9858961 141626  42932
21.556914397 9834378197 7866098 129825  34316
21.567900908 9843623032 9244835 129825  43047
21.578915020 9850563281 6940249 141637  32527
21.590899104 9853133676 2570395 129844  76948
21.601913712 9856031831 2898155 129807  129503
21.612900907 9858667814 2635983 129840  111806
21.623912698 9861566466 2898652 129832  129608
21.634913429 9864464894 2898428 129817  129619
21.645910500 9866827755 2362861 129844  102530
21.656913906 9869726630 2898875 129832  129618
21.667899529 9872625282 2898652 129834  129615
21.678913018 9875523934 2898652 129836  129623
21.689900645 9878422586 2898652 129827  129631
21.700904030 9881321461 2898875 129839  129638
21.711914745 9884141759 2820298 129826  123742
21.722919709 9886038599 1896840 129825  107946
21.733902537 9888937027 2898428 129816  129599
21.744912181 9891835902 2898875 129837  129638
21.755900936 9894734330 2898428 129827  129617
21.766900188 9897632982 2898652 129822  129635
21.777900882 9900531634 2898652 129838  129628
21.788898506 9903430285 2898651 129837  129627
21.799921762 9906328713 2898428 129834  129620
21.810900583 9909227141 2898428 129820  129620
21.821913690 9912125569 2898428 129827  129619
21.832901151 9915024220 2898651 129815  129631
21.843914676 9917923096 2898876 129833  129640
21.854900114 9920170644 2247548 129824  102826
21.865899835 9921550591 1379947 129814  129616
21.876900810 9924449466 2898875 129830  129617
21.887901661 9927347670 2898204 129821  129596
21.898912499 9930246098 2898428 129827  129522
21.909915107 9933144526 2898428 129821  129515
21.920912738 9936043177 2898651 129829  129514
21.931913296 9938941605 2898428 129835  129526
21.942910464 9941840033 2898428 129827  129524
21.953901475 9944738461 2898428 129825  129563
21.964915450 9947636664 2898203 129818  129609
21.975902944 9950534868 2898204 129829  129611
21.986912772 9953433296 2898428 129827  129619
21.997901997 9956331921 2898625 129822  129621
22.008910188 9959231263 2899342 129808  129663
22.019912662 9962130790 2899527 129803  129633
22.030900563 9965030092 2899302 129810  129630
22.041901905 9967929869 2899777 129832  129656
22.052900663 9970829366 2899497 129811  129632
22.063912957 9973728891 2899525 129824  129649
22.074900872 9976628417 2899526 129825  129635
22.085909140 9979527943 2899526 129832  129633
22.096915455 9982427102 2899159 129804  129623
22.107914249 9985326546 2899444 129817  129631
22.118915421 9988225848 2899302 129821  129635
22.129913552 9991125374 2899526 129834  129640
22.140901560 9992227295 1101921 129812  102057
22.151900807 9993326365 1099070 129840  129657
22.162900678 9994576687 1250322 61450  61175
22.173901779 9996309543 1732856 14897  14692
22.184916545 9998042354 1732811 14898  14655
22.195906756 9999775166 1732812 14904  14609
22.206917743 10001507934 1732768 14897  14581
22.217905759 10003240776 1732842 14902  14617
22.228927710 10004973361 1732585 14897  14613
22.239906967 10006706146 1732785 14902  14676
22.250906375 10008438982 1732836 14903  14731
22.261905194 10010171797 1732815 14902  14733
22.272919025 10011904608 1732811 14897  14718
22.283917519 10013637420 1732812 14900  14720
22.294905527 10015370112 1732692 14911  14722
22.305921785 10017102924 1732812 14901  14720
22.316903806 10018835618 1732694 14894  14717
22.327903167 10020568332 1732714 14898  14716
22.338915848 10022301107 1732775 14906  14720
22.349919564 10024033887 1732780 14898  14717
22.360905935 10025766502 1732615 14903  14733
22.371920192 10027499314 1732812 14898  14725
22.382927933 10029232190 1732876 14906  14731
22.393921051 10030964774 1732584 14893  14722
22.404917640 10032697438 1732664 14889  14724
22.415905941 10034430201 1732763 14899  14718
22.426920608 10036162893 1732692 14906  14720
22.437907076 10037895585 1732692 14904  14728
22.448919108 10039628382 1732797 14892  14720
22.459906852 10041361088 1732706 14899  14720
22.470916920 10043093856 1732768 14901  14719
22.481918304 10044826592 1732736 14898  14719
22.492918510 10046559283 1732691 14906  14731
22.503905764 10048292039 1732756 14907  14728
22.514902882 10050024907 1732868 14903  14718
22.525916860 10051757705 1732798 14898  14722
22.536903490 10053490518 1732813 14898  14717
22.547918466 10055290047 1799529 62054  47063
22.558921810 10058510877 3220830 129868  95188
22.569924902 10061733307 3222430 129865  95248
22.580912655 10064966046 3232739 129865  95492
22.591926544 10068192827 3226781 129869  95281
22.602916768 10071420789 3227962 129860  95326
22.613924740 10074646659 3225870 129868  95264
22.624912727 10077875044 3228385 129862  95304
22.635911009 10081095240 3220196 129871  95088
22.646926630 10084324738 3229498 129860  95357
22.657926024 10087549997 3225259 129865  95345
22.668936026 10090783130 3233133 129866  95537
22.679916244 10094014003 3230873 129865  95488
22.690927628 10097237119 3223116 129863  95265
22.701915883 10100465910 3228791 129863  95417
22.712910590 10103698345 3232435 129868  95541
22.723914315 10106924255 3225910 129863  95370
22.734924300 10110158956 3234701 129858  95594
22.745913841 10113386759 3227803 129868  95419
22.756927823 10116612719 3225960 129862  95338
22.767924704 10119844598 3231879 129867  95526
22.778922878 10123070736 3226138 129820  95346
22.789924579 10126299438 3228702 129862  95427
22.800911927 10129526287 3226849 129860  95372
22.811920629 10132753775 3227488 129859  95370
22.822912973 10135976131 3222356 129846  95223
22.833925905 10139206491 3230360 129854  95482
22.844913882 10142435454 3228963 129867  95441
22.855925287 10145666798 3231344 129828  95472
22.866926745 10148895729 3228931 129862  95464
22.877925123 10152124900 3229171 129872  95458
22.888915250 10155351797 3226897 129859  95370
22.899912619 10158578968 3227171 129868  95386
22.910928273 10161803235 3224267 129862  95326
22.921912924 10165032747 3229512 129859  95432
22.932911832 10168265388 3232641 129866  95530
22.943926277 10171491212 3225824 129857  95367
22.954926425 10174715196 3223984 129781  95305
22.965921026 10177949524 3234328 129854  95577
22.976927041 10181183763 3234239 129817  95609
22.987914671 10184408435 3224672 129836  95298
22.998911687 10187630938 3222503 129863  95235
23.009911641 10190863717 3232779 129860  95546
23.020912342 10194087342 3223625 129858  95268
23.031918944 10197315390 3228048 129865  95406
23.042906415 10200550038 3234648 129823  95581
23.053920069 10203773737 3223699 129874  95298
23.064912660 10206810076 3036339 129872  98033
23.075926806 10207517052 706976 141634  141474
23.087903710 10208224193 707141 141649  141489
23.099901882 10208931294 707101 141644  141483
23.111921151 10209638205 706911 141624  141463
23.123901733 10210345326 707121 141647  141485
23.135913095 10211052397 707071 141641  141480
23.147902757 10211759398 707001 141631  141456
23.159899726 10214905285 3145887 129598  83832
23.170904010 10216996970 2091685 129849  111531
23.181904958 10217903951 906981 129839  128749
23.192917976 10218811198 907247 129828  129613
23.203906737 10219718228 907030 129839  129671
23.214919828 10220625748 907520 129829  129678
23.225921360 10221532589 906841 129819  129665
23.236905010 10222440074 907485 129828  129675
23.247903815 10223346838 906764 129825  129669
23.258927307 10224253987 907149 129831  129683
23.269905404 10225160793 906806 129821  129673
23.280917606 10226068075 907282 129841  129690
23.291937504 10227057336 989261 141635  141477
23.303921909 10227964576 907240 129820  129666
23.314907651 10228871536 906960 129822  129675
23.325919705 10229778762 907226 129821  129677
23.336921273 10230685729 906967 129837  129686
23.347907617 10231593080 907351 129821  129666
23.358905658 10232500062 906982 129826  129674
23.369908343 10233407526 907464 129838  129688
23.380905164 10234314521 906995 129840  129689
23.391904599 10235222027 907506 129839  129686
23.402928427 10236128966 906939 129825  129676
23.413905782 10237036115 907149 129829  129680
23.424903099 10237942970 906855 129835  129686
23.435907934 10238850147 907177 129833  129683
23.446905839 10239757149 907002 129851  129698
23.457907493 10240664284 907135 129817  129669
23.468920171 10241571342 907058 129832  129677
23.479917349 10242478596 907254 129828  129679
23.490903480 10243385696 907100 129827  129676
23.501917038 10244292879 907183 129850  129697
23.512905249 10245200064 907185 129835  129678
23.523905027 10246034716 834652 141653  140378
23.535903176 10246883361 848645 141634  140889
23.547913938 10247732165 848804 141638  141147
23.559923023 10248580757 848592 141639  141217
23.571901525 10249429712 848955 141644  141262
23.583899477 10250278441 848729 141629  141223
23.595901312 10251127428 848987 141646  141259
23.607899391 10251976199 848771 141632  141248
23.619901836 10252825072 848873 141639  141240
23.631898892 10253673726 848654 141628  141215
23.643915881 10254522311 848585 141636  141228
23.655912295 10255371184 848873 141633  141248
23.667912998 10256220009 848825 141623  141238
23.679900502 10257068732 848723 141632  141255
23.691913838 10257917582 848850 141659  141273
23.703913867 10258765851 848269 141640  141182
23.715909808 10259614509 848658 141627  141246
23.727903507 10260462965 848456 141652  141248
23.739914270 10261311574 848609 141635  141236
23.751902634 10262160197 848623 141624  141230
23.763913743 10263008749 848552 141630  141239
23.775901645 10263857372 848623 141648  141252
23.787913797 10264705897 848525 141628  141219
23.799913969 10265554584 848687 141620  141243
23.811901577 10266403130 848546 141634  141243
23.823901723 10267251753 848623 141631  141243
23.835913515 10268100423 848670 141623  141240
23.847913443 10268948812 848389 141638  141230
23.859881502 10269797408 848596 141631  141237
23.871910868 10270724651 927243 141644  141287
23.883919450 10271631562 906911 129827  129639
23.894917221 10272538851 907289 129823  129669
23.905906575 10273445853 907002 129849  129692
23.916917163 10274353275 907422 129846  129689
23.927920045 10275260214 906939 129832  129673
23.938919836 10276167517 907303 129838  129689
23.949920951 10277074386 906869 129830  129682
23.960918432 10277981703 907317 129829  129674
23.971906599 10278888698 906995 129836  129684
23.982905110 10279795861 907163 129823  129663
23.993905276 10280702639 906778 129822  129660
24.004919453 10281610061 907422 129854  129703
24.015930139 10282599372 989311 141637  141481
24.027923570 10283506597 907225 129840  129691
24.038919124 10284413480 906883 129835  129687
24.049910273 10285320902 907422 129831  129677
24.060918544 10286227627 906725 129823  129675
24.071905535 10287134682 907055 129813  129658
24.082917589 10288041698 907016 129846  129690
24.093907204 10288948840 907142 129823  129668
24.104919939 10289855674 906834 129808  129652
24.115917830 10290763082 907408 129840  129689
24.126905604 10291669993 906911 129829  129672
24.137917482 10292577415 907422 129835  129681
24.148906054 10293484200 906785 129832  129681
24.159907728 10294391398 907198 129825  129679
24.170917853 10295380750 989352 141637  141478
24.182923205 10296288165 907415 129833  129686
24.193904236 10297195090 906925 129842  129688
24.204917531 10298102428 907338 129834  129684
24.215904612 10298987294 884866 129825  129474
24.226905307 10299819052 831758 141638  140386
24.238902318 10300667931 848879 141638  141030
24.250902970 10301516435 848504 141635  141120
24.262913363 10302365152 848717 141629  141244
24.274900054 10303214024 848872 141636  141258
24.286899580 10304062699 848675 141649  141219
24.298899962 10304911512 848813 141633  141235
24.310912014 10305760187 848675 141634  141235
24.322923046 10306608586 848399 141639  141199
24.334915861 10307457174 848588 141640  141216
24.346913709 10308305675 848501 141637  141227
24.358901318 10309154344 848669 141645  141242
24.370911737 10310002881 848537 141639  141205
24.382902479 10310851664 848783 141641  141259
24.394900878 10311700107 848443 141631  141205
24.406914853 10312548579 848472 141635  141230
24.418913535 10313397435 848856 141643  141261
24.430901564 10314245806 848371 141636  141237
24.442912755 10315094357 848551 141627  141228
24.454914194 10315942901 848544 141628  141222
24.466913136 10316791207 848306 141629  141212
24.478910058 10317639986 848779 141637  141262
24.490902290 10318488535 848549 141637  141225
24.502901222 10319337210 848675 141637  141257
24.514904230 10320185726 848516 141638  141238
24.526899983 10321034331 848605 141633  141244
24.538914388 10321882755 848424 141637  141202
24.550913223 10322731351 848596 141642  141260
24.562914072 10323580196 848845 141632  141267
24.574900097 10323833960 253764 41587  41278
24.592186908 10323835147 1187 56  1
24.608175642 10323836466 1319 90  3
24.626227082 10323837653 1187 57  1
24.640164622 10323838840 1187 57  0
24.647451045 10323842119 3279 208  49
