30133405.000000 49567.000000 1147.000000
29947100.000000 49335.000000 792.000000
30084259.000000 49406.000000 1002.000000
30038209.000000 49371.000000 1183.000000
30135539.000000 48863.000000 1025.000000
30142942.000000 49228.000000 1251.000000
29813967.000000 48964.000000 1125.000000
30106233.000000 49481.000000 1115.000000
30082716.000000 49591.000000 1156.000000
29973473.000000 49545.000000 1111.000000
30148998.000000 48984.000000 913.000000
29785175.000000 48835.000000 1227.000000
30169021.000000 49105.000000 999.000000
29817482.000000 48884.000000 1512.000000
30151979.000000 49137.000000 1012.000000
29910126.000000 49049.000000 1225.000000
29856471.000000 49021.000000 1552.000000
30106588.000000 48809.000000 1185.000000
30139293.000000 49283.000000 857.000000
30107625.000000 49550.000000 1279.000000
30131523.000000 49368.000000 1002.000000
30140242.000000 49745.000000 919.000000
30137380.000000 49091.000000 1267.000000
30120964.000000 49668.000000 1029.000000
30134963.000000 49029.000000 1154.000000
29997728.000000 49486.000000 888.000000
29795181.000000 48449.000000 1377.000000
30119511.000000 49578.000000 903.000000
30159745.000000 49400.000000 706.000000
29904321.000000 48820.000000 813.000000
30081100.000000 49208.000000 1302.000000
30224327.000000 49240.000000 983.000000
29501005.000000 47936.000000 946.000000
30067199.000000 49049.000000 801.000000
30040142.000000 49195.000000 1047.000000
30102190.000000 49247.000000 1039.000000
30004066.000000 49417.000000 969.000000
29905259.000000 49244.000000 1162.000000
30238489.000000 49135.000000 539.000000
30153189.000000 49956.000000 877.000000
30171506.000000 48984.000000 1117.000000
30090137.000000 48996.000000 898.000000
29950384.000000 49413.000000 1191.000000
30139861.000000 49478.000000 792.000000
30064375.000000 49383.000000 1195.000000
30193989.000000 49419.000000 799.000000
30122218.000000 49159.000000 1273.000000
30159857.000000 49651.000000 1072.000000
30132421.000000 49640.000000 1019.000000
30095996.000000 49334.000000 861.000000
30064846.000000 48886.000000 973.000000
30022779.000000 49060.000000 1146.000000
30109285.000000 48968.000000 1029.000000
30158017.000000 49571.000000 1072.000000
30086513.000000 49322.000000 1190.000000
30129424.000000 49436.000000 1083.000000
30119093.000000 49571.000000 839.000000
30225539.000000 49355.000000 893.000000
30243791.000000 48675.000000 693.000000
30193235.000000 49357.000000 866.000000
30141222.000000 49783.000000 885.000000
30192440.000000 49502.000000 952.000000
30261185.000000 49345.000000 990.000000
29983125.000000 49197.000000 758.000000
29932787.000000 48798.000000 1150.000000
30118065.000000 49569.000000 1056.000000
30132633.000000 49243.000000 1235.000000
30030885.000000 48580.000000 655.000000
30052904.000000 49452.000000 1391.000000
30189733.000000 49257.000000 1071.000000
30018920.000000 49595.000000 947.000000
30141802.000000 49485.000000 1147.000000
30179705.000000 49147.000000 912.000000
29915834.000000 49665.000000 831.000000
30208601.000000 49254.000000 657.000000
30126282.000000 48969.000000 1070.000000
30090821.000000 49141.000000 1455.000000
30154581.000000 49351.000000 1052.000000
30177629.000000 49216.000000 1048.000000
30109200.000000 48977.000000 1375.000000
29881471.000000 48576.000000 976.000000
29855078.000000 48586.000000 1440.000000
29896009.000000 48751.000000 944.000000
30194366.000000 49443.000000 754.000000
29822125.000000 49120.000000 948.000000
27828985.000000 44223.000000 883.000000
30057534.000000 49188.000000 903.000000
30072966.000000 48938.000000 1077.000000
30165271.000000 49720.000000 955.000000
30123540.000000 49211.000000 1007.000000
29980234.000000 48868.000000 1016.000000
30097191.000000 49714.000000 1208.000000
30098598.000000 49268.000000 1520.000000
30037360.000000 48460.000000 1000.000000
30156423.000000 49383.000000 1072.000000
30178972.000000 49361.000000 812.000000
30089758.000000 49576.000000 930.000000
30135309.000000 49209.000000 839.000000
30045945.000000 49537.000000 910.000000
29815787.000000 48997.000000 1301.000000
