27582416.000000 92253.000000 2407.000000
27974958.000000 88420.000000 2398.000000
27897317.000000 87941.000000 2320.000000
27798433.000000 87419.000000 2344.000000
27975211.000000 84211.000000 2557.000000
27929331.000000 85394.000000 2357.000000
26914943.000000 84213.000000 2048.000000
27840283.000000 87374.000000 2370.000000
27838659.000000 87797.000000 2309.000000
27930306.000000 89175.000000 2445.000000
27972096.000000 89446.000000 2403.000000
27962604.000000 87771.000000 2484.000000
27719565.000000 83929.000000 2646.000000
28003666.000000 88182.000000 2351.000000
27398182.000000 85714.000000 2346.000000
28003528.000000 88313.000000 2254.000000
27710416.000000 93239.000000 2509.000000
27794913.000000 87200.000000 2446.000000
28053111.000000 88389.000000 2286.000000
27908385.000000 84384.000000 2556.000000
27817137.000000 87841.000000 2503.000000
27814628.000000 84273.000000 2480.000000
27965027.000000 85477.000000 2429.000000
27903551.000000 88789.000000 2178.000000
27857168.000000 87931.000000 2319.000000
27760160.000000 87728.000000 2504.000000
28022985.000000 84393.000000 2342.000000
27599531.000000 83394.000000 2389.000000
27910006.000000 88168.000000 2339.000000
27435509.000000 87254.000000 2491.000000
28021416.000000 84985.000000 2380.000000
27872802.000000 84527.000000 2374.000000
27716681.000000 86527.000000 2189.000000
28028347.000000 88660.000000 2221.000000
27807480.000000 92296.000000 2377.000000
27809214.000000 87770.000000 2298.000000
27858999.000000 88356.000000 2497.000000
27034111.000000 80791.000000 2245.000000
27919970.000000 89773.000000 2387.000000
27763029.000000 85186.000000 2508.000000
27975760.000000 84923.000000 2494.000000
27926239.000000 85320.000000 2523.000000
27845848.000000 87871.000000 2393.000000
27930321.000000 88121.000000 2332.000000
27823953.000000 91677.000000 2387.000000
27992681.000000 88305.000000 2188.000000
28064499.000000 88461.000000 2095.000000
27909010.000000 86978.000000 2232.000000
27316082.000000 91844.000000 2218.000000
27833414.000000 87863.000000 2502.000000
27682006.000000 85104.000000 2358.000000
27789580.000000 84653.000000 2421.000000
27977893.000000 88227.000000 2200.000000
27832342.000000 87929.000000 2336.000000
27948731.000000 88100.000000 2317.000000
27919780.000000 87961.000000 2449.000000
27652203.000000 86143.000000 2519.000000
27652626.000000 86368.000000 2712.000000
27873778.000000 87252.000000 2436.000000
27962343.000000 87964.000000 2274.000000
27865970.000000 91914.000000 2626.000000
27932955.000000 87497.000000 2321.000000
26919073.000000 84280.000000 2114.000000
27903290.000000 87716.000000 2325.000000
27669053.000000 92110.000000 2653.000000
27869610.000000 87216.000000 2444.000000
27867715.000000 87266.000000 2390.000000
27927715.000000 87080.000000 2239.000000
27979864.000000 88398.000000 2356.000000
27887787.000000 86221.000000 2607.000000
27999677.000000 87417.000000 2308.000000
27923105.000000 84747.000000 2473.000000
27782357.000000 85128.000000 2407.000000
27953576.000000 87688.000000 2468.000000
27831172.000000 88432.000000 2372.000000
27934530.000000 87536.000000 2442.000000
27889075.000000 88091.000000 2348.000000
27816309.000000 88946.000000 2578.000000
27982346.000000 88337.000000 2495.000000
27823236.000000 88625.000000 2486.000000
27763320.000000 87581.000000 2501.000000
27738487.000000 83995.000000 2509.000000
27169217.000000 84895.000000 2182.000000
27990261.000000 88539.000000 2389.000000
27961567.000000 87725.000000 2213.000000
27769374.000000 88062.000000 2329.000000
27658871.000000 91700.000000 2582.000000
27783803.000000 84204.000000 2435.000000
28096261.000000 88283.000000 2315.000000
27889303.000000 87900.000000 2409.000000
28098969.000000 88761.000000 2306.000000
27882932.000000 87272.000000 2412.000000
27930694.000000 87929.000000 2456.000000
27846386.000000 85000.000000 2629.000000
27687237.000000 91725.000000 2488.000000
27855562.000000 83812.000000 2519.000000
27730435.000000 91524.000000 2450.000000
27986129.000000 87055.000000 2212.000000
27635098.000000 86950.000000 2277.000000
27944530.000000 87834.000000 2416.000000
