26190923.000000 81786.000000 15133.000000
26223729.000000 80405.000000 15269.000000
25846655.000000 80054.000000 14900.000000
26061439.000000 80480.000000 15042.000000
26062287.000000 79667.000000 16925.000000
26243692.000000 80921.000000 15201.000000
26299109.000000 80329.000000 15845.000000
26109514.000000 81237.000000 15704.000000
26271013.000000 80402.000000 15715.000000
26198436.000000 80265.000000 15574.000000
26145104.000000 80373.000000 17609.000000
26313142.000000 81129.000000 15168.000000
26095364.000000 80115.000000 15085.000000
26192132.000000 80782.000000 15482.000000
26196407.000000 81370.000000 15240.000000
26076085.000000 79625.000000 16823.000000
26098385.000000 79799.000000 14932.000000
26076470.000000 80918.000000 15155.000000
26205108.000000 80369.000000 15055.000000
26283302.000000 81472.000000 15429.000000
26252196.000000 80503.000000 15231.000000
26079505.000000 80699.000000 15338.000000
26198104.000000 81149.000000 14904.000000
26074158.000000 77093.000000 16605.000000
26114309.000000 80480.000000 14868.000000
26203518.000000 81675.000000 15191.000000
26220564.000000 80593.000000 15329.000000
26265784.000000 80900.000000 15471.000000
26116577.000000 80905.000000 15435.000000
24647708.000000 75142.000000 14024.000000
26227458.000000 79784.000000 14825.000000
26184248.000000 80782.000000 15168.000000
26152312.000000 80384.000000 14925.000000
25933449.000000 79881.000000 15007.000000
26243970.000000 81661.000000 15142.000000
25545488.000000 78484.000000 15968.000000
26344908.000000 81375.000000 15132.000000
26222554.000000 80455.000000 15536.000000
26074074.000000 80177.000000 15452.000000
26189803.000000 81418.000000 16305.000000
26263430.000000 81873.000000 15362.000000
25932464.000000 79258.000000 15413.000000
26194095.000000 80665.000000 15539.000000
26231552.000000 82244.000000 15446.000000
26264872.000000 82215.000000 15162.000000
26227699.000000 80169.000000 15866.000000
26133735.000000 80653.000000 15437.000000
25962847.000000 80691.000000 15793.000000
26132148.000000 80519.000000 15146.000000
26076556.000000 80751.000000 15245.000000
26088309.000000 80591.000000 15152.000000
26276182.000000 80657.000000 15118.000000
26286669.000000 80545.000000 16056.000000
26202619.000000 80942.000000 15486.000000
26252635.000000 80435.000000 15342.000000
26315116.000000 81385.000000 15221.000000
26098909.000000 80781.000000 15366.000000
25892664.000000 78761.000000 15044.000000
26006803.000000 80439.000000 15669.000000
26157663.000000 80058.000000 15231.000000
26153598.000000 80357.000000 15629.000000
26036405.000000 80904.000000 15410.000000
26073611.000000 77493.000000 17085.000000
26123609.000000 80042.000000 14956.000000
26275344.000000 80483.000000 15359.000000
26029410.000000 80147.000000 15360.000000
26125242.000000 80479.000000 15107.000000
26150989.000000 81022.000000 15422.000000
26042254.000000 80299.000000 15030.000000
26338510.000000 80615.000000 15411.000000
26120014.000000 80615.000000 14920.000000
26245502.000000 81515.000000 15579.000000
26189315.000000 81842.000000 15600.000000
26260549.000000 80741.000000 15276.000000
26206541.000000 81121.000000 15591.000000
26281393.000000 80363.000000 15711.000000
26096516.000000 80385.000000 15379.000000
26167939.000000 81515.000000 15003.000000
26277124.000000 81179.000000 15653.000000
26066340.000000 80356.000000 15821.000000
26274504.000000 82146.000000 15533.000000
25614293.000000 79035.000000 15348.000000
26266997.000000 82200.000000 15567.000000
26262353.000000 80794.000000 15376.000000
26008129.000000 80298.000000 14913.000000
26232198.000000 81813.000000 15705.000000
26339088.000000 81347.000000 15561.000000
26107947.000000 80900.000000 15614.000000
25984709.000000 79938.000000 15054.000000
26185280.000000 80281.000000 15951.000000
26317197.000000 81829.000000 15430.000000
26236422.000000 81688.000000 15625.000000
26294336.000000 80012.000000 15990.000000
26206001.000000 79857.000000 15184.000000
26221332.000000 80040.000000 15777.000000
26268049.000000 80686.000000 15326.000000
26300398.000000 81274.000000 15917.000000
26018662.000000 80297.000000 15414.000000
26242287.000000 80801.000000 15365.000000
25897427.000000 80377.000000 14821.000000
