28859510.000000 75837.000000 245.000000
29004985.000000 77985.000000 82.000000
28532641.000000 74535.000000 235.000000
28990571.000000 76336.000000 277.000000
28893114.000000 76257.000000 92.000000
28915095.000000 76303.000000 134.000000
28938749.000000 77371.000000 115.000000
28967371.000000 77841.000000 151.000000
28985740.000000 76764.000000 137.000000
28950514.000000 78345.000000 380.000000
29021546.000000 77393.000000 126.000000
28908851.000000 78644.000000 122.000000
28838296.000000 75485.000000 353.000000
29020237.000000 77606.000000 119.000000
28836181.000000 76318.000000 248.000000
28896970.000000 75684.000000 100.000000
28965194.000000 76898.000000 328.000000
28993776.000000 76910.000000 130.000000
29018013.000000 77764.000000 104.000000
28894850.000000 76005.000000 240.000000
28963028.000000 78767.000000 151.000000
28887147.000000 75469.000000 172.000000
29005711.000000 77524.000000 108.000000
28884309.000000 77301.000000 315.000000
29007947.000000 77565.000000 201.000000
28946940.000000 76529.000000 187.000000
28951396.000000 76511.000000 256.000000
29007797.000000 75596.000000 150.000000
28999989.000000 77577.000000 351.000000
29010143.000000 77838.000000 284.000000
28877668.000000 76622.000000 143.000000
29009847.000000 77928.000000 363.000000
28961947.000000 77236.000000 175.000000
28856144.000000 76231.000000 128.000000
28844991.000000 77534.000000 374.000000
28979164.000000 76408.000000 379.000000
28956690.000000 75615.000000 180.000000
28977601.000000 76644.000000 117.000000
28953692.000000 77625.000000 112.000000
28963140.000000 75985.000000 353.000000
28853093.000000 75610.000000 201.000000
28986561.000000 77946.000000 334.000000
28951329.000000 77820.000000 214.000000
28962337.000000 76706.000000 130.000000
28829286.000000 76157.000000 376.000000
29025054.000000 77592.000000 109.000000
28939654.000000 76144.000000 337.000000
29001653.000000 77353.000000 147.000000
29068987.000000 77369.000000 259.000000
28976760.000000 78101.000000 169.000000
28977959.000000 78025.000000 219.000000
29081215.000000 77453.000000 116.000000
28824965.000000 75912.000000 152.000000
28980734.000000 76340.000000 92.000000
28785170.000000 75818.000000 484.000000
28943478.000000 76162.000000 332.000000
28954622.000000 77600.000000 180.000000
28800774.000000 76850.000000 399.000000
28991044.000000 77659.000000 305.000000
29013174.000000 77167.000000 299.000000
28935869.000000 76352.000000 262.000000
28711079.000000 75723.000000 238.000000
28785537.000000 75614.000000 198.000000
28948447.000000 76360.000000 143.000000
29001154.000000 77533.000000 203.000000
28985150.000000 76662.000000 528.000000
28986504.000000 77744.000000 294.000000
29059461.000000 77282.000000 128.000000
28990259.000000 77351.000000 139.000000
28990271.000000 76464.000000 195.000000
28933742.000000 76531.000000 404.000000
28949405.000000 76141.000000 299.000000
28971927.000000 78271.000000 193.000000
28640087.000000 75611.000000 157.000000
29102289.000000 76611.000000 347.000000
28997968.000000 77273.000000 112.000000
28989502.000000 77957.000000 568.000000
28830606.000000 76598.000000 456.000000
28909683.000000 76812.000000 366.000000
28906718.000000 78826.000000 266.000000
29000363.000000 77934.000000 108.000000
28999447.000000 78836.000000 108.000000
28960111.000000 77314.000000 264.000000
28915671.000000 75960.000000 248.000000
28976604.000000 77289.000000 257.000000
28921040.000000 77383.000000 383.000000
28871430.000000 76117.000000 404.000000
28009161.000000 73320.000000 131.000000
29000786.000000 76354.000000 265.000000
28964303.000000 78229.000000 86.000000
28046784.000000 72746.000000 225.000000
28922825.000000 76785.000000 202.000000
28981334.000000 76284.000000 136.000000
28660530.000000 75676.000000 179.000000
28633655.000000 75093.000000 476.000000
28930087.000000 77142.000000 121.000000
28952868.000000 75798.000000 92.000000
28987575.000000 77741.000000 108.000000
29000090.000000 76029.000000 128.000000
28904675.000000 75380.000000 188.000000
