4665286.000000 53227.000000 30421.000000
4887775.000000 51375.000000 34109.000000
4882646.000000 53675.000000 34102.000000
4875466.000000 53747.000000 33946.000000
4891041.000000 53382.000000 34126.000000
4870799.000000 51650.000000 34083.000000
4868796.000000 52607.000000 34077.000000
5026405.000000 53377.000000 37697.000000
5051672.000000 51948.000000 41002.000000
4872947.000000 51615.000000 34085.000000
5039247.000000 52373.000000 37443.000000
5098569.000000 52274.000000 37373.000000
4864955.000000 53895.000000 34098.000000
4946579.000000 54197.000000 33936.000000
4867154.000000 50798.000000 34129.000000
5117438.000000 53963.000000 37537.000000
4929981.000000 51953.000000 34126.000000
5088972.000000 54484.000000 35482.000000
4851112.000000 51305.000000 34117.000000
5025547.000000 52115.000000 37620.000000
5044003.000000 53764.000000 37129.000000
4926881.000000 52345.000000 37043.000000
4812915.000000 52860.000000 34128.000000
5050268.000000 53642.000000 37526.000000
4890119.000000 54190.000000 34389.000000
5004995.000000 51412.000000 36311.000000
4874465.000000 53654.000000 35107.000000
4842633.000000 53865.000000 34111.000000
4878835.000000 53492.000000 34144.000000
4939387.000000 52354.000000 34106.000000
4931537.000000 54647.000000 33338.000000
5104164.000000 53937.000000 37527.000000
4878983.000000 54577.000000 34255.000000
5043430.000000 54134.000000 35721.000000
4910885.000000 53317.000000 35260.000000
4872995.000000 51972.000000 34108.000000
4918555.000000 53681.000000 34109.000000
4940981.000000 54232.000000 33932.000000
5139302.000000 53589.000000 38698.000000
4940986.000000 53283.000000 34140.000000
5050141.000000 54272.000000 37506.000000
4864515.000000 50900.000000 34139.000000
4922255.000000 52881.000000 34128.000000
4899722.000000 53238.000000 34110.000000
4675329.000000 53669.000000 30946.000000
5080105.000000 54585.000000 35533.000000
4641111.000000 54615.000000 29780.000000
5027959.000000 51876.000000 41150.000000
4631308.000000 54401.000000 29646.000000
4853924.000000 52600.000000 36102.000000
4885397.000000 51959.000000 34111.000000
4851505.000000 53510.000000 34091.000000
4574402.000000 53533.000000 28381.000000
4872669.000000 51565.000000 34112.000000
5031009.000000 54894.000000 34775.000000
4607940.000000 53662.000000 29227.000000
4911302.000000 50994.000000 40594.000000
4872136.000000 50972.000000 39075.000000
4900614.000000 53478.000000 34143.000000
4948758.000000 51432.000000 34480.000000
4879531.000000 51865.000000 34110.000000
4976457.000000 51897.000000 34150.000000
5010964.000000 54658.000000 35566.000000
4536487.000000 53564.000000 28383.000000
4908659.000000 54324.000000 33692.000000
4855192.000000 51297.000000 34104.000000
4775727.000000 53413.000000 32083.000000
4880285.000000 50198.000000 41126.000000
4950801.000000 52663.000000 37652.000000
4566766.000000 53634.000000 28493.000000
5026241.000000 53581.000000 36595.000000
4874593.000000 50388.000000 39954.000000
4888009.000000 54247.000000 34136.000000
5023837.000000 51823.000000 35814.000000
5073949.000000 54385.000000 37446.000000
5100395.000000 54518.000000 35554.000000
4996192.000000 54628.000000 37547.000000
4981862.000000 51165.000000 36772.000000
4914876.000000 54369.000000 34589.000000
5076492.000000 53429.000000 37523.000000
5076668.000000 53742.000000 37514.000000
4580642.000000 54153.000000 29351.000000
4945873.000000 51628.000000 35614.000000
4871952.000000 52066.000000 37142.000000
4930627.000000 53223.000000 34085.000000
4868911.000000 53422.000000 34711.000000
4749919.000000 53322.000000 32110.000000
4854595.000000 53850.000000 34151.000000
4811121.000000 53133.000000 34654.000000
4843404.000000 52776.000000 34069.000000
4930525.000000 53664.000000 34632.000000
4989635.000000 53353.000000 37558.000000
5040171.000000 54324.000000 35585.000000
4895409.000000 51590.000000 39230.000000
4933725.000000 50800.000000 34549.000000
5033597.000000 54168.000000 37516.000000
4640260.000000 53412.000000 30049.000000
4883545.000000 52878.000000 34118.000000
4913127.000000 52127.000000 37147.000000
5046136.000000 52597.000000 39464.000000
