30444915.000000 43927.000000 31.000000
30379792.000000 44400.000000 26.000000
30070282.000000 43882.000000 59.000000
30454790.000000 43837.000000 61.000000
30016956.000000 43668.000000 65.000000
30265086.000000 42975.000000 38.000000
30320142.000000 43372.000000 23.000000
30376086.000000 44661.000000 123.000000
30151054.000000 43172.000000 38.000000
29808619.000000 43746.000000 62.000000
30343820.000000 44490.000000 28.000000
30445873.000000 43933.000000 112.000000
30456862.000000 44118.000000 107.000000
30323787.000000 43666.000000 30.000000
30261655.000000 43726.000000 62.000000
30384652.000000 44670.000000 106.000000
30324494.000000 43689.000000 117.000000
30285592.000000 44053.000000 87.000000
30163519.000000 43708.000000 128.000000
30395766.000000 43448.000000 85.000000
30401414.000000 43699.000000 87.000000
30221349.000000 42958.000000 21.000000
30391599.000000 43798.000000 24.000000
30338480.000000 43332.000000 89.000000
30412770.000000 43971.000000 228.000000
30414687.000000 43359.000000 108.000000
30425129.000000 44757.000000 14.000000
30204863.000000 44047.000000 10.000000
30413790.000000 43864.000000 106.000000
30266398.000000 43811.000000 92.000000
30338961.000000 43980.000000 43.000000
30429067.000000 43453.000000 50.000000
30237576.000000 43776.000000 172.000000
30388382.000000 44286.000000 63.000000
30335648.000000 44157.000000 126.000000
30303215.000000 43637.000000 9.000000
30339537.000000 44594.000000 96.000000
30378731.000000 43535.000000 44.000000
30263587.000000 43964.000000 38.000000
29359186.000000 41782.000000 76.000000
30389593.000000 44129.000000 164.000000
30405415.000000 44544.000000 33.000000
30360975.000000 44150.000000 103.000000
30430579.000000 43931.000000 25.000000
30454185.000000 43976.000000 106.000000
30167760.000000 43304.000000 178.000000
30323516.000000 43840.000000 25.000000
30410743.000000 43664.000000 93.000000
30438810.000000 44392.000000 64.000000
30339758.000000 43424.000000 3.000000
30233640.000000 44048.000000 60.000000
30403403.000000 44141.000000 78.000000
30292267.000000 44428.000000 71.000000
30378200.000000 44119.000000 67.000000
30421904.000000 44063.000000 78.000000
29453514.000000 42735.000000 89.000000
30441967.000000 43933.000000 75.000000
30325008.000000 44351.000000 55.000000
30204515.000000 43495.000000 40.000000
30174380.000000 44036.000000 73.000000
30367225.000000 44553.000000 97.000000
30322015.000000 43537.000000 78.000000
30373186.000000 44392.000000 117.000000
30284830.000000 43844.000000 74.000000
30375721.000000 43945.000000 68.000000
30242008.000000 43727.000000 73.000000
30278684.000000 44106.000000 126.000000
30310024.000000 43586.000000 300.000000
30382508.000000 43731.000000 64.000000
30420331.000000 44152.000000 97.000000
30144963.000000 43466.000000 23.000000
30475438.000000 43857.000000 85.000000
30248922.000000 43977.000000 89.000000
30382552.000000 44073.000000 33.000000
30410160.000000 43536.000000 209.000000
30303260.000000 43293.000000 62.000000
30329981.000000 44229.000000 71.000000
30212045.000000 43636.000000 159.000000
30463683.000000 44121.000000 107.000000
30353301.000000 43847.000000 146.000000
30264640.000000 43821.000000 64.000000
30441399.000000 43991.000000 97.000000
30344597.000000 44117.000000 69.000000
30502987.000000 43697.000000 15.000000
30451899.000000 43620.000000 82.000000
30173912.000000 43901.000000 116.000000
30220673.000000 43704.000000 73.000000
30415815.000000 43983.000000 165.000000
30402999.000000 43837.000000 149.000000
30364832.000000 44450.000000 36.000000
30418281.000000 43366.000000 35.000000
30245857.000000 43423.000000 42.000000
30372192.000000 44026.000000 52.000000
30419491.000000 43887.000000 78.000000
28434160.000000 39837.000000 26.000000
30208758.000000 43376.000000 62.000000
30313426.000000 44052.000000 21.000000
30243005.000000 44604.000000 34.000000
30340038.000000 43981.000000 84.000000
30401920.000000 44215.000000 20.000000
