26125188.000000 69904.000000 19990.000000
25960510.000000 70019.000000 21703.000000
26083256.000000 71111.000000 21732.000000
26005198.000000 70227.000000 21146.000000
25978699.000000 69848.000000 21527.000000
26085028.000000 69542.000000 20487.000000
25928352.000000 70432.000000 22921.000000
25893142.000000 69946.000000 22608.000000
26159580.000000 70702.000000 21970.000000
26096165.000000 67996.000000 21299.000000
26044615.000000 69655.000000 20105.000000
26169426.000000 69639.000000 20972.000000
26040962.000000 69845.000000 20341.000000
26061352.000000 69418.000000 20406.000000
25960425.000000 69271.000000 19943.000000
26247800.000000 69456.000000 20275.000000
25951332.000000 70091.000000 21094.000000
25956571.000000 69444.000000 20215.000000
26103959.000000 69373.000000 20406.000000
26089241.000000 69786.000000 20872.000000
26062554.000000 68271.000000 20692.000000
25987333.000000 69780.000000 21790.000000
26104823.000000 69890.000000 20346.000000
26069245.000000 71694.000000 21545.000000
26032480.000000 69210.000000 20888.000000
25972087.000000 70539.000000 21587.000000
26006854.000000 69534.000000 21461.000000
25880196.000000 69531.000000 20957.000000
25954228.000000 70361.000000 21480.000000
25997845.000000 69669.000000 20818.000000
26226852.000000 70158.000000 20230.000000
26005881.000000 69885.000000 20456.000000
25983095.000000 69267.000000 20269.000000
26256486.000000 69792.000000 19965.000000
26041129.000000 69375.000000 20417.000000
26024311.000000 69778.000000 20554.000000
25937693.000000 70230.000000 21107.000000
25795651.000000 69345.000000 20165.000000
25956524.000000 69900.000000 20831.000000
26100618.000000 70173.000000 20338.000000
26021906.000000 71497.000000 21477.000000
26113888.000000 70059.000000 20408.000000
26063126.000000 71209.000000 21346.000000
25806492.000000 68777.000000 20120.000000
26201864.000000 70090.000000 20678.000000
26118894.000000 70750.000000 21334.000000
26007305.000000 69832.000000 22085.000000
26204150.000000 69566.000000 20477.000000
26123444.000000 70913.000000 21655.000000
25917624.000000 68630.000000 20046.000000
25989514.000000 69642.000000 21169.000000
26127732.000000 71287.000000 21526.000000
26011827.000000 70299.000000 22312.000000
26021819.000000 70616.000000 21110.000000
26010821.000000 69739.000000 21568.000000
25991702.000000 69449.000000 21368.000000
25886239.000000 69520.000000 22551.000000
25978291.000000 70319.000000 21254.000000
26102641.000000 68589.000000 20985.000000
26175459.000000 70246.000000 20128.000000
25772131.000000 68548.000000 20134.000000
26016220.000000 69404.000000 22350.000000
25616461.000000 68785.000000 21579.000000
25973788.000000 69568.000000 20414.000000
26092389.000000 68158.000000 20980.000000
26146267.000000 69833.000000 20117.000000
26041712.000000 70412.000000 21201.000000
26146022.000000 68297.000000 21240.000000
26158901.000000 69375.000000 20658.000000
25963369.000000 69568.000000 20260.000000
26140173.000000 70493.000000 21336.000000
25974580.000000 71345.000000 22799.000000
25383845.000000 67634.000000 20036.000000
26165569.000000 69897.000000 20831.000000
25931110.000000 69369.000000 20566.000000
26014216.000000 69933.000000 21192.000000
25922803.000000 69152.000000 22326.000000
26167600.000000 69956.000000 20170.000000
26177141.000000 69760.000000 20545.000000
26102289.000000 69921.000000 20155.000000
26165829.000000 69936.000000 20542.000000
26134554.000000 69486.000000 20825.000000
25977766.000000 69092.000000 20443.000000
25959655.000000 69548.000000 20480.000000
26023638.000000 70484.000000 21116.000000
25959008.000000 69660.000000 20484.000000
26072299.000000 67888.000000 20963.000000
25941791.000000 70067.000000 21222.000000
26001012.000000 69114.000000 20104.000000
26029553.000000 71409.000000 21414.000000
25990611.000000 68943.000000 21692.000000
26072613.000000 68450.000000 21653.000000
26154962.000000 69889.000000 20711.000000
25995558.000000 69007.000000 21784.000000
25991619.000000 71113.000000 21617.000000
26162008.000000 69151.000000 20606.000000
26170326.000000 70234.000000 20353.000000
26196690.000000 69957.000000 20170.000000
26178644.000000 68191.000000 20929.000000
25924368.000000 68800.000000 19767.000000
