21906898.000000 74938.000000 43847.000000
22480944.000000 74799.000000 40572.000000
21201141.000000 73213.000000 45336.000000
22403161.000000 74444.000000 43173.000000
22531097.000000 72127.000000 40808.000000
22588635.000000 73067.000000 40847.000000
22396931.000000 75396.000000 42779.000000
22435723.000000 74318.000000 41736.000000
22488429.000000 75184.000000 42663.000000
22050755.000000 74603.000000 41350.000000
21665928.000000 74070.000000 40420.000000
22255902.000000 73886.000000 40566.000000
22464590.000000 75702.000000 39686.000000
20520553.000000 72218.000000 44487.000000
22367276.000000 74307.000000 39940.000000
22115372.000000 75193.000000 40213.000000
22093517.000000 75227.000000 44194.000000
20892961.000000 85167.000000 52791.000000
20748513.000000 73762.000000 42781.000000
22308573.000000 74984.000000 43740.000000
21966318.000000 76172.000000 41006.000000
22217941.000000 75492.000000 44496.000000
22245320.000000 73353.000000 42938.000000
22218718.000000 75001.000000 40935.000000
22336343.000000 72621.000000 40821.000000
22645365.000000 72705.000000 40025.000000
22358386.000000 75136.000000 43356.000000
22261712.000000 74148.000000 42443.000000
21997083.000000 74004.000000 39426.000000
22120061.000000 74296.000000 41320.000000
22336423.000000 74694.000000 41048.000000
22358380.000000 75159.000000 41088.000000
20801509.000000 69930.000000 41087.000000
21545785.000000 74560.000000 41964.000000
21335610.000000 76256.000000 48993.000000
22383174.000000 74574.000000 40826.000000
20372531.000000 72960.000000 41475.000000
22381111.000000 75197.000000 41322.000000
22264033.000000 72975.000000 41634.000000
22492341.000000 75920.000000 40105.000000
22138569.000000 74681.000000 45769.000000
21212610.000000 78631.000000 47325.000000
21824681.000000 73954.000000 41096.000000
22263559.000000 74338.000000 44711.000000
21123023.000000 75547.000000 41645.000000
22334944.000000 74344.000000 42932.000000
21957074.000000 76114.000000 43626.000000
22387283.000000 74666.000000 44397.000000
21439170.000000 72145.000000 40146.000000
20586851.000000 70039.000000 44233.000000
20750132.000000 74191.000000 43810.000000
22403042.000000 72408.000000 43283.000000
22342041.000000 74658.000000 41599.000000
19835096.000000 73010.000000 43781.000000
21975089.000000 74195.000000 44821.000000
21904336.000000 74817.000000 42951.000000
21920685.000000 73612.000000 40934.000000
21347300.000000 72273.000000 44960.000000
22081685.000000 74465.000000 44296.000000
22362261.000000 74335.000000 43408.000000
20994780.000000 70158.000000 43012.000000
22376286.000000 75703.000000 42201.000000
19659506.000000 70707.000000 41971.000000
22159025.000000 74505.000000 41588.000000
22460547.000000 72842.000000 42972.000000
21072774.000000 73239.000000 44509.000000
22102896.000000 74460.000000 41993.000000
22423260.000000 75386.000000 42753.000000
10820438.000000 75317.000000 52650.000000
21521145.000000 73442.000000 44943.000000
22373322.000000 75593.000000 43319.000000
22215079.000000 74694.000000 44707.000000
22207755.000000 74654.000000 43956.000000
22191097.000000 74976.000000 44080.000000
21074148.000000 72686.000000 42001.000000
22357331.000000 75892.000000 43103.000000
22263675.000000 71548.000000 41195.000000
22369339.000000 75593.000000 41469.000000
19359376.000000 75126.000000 47466.000000
22249242.000000 75153.000000 44093.000000
21396969.000000 71973.000000 45673.000000
22404541.000000 74989.000000 41006.000000
22067776.000000 74898.000000 40453.000000
22515338.000000 75090.000000 41362.000000
22311153.000000 74412.000000 40751.000000
22310515.000000 71669.000000 41916.000000
22407459.000000 75684.000000 43377.000000
19951456.000000 74002.000000 48579.000000
5178487.000000 60675.000000 45374.000000
22037082.000000 75700.000000 43688.000000
22555420.000000 76263.000000 42534.000000
21876371.000000 74870.000000 41463.000000
21258309.000000 73952.000000 41832.000000
22359217.000000 72546.000000 41902.000000
22478050.000000 74810.000000 40416.000000
22161293.000000 73658.000000 40115.000000
22290511.000000 74984.000000 40952.000000
22014422.000000 74840.000000 43953.000000
20094732.000000 71037.000000 41829.000000
20523100.000000 71078.000000 46011.000000
