26978762.000000 113288.000000 7015.000000
26865290.000000 87146.000000 6186.000000
26895904.000000 87031.000000 5991.000000
25377538.000000 127887.000000 26441.000000
25935991.000000 102810.000000 38672.000000
25923718.000000 112452.000000 6454.000000
25557047.000000 125238.000000 7096.000000
26843021.000000 92471.000000 5993.000000
25754152.000000 93728.000000 40384.000000
26916991.000000 89825.000000 5959.000000
26918307.000000 102826.000000 6028.000000
25838339.000000 111237.000000 43974.000000
25978405.000000 120801.000000 6999.000000
25839405.000000 126048.000000 17485.000000
25709851.000000 125421.000000 25954.000000
25792955.000000 115670.000000 44940.000000
26347416.000000 88494.000000 20266.000000
26991024.000000 106072.000000 5911.000000
25418622.000000 115304.000000 6746.000000
26395100.000000 105233.000000 24055.000000
26519204.000000 104553.000000 18466.000000
25440210.000000 87127.000000 48875.000000
26823861.000000 114245.000000 10139.000000
27038748.000000 97155.000000 5862.000000
25278252.000000 123882.000000 7071.000000
26971668.000000 87564.000000 5918.000000
26177906.000000 122121.000000 7220.000000
24757418.000000 128357.000000 6957.000000
26978781.000000 96573.000000 5809.000000
26506324.000000 118894.000000 23630.000000
25091868.000000 127289.000000 7093.000000
26984589.000000 86893.000000 6854.000000
26967725.000000 96234.000000 5850.000000
26904540.000000 86842.000000 6355.000000
25468715.000000 87948.000000 45112.000000
26969187.000000 102803.000000 5931.000000
25692252.000000 89999.000000 43201.000000
26331802.000000 99900.000000 26821.000000
26058788.000000 118895.000000 41954.000000
26861672.000000 87666.000000 5943.000000
26964324.000000 96791.000000 5750.000000
25132581.000000 125348.000000 6805.000000
25865083.000000 124023.000000 7482.000000
26967220.000000 92999.000000 5858.000000
26479829.000000 94771.000000 20969.000000
26957712.000000 105270.000000 5917.000000
23726965.000000 144537.000000 16264.000000
26890740.000000 106388.000000 5837.000000
26525503.000000 108112.000000 20685.000000
26983388.000000 87774.000000 5825.000000
24758949.000000 133750.000000 27012.000000
26969285.000000 92477.000000 5981.000000
26905779.000000 87361.000000 5911.000000
26421647.000000 88307.000000 13239.000000
26977698.000000 93195.000000 6120.000000
26942420.000000 87629.000000 5862.000000
26240373.000000 91796.000000 25819.000000
26654541.000000 87142.000000 7541.000000
27012347.000000 87064.000000 6210.000000
26925877.000000 90976.000000 5680.000000
26928568.000000 86997.000000 5934.000000
26776550.000000 87034.000000 6559.000000
25778855.000000 109374.000000 44846.000000
26897246.000000 85846.000000 5829.000000
27004530.000000 100497.000000 6407.000000
24608811.000000 128070.000000 6061.000000
24468275.000000 130762.000000 6005.000000
25424137.000000 116991.000000 6777.000000
26968661.000000 87099.000000 5945.000000
26476241.000000 102137.000000 20387.000000
26954583.000000 96086.000000 5932.000000
26203274.000000 113778.000000 6644.000000
25489103.000000 117385.000000 6907.000000
26388560.000000 99901.000000 21516.000000
24479202.000000 126927.000000 6627.000000
26879945.000000 87266.000000 5882.000000
26878420.000000 102219.000000 5877.000000
26933064.000000 87199.000000 6151.000000
26513097.000000 87490.000000 10013.000000
26764987.000000 87190.000000 5737.000000
25284895.000000 116511.000000 6495.000000
26965939.000000 101877.000000 6052.000000
26852411.000000 91674.000000 5573.000000
26913801.000000 87003.000000 6078.000000
25194073.000000 119056.000000 6582.000000
26690225.000000 106731.000000 12130.000000
26853696.000000 86598.000000 6043.000000
26137297.000000 98325.000000 32103.000000
25402883.000000 114680.000000 6551.000000
24541090.000000 131356.000000 6273.000000
27028091.000000 94003.000000 6065.000000
26943711.000000 92048.000000 5998.000000
27020024.000000 96181.000000 5851.000000
26388926.000000 103505.000000 6601.000000
26866787.000000 90525.000000 5781.000000
26884193.000000 87154.000000 6375.000000
25726863.000000 117869.000000 6774.000000
26187198.000000 110887.000000 6602.000000
26744044.000000 88732.000000 8317.000000
26848612.000000 87120.000000 5930.000000
