21238336.000000 16654.000000 0.000000
21488090.000000 18160.000000 0.000000
21820864.000000 18886.000000 0.000000
29371738.000000 19868.000000 0.000000
27844141.000000 19854.000000 0.000000
27174477.000000 19983.000000 0.000000
29722649.000000 19415.000000 0.000000
25009780.000000 19724.000000 0.000000
20811836.000000 17940.000000 0.000000
21681377.000000 18494.000000 0.000000
22260361.000000 18575.000000 0.000000
20602834.000000 17157.000000 0.000000
22961713.000000 19986.000000 0.000000
26978484.000000 19673.000000 0.000000
20744746.000000 17776.000000 0.000000
26973462.000000 19853.000000 0.000000
22953761.000000 20221.000000 0.000000
22607104.000000 19882.000000 0.000000
24812118.000000 19917.000000 0.000000
20477578.000000 17254.000000 0.000000
20847964.000000 16830.000000 0.000000
24605451.000000 19644.000000 0.000000
21631616.000000 18861.000000 0.000000
25856416.000000 19806.000000 0.000000
20444078.000000 15239.000000 0.000000
24947000.000000 19569.000000 0.000000
20393964.000000 17005.000000 0.000000
20732903.000000 15793.000000 0.000000
21798166.000000 18388.000000 0.000000
25310199.000000 19756.000000 0.000000
25053949.000000 19674.000000 0.000000
20720642.000000 17890.000000 0.000000
22576868.000000 19570.000000 0.000000
20753900.000000 17366.000000 0.000000
21038135.000000 16388.000000 0.000000
27786394.000000 19706.000000 0.000000
21412397.000000 16259.000000 0.000000
20769085.000000 15834.000000 0.000000
20244190.000000 16789.000000 0.000000
22021406.000000 20176.000000 0.000000
30828274.000000 20162.000000 0.000000
20219866.000000 16172.000000 0.000000
20579148.000000 15424.000000 0.000000
20533729.000000 16561.000000 0.000000
24035415.000000 19581.000000 0.000000
27373279.000000 19950.000000 0.000000
21466277.000000 18187.000000 0.000000
20584471.000000 16832.000000 0.000000
20755710.000000 15772.000000 0.000000
20388165.000000 15387.000000 0.000000
22233702.000000 20168.000000 0.000000
19944667.000000 16178.000000 0.000000
23862636.000000 19560.000000 0.000000
25251059.000000 19673.000000 0.000000
21333585.000000 18167.000000 0.000000
20284013.000000 15766.000000 0.000000
25463690.000000 19874.000000 0.000000
24123176.000000 19734.000000 0.000000
25978906.000000 20025.000000 0.000000
25503950.000000 19934.000000 0.000000
22512538.000000 19955.000000 0.000000
30137278.000000 20147.000000 0.000000
22085980.000000 18227.000000 0.000000
22385254.000000 20238.000000 0.000000
21896947.000000 18331.000000 0.000000
24567127.000000 19630.000000 0.000000
28511384.000000 19861.000000 0.000000
24073384.000000 19923.000000 0.000000
21057115.000000 15484.000000 0.000000
20772069.000000 15690.000000 0.000000
20791404.000000 16000.000000 0.000000
22722114.000000 19813.000000 0.000000
25590131.000000 19722.000000 0.000000
25036774.000000 19751.000000 0.000000
22013706.000000 20105.000000 0.000000
22378092.000000 19404.000000 0.000000
20437581.000000 15765.000000 0.000000
24792984.000000 19639.000000 0.000000
21896183.000000 20239.000000 0.000000
20135610.000000 15646.000000 0.000000
24623727.000000 19708.000000 0.000000
23114623.000000 20125.000000 0.000000
22571324.000000 20023.000000 0.000000
22308729.000000 20052.000000 0.000000
26107258.000000 20074.000000 0.000000
22599210.000000 19916.000000 0.000000
30416775.000000 19890.000000 0.000000
22522832.000000 19832.000000 0.000000
20620083.000000 15809.000000 0.000000
14236611.000000 1365.000000 10760.000000
23144253.000000 19658.000000 0.000000
22965136.000000 20042.000000 0.000000
22413256.000000 19642.000000 0.000000
31756382.000000 20015.000000 0.000000
22775403.000000 20338.000000 0.000000
20252173.000000 15420.000000 0.000000
31682766.000000 19933.000000 0.000000
22038814.000000 20222.000000 0.000000
28837778.000000 19749.000000 0.000000
19987082.000000 16455.000000 0.000000
