28618351.000000 80830.000000 376.000000
28580575.000000 85397.000000 421.000000
28529020.000000 85356.000000 494.000000
28540522.000000 81108.000000 430.000000
28529095.000000 81700.000000 613.000000
28544040.000000 82077.000000 402.000000
28542837.000000 84631.000000 481.000000
28549294.000000 84992.000000 551.000000
28450684.000000 85156.000000 434.000000
28343137.000000 88497.000000 432.000000
28447129.000000 85499.000000 364.000000
28553587.000000 85002.000000 285.000000
28552090.000000 85238.000000 351.000000
28537645.000000 84556.000000 470.000000
28510878.000000 85090.000000 398.000000
28517856.000000 85546.000000 429.000000
28535889.000000 85314.000000 299.000000
28453494.000000 88782.000000 400.000000
28418994.000000 89400.000000 365.000000
28143735.000000 83781.000000 349.000000
28519017.000000 85506.000000 471.000000
28472154.000000 85829.000000 416.000000
28428837.000000 88563.000000 410.000000
28443315.000000 88835.000000 339.000000
28552984.000000 85467.000000 314.000000
28565196.000000 85148.000000 416.000000
28551607.000000 84976.000000 472.000000
28510882.000000 81687.000000 507.000000
28510722.000000 86951.000000 463.000000
28373395.000000 82280.000000 305.000000
28502992.000000 85673.000000 399.000000
28439354.000000 82002.000000 342.000000
28435273.000000 83234.000000 349.000000
28364464.000000 81614.000000 370.000000
28473557.000000 85678.000000 477.000000
28584119.000000 85634.000000 441.000000
28562830.000000 85520.000000 293.000000
28400701.000000 81319.000000 392.000000
28551596.000000 85110.000000 449.000000
28501302.000000 85278.000000 510.000000
28476972.000000 85555.000000 296.000000
28495107.000000 85304.000000 347.000000
28498924.000000 85932.000000 449.000000
28598876.000000 85069.000000 389.000000
28572535.000000 85049.000000 355.000000
28425790.000000 82189.000000 296.000000
28543372.000000 84382.000000 297.000000
27885080.000000 83514.000000 354.000000
28442822.000000 84745.000000 230.000000
28465095.000000 85650.000000 364.000000
28563956.000000 85036.000000 363.000000
28347367.000000 80843.000000 316.000000
28582208.000000 85488.000000 404.000000
28568993.000000 85373.000000 430.000000
28498949.000000 84541.000000 312.000000
28492203.000000 85199.000000 482.000000
28517556.000000 84836.000000 379.000000
28239950.000000 88291.000000 371.000000
28580003.000000 80516.000000 490.000000
28345816.000000 81460.000000 520.000000
28439098.000000 84307.000000 623.000000
28490101.000000 84878.000000 465.000000
28539897.000000 88910.000000 454.000000
28439227.000000 89186.000000 496.000000
28433130.000000 84801.000000 833.000000
28557810.000000 85114.000000 534.000000
28397605.000000 85190.000000 1203.000000
28515132.000000 84514.000000 512.000000
28562688.000000 85987.000000 547.000000
28584779.000000 81215.000000 500.000000
28604114.000000 81239.000000 458.000000
28407879.000000 81089.000000 437.000000
28513326.000000 85859.000000 398.000000
28590425.000000 83898.000000 586.000000
28435927.000000 86471.000000 471.000000
28497615.000000 85693.000000 488.000000
28330513.000000 81289.000000 512.000000
28513657.000000 85105.000000 432.000000
28483458.000000 85455.000000 458.000000
28469138.000000 85257.000000 524.000000
28531939.000000 85673.000000 538.000000
28462212.000000 80766.000000 390.000000
28453252.000000 88533.000000 551.000000
28457298.000000 84571.000000 430.000000
28238895.000000 86728.000000 466.000000
28563012.000000 85563.000000 482.000000
28496435.000000 80379.000000 547.000000
28394549.000000 80795.000000 376.000000
28444831.000000 85201.000000 484.000000
28565587.000000 81536.000000 557.000000
28569908.000000 84801.000000 466.000000
28496890.000000 85067.000000 579.000000
28541804.000000 86306.000000 590.000000
28513932.000000 86385.000000 452.000000
28481818.000000 88993.000000 403.000000
28495342.000000 88268.000000 478.000000
28468745.000000 85576.000000 597.000000
28455987.000000 85067.000000 582.000000
28503475.000000 81857.000000 437.000000
28390246.000000 87544.000000 531.000000
