25231496.000000 67895.000000 26563.000000
25188502.000000 66381.000000 27875.000000
25218010.000000 67582.000000 26298.000000
25253923.000000 67164.000000 26449.000000
25345780.000000 67228.000000 26851.000000
25156569.000000 67486.000000 26664.000000
25116796.000000 67881.000000 27174.000000
25224993.000000 68194.000000 26883.000000
25193111.000000 66199.000000 27551.000000
25358084.000000 67857.000000 26551.000000
25352500.000000 67353.000000 26716.000000
25205751.000000 67979.000000 26579.000000
25384482.000000 67878.000000 26078.000000
25301060.000000 67450.000000 26580.000000
25409292.000000 67894.000000 26625.000000
25175829.000000 67372.000000 26219.000000
25313166.000000 67595.000000 27193.000000
25368937.000000 67468.000000 26308.000000
25345367.000000 68877.000000 26386.000000
25275666.000000 67827.000000 26301.000000
25271915.000000 67559.000000 26507.000000
25199746.000000 67156.000000 26911.000000
25318490.000000 67568.000000 26259.000000
25274524.000000 67267.000000 26516.000000
25158010.000000 67752.000000 26531.000000
25259918.000000 66934.000000 25821.000000
25263280.000000 67611.000000 26447.000000
25333935.000000 67389.000000 26149.000000
25285599.000000 68135.000000 26231.000000
25301478.000000 67579.000000 26317.000000
25135386.000000 67862.000000 26490.000000
25243114.000000 67703.000000 26511.000000
25230785.000000 67570.000000 26628.000000
25266310.000000 67643.000000 25926.000000
25193209.000000 67757.000000 26139.000000
25214797.000000 66977.000000 27131.000000
25191958.000000 67073.000000 26626.000000
25037996.000000 66373.000000 26653.000000
25328308.000000 67936.000000 26897.000000
25315698.000000 68247.000000 26731.000000
25308312.000000 68053.000000 26383.000000
25309546.000000 67811.000000 26320.000000
25231608.000000 68308.000000 26126.000000
25266566.000000 67903.000000 26212.000000
25353028.000000 67544.000000 26536.000000
25250361.000000 68096.000000 26730.000000
25383041.000000 67875.000000 26868.000000
25143664.000000 66432.000000 27175.000000
25264891.000000 67981.000000 26399.000000
25159835.000000 68289.000000 25655.000000
25322398.000000 67702.000000 25251.000000
25447183.000000 68089.000000 26251.000000
25262431.000000 67952.000000 25926.000000
25249909.000000 67274.000000 26295.000000
25358646.000000 67757.000000 26473.000000
25366899.000000 68208.000000 26709.000000
25270430.000000 68154.000000 26294.000000
25247806.000000 67373.000000 26407.000000
25119506.000000 68075.000000 26116.000000
25242739.000000 68343.000000 26807.000000
25041437.000000 67050.000000 28443.000000
24934571.000000 66072.000000 26670.000000
25419611.000000 67744.000000 25930.000000
25262078.000000 67512.000000 26024.000000
25401665.000000 68313.000000 26168.000000
25281134.000000 67907.000000 26152.000000
25130871.000000 67933.000000 26562.000000
25414265.000000 67964.000000 26119.000000
25104575.000000 67023.000000 25844.000000
25254885.000000 67573.000000 26309.000000
25276158.000000 67666.000000 27037.000000
25336647.000000 67898.000000 26563.000000
25336221.000000 67870.000000 26903.000000
25280213.000000 67680.000000 26418.000000
25377256.000000 67996.000000 26340.000000
25246607.000000 67259.000000 26723.000000
25203491.000000 67804.000000 26362.000000
25352615.000000 68205.000000 25839.000000
25354027.000000 67695.000000 26224.000000
25271536.000000 67273.000000 26412.000000
25364771.000000 67658.000000 26601.000000
25118553.000000 66194.000000 27742.000000
25272925.000000 67656.000000 26525.000000
25261176.000000 67453.000000 26584.000000
25287555.000000 67924.000000 26593.000000
25339566.000000 67942.000000 26066.000000
25356101.000000 67934.000000 25929.000000
25112142.000000 67226.000000 26422.000000
25219954.000000 67684.000000 26307.000000
25285230.000000 68025.000000 26767.000000
25380372.000000 67349.000000 25645.000000
25301608.000000 67086.000000 27176.000000
25296243.000000 67472.000000 27044.000000
25204905.000000 67216.000000 26196.000000
25424266.000000 68220.000000 26081.000000
25318059.000000 67899.000000 26228.000000
25227616.000000 68003.000000 25936.000000
25276049.000000 67281.000000 25671.000000
25298407.000000 67040.000000 25571.000000
25309653.000000 67551.000000 26202.000000
