30755861.000000 23412.000000 4151.000000
30784982.000000 21423.000000 3905.000000
30884090.000000 22880.000000 3777.000000
30859791.000000 21474.000000 3893.000000
30636095.000000 21912.000000 4192.000000
30899288.000000 22347.000000 3990.000000
30827121.000000 23717.000000 3912.000000
30723999.000000 21566.000000 3835.000000
30844235.000000 20780.000000 3811.000000
30744774.000000 21906.000000 3804.000000
30861856.000000 22601.000000 3983.000000
30796629.000000 20062.000000 3986.000000
30948506.000000 23086.000000 3948.000000
30881241.000000 22139.000000 3891.000000
30848846.000000 20454.000000 3700.000000
30680602.000000 22048.000000 3626.000000
30723853.000000 24046.000000 3929.000000
30809192.000000 20819.000000 3875.000000
30859817.000000 22162.000000 3645.000000
30986778.000000 20816.000000 3817.000000
30971385.000000 20038.000000 4051.000000
30968676.000000 21591.000000 3841.000000
30865922.000000 22277.000000 3902.000000
30907558.000000 20731.000000 3972.000000
30376569.000000 22306.000000 3721.000000
30714283.000000 24147.000000 4170.000000
30723229.000000 22184.000000 3899.000000
30821891.000000 22330.000000 3841.000000
30719502.000000 24387.000000 3701.000000
30853439.000000 22986.000000 3904.000000
30807969.000000 21874.000000 3668.000000
30490284.000000 22212.000000 4020.000000
30683684.000000 22511.000000 3907.000000
30644301.000000 23033.000000 4019.000000
30739415.000000 22287.000000 3675.000000
30745024.000000 21993.000000 3734.000000
30771588.000000 22423.000000 4415.000000
30805036.000000 21179.000000 3853.000000
30815037.000000 21485.000000 3760.000000
30937228.000000 21944.000000 3933.000000
30808956.000000 22590.000000 3729.000000
30811665.000000 23644.000000 3914.000000
30578044.000000 22117.000000 3695.000000
30742678.000000 22936.000000 3699.000000
30805981.000000 22568.000000 3528.000000
30953698.000000 22777.000000 3898.000000
30927346.000000 21941.000000 3768.000000
30760806.000000 24757.000000 3904.000000
30842177.000000 24219.000000 3864.000000
30790694.000000 21888.000000 3699.000000
30796432.000000 21920.000000 3721.000000
30747239.000000 22377.000000 3750.000000
30876693.000000 22408.000000 4125.000000
30845735.000000 23791.000000 3717.000000
30726983.000000 22739.000000 3815.000000
30561624.000000 23722.000000 3775.000000
30896697.000000 22551.000000 3927.000000
30954269.000000 22058.000000 3763.000000
30777875.000000 23600.000000 3888.000000
30885828.000000 21865.000000 3862.000000
30680537.000000 22562.000000 3825.000000
30365954.000000 21568.000000 3789.000000
30818368.000000 21329.000000 3601.000000
30911701.000000 21740.000000 3715.000000
30866541.000000 21272.000000 3899.000000
30663084.000000 22307.000000 4087.000000
30697433.000000 22804.000000 3742.000000
30952266.000000 20986.000000 3744.000000
30793836.000000 21349.000000 3919.000000
30796603.000000 22904.000000 3782.000000
30754250.000000 21481.000000 3825.000000
30822012.000000 23329.000000 3867.000000
30804043.000000 23108.000000 3746.000000
30637900.000000 20922.000000 3683.000000
30623085.000000 22104.000000 3856.000000
30865067.000000 22224.000000 3608.000000
30768767.000000 21856.000000 3719.000000
30829799.000000 22764.000000 3873.000000
30810887.000000 23180.000000 3717.000000
30727951.000000 23613.000000 3951.000000
30653944.000000 22269.000000 3772.000000
30890833.000000 22540.000000 3667.000000
30688386.000000 22547.000000 3865.000000
30768289.000000 23009.000000 3809.000000
30842363.000000 22112.000000 3982.000000
30865039.000000 18008.000000 3806.000000
30644656.000000 22612.000000 3741.000000
30736412.000000 22741.000000 3814.000000
30771609.000000 23357.000000 4064.000000
30904924.000000 20795.000000 3888.000000
30796999.000000 22168.000000 3914.000000
30691813.000000 22622.000000 3784.000000
30936554.000000 22192.000000 3984.000000
30819341.000000 22563.000000 3836.000000
30874909.000000 21419.000000 3998.000000
30764274.000000 22462.000000 3835.000000
30596654.000000 23516.000000 3804.000000
30746327.000000 23227.000000 3720.000000
30889437.000000 23521.000000 3716.000000
30411107.000000 22581.000000 3772.000000
