20728118.000000 160050.000000 58059.000000
25915092.000000 86778.000000 14251.000000
25949951.000000 85437.000000 14190.000000
22370024.000000 135798.000000 20809.000000
25978537.000000 82347.000000 14184.000000
20552395.000000 161537.000000 76870.000000
22927990.000000 131397.000000 16735.000000
25758152.000000 85434.000000 14335.000000
25870021.000000 82000.000000 14307.000000
21726295.000000 161201.000000 73585.000000
25877638.000000 82274.000000 14234.000000
21439182.000000 158647.000000 57947.000000
22971576.000000 131325.000000 48729.000000
24408997.000000 105344.000000 14201.000000
24464301.000000 113555.000000 68086.000000
24134344.000000 107798.000000 14474.000000
25902986.000000 85689.000000 13653.000000
25824415.000000 81710.000000 13717.000000
25856389.000000 86471.000000 14049.000000
20782877.000000 160573.000000 57361.000000
20784491.000000 162304.000000 68742.000000
25077227.000000 91057.000000 20026.000000
25886257.000000 82593.000000 14201.000000
25877987.000000 86074.000000 14153.000000
25903949.000000 82122.000000 14436.000000
25764538.000000 84877.000000 14269.000000
25801527.000000 86102.000000 14327.000000
25948037.000000 82360.000000 14146.000000
20210647.000000 165025.000000 93008.000000
22671539.000000 133981.000000 64326.000000
20376434.000000 161792.000000 74613.000000
25851561.000000 86232.000000 13968.000000
25435183.000000 83272.000000 13381.000000
24972060.000000 97032.000000 14440.000000
20876853.000000 168726.000000 70557.000000
21167812.000000 150163.000000 41356.000000
21957915.000000 83702.000000 86708.000000
25854666.000000 86416.000000 14033.000000
23751438.000000 124075.000000 16672.000000
25874808.000000 85435.000000 13517.000000
25840521.000000 85808.000000 13513.000000
20511371.000000 159312.000000 72818.000000
25878132.000000 85976.000000 14296.000000
25420520.000000 78961.000000 14699.000000
25887768.000000 86252.000000 14164.000000
25842187.000000 85691.000000 13735.000000
24178644.000000 120160.000000 66761.000000
25937012.000000 86204.000000 14161.000000
25609738.000000 83657.000000 13260.000000
25860682.000000 86131.000000 14202.000000
23942881.000000 121224.000000 48110.000000
25894667.000000 86535.000000 13695.000000
25934351.000000 85872.000000 14068.000000
21506005.000000 162645.000000 57963.000000
25905784.000000 85917.000000 14218.000000
25873392.000000 86218.000000 13725.000000
25856089.000000 85713.000000 14201.000000
25870688.000000 82456.000000 14336.000000
25846284.000000 81975.000000 13898.000000
25959140.000000 86144.000000 14004.000000
25905810.000000 82376.000000 14335.000000
22646378.000000 134879.000000 46687.000000
21700846.000000 162075.000000 56694.000000
25829702.000000 84886.000000 13715.000000
25880745.000000 81741.000000 14118.000000
25907351.000000 85907.000000 14155.000000
22107472.000000 139624.000000 58578.000000
23681943.000000 112663.000000 39085.000000
23346968.000000 114088.000000 68457.000000
25960241.000000 86459.000000 14029.000000
25900028.000000 86093.000000 14081.000000
25985671.000000 81974.000000 13955.000000
20984493.000000 161600.000000 58382.000000
22599115.000000 135632.000000 62425.000000
25510911.000000 92153.000000 14077.000000
24478197.000000 103831.000000 14117.000000
25815734.000000 85619.000000 14107.000000
25901979.000000 86619.000000 14202.000000
22617567.000000 134821.000000 63145.000000
25870577.000000 86334.000000 14247.000000
25894809.000000 86308.000000 14208.000000
25909673.000000 81366.000000 14226.000000
22532073.000000 135609.000000 40313.000000
21236421.000000 150567.000000 38528.000000
21000007.000000 154230.000000 42706.000000
26000627.000000 83306.000000 14021.000000
25928585.000000 86019.000000 13932.000000
24306337.000000 101660.000000 31979.000000
25897165.000000 86349.000000 14055.000000
25997909.000000 81819.000000 14051.000000
25822529.000000 85245.000000 13535.000000
21199887.000000 151714.000000 48398.000000
25964832.000000 81903.000000 14157.000000
23652134.000000 124003.000000 65232.000000
22395313.000000 136020.000000 40759.000000
21149481.000000 150355.000000 37784.000000
25688288.000000 83840.000000 12927.000000
25948000.000000 85031.000000 13407.000000
20944565.000000 166772.000000 67913.000000
22542468.000000 133874.000000 17177.000000
