20445456.000000 17166.000000 46.000000
19915315.000000 15945.000000 9.000000
20129927.000000 16494.000000 33.000000
21877607.000000 19932.000000 173.000000
26255793.000000 20324.000000 54.000000
24501205.000000 20158.000000 54.000000
21157451.000000 19678.000000 103.000000
21552077.000000 19209.000000 46.000000
20155241.000000 17086.000000 60.000000
21155770.000000 18457.000000 74.000000
20960338.000000 18933.000000 59.000000
29531815.000000 20325.000000 168.000000
21629842.000000 20149.000000 77.000000
21633028.000000 19831.000000 65.000000
23791250.000000 20743.000000 96.000000
22217641.000000 21536.000000 33.000000
20776111.000000 18518.000000 67.000000
29004509.000000 20354.000000 60.000000
29827557.000000 20511.000000 58.000000
27929122.000000 20577.000000 63.000000
21681242.000000 18945.000000 67.000000
21338318.000000 20483.000000 39.000000
28917001.000000 20525.000000 54.000000
22302629.000000 20261.000000 72.000000
24155051.000000 20389.000000 287.000000
23537445.000000 20351.000000 58.000000
22000474.000000 20529.000000 38.000000
25845819.000000 20434.000000 60.000000
20263434.000000 17012.000000 37.000000
21768161.000000 20411.000000 89.000000
20283229.000000 18289.000000 68.000000
27369248.000000 20611.000000 179.000000
20388967.000000 17504.000000 126.000000
19884642.000000 18561.000000 420.000000
22834806.000000 20560.000000 150.000000
24380029.000000 20644.000000 81.000000
28343332.000000 20503.000000 57.000000
28262540.000000 20906.000000 259.000000
25299418.000000 20503.000000 99.000000
21898397.000000 21501.000000 90.000000
20623961.000000 16814.000000 296.000000
20160945.000000 16541.000000 220.000000
21787704.000000 20370.000000 43.000000
24613123.000000 20404.000000 49.000000
26536477.000000 20413.000000 127.000000
20670926.000000 18562.000000 52.000000
29232714.000000 20539.000000 108.000000
20244725.000000 16629.000000 81.000000
23503995.000000 20210.000000 32.000000
25431567.000000 20464.000000 79.000000
25906171.000000 20329.000000 26.000000
23721998.000000 20283.000000 63.000000
28443012.000000 21207.000000 102.000000
23224510.000000 20694.000000 70.000000
20289298.000000 17215.000000 97.000000
29352235.000000 20706.000000 120.000000
25750339.000000 20512.000000 128.000000
27092007.000000 20629.000000 145.000000
25819910.000000 20786.000000 190.000000
20096878.000000 18386.000000 93.000000
23006231.000000 20158.000000 42.000000
22422826.000000 20304.000000 33.000000
19787252.000000 18042.000000 54.000000
22044815.000000 20640.000000 15.000000
19858469.000000 16944.000000 120.000000
19986058.000000 16009.000000 36.000000
20089386.000000 16225.000000 789.000000
26115516.000000 20428.000000 57.000000
31901460.000000 20400.000000 28.000000
23969323.000000 20277.000000 40.000000
23779511.000000 20350.000000 88.000000
22393771.000000 20324.000000 98.000000
20587621.000000 16740.000000 43.000000
28998826.000000 20484.000000 29.000000
20342752.000000 17142.000000 194.000000
20151126.000000 17686.000000 148.000000
20296255.000000 16931.000000 23.000000
22598763.000000 21167.000000 179.000000
19725439.000000 16075.000000 42.000000
20671297.000000 16049.000000 40.000000
20662100.000000 17533.000000 59.000000
20224760.000000 15928.000000 310.000000
20904411.000000 18918.000000 280.000000
26147753.000000 20384.000000 179.000000
20191372.000000 16375.000000 126.000000
29814421.000000 20560.000000 26.000000
24226144.000000 20073.000000 33.000000
27887486.000000 20422.000000 52.000000
21475229.000000 19255.000000 65.000000
30278402.000000 20628.000000 58.000000
23744960.000000 20192.000000 60.000000
24226377.000000 21157.000000 81.000000
19643612.000000 15728.000000 14.000000
24799132.000000 20258.000000 96.000000
28083702.000000 20473.000000 223.000000
28795541.000000 20820.000000 18.000000
30618159.000000 20501.000000 177.000000
21466238.000000 19724.000000 41.000000
19999531.000000 16058.000000 89.000000
14104826.000000 28020.000000 18373.000000
