30600785.000000 38133.000000 0.000000
30398701.000000 38297.000000 103.000000
30535877.000000 37736.000000 14.000000
30478859.000000 37768.000000 60.000000
30459801.000000 38611.000000 27.000000
30548078.000000 38155.000000 2.000000
30394494.000000 38402.000000 6.000000
30624278.000000 38470.000000 11.000000
30114725.000000 38264.000000 55.000000
29249950.000000 36827.000000 94.000000
30452465.000000 38023.000000 5.000000
30554198.000000 37985.000000 4.000000
30440131.000000 38389.000000 24.000000
30562972.000000 38342.000000 0.000000
30141861.000000 37409.000000 25.000000
30477073.000000 37989.000000 10.000000
30459392.000000 37695.000000 4.000000
30501687.000000 38370.000000 21.000000
30503558.000000 38524.000000 49.000000
30485126.000000 38841.000000 74.000000
30579284.000000 38276.000000 4.000000
30489802.000000 38199.000000 16.000000
30360067.000000 38433.000000 1.000000
30260315.000000 37686.000000 55.000000
30522232.000000 38217.000000 43.000000
30408554.000000 38045.000000 1.000000
30279134.000000 38389.000000 53.000000
30545962.000000 38269.000000 20.000000
30384700.000000 37446.000000 4.000000
30344873.000000 37820.000000 32.000000
30501397.000000 38314.000000 14.000000
30400365.000000 38476.000000 34.000000
30475631.000000 37930.000000 13.000000
30350832.000000 38226.000000 11.000000
30438645.000000 38149.000000 14.000000
30602988.000000 38643.000000 24.000000
30570918.000000 38190.000000 13.000000
30328240.000000 38366.000000 103.000000
30558659.000000 38669.000000 10.000000
30469546.000000 38491.000000 5.000000
30359215.000000 37966.000000 0.000000
30414057.000000 38082.000000 3.000000
30482120.000000 38043.000000 40.000000
30488830.000000 38293.000000 73.000000
30546319.000000 38277.000000 0.000000
30459567.000000 38098.000000 1.000000
30419489.000000 38408.000000 50.000000
30586928.000000 38312.000000 11.000000
30501547.000000 37962.000000 0.000000
30330902.000000 37893.000000 47.000000
30549477.000000 38527.000000 9.000000
30491239.000000 38379.000000 19.000000
30492587.000000 37781.000000 28.000000
30408885.000000 37955.000000 37.000000
30574559.000000 38370.000000 19.000000
30412367.000000 38054.000000 23.000000
30607608.000000 38120.000000 0.000000
30515861.000000 37816.000000 11.000000
30555546.000000 38441.000000 1.000000
30416937.000000 38134.000000 2.000000
30510411.000000 38074.000000 0.000000
30350277.000000 38676.000000 5.000000
30561216.000000 38082.000000 16.000000
30575482.000000 38324.000000 2.000000
30168512.000000 37880.000000 5.000000
30507196.000000 38829.000000 2.000000
30599695.000000 38418.000000 1.000000
30548617.000000 38451.000000 22.000000
30406194.000000 38501.000000 3.000000
30564512.000000 38396.000000 54.000000
30616107.000000 37968.000000 0.000000
30452261.000000 38465.000000 43.000000
30532520.000000 37905.000000 0.000000
30299531.000000 37942.000000 1.000000
30445118.000000 38440.000000 107.000000
30576649.000000 37992.000000 9.000000
30577240.000000 38304.000000 91.000000
30484380.000000 37829.000000 49.000000
30427811.000000 38476.000000 4.000000
30606602.000000 38056.000000 14.000000
30364476.000000 38343.000000 13.000000
30489483.000000 38124.000000 29.000000
30543341.000000 38461.000000 20.000000
30452570.000000 37763.000000 5.000000
30484481.000000 37864.000000 36.000000
30528378.000000 38242.000000 34.000000
30302916.000000 38633.000000 23.000000
30350400.000000 37316.000000 13.000000
30545491.000000 38506.000000 4.000000
30477312.000000 38723.000000 92.000000
30510727.000000 37744.000000 26.000000
30544330.000000 38443.000000 5.000000
30519690.000000 38167.000000 0.000000
30544653.000000 38051.000000 4.000000
30571437.000000 38650.000000 8.000000
30548166.000000 37987.000000 46.000000
30572042.000000 38390.000000 7.000000
30525762.000000 38362.000000 175.000000
30506048.000000 37799.000000 16.000000
30624921.000000 37821.000000 16.000000
