31188265.000000 27097.000000 30.000000
31067319.000000 25694.000000 68.000000
31128223.000000 26085.000000 117.000000
31150494.000000 27134.000000 154.000000
31143756.000000 24890.000000 71.000000
31105826.000000 26172.000000 136.000000
31141280.000000 25738.000000 86.000000
31063300.000000 27009.000000 24.000000
30925251.000000 26488.000000 74.000000
31033107.000000 26359.000000 77.000000
30979514.000000 26832.000000 60.000000
31067603.000000 25954.000000 75.000000
31048906.000000 26023.000000 30.000000
31207993.000000 26137.000000 14.000000
31207926.000000 25948.000000 92.000000
31052439.000000 27534.000000 177.000000
31085614.000000 26657.000000 206.000000
31094772.000000 26102.000000 59.000000
31013452.000000 26951.000000 147.000000
30985032.000000 26630.000000 208.000000
31082200.000000 25639.000000 70.000000
31040663.000000 25771.000000 138.000000
31082661.000000 26034.000000 180.000000
30939193.000000 25177.000000 165.000000
30609055.000000 24451.000000 141.000000
31046783.000000 26052.000000 71.000000
31142371.000000 25863.000000 27.000000
31118296.000000 26226.000000 154.000000
30910127.000000 29048.000000 117.000000
31091880.000000 26338.000000 189.000000
31113710.000000 26845.000000 85.000000
31078133.000000 26096.000000 139.000000
31075482.000000 26967.000000 17.000000
30023815.000000 24325.000000 143.000000
30918126.000000 25278.000000 199.000000
31274427.000000 25422.000000 6.000000
31086726.000000 25449.000000 69.000000
31124319.000000 26565.000000 107.000000
31295195.000000 24829.000000 93.000000
30955217.000000 25629.000000 74.000000
31198389.000000 25672.000000 342.000000
30610882.000000 24875.000000 145.000000
31107907.000000 26552.000000 105.000000
31150709.000000 25974.000000 159.000000
31141475.000000 25716.000000 88.000000
31034982.000000 25956.000000 126.000000
31137733.000000 26537.000000 75.000000
31240045.000000 26016.000000 18.000000
30980105.000000 26793.000000 38.000000
31090822.000000 27726.000000 96.000000
30987179.000000 26202.000000 88.000000
31023099.000000 26480.000000 32.000000
31102141.000000 25572.000000 47.000000
31036170.000000 26214.000000 131.000000
31088131.000000 26480.000000 108.000000
31194667.000000 25338.000000 13.000000
31228653.000000 24850.000000 56.000000
31166905.000000 26086.000000 73.000000
30952702.000000 26343.000000 61.000000
31155135.000000 26109.000000 158.000000
31098889.000000 26031.000000 9.000000
31152513.000000 26913.000000 18.000000
31175033.000000 26215.000000 81.000000
31066371.000000 26926.000000 86.000000
30187749.000000 24517.000000 44.000000
31188824.000000 26261.000000 82.000000
30990736.000000 25808.000000 85.000000
30963217.000000 26519.000000 154.000000
31185336.000000 25687.000000 91.000000
31264172.000000 25863.000000 47.000000
31072245.000000 26339.000000 167.000000
31264805.000000 25480.000000 64.000000
30984936.000000 26089.000000 141.000000
31040890.000000 25941.000000 153.000000
30982933.000000 26831.000000 53.000000
31073952.000000 26806.000000 105.000000
31072806.000000 26053.000000 46.000000
31229360.000000 25882.000000 0.000000
31123118.000000 26787.000000 64.000000
31010037.000000 25804.000000 137.000000
31097252.000000 25875.000000 191.000000
31106826.000000 26057.000000 291.000000
31281473.000000 25021.000000 51.000000
31001905.000000 26826.000000 125.000000
30938025.000000 26880.000000 116.000000
31100632.000000 25952.000000 223.000000
31047432.000000 26368.000000 184.000000
31089280.000000 25088.000000 107.000000
31170129.000000 25961.000000 28.000000
31141601.000000 25392.000000 204.000000
31154751.000000 25364.000000 46.000000
31081534.000000 26182.000000 68.000000
31025964.000000 26026.000000 102.000000
31090826.000000 26358.000000 143.000000
31181208.000000 25491.000000 358.000000
31263574.000000 24980.000000 150.000000
31203603.000000 26338.000000 36.000000
31201563.000000 26560.000000 92.000000
31124761.000000 26174.000000 31.000000
31129247.000000 25846.000000 38.000000
