29313561.000000 50808.000000 4384.000000
29337769.000000 51102.000000 4566.000000
29033215.000000 50653.000000 4462.000000
29227681.000000 51191.000000 4702.000000
29062360.000000 50954.000000 4452.000000
29233145.000000 51436.000000 4587.000000
29252703.000000 51171.000000 4557.000000
29371288.000000 51321.000000 4745.000000
29092021.000000 51132.000000 4564.000000
29221860.000000 51102.000000 4275.000000
29178918.000000 51103.000000 4689.000000
29299366.000000 51099.000000 4452.000000
29158176.000000 51180.000000 4848.000000
29130465.000000 51346.000000 4784.000000
29335026.000000 51443.000000 4766.000000
29129411.000000 51342.000000 4631.000000
29229809.000000 51810.000000 4787.000000
29310730.000000 51486.000000 4929.000000
29174416.000000 50855.000000 4814.000000
29175292.000000 51149.000000 4827.000000
28905522.000000 50452.000000 4564.000000
29067133.000000 51614.000000 4916.000000
28971113.000000 50597.000000 4602.000000
29228224.000000 51169.000000 4627.000000
29119881.000000 51084.000000 4071.000000
29118790.000000 50777.000000 4475.000000
29159991.000000 51103.000000 4586.000000
29346200.000000 51248.000000 4360.000000
29263402.000000 51061.000000 4473.000000
29260813.000000 50734.000000 4482.000000
29297798.000000 51111.000000 4641.000000
29234449.000000 51098.000000 4498.000000
29281458.000000 51196.000000 4488.000000
29305701.000000 51639.000000 4504.000000
29335408.000000 51311.000000 4549.000000
29184231.000000 51130.000000 4593.000000
29291048.000000 51122.000000 4474.000000
29210863.000000 51417.000000 4610.000000
29308418.000000 51403.000000 4725.000000
29164716.000000 51511.000000 4527.000000
29276064.000000 51468.000000 4733.000000
29202683.000000 51091.000000 4748.000000
29296652.000000 51635.000000 4814.000000
29150923.000000 51266.000000 4418.000000
29225457.000000 51467.000000 4559.000000
29119963.000000 50935.000000 5026.000000
29224104.000000 50978.000000 4945.000000
29249412.000000 50830.000000 4955.000000
29184517.000000 51565.000000 5134.000000
29069520.000000 51168.000000 4906.000000
29245293.000000 51016.000000 4644.000000
29223648.000000 51322.000000 4694.000000
29226979.000000 50939.000000 4849.000000
28812208.000000 50752.000000 4618.000000
29260015.000000 51335.000000 4910.000000
28929627.000000 50797.000000 4704.000000
29011215.000000 50907.000000 4952.000000
28911057.000000 50756.000000 5018.000000
29198293.000000 50979.000000 4817.000000
29151146.000000 50910.000000 4559.000000
29337022.000000 51936.000000 4613.000000
29067634.000000 50699.000000 4522.000000
29262240.000000 50769.000000 4239.000000
29135358.000000 51090.000000 4433.000000
29215329.000000 51221.000000 4571.000000
29305632.000000 50891.000000 4474.000000
29248118.000000 51524.000000 4651.000000
28929824.000000 50490.000000 4427.000000
29244542.000000 51207.000000 4516.000000
29245592.000000 50676.000000 4955.000000
28944290.000000 50097.000000 4475.000000
29217817.000000 50891.000000 4561.000000
29249195.000000 50978.000000 4500.000000
29281489.000000 51506.000000 4745.000000
29283812.000000 51018.000000 4714.000000
29271529.000000 51270.000000 4654.000000
29057713.000000 51091.000000 4552.000000
29075107.000000 50837.000000 4838.000000
29204309.000000 51109.000000 4932.000000
28937090.000000 49865.000000 4547.000000
29078848.000000 50631.000000 4722.000000
29187465.000000 51397.000000 4900.000000
29221508.000000 51027.000000 4634.000000
29265948.000000 50989.000000 4730.000000
29244761.000000 51338.000000 4900.000000
29021854.000000 50275.000000 4678.000000
29315844.000000 51863.000000 4492.000000
29289400.000000 51010.000000 4451.000000
29193931.000000 51046.000000 4231.000000
29195959.000000 50414.000000 4437.000000
29070062.000000 51092.000000 4536.000000
29237694.000000 51597.000000 4868.000000
29277632.000000 50949.000000 5056.000000
29362863.000000 51231.000000 4584.000000
29123388.000000 51116.000000 4368.000000
29221626.000000 51312.000000 4324.000000
29220650.000000 51450.000000 4883.000000
29257905.000000 51312.000000 4912.000000
29147529.000000 50877.000000 4927.000000
29335828.000000 51724.000000 4790.000000
