24652134.000000 471240.000000 5300.000000
23070894.000000 721377.000000 12089.000000
22639038.000000 525463.000000 5795.000000
24414321.000000 419111.000000 5198.000000
23563767.000000 303160.000000 5386.000000
22426212.000000 516145.000000 4111.000000
27230611.000000 186700.000000 3987.000000
24328491.000000 185475.000000 5821.000000
23998023.000000 184092.000000 7572.000000
20004469.000000 720846.000000 10539.000000
16760579.000000 662486.000000 5304.000000
23194676.000000 667170.000000 8788.000000
27312371.000000 185803.000000 2805.000000
24184817.000000 545937.000000 3493.000000
21423849.000000 699344.000000 9326.000000
26405803.000000 433025.000000 6214.000000
19912526.000000 658237.000000 4051.000000
17574852.000000 657755.000000 5031.000000
27373172.000000 190360.000000 5093.000000
22634531.000000 546737.000000 3934.000000
23894833.000000 186485.000000 5691.000000
23089560.000000 556514.000000 4794.000000
22680230.000000 567651.000000 3674.000000
18228608.000000 679210.000000 6680.000000
17501303.000000 659039.000000 4892.000000
22233711.000000 239839.000000 6618.000000
13322630.000000 685097.000000 7003.000000
23238557.000000 641149.000000 7824.000000
23112364.000000 263523.000000 5230.000000
17205155.000000 667535.000000 5002.000000
27383435.000000 185858.000000 4334.000000
18433246.000000 651365.000000 4856.000000
25509699.000000 564372.000000 3724.000000
21935092.000000 571718.000000 4155.000000
22397258.000000 598826.000000 3991.000000
27923188.000000 200466.000000 7158.000000
27124293.000000 213487.000000 3018.000000
27344297.000000 185620.000000 5486.000000
23412014.000000 614085.000000 7303.000000
27295795.000000 185331.000000 3853.000000
27354542.000000 396433.000000 3213.000000
26565196.000000 195463.000000 27393.000000
27282391.000000 289451.000000 3314.000000
25443823.000000 454517.000000 3452.000000
16828162.000000 666324.000000 5721.000000
27161322.000000 298498.000000 3686.000000
27086142.000000 323555.000000 4312.000000
26778814.000000 183186.000000 4417.000000
24581016.000000 586081.000000 4923.000000
25583826.000000 184903.000000 5254.000000
24662240.000000 362201.000000 6119.000000
23447759.000000 466074.000000 5031.000000
27118745.000000 349175.000000 4405.000000
17602830.000000 653353.000000 6293.000000
23287538.000000 548599.000000 4680.000000
27372816.000000 189265.000000 11677.000000
22432356.000000 720456.000000 13312.000000
20855322.000000 701144.000000 10529.000000
23286086.000000 623306.000000 5520.000000
24534744.000000 476505.000000 5668.000000
22422786.000000 228717.000000 6637.000000
24087161.000000 427233.000000 5363.000000
27252983.000000 185790.000000 3700.000000
27245510.000000 400120.000000 3606.000000
27279276.000000 448887.000000 3726.000000
21557670.000000 609879.000000 4702.000000
27343062.000000 186390.000000 7287.000000
27324598.000000 444460.000000 3910.000000
18899940.000000 647658.000000 5144.000000
26849901.000000 363767.000000 3240.000000
27055745.000000 404245.000000 3851.000000
21833031.000000 715523.000000 11271.000000
27331356.000000 468941.000000 3983.000000
27172362.000000 186261.000000 4020.000000
16050523.000000 665168.000000 5489.000000
19960999.000000 645036.000000 4701.000000
23387498.000000 619291.000000 5367.000000
21424098.000000 645875.000000 4407.000000
18952627.000000 647657.000000 4967.000000
24844684.000000 580834.000000 4088.000000
27540890.000000 89233.000000 423.000000
23303381.000000 653469.000000 5660.000000
21064571.000000 543858.000000 5002.000000
25628252.000000 184797.000000 6041.000000
18460856.000000 647228.000000 5674.000000
14371589.000000 670094.000000 7708.000000
19590474.000000 641653.000000 5244.000000
22935711.000000 647264.000000 11400.000000
26763876.000000 481164.000000 4716.000000
19080930.000000 650308.000000 5624.000000
19484512.000000 635392.000000 5391.000000
18104159.000000 656441.000000 5994.000000
26944764.000000 342475.000000 4000.000000
28054707.000000 200630.000000 16271.000000
23155160.000000 651045.000000 10012.000000
27811139.000000 195050.000000 7400.000000
20936051.000000 647045.000000 4473.000000
16862584.000000 657551.000000 5657.000000
22615845.000000 209193.000000 6437.000000
20898168.000000 568177.000000 4471.000000
