29745789.000000 61344.000000 1848.000000
29751293.000000 60566.000000 1620.000000
29719648.000000 61001.000000 1522.000000
29699183.000000 61331.000000 1764.000000
29760376.000000 60444.000000 1327.000000
29884392.000000 60912.000000 1749.000000
29608460.000000 60107.000000 1506.000000
29773180.000000 60765.000000 2095.000000
29775972.000000 61358.000000 2100.000000
29767875.000000 61648.000000 1967.000000
29890871.000000 60610.000000 1565.000000
29634867.000000 60025.000000 2117.000000
29836259.000000 60602.000000 2217.000000
29551795.000000 59869.000000 1660.000000
29760323.000000 60755.000000 2056.000000
29692645.000000 60605.000000 1906.000000
29523258.000000 60325.000000 1926.000000
29825431.000000 60243.000000 1739.000000
29813017.000000 60985.000000 1837.000000
29755006.000000 61282.000000 1769.000000
29804397.000000 60334.000000 1909.000000
29827292.000000 61447.000000 1648.000000
29917216.000000 60665.000000 1902.000000
29896902.000000 60906.000000 1858.000000
29956837.000000 60793.000000 1542.000000
29833080.000000 61092.000000 1962.000000
29805356.000000 60511.000000 1993.000000
29817626.000000 60393.000000 1409.000000
29861158.000000 60941.000000 1580.000000
29566894.000000 60058.000000 1585.000000
29827772.000000 60755.000000 2060.000000
29897925.000000 60912.000000 1750.000000
29543424.000000 60199.000000 1385.000000
29911738.000000 60693.000000 1345.000000
29950510.000000 61279.000000 1245.000000
29651083.000000 60720.000000 1550.000000
29675528.000000 60896.000000 1701.000000
29658738.000000 61124.000000 1496.000000
29916274.000000 60324.000000 1845.000000
29805062.000000 61017.000000 1426.000000
29912741.000000 61087.000000 1941.000000
29824228.000000 60253.000000 1942.000000
29729780.000000 60876.000000 2047.000000
29796176.000000 61226.000000 1517.000000
29718104.000000 60622.000000 1965.000000
29929963.000000 61057.000000 1216.000000
29842269.000000 60785.000000 1754.000000
29738341.000000 61077.000000 1521.000000
29922696.000000 60670.000000 1336.000000
29793212.000000 60933.000000 1306.000000
29694245.000000 60517.000000 2144.000000
29777581.000000 60771.000000 1368.000000
29830070.000000 60977.000000 1868.000000
29796335.000000 60653.000000 1578.000000
29848113.000000 60102.000000 1603.000000
29902285.000000 60966.000000 1776.000000
29703900.000000 60644.000000 1858.000000
29805675.000000 60689.000000 1196.000000
29694705.000000 60816.000000 1660.000000
29936701.000000 60838.000000 1553.000000
29845827.000000 61418.000000 1499.000000
29722784.000000 61087.000000 1838.000000
29837728.000000 61054.000000 2080.000000
29637954.000000 60142.000000 1645.000000
29844247.000000 61491.000000 1462.000000
29674795.000000 60583.000000 1876.000000
29728832.000000 61041.000000 2026.000000
29820618.000000 60770.000000 1639.000000
29775037.000000 60506.000000 1626.000000
29774236.000000 60705.000000 1960.000000
29866188.000000 60745.000000 1441.000000
29826550.000000 61131.000000 1596.000000
29897104.000000 60521.000000 1439.000000
29522430.000000 61018.000000 1347.000000
29727671.000000 60947.000000 1716.000000
29707575.000000 60480.000000 1550.000000
29768412.000000 61329.000000 1351.000000
29758276.000000 60819.000000 1526.000000
29834838.000000 60537.000000 1891.000000
29784976.000000 60300.000000 1858.000000
29439461.000000 59545.000000 1522.000000
29684528.000000 60008.000000 1458.000000
29425203.000000 59697.000000 2143.000000
29862816.000000 60422.000000 2061.000000
29388937.000000 59020.000000 2015.000000
27775216.000000 55417.000000 1390.000000
29815192.000000 61068.000000 1220.000000
29714008.000000 60490.000000 1639.000000
29686294.000000 60980.000000 1833.000000
29856297.000000 61368.000000 1790.000000
29848139.000000 60823.000000 1447.000000
29876975.000000 61378.000000 1545.000000
29677229.000000 61161.000000 1912.000000
29671447.000000 60357.000000 1598.000000
29810151.000000 60954.000000 1804.000000
29814517.000000 60301.000000 2017.000000
29674056.000000 61018.000000 1468.000000
29792138.000000 60450.000000 1614.000000
29695459.000000 60466.000000 1857.000000
29489791.000000 60274.000000 1399.000000
