27898380.000000 85765.000000 840.000000
27828941.000000 89376.000000 892.000000
27763490.000000 84516.000000 928.000000
27933213.000000 86250.000000 850.000000
27784559.000000 85846.000000 843.000000
27824189.000000 94171.000000 887.000000
27930498.000000 85255.000000 888.000000
28060016.000000 89558.000000 723.000000
27663290.000000 85802.000000 982.000000
28051192.000000 86545.000000 831.000000
27895571.000000 86266.000000 839.000000
27924882.000000 85167.000000 853.000000
27793513.000000 86285.000000 799.000000
28086868.000000 90132.000000 819.000000
27756040.000000 88502.000000 840.000000
28037698.000000 94511.000000 794.000000
28003315.000000 92953.000000 743.000000
27784384.000000 85906.000000 816.000000
28041531.000000 88011.000000 795.000000
27961705.000000 84440.000000 764.000000
27973935.000000 86427.000000 809.000000
27815118.000000 86424.000000 758.000000
27933015.000000 89349.000000 721.000000
27774928.000000 94316.000000 759.000000
28094469.000000 89668.000000 638.000000
28125789.000000 89217.000000 713.000000
27853118.000000 89306.000000 788.000000
27841680.000000 85739.000000 886.000000
28092271.000000 89968.000000 734.000000
28008268.000000 88877.000000 794.000000
27617882.000000 82842.000000 898.000000
28113882.000000 88580.000000 760.000000
28046656.000000 89949.000000 778.000000
28082188.000000 89228.000000 737.000000
27945798.000000 89402.000000 707.000000
28059475.000000 92400.000000 820.000000
27868484.000000 85057.000000 797.000000
27769818.000000 84487.000000 775.000000
28137654.000000 89296.000000 669.000000
27885077.000000 92261.000000 749.000000
27856111.000000 92850.000000 706.000000
27911559.000000 85452.000000 780.000000
28087003.000000 89022.000000 760.000000
27784125.000000 85620.000000 830.000000
27752644.000000 85000.000000 907.000000
27993401.000000 88481.000000 840.000000
28125486.000000 93383.000000 850.000000
28079807.000000 88671.000000 841.000000
28078774.000000 88673.000000 820.000000
27873115.000000 89826.000000 848.000000
28043630.000000 89082.000000 748.000000
28007358.000000 89358.000000 741.000000
27809629.000000 92489.000000 946.000000
27979823.000000 93816.000000 844.000000
28080384.000000 89620.000000 845.000000
28191444.000000 89899.000000 822.000000
27813464.000000 85259.000000 915.000000
27998845.000000 89487.000000 749.000000
28065686.000000 89637.000000 768.000000
27825212.000000 93746.000000 861.000000
28135903.000000 88944.000000 804.000000
28057289.000000 93965.000000 854.000000
27950409.000000 88966.000000 780.000000
27898242.000000 86171.000000 886.000000
27841436.000000 85748.000000 921.000000
27821770.000000 86217.000000 875.000000
27878215.000000 85051.000000 949.000000
28079820.000000 90051.000000 798.000000
27736382.000000 84935.000000 903.000000
28122712.000000 88782.000000 777.000000
28080550.000000 89252.000000 780.000000
28024678.000000 89499.000000 749.000000
27913603.000000 85157.000000 851.000000
27730785.000000 85258.000000 848.000000
28071603.000000 88223.000000 808.000000
28072310.000000 88584.000000 704.000000
27889837.000000 93775.000000 826.000000
28146009.000000 90618.000000 754.000000
28032209.000000 88947.000000 787.000000
27832797.000000 86216.000000 799.000000
28048694.000000 89561.000000 693.000000
27788400.000000 86073.000000 854.000000
27719937.000000 85856.000000 865.000000
27893426.000000 88221.000000 816.000000
28119753.000000 89358.000000 847.000000
27871987.000000 85957.000000 950.000000
28113518.000000 90078.000000 725.000000
27887390.000000 87883.000000 849.000000
27823050.000000 93523.000000 750.000000
28093483.000000 89743.000000 758.000000
28099800.000000 89391.000000 760.000000
28052323.000000 94276.000000 757.000000
28101800.000000 89375.000000 750.000000
27931659.000000 85420.000000 733.000000
28024533.000000 89572.000000 777.000000
28041115.000000 89959.000000 785.000000
27775944.000000 85828.000000 781.000000
28064266.000000 89844.000000 800.000000
28118605.000000 89053.000000 717.000000
28003967.000000 93796.000000 898.000000
