28514852.000000 90826.000000 282.000000
28134414.000000 82640.000000 535.000000
27934871.000000 84626.000000 4011.000000
28526081.000000 86902.000000 402.000000
28481714.000000 83578.000000 290.000000
28465277.000000 83428.000000 352.000000
28404128.000000 87229.000000 349.000000
28385163.000000 85899.000000 343.000000
28365792.000000 86456.000000 307.000000
28662917.000000 86067.000000 301.000000
28423721.000000 86740.000000 324.000000
28517510.000000 86875.000000 278.000000
28458407.000000 83316.000000 320.000000
28511768.000000 83370.000000 261.000000
28465456.000000 83240.000000 290.000000
28417656.000000 87082.000000 290.000000
28588882.000000 83441.000000 349.000000
28380577.000000 86506.000000 262.000000
28546849.000000 83846.000000 257.000000
28349523.000000 82858.000000 295.000000
28461135.000000 83885.000000 327.000000
28491740.000000 86566.000000 426.000000
28429070.000000 88065.000000 310.000000
28488607.000000 87021.000000 401.000000
28476205.000000 83902.000000 271.000000
28583411.000000 83615.000000 385.000000
28408575.000000 85769.000000 265.000000
28260700.000000 86971.000000 312.000000
28425231.000000 86585.000000 352.000000
28561652.000000 83559.000000 269.000000
28492727.000000 88694.000000 316.000000
28468821.000000 82706.000000 297.000000
28472472.000000 86967.000000 369.000000
28502367.000000 83182.000000 300.000000
28384371.000000 85798.000000 379.000000
28459800.000000 83082.000000 311.000000
28496132.000000 87394.000000 328.000000
28406349.000000 87319.000000 247.000000
28509874.000000 83517.000000 297.000000
28470327.000000 83362.000000 358.000000
28559839.000000 83547.000000 301.000000
28386512.000000 86870.000000 288.000000
28522652.000000 86070.000000 382.000000
28471983.000000 83516.000000 380.000000
27666248.000000 83425.000000 224.000000
28052533.000000 80618.000000 321.000000
28510682.000000 82838.000000 273.000000
28410572.000000 84245.000000 286.000000
28355993.000000 86975.000000 654.000000
27928183.000000 84888.000000 1436.000000
28479608.000000 83908.000000 363.000000
28500763.000000 87839.000000 287.000000
28379976.000000 87024.000000 323.000000
28495994.000000 82793.000000 283.000000
28543484.000000 83436.000000 232.000000
28513573.000000 83956.000000 276.000000
28176454.000000 83504.000000 307.000000
28333118.000000 87375.000000 846.000000
28526758.000000 87203.000000 415.000000
28504752.000000 83454.000000 422.000000
27854983.000000 83928.000000 332.000000
28403911.000000 85644.000000 391.000000
28579399.000000 86493.000000 280.000000
28485949.000000 87787.000000 269.000000
28408394.000000 86422.000000 239.000000
28522110.000000 83524.000000 343.000000
28470013.000000 83988.000000 355.000000
28549914.000000 83710.000000 283.000000
28512682.000000 83953.000000 253.000000
28482422.000000 85967.000000 212.000000
28497055.000000 82980.000000 325.000000
28446223.000000 86503.000000 395.000000
28509410.000000 84471.000000 288.000000
28499186.000000 85842.000000 276.000000
28389933.000000 86670.000000 239.000000
28559330.000000 83051.000000 226.000000
28455009.000000 82952.000000 322.000000
28268177.000000 86882.000000 249.000000
28528046.000000 87005.000000 239.000000
27945551.000000 84158.000000 403.000000
28566252.000000 83025.000000 320.000000
28466923.000000 87337.000000 267.000000
28187761.000000 83065.000000 270.000000
28413694.000000 87923.000000 295.000000
28610537.000000 87023.000000 309.000000
28484190.000000 83461.000000 295.000000
28410642.000000 87459.000000 747.000000
28582660.000000 83209.000000 319.000000
28362467.000000 87961.000000 335.000000
28495621.000000 83541.000000 282.000000
28454664.000000 86494.000000 353.000000
28528085.000000 83314.000000 355.000000
28513313.000000 85990.000000 291.000000
28340588.000000 86105.000000 381.000000
28472457.000000 88099.000000 237.000000
28506873.000000 86442.000000 293.000000
28415798.000000 86073.000000 509.000000
28547472.000000 83478.000000 364.000000
28389492.000000 87045.000000 373.000000
28231572.000000 82462.000000 368.000000
