24544640.000000 73507.000000 29314.000000
24410178.000000 76167.000000 28828.000000
24530406.000000 73119.000000 28704.000000
24469609.000000 75322.000000 32241.000000
24539875.000000 74907.000000 28747.000000
24396997.000000 75351.000000 32538.000000
24352913.000000 75950.000000 28954.000000
24475534.000000 74029.000000 29702.000000
24287278.000000 75652.000000 28883.000000
24523815.000000 73237.000000 30750.000000
24621175.000000 72817.000000 29046.000000
24527533.000000 74450.000000 30615.000000
24411628.000000 73656.000000 32663.000000
24482483.000000 75140.000000 29226.000000
24397690.000000 73304.000000 32089.000000
24500523.000000 75590.000000 29375.000000
24405364.000000 75969.000000 28775.000000
24601171.000000 75609.000000 29586.000000
24624346.000000 73998.000000 28333.000000
24645174.000000 73400.000000 28627.000000
24389947.000000 73472.000000 32184.000000
24540026.000000 73042.000000 28786.000000
24542866.000000 75597.000000 28441.000000
24597348.000000 72871.000000 28432.000000
24337876.000000 75409.000000 28640.000000
24433830.000000 75707.000000 28647.000000
24499424.000000 75959.000000 28941.000000
24609925.000000 75712.000000 28691.000000
24567609.000000 76555.000000 28895.000000
21248872.000000 73051.000000 28840.000000
24284119.000000 75711.000000 28516.000000
24617532.000000 73365.000000 28941.000000
24376968.000000 76025.000000 29004.000000
24398017.000000 73276.000000 31527.000000
24530103.000000 73723.000000 28153.000000
24384469.000000 77360.000000 28964.000000
24163512.000000 74983.000000 30122.000000
24184086.000000 75209.000000 28436.000000
24438506.000000 73279.000000 31627.000000
24438731.000000 73553.000000 31904.000000
24542773.000000 76149.000000 28930.000000
24631225.000000 73647.000000 28537.000000
24617834.000000 73448.000000 27837.000000
24505684.000000 76182.000000 28709.000000
24511382.000000 73149.000000 31135.000000
24648607.000000 73557.000000 28647.000000
24461187.000000 73297.000000 31416.000000
24402016.000000 76661.000000 28806.000000
24570681.000000 75997.000000 28701.000000
24328851.000000 77213.000000 29121.000000
24566089.000000 76005.000000 29132.000000
24591902.000000 76152.000000 28931.000000
24491458.000000 76195.000000 29445.000000
24327094.000000 75322.000000 32759.000000
24434769.000000 72997.000000 31998.000000
24478457.000000 72896.000000 31488.000000
24392278.000000 76279.000000 32455.000000
24477034.000000 75545.000000 29176.000000
24228852.000000 76066.000000 28480.000000
24335693.000000 76669.000000 29494.000000
24355016.000000 75611.000000 29138.000000
24220276.000000 71965.000000 32928.000000
24489829.000000 76009.000000 28594.000000
24553694.000000 75560.000000 28630.000000
24588877.000000 76325.000000 28327.000000
24575764.000000 73000.000000 30899.000000
24292886.000000 76148.000000 28676.000000
24609608.000000 76161.000000 28802.000000
24250144.000000 74872.000000 28388.000000
24452254.000000 75571.000000 31847.000000
24507350.000000 75795.000000 32852.000000
24353204.000000 76567.000000 28786.000000
24435657.000000 72774.000000 31593.000000
24495188.000000 75870.000000 28871.000000
24588845.000000 76008.000000 28429.000000
24419315.000000 75293.000000 32154.000000
24377634.000000 76082.000000 29033.000000
24614885.000000 76309.000000 28346.000000
24331627.000000 73374.000000 32189.000000
24527590.000000 75458.000000 28409.000000
24705295.000000 72804.000000 28566.000000
24442365.000000 75771.000000 29227.000000
24541708.000000 75506.000000 28991.000000
24546763.000000 75446.000000 28794.000000
24521337.000000 72936.000000 31562.000000
24491987.000000 73538.000000 31828.000000
24491770.000000 73025.000000 31424.000000
24521699.000000 75832.000000 28701.000000
24426984.000000 75754.000000 32415.000000
24690281.000000 73119.000000 28957.000000
24570391.000000 75598.000000 28348.000000
24461893.000000 74991.000000 28656.000000
24558349.000000 75570.000000 29299.000000
24550657.000000 75019.000000 28703.000000
24471405.000000 73508.000000 31062.000000
24598407.000000 75887.000000 29126.000000
24587204.000000 76170.000000 28677.000000
24548947.000000 73226.000000 27799.000000
24533365.000000 75258.000000 28417.000000
24594812.000000 75767.000000 28579.000000
