23851158.000000 78473.000000 29568.000000
23954769.000000 78735.000000 28606.000000
24102189.000000 77992.000000 30258.000000
23986164.000000 76983.000000 30821.000000
24184067.000000 75456.000000 29545.000000
23560222.000000 73763.000000 29814.000000
23757253.000000 74209.000000 30541.000000
24076889.000000 79012.000000 29226.000000
24218060.000000 78652.000000 29909.000000
24064189.000000 77992.000000 33368.000000
24168865.000000 79236.000000 29812.000000
24015873.000000 78829.000000 33413.000000
24073857.000000 75544.000000 33332.000000
24178689.000000 78469.000000 29119.000000
23954126.000000 78303.000000 28816.000000
24041092.000000 75194.000000 33107.000000
24002305.000000 78765.000000 29476.000000
24000731.000000 75853.000000 31442.000000
23855623.000000 78080.000000 29882.000000
23972343.000000 75318.000000 30364.000000
24054575.000000 78286.000000 33268.000000
24046310.000000 75715.000000 31840.000000
24147476.000000 79398.000000 30091.000000
23975014.000000 78752.000000 29390.000000
24047317.000000 79174.000000 29849.000000
23855859.000000 77873.000000 29973.000000
24081258.000000 79422.000000 30106.000000
24042699.000000 74899.000000 31298.000000
24057778.000000 77796.000000 29774.000000
24068436.000000 75623.000000 30890.000000
24171977.000000 79432.000000 29811.000000
23884793.000000 77897.000000 30409.000000
24120225.000000 79643.000000 29788.000000
23972460.000000 78353.000000 29744.000000
23977627.000000 78877.000000 29408.000000
24253023.000000 75734.000000 29438.000000
24197735.000000 78944.000000 29477.000000
23681817.000000 77223.000000 28789.000000
23898685.000000 78419.000000 29431.000000
24115379.000000 79414.000000 29196.000000
24163011.000000 79891.000000 30369.000000
23660254.000000 73353.000000 30080.000000
24060657.000000 79815.000000 30720.000000
23966827.000000 78505.000000 29478.000000
24172349.000000 79470.000000 29554.000000
23942537.000000 75792.000000 31105.000000
24230278.000000 75623.000000 29612.000000
24259953.000000 76331.000000 29182.000000
24003527.000000 75457.000000 30741.000000
24227700.000000 78902.000000 29546.000000
24047383.000000 75119.000000 31017.000000
24020657.000000 75021.000000 31119.000000
24130546.000000 76066.000000 30501.000000
24005073.000000 75252.000000 30356.000000
24259116.000000 79274.000000 29481.000000
24050250.000000 79267.000000 30373.000000
23988666.000000 75505.000000 33158.000000
24063107.000000 79105.000000 30468.000000
24120425.000000 75329.000000 32028.000000
24208549.000000 75537.000000 29302.000000
23963862.000000 74715.000000 31054.000000
24122383.000000 79765.000000 30075.000000
24068790.000000 78873.000000 29276.000000
24081672.000000 79882.000000 30335.000000
24170108.000000 79216.000000 29613.000000
24049242.000000 78074.000000 32999.000000
24075998.000000 78935.000000 30515.000000
24027596.000000 78512.000000 30082.000000
24014046.000000 78886.000000 29533.000000
24131197.000000 79470.000000 29679.000000
24091909.000000 79453.000000 30760.000000
23971658.000000 78393.000000 29349.000000
23915373.000000 74906.000000 31657.000000
24059472.000000 75545.000000 31132.000000
24077883.000000 75599.000000 30778.000000
23991626.000000 79837.000000 30843.000000
24102444.000000 75351.000000 30817.000000
24246479.000000 79328.000000 29783.000000
24246613.000000 78192.000000 29672.000000
24103421.000000 79381.000000 30482.000000
24185601.000000 79016.000000 29887.000000
23940154.000000 74568.000000 30795.000000
23903530.000000 77883.000000 28612.000000
24216267.000000 78631.000000 29795.000000
24176792.000000 78988.000000 29973.000000
24051681.000000 75935.000000 31060.000000
24031772.000000 79039.000000 30769.000000
24041756.000000 78716.000000 29685.000000
24057934.000000 75692.000000 30650.000000
24022736.000000 79695.000000 29179.000000
24018281.000000 79489.000000 30923.000000
23977762.000000 75591.000000 30521.000000
23954937.000000 78256.000000 29185.000000
23994741.000000 79490.000000 30514.000000
24139054.000000 79012.000000 30079.000000
24149969.000000 78797.000000 29667.000000
24165985.000000 78207.000000 29693.000000
24147747.000000 79408.000000 29354.000000
24047079.000000 79103.000000 29520.000000
24124016.000000 79235.000000 30101.000000
