30240381.000000 50335.000000 161.000000
30220377.000000 49947.000000 245.000000
30269421.000000 50035.000000 186.000000
30241754.000000 50246.000000 77.000000
30301023.000000 50088.000000 250.000000
29936926.000000 48984.000000 183.000000
30136006.000000 49732.000000 176.000000
30195915.000000 49723.000000 142.000000
30291303.000000 49759.000000 207.000000
30143528.000000 50170.000000 65.000000
30180284.000000 49493.000000 230.000000
30275077.000000 49274.000000 20.000000
30191205.000000 49813.000000 208.000000
30142567.000000 49612.000000 346.000000
30347379.000000 49498.000000 207.000000
29191895.000000 46994.000000 177.000000
30218282.000000 49514.000000 182.000000
30123018.000000 49899.000000 88.000000
30257561.000000 50194.000000 311.000000
30136500.000000 49544.000000 167.000000
30162200.000000 49490.000000 169.000000
30228579.000000 49586.000000 273.000000
30195852.000000 50170.000000 414.000000
29086178.000000 47219.000000 223.000000
30294477.000000 50171.000000 173.000000
30210527.000000 49870.000000 223.000000
30268864.000000 50273.000000 176.000000
30313571.000000 50043.000000 80.000000
28985867.000000 46967.000000 24.000000
30100652.000000 49025.000000 206.000000
30107519.000000 49110.000000 134.000000
30272550.000000 49496.000000 187.000000
30075871.000000 49283.000000 200.000000
29270172.000000 48130.000000 302.000000
30027892.000000 49107.000000 192.000000
30258287.000000 50056.000000 160.000000
30110097.000000 49514.000000 23.000000
30157017.000000 49909.000000 268.000000
30268636.000000 49998.000000 139.000000
30032954.000000 49079.000000 372.000000
30235053.000000 49663.000000 219.000000
30286237.000000 49806.000000 118.000000
30097743.000000 49800.000000 85.000000
30057775.000000 49714.000000 113.000000
30256338.000000 49732.000000 108.000000
30237757.000000 49925.000000 276.000000
30245072.000000 49261.000000 261.000000
30174081.000000 49706.000000 129.000000
30219440.000000 49754.000000 239.000000
30238256.000000 49722.000000 199.000000
30115816.000000 49921.000000 290.000000
29211104.000000 47225.000000 121.000000
30156723.000000 49635.000000 96.000000
30178493.000000 49818.000000 354.000000
30277149.000000 50031.000000 187.000000
30247825.000000 49315.000000 80.000000
30062412.000000 49290.000000 182.000000
30218103.000000 49649.000000 297.000000
30118206.000000 49817.000000 122.000000
30257909.000000 50441.000000 89.000000
30333601.000000 49701.000000 177.000000
30235076.000000 50071.000000 335.000000
29927854.000000 49069.000000 268.000000
30241988.000000 50344.000000 246.000000
30240910.000000 49788.000000 210.000000
30011403.000000 49064.000000 142.000000
30264537.000000 49617.000000 124.000000
30202659.000000 50271.000000 180.000000
30254290.000000 50810.000000 220.000000
30040740.000000 49733.000000 71.000000
30239413.000000 49732.000000 163.000000
30234036.000000 49697.000000 245.000000
30282810.000000 50291.000000 81.000000
30189096.000000 50160.000000 285.000000
30198875.000000 49689.000000 135.000000
30252296.000000 50610.000000 261.000000
29957360.000000 49176.000000 207.000000
30030748.000000 50517.000000 125.000000
30226472.000000 49787.000000 116.000000
29727011.000000 49148.000000 221.000000
30155612.000000 50265.000000 311.000000
30176473.000000 50277.000000 48.000000
30214134.000000 49673.000000 267.000000
28856550.000000 46829.000000 63.000000
30311317.000000 50328.000000 223.000000
30244378.000000 50385.000000 293.000000
30152547.000000 49246.000000 182.000000
30306986.000000 49193.000000 208.000000
30096905.000000 49847.000000 316.000000
30230851.000000 49442.000000 258.000000
30039550.000000 49410.000000 190.000000
30290025.000000 49519.000000 302.000000
30282073.000000 49513.000000 247.000000
30280429.000000 50137.000000 151.000000
29985230.000000 48980.000000 358.000000
30090350.000000 49885.000000 343.000000
30214986.000000 49578.000000 129.000000
30197126.000000 49205.000000 156.000000
30161958.000000 49558.000000 62.000000
30035421.000000 49031.000000 359.000000
