25517786.000000 81971.000000 20369.000000
25583753.000000 81740.000000 18710.000000
25589111.000000 78200.000000 20093.000000
25792008.000000 81857.000000 18934.000000
25469367.000000 78091.000000 20028.000000
25604884.000000 80860.000000 19824.000000
25481990.000000 81299.000000 18927.000000
25612885.000000 81059.000000 19305.000000
25563675.000000 81035.000000 19687.000000
25504034.000000 78553.000000 19986.000000
25441842.000000 81833.000000 19313.000000
25536953.000000 77614.000000 20369.000000
25606764.000000 82448.000000 19883.000000
25676288.000000 77602.000000 20192.000000
25449595.000000 81042.000000 20076.000000
25497224.000000 81370.000000 19859.000000
25516220.000000 77864.000000 20434.000000
25533692.000000 82437.000000 19956.000000
25537741.000000 81512.000000 20268.000000
25571058.000000 81924.000000 20067.000000
25654797.000000 76921.000000 19164.000000
25473662.000000 77899.000000 19649.000000
25509451.000000 78408.000000 20090.000000
25768029.000000 81693.000000 18790.000000
25568313.000000 81364.000000 19586.000000
25556946.000000 77484.000000 19742.000000
25585851.000000 77850.000000 19584.000000
25636274.000000 78024.000000 19905.000000
25509087.000000 77480.000000 20125.000000
25616561.000000 81254.000000 19561.000000
25545515.000000 81615.000000 19031.000000
25561164.000000 78199.000000 20291.000000
25463731.000000 78596.000000 20243.000000
25621155.000000 77126.000000 19791.000000
25578090.000000 82479.000000 19972.000000
25525767.000000 78610.000000 20024.000000
25448692.000000 81406.000000 19102.000000
25521093.000000 78249.000000 20244.000000
25615592.000000 80012.000000 20941.000000
25662023.000000 81029.000000 19639.000000
25644454.000000 81383.000000 19112.000000
25589467.000000 77213.000000 19818.000000
25594805.000000 77618.000000 19824.000000
25995912.000000 81835.000000 17484.000000
25531373.000000 77587.000000 19845.000000
25463031.000000 81592.000000 18796.000000
25617860.000000 77406.000000 19843.000000
25582481.000000 82069.000000 19230.000000
25716006.000000 81277.000000 18817.000000
25651739.000000 77225.000000 19753.000000
25448907.000000 80959.000000 19812.000000
25679555.000000 82000.000000 19730.000000
25591543.000000 78002.000000 20023.000000
25644355.000000 77778.000000 19643.000000
25537583.000000 77142.000000 19772.000000
25741177.000000 81473.000000 18747.000000
25552562.000000 82029.000000 20090.000000
25562665.000000 78152.000000 20221.000000
25476376.000000 77363.000000 19969.000000
25427282.000000 82650.000000 19369.000000
25558053.000000 81693.000000 19732.000000
25450649.000000 77677.000000 20001.000000
25587882.000000 76976.000000 19975.000000
25600689.000000 82201.000000 19777.000000
25707439.000000 78283.000000 18665.000000
25530446.000000 77441.000000 20089.000000
25628031.000000 81475.000000 19669.000000
25347258.000000 76762.000000 19446.000000
25443550.000000 81800.000000 19230.000000
25631282.000000 81346.000000 20063.000000
25534332.000000 77750.000000 20323.000000
25438451.000000 77480.000000 19719.000000
25665909.000000 81410.000000 19737.000000
25378766.000000 81977.000000 20187.000000
25468476.000000 82059.000000 19689.000000
25491439.000000 82186.000000 20049.000000
25532101.000000 78124.000000 20308.000000
25596601.000000 81325.000000 20017.000000
25535493.000000 82096.000000 20049.000000
25596106.000000 81482.000000 19747.000000
25614713.000000 77240.000000 19699.000000
25631493.000000 77403.000000 19877.000000
25563650.000000 81433.000000 19066.000000
25501350.000000 79355.000000 20158.000000
25568176.000000 78008.000000 19816.000000
25555282.000000 81521.000000 20125.000000
25512861.000000 80930.000000 19965.000000
25480536.000000 81007.000000 19778.000000
25652843.000000 77617.000000 19036.000000
25610260.000000 82070.000000 19619.000000
25644825.000000 77418.000000 19635.000000
25541491.000000 77310.000000 19632.000000
25602730.000000 80920.000000 19627.000000
25496932.000000 81856.000000 19871.000000
25551011.000000 80990.000000 19648.000000
25522991.000000 78139.000000 20169.000000
25560320.000000 78062.000000 19842.000000
25432132.000000 83015.000000 19786.000000
25563442.000000 82511.000000 19550.000000
25565385.000000 77834.000000 20078.000000
