26708789.000000 79873.000000 11319.000000
26944704.000000 83734.000000 10742.000000
26876901.000000 83781.000000 10557.000000
26847015.000000 83369.000000 10435.000000
26895245.000000 83132.000000 10575.000000
26634364.000000 83286.000000 11453.000000
26692593.000000 84226.000000 10458.000000
26749999.000000 80030.000000 11170.000000
26761886.000000 80104.000000 11482.000000
26860199.000000 82698.000000 10441.000000
26662408.000000 83634.000000 10572.000000
26579138.000000 87834.000000 10847.000000
26858989.000000 80040.000000 11454.000000
26707887.000000 80062.000000 10966.000000
26870401.000000 82978.000000 10511.000000
26525216.000000 79195.000000 10963.000000
26759545.000000 83176.000000 10339.000000
26771344.000000 82624.000000 10805.000000
26755529.000000 79776.000000 11382.000000
26768667.000000 80149.000000 11314.000000
26642690.000000 83924.000000 10512.000000
26587898.000000 83867.000000 11677.000000
26561025.000000 85916.000000 11148.000000
26711368.000000 83386.000000 10737.000000
25854865.000000 79544.000000 10117.000000
26582577.000000 82978.000000 12828.000000
26580759.000000 84213.000000 10488.000000
26816640.000000 83489.000000 10617.000000
26632579.000000 83977.000000 10258.000000
26697527.000000 80856.000000 10759.000000
26754406.000000 80136.000000 11256.000000
26841846.000000 82781.000000 10686.000000
26789183.000000 80345.000000 11820.000000
26794413.000000 80386.000000 11364.000000
26659701.000000 83346.000000 11419.000000
26691771.000000 81459.000000 10921.000000
26723466.000000 80029.000000 11199.000000
26686801.000000 80401.000000 10876.000000
26835554.000000 83322.000000 10607.000000
26673249.000000 83830.000000 10101.000000
26832378.000000 82989.000000 10824.000000
26730482.000000 80190.000000 11162.000000
26695229.000000 79572.000000 10739.000000
26683361.000000 83548.000000 10313.000000
26795966.000000 83673.000000 10168.000000
26810062.000000 83387.000000 10616.000000
26673469.000000 83187.000000 10232.000000
26757919.000000 80278.000000 10992.000000
26845640.000000 80331.000000 11179.000000
26839204.000000 84312.000000 10420.000000
26518204.000000 79494.000000 10930.000000
26807446.000000 83328.000000 11079.000000
26592002.000000 84856.000000 10335.000000
26684640.000000 84637.000000 10314.000000
26597500.000000 83026.000000 12039.000000
26754584.000000 80277.000000 11179.000000
26777370.000000 84599.000000 10553.000000
26688992.000000 80462.000000 11069.000000
26761358.000000 80373.000000 12000.000000
26672968.000000 80761.000000 10751.000000
26589075.000000 84283.000000 11034.000000
26906395.000000 83004.000000 10732.000000
26434841.000000 83757.000000 10923.000000
26775703.000000 83875.000000 10225.000000
26771729.000000 80124.000000 11049.000000
26730650.000000 79810.000000 11697.000000
26769114.000000 82559.000000 10901.000000
26759580.000000 80749.000000 11025.000000
26748228.000000 80449.000000 11195.000000
26684119.000000 84435.000000 10435.000000
26725073.000000 84169.000000 10281.000000
26706799.000000 81456.000000 11109.000000
26775080.000000 80241.000000 11189.000000
26591306.000000 79294.000000 11158.000000
26734626.000000 80103.000000 11097.000000
26727977.000000 80887.000000 10973.000000
26753087.000000 84257.000000 10417.000000
26707636.000000 80050.000000 11051.000000
26756748.000000 79538.000000 11234.000000
26825579.000000 82555.000000 10644.000000
26573115.000000 82886.000000 10479.000000
26643117.000000 80636.000000 11569.000000
26700592.000000 83140.000000 10260.000000
26721537.000000 84086.000000 10204.000000
26657391.000000 83508.000000 10530.000000
26819276.000000 80765.000000 11252.000000
26691367.000000 81136.000000 11277.000000
26611513.000000 84198.000000 10939.000000
26710112.000000 80848.000000 11050.000000
26855885.000000 83323.000000 10455.000000
26641127.000000 83453.000000 11174.000000
26730262.000000 80754.000000 10944.000000
26233363.000000 80335.000000 11120.000000
26767765.000000 80007.000000 10926.000000
26714535.000000 80837.000000 10720.000000
26841188.000000 83154.000000 10454.000000
26772987.000000 81571.000000 11052.000000
26845688.000000 83240.000000 10590.000000
26067318.000000 86448.000000 10598.000000
26760340.000000 79989.000000 11594.000000
