26025256.000000 80311.000000 15218.000000
26103629.000000 80492.000000 16088.000000
26107102.000000 79832.000000 14805.000000
26074520.000000 80692.000000 15639.000000
25788992.000000 76737.000000 14364.000000
26123677.000000 81438.000000 15531.000000
26017077.000000 80461.000000 15874.000000
26134148.000000 81634.000000 15698.000000
26042986.000000 81422.000000 17189.000000
26157295.000000 81570.000000 15854.000000
26062227.000000 80604.000000 15534.000000
26118929.000000 81023.000000 15806.000000
25997343.000000 80121.000000 14941.000000
26423498.000000 81038.000000 15030.000000
26089245.000000 80588.000000 15569.000000
26083412.000000 81242.000000 15606.000000
26278862.000000 79910.000000 15118.000000
26135598.000000 81292.000000 17473.000000
26042598.000000 79984.000000 15068.000000
26152145.000000 80700.000000 15621.000000
26126560.000000 79725.000000 14890.000000
26173523.000000 80412.000000 16714.000000
26156465.000000 80392.000000 17646.000000
26109675.000000 80578.000000 17438.000000
26042818.000000 80635.000000 15036.000000
26093375.000000 79987.000000 15760.000000
26244129.000000 81249.000000 15270.000000
26164636.000000 80780.000000 15570.000000
25987526.000000 79901.000000 15345.000000
26254767.000000 80164.000000 14409.000000
26028363.000000 80307.000000 15608.000000
26083014.000000 79771.000000 14820.000000
26109234.000000 78400.000000 17676.000000
26104363.000000 79808.000000 14870.000000
26020765.000000 80440.000000 15849.000000
26008206.000000 79514.000000 15186.000000
26124943.000000 80363.000000 15737.000000
26031871.000000 81269.000000 15345.000000
26104688.000000 80802.000000 15633.000000
26175674.000000 80659.000000 15230.000000
25965130.000000 80097.000000 15284.000000
26145524.000000 81731.000000 15178.000000
26102368.000000 79135.000000 17069.000000
26046118.000000 81093.000000 15869.000000
26108989.000000 80467.000000 16101.000000
26148587.000000 78673.000000 17702.000000
26078231.000000 80853.000000 15339.000000
26062913.000000 80724.000000 15772.000000
26106262.000000 80926.000000 16010.000000
26056999.000000 81340.000000 15392.000000
26032723.000000 80812.000000 15870.000000
26102227.000000 80849.000000 16251.000000
26264750.000000 82046.000000 14899.000000
26036430.000000 79846.000000 14905.000000
26073010.000000 80658.000000 17467.000000
26212066.000000 81128.000000 15334.000000
26145252.000000 80655.000000 15598.000000
26131516.000000 80568.000000 17419.000000
26067859.000000 79957.000000 15988.000000
26072083.000000 81010.000000 16530.000000
26025015.000000 79914.000000 15749.000000
26148409.000000 80997.000000 14827.000000
26039015.000000 80553.000000 15111.000000
26289643.000000 81455.000000 15065.000000
26271103.000000 80359.000000 15509.000000
26187154.000000 80439.000000 15739.000000
25976905.000000 80659.000000 15485.000000
26035879.000000 80789.000000 15044.000000
26187658.000000 81007.000000 15977.000000
26082954.000000 80387.000000 15067.000000
26105997.000000 80780.000000 15902.000000
26045273.000000 80619.000000 15469.000000
25242300.000000 77474.000000 13867.000000
25942924.000000 81076.000000 16118.000000
26197027.000000 81331.000000 16170.000000
26140108.000000 81096.000000 16452.000000
26214146.000000 80962.000000 15507.000000
26026623.000000 80386.000000 15320.000000
26065580.000000 80689.000000 15892.000000
26145010.000000 80956.000000 15838.000000
26072471.000000 79887.000000 15099.000000
25977832.000000 80597.000000 15317.000000
26127198.000000 81082.000000 15570.000000
26050865.000000 80392.000000 14870.000000
26003744.000000 81030.000000 14468.000000
26212487.000000 78527.000000 17362.000000
26171711.000000 81564.000000 15629.000000
26332110.000000 80891.000000 15717.000000
26161920.000000 80962.000000 15592.000000
26066089.000000 81097.000000 15212.000000
26178325.000000 81107.000000 15563.000000
26087174.000000 81495.000000 15616.000000
25967867.000000 81663.000000 15628.000000
26047598.000000 80940.000000 15517.000000
26072869.000000 79360.000000 15250.000000
25959474.000000 79732.000000 15152.000000
26161555.000000 80967.000000 15877.000000
26100446.000000 82205.000000 15555.000000
26138271.000000 80368.000000 16661.000000
26165952.000000 81480.000000 15268.000000
