24661771.000000 19662.000000 0.000000
31715650.000000 20067.000000 0.000000
20579318.000000 16110.000000 0.000000
22007919.000000 18579.000000 0.000000
31837530.000000 20060.000000 0.000000
20487856.000000 15616.000000 0.000000
21985883.000000 20231.000000 0.000000
22082785.000000 19205.000000 0.000000
21692907.000000 19384.000000 0.000000
22632134.000000 20181.000000 0.000000
21974125.000000 20021.000000 2.000000
21223407.000000 17931.000000 0.000000
31871486.000000 20029.000000 0.000000
21824328.000000 18228.000000 0.000000
31777165.000000 19871.000000 0.000000
22066173.000000 19290.000000 0.000000
21778736.000000 20333.000000 0.000000
28467148.000000 19811.000000 0.000000
21738996.000000 19161.000000 0.000000
22049988.000000 19199.000000 0.000000
29235437.000000 19908.000000 0.000000
21828930.000000 18590.000000 0.000000
20382247.000000 15359.000000 0.000000
21853483.000000 20088.000000 0.000000
28510404.000000 19813.000000 0.000000
21478772.000000 18079.000000 0.000000
21594672.000000 19676.000000 0.000000
25935617.000000 19778.000000 0.000000
29043780.000000 19759.000000 0.000000
25222611.000000 19540.000000 0.000000
31803777.000000 19948.000000 0.000000
27914388.000000 19759.000000 0.000000
20772486.000000 17853.000000 0.000000
29799489.000000 19825.000000 0.000000
23595040.000000 19816.000000 0.000000
21322402.000000 17468.000000 0.000000
26697585.000000 19846.000000 0.000000
22982416.000000 19663.000000 2.000000
27778291.000000 19802.000000 0.000000
21732507.000000 18250.000000 0.000000
21240702.000000 18219.000000 0.000000
22182275.000000 20083.000000 0.000000
31663185.000000 19979.000000 0.000000
30791103.000000 19860.000000 0.000000
20742315.000000 16594.000000 0.000000
21342318.000000 18950.000000 0.000000
25443944.000000 19879.000000 0.000000
22765002.000000 19709.000000 0.000000
26519209.000000 19951.000000 0.000000
22372250.000000 20069.000000 0.000000
25431531.000000 19761.000000 0.000000
29033535.000000 19829.000000 0.000000
20932006.000000 15843.000000 0.000000
22525054.000000 20064.000000 0.000000
20715400.000000 17361.000000 0.000000
21727427.000000 19969.000000 0.000000
26521197.000000 19891.000000 0.000000
24420099.000000 19680.000000 0.000000
24302510.000000 19650.000000 0.000000
31375609.000000 20135.000000 0.000000
20405111.000000 16865.000000 0.000000
20389443.000000 16268.000000 0.000000
27804457.000000 19857.000000 0.000000
20747452.000000 16878.000000 0.000000
21143138.000000 16309.000000 0.000000
24609278.000000 19679.000000 0.000000
20411509.000000 15894.000000 0.000000
29925967.000000 19948.000000 0.000000
25374440.000000 19725.000000 0.000000
23125006.000000 19630.000000 0.000000
25454448.000000 19968.000000 0.000000
25475548.000000 19836.000000 0.000000
26803246.000000 19764.000000 0.000000
20127045.000000 16484.000000 0.000000
20854985.000000 15812.000000 0.000000
21590030.000000 18707.000000 0.000000
25793212.000000 20006.000000 0.000000
20774325.000000 16853.000000 0.000000
20227098.000000 17220.000000 0.000000
31205358.000000 19992.000000 0.000000
25229936.000000 19734.000000 0.000000
23706455.000000 19582.000000 0.000000
21924101.000000 18563.000000 0.000000
20426538.000000 17115.000000 0.000000
20365112.000000 16516.000000 0.000000
24433246.000000 19603.000000 0.000000
30676190.000000 20010.000000 0.000000
20457034.000000 15503.000000 0.000000
20638796.000000 15991.000000 0.000000
27993104.000000 19852.000000 0.000000
25326544.000000 19709.000000 0.000000
31207626.000000 20109.000000 0.000000
23629414.000000 19667.000000 0.000000
25175547.000000 19763.000000 0.000000
20474218.000000 17052.000000 0.000000
21960114.000000 20163.000000 0.000000
20393470.000000 17144.000000 0.000000
23971777.000000 19854.000000 0.000000
31685513.000000 19908.000000 0.000000
29461831.000000 19733.000000 0.000000
