29812732.000000 48459.000000 98.000000
30226476.000000 49287.000000 200.000000
30359531.000000 49756.000000 8.000000
30104379.000000 49118.000000 11.000000
30310023.000000 49388.000000 72.000000
30340624.000000 49496.000000 37.000000
30338440.000000 49875.000000 26.000000
30354401.000000 49581.000000 20.000000
30024344.000000 49069.000000 52.000000
30356222.000000 49344.000000 60.000000
30234847.000000 49558.000000 6.000000
30322490.000000 49856.000000 38.000000
30185939.000000 49273.000000 42.000000
30305686.000000 49624.000000 30.000000
30265724.000000 49538.000000 160.000000
30375415.000000 49869.000000 105.000000
30305658.000000 49601.000000 192.000000
30285444.000000 49518.000000 122.000000
30122345.000000 49420.000000 39.000000
30347952.000000 49785.000000 77.000000
30187462.000000 49701.000000 51.000000
30175814.000000 49639.000000 11.000000
30078037.000000 49138.000000 13.000000
30342887.000000 49846.000000 64.000000
29988736.000000 48576.000000 136.000000
30134246.000000 49433.000000 39.000000
30359981.000000 49830.000000 35.000000
29941673.000000 48842.000000 5.000000
30171825.000000 49585.000000 249.000000
30268164.000000 49508.000000 55.000000
29206746.000000 47112.000000 63.000000
30286335.000000 49519.000000 49.000000
29969971.000000 48873.000000 11.000000
30327860.000000 50134.000000 19.000000
30188423.000000 49515.000000 15.000000
30306744.000000 49947.000000 17.000000
30257389.000000 49506.000000 7.000000
30368446.000000 49715.000000 19.000000
30372238.000000 49405.000000 10.000000
30335901.000000 50266.000000 35.000000
30297399.000000 49830.000000 7.000000
30274657.000000 49602.000000 10.000000
30019881.000000 48505.000000 12.000000
30081285.000000 49322.000000 4.000000
30041835.000000 48909.000000 25.000000
30156015.000000 49570.000000 30.000000
30221534.000000 49433.000000 38.000000
30040071.000000 49057.000000 24.000000
30131816.000000 48874.000000 11.000000
30316148.000000 49777.000000 40.000000
30327727.000000 49500.000000 8.000000
30197181.000000 49601.000000 4.000000
30270048.000000 49790.000000 30.000000
30146972.000000 49261.000000 98.000000
30370298.000000 49795.000000 50.000000
30267651.000000 49593.000000 21.000000
30283303.000000 49700.000000 125.000000
30342667.000000 49048.000000 25.000000
30176139.000000 49078.000000 26.000000
30278331.000000 49511.000000 74.000000
30225714.000000 49421.000000 269.000000
30267207.000000 49608.000000 14.000000
30133338.000000 49208.000000 180.000000
29825125.000000 48491.000000 23.000000
30288254.000000 49720.000000 19.000000
30322202.000000 49480.000000 43.000000
29604799.000000 47631.000000 12.000000
30078261.000000 48963.000000 177.000000
30152186.000000 48987.000000 34.000000
30313183.000000 49428.000000 89.000000
29981478.000000 49340.000000 54.000000
30251820.000000 49367.000000 65.000000
30316366.000000 49608.000000 46.000000
30172489.000000 49460.000000 176.000000
30348256.000000 49706.000000 79.000000
30334965.000000 49324.000000 102.000000
30150249.000000 48927.000000 92.000000
30251729.000000 49528.000000 15.000000
30348853.000000 49418.000000 6.000000
30372797.000000 49611.000000 17.000000
30343366.000000 49694.000000 28.000000
30338558.000000 49717.000000 38.000000
30320328.000000 49819.000000 61.000000
30334668.000000 49588.000000 80.000000
30045854.000000 48922.000000 264.000000
30298399.000000 49617.000000 33.000000
30345389.000000 49472.000000 125.000000
30272243.000000 49700.000000 187.000000
30144434.000000 49187.000000 73.000000
30294851.000000 49803.000000 77.000000
30297798.000000 49412.000000 72.000000
29677879.000000 48109.000000 73.000000
30330283.000000 49487.000000 49.000000
30315497.000000 49850.000000 62.000000
30260377.000000 49428.000000 159.000000
29782079.000000 48577.000000 59.000000
30119224.000000 49105.000000 55.000000
30124958.000000 49334.000000 20.000000
30308736.000000 49654.000000 79.000000
30103350.000000 49240.000000 123.000000
