25351211.000000 173975.000000 14426.000000
25424559.000000 173057.000000 13542.000000
25343514.000000 270534.000000 14762.000000
25351079.000000 172883.000000 13686.000000
25299810.000000 286524.000000 15366.000000
25509828.000000 173414.000000 12602.000000
25285446.000000 173694.000000 14833.000000
25371810.000000 172163.000000 13023.000000
25948137.000000 188480.000000 30340.000000
25266390.000000 171240.000000 14460.000000
25370253.000000 172734.000000 13346.000000
25249532.000000 218076.000000 14545.000000
25449745.000000 173266.000000 12860.000000
25341691.000000 172141.000000 17940.000000
25855856.000000 182966.000000 22320.000000
27198440.000000 87823.000000 1858.000000
25552134.000000 173027.000000 16734.000000
25750296.000000 186716.000000 19894.000000
25599132.000000 173295.000000 18772.000000
25274239.000000 172396.000000 14814.000000
24911416.000000 268110.000000 16870.000000
25401843.000000 173244.000000 15553.000000
24999775.000000 188091.000000 15964.000000
25087167.000000 170823.000000 16874.000000
25821815.000000 185541.000000 30225.000000
25069970.000000 190296.000000 46698.000000
25421941.000000 172173.000000 22027.000000
25494848.000000 173195.000000 21437.000000
25582344.000000 174582.000000 23871.000000
25548916.000000 173563.000000 21290.000000
25973319.000000 186507.000000 30484.000000
26077195.000000 137345.000000 2457.000000
24047933.000000 171458.000000 18680.000000
25354829.000000 172991.000000 13242.000000
24752626.000000 182872.000000 42036.000000
25635182.000000 174224.000000 14711.000000
25253468.000000 292959.000000 15768.000000
25662414.000000 175954.000000 21612.000000
25537765.000000 174214.000000 18268.000000
25546631.000000 174594.000000 21053.000000
25623913.000000 174152.000000 19941.000000
25934936.000000 189113.000000 31688.000000
25369273.000000 172292.000000 14397.000000
26001350.000000 181192.000000 27615.000000
25776514.000000 181615.000000 18988.000000
25531473.000000 173292.000000 17122.000000
25456401.000000 172953.000000 14809.000000
26011656.000000 83542.000000 1756.000000
25574210.000000 173676.000000 16346.000000
25629322.000000 174450.000000 18877.000000
24013756.000000 170764.000000 20510.000000
25628716.000000 173989.000000 13835.000000
25469400.000000 173850.000000 13050.000000
25980215.000000 181277.000000 24983.000000
25361835.000000 174016.000000 12788.000000
25772575.000000 174148.000000 19531.000000
25689942.000000 174738.000000 19000.000000
25278599.000000 172033.000000 13567.000000
25594102.000000 175744.000000 24669.000000
25387219.000000 172046.000000 19591.000000
25872700.000000 185389.000000 30987.000000
25129390.000000 172005.000000 15211.000000
25519183.000000 177030.000000 20456.000000
25351047.000000 173186.000000 13218.000000
25195006.000000 172779.000000 12735.000000
25427607.000000 174108.000000 19186.000000
25488383.000000 172647.000000 18550.000000
25332535.000000 172355.000000 17506.000000
25900490.000000 184453.000000 29889.000000
25491440.000000 172308.000000 20162.000000
25631449.000000 176498.000000 22574.000000
25853948.000000 181124.000000 26110.000000
25312740.000000 172032.000000 15528.000000
25862171.000000 183129.000000 29402.000000
25421245.000000 172989.000000 15298.000000
25433706.000000 172841.000000 17018.000000
25161060.000000 171966.000000 14790.000000
25245135.000000 171628.000000 14471.000000
25835727.000000 182499.000000 26637.000000
25387362.000000 172237.000000 14271.000000
25508351.000000 174655.000000 18815.000000
25181339.000000 170741.000000 14683.000000
25512335.000000 174973.000000 20214.000000
25015472.000000 170133.000000 15113.000000
25551083.000000 183041.000000 27371.000000
25280247.000000 172528.000000 13434.000000
25465198.000000 173798.000000 14029.000000
25679851.000000 177065.000000 21940.000000
24451408.000000 191642.000000 35908.000000
25320449.000000 172530.000000 13895.000000
25404893.000000 174653.000000 13634.000000
25819068.000000 191185.000000 19534.000000
25777077.000000 176893.000000 24461.000000
25467343.000000 173008.000000 15707.000000
25938056.000000 184802.000000 29098.000000
25135148.000000 172106.000000 18540.000000
25564014.000000 174727.000000 18850.000000
25457086.000000 173482.000000 12906.000000
25494535.000000 173716.000000 16628.000000
25792677.000000 176766.000000 24009.000000
