28404390.000000 82703.000000 1534.000000
28465613.000000 87069.000000 1543.000000
28492853.000000 82134.000000 1488.000000
28481502.000000 82741.000000 1653.000000
28526166.000000 83282.000000 1527.000000
28415220.000000 79145.000000 1419.000000
28497485.000000 83900.000000 1466.000000
28447996.000000 82406.000000 1360.000000
28143619.000000 79395.000000 1453.000000
28385011.000000 79351.000000 1542.000000
28435814.000000 78377.000000 1529.000000
28485444.000000 82069.000000 1454.000000
28249536.000000 82147.000000 1478.000000
28471936.000000 83198.000000 1533.000000
28353003.000000 82496.000000 1638.000000
28512514.000000 86552.000000 1504.000000
28493597.000000 86702.000000 1510.000000
28135597.000000 78650.000000 1623.000000
28523134.000000 83081.000000 1515.000000
28490139.000000 83760.000000 1486.000000
28469861.000000 83411.000000 1645.000000
28465853.000000 82541.000000 1610.000000
28572070.000000 82835.000000 1452.000000
28156209.000000 82438.000000 1479.000000
28441070.000000 82498.000000 1474.000000
28447549.000000 82142.000000 1474.000000
28432016.000000 82883.000000 1499.000000
28374624.000000 87011.000000 1631.000000
28362057.000000 78445.000000 1597.000000
28391416.000000 81445.000000 1524.000000
28325144.000000 83180.000000 1490.000000
28366886.000000 82151.000000 1545.000000
28549304.000000 83871.000000 1466.000000
28523385.000000 83248.000000 1655.000000
28544565.000000 82750.000000 1490.000000
28413412.000000 78808.000000 1444.000000
28386186.000000 82922.000000 1479.000000
28261352.000000 78850.000000 1562.000000
28440900.000000 87222.000000 1502.000000
28295592.000000 87227.000000 1484.000000
28435682.000000 79141.000000 1508.000000
28493207.000000 83752.000000 1807.000000
28382604.000000 79069.000000 1497.000000
28355663.000000 82494.000000 1661.000000
28490799.000000 82855.000000 1533.000000
28266097.000000 86235.000000 1560.000000
28464983.000000 83042.000000 1448.000000
28470264.000000 83014.000000 1456.000000
28346563.000000 82295.000000 1582.000000
28392580.000000 82485.000000 1384.000000
28267635.000000 81185.000000 1465.000000
28372076.000000 78881.000000 1517.000000
28516451.000000 83042.000000 1450.000000
28178084.000000 78178.000000 1447.000000
28537603.000000 82864.000000 1515.000000
28490318.000000 83201.000000 1481.000000
28452307.000000 83027.000000 1472.000000
28534901.000000 82986.000000 1544.000000
28511630.000000 84023.000000 1541.000000
28482855.000000 80668.000000 1553.000000
28466033.000000 83574.000000 1456.000000
28267786.000000 87123.000000 1398.000000
28310808.000000 78520.000000 1377.000000
28507496.000000 86686.000000 1486.000000
28483900.000000 83922.000000 1496.000000
28434416.000000 82731.000000 1428.000000
28523905.000000 83913.000000 1414.000000
28466304.000000 84603.000000 1448.000000
28557080.000000 83545.000000 1413.000000
28511549.000000 83286.000000 1405.000000
28536839.000000 83090.000000 1328.000000
28123637.000000 79320.000000 1475.000000
28377527.000000 82262.000000 1360.000000
28335509.000000 86227.000000 1494.000000
28526848.000000 82942.000000 1486.000000
28303046.000000 83421.000000 1617.000000
28432335.000000 84261.000000 1502.000000
28458571.000000 82187.000000 1409.000000
28500870.000000 87062.000000 1280.000000
28569930.000000 83481.000000 1344.000000
28358299.000000 83164.000000 1551.000000
28503544.000000 83244.000000 1448.000000
28262850.000000 86377.000000 1499.000000
28234705.000000 79325.000000 1295.000000
28327064.000000 80194.000000 1448.000000
28465737.000000 82657.000000 1437.000000
28426814.000000 83796.000000 1464.000000
28483821.000000 79607.000000 1460.000000
28523135.000000 82744.000000 1505.000000
28362232.000000 87129.000000 1453.000000
28444917.000000 83669.000000 1497.000000
28455127.000000 82184.000000 1374.000000
28374427.000000 83970.000000 1620.000000
28159144.000000 78336.000000 1534.000000
28384067.000000 79996.000000 1663.000000
28410488.000000 79126.000000 1565.000000
28560662.000000 82677.000000 1506.000000
28178695.000000 78436.000000 1361.000000
28481904.000000 83525.000000 1389.000000
28526059.000000 82354.000000 1230.000000
