26588080.000000 86719.000000 9046.000000
26547231.000000 85350.000000 10547.000000
26556694.000000 85591.000000 10176.000000
26716214.000000 85779.000000 9353.000000
26691630.000000 85674.000000 9137.000000
26539590.000000 85422.000000 10872.000000
26391469.000000 86023.000000 12466.000000
26500991.000000 86021.000000 9456.000000
26661009.000000 87060.000000 9563.000000
26514864.000000 85862.000000 9580.000000
26497433.000000 85620.000000 9001.000000
26635348.000000 85129.000000 9538.000000
26815833.000000 85852.000000 9098.000000
26681932.000000 85791.000000 9166.000000
26609073.000000 85507.000000 9958.000000
26547991.000000 82897.000000 10754.000000
26103309.000000 84731.000000 8699.000000
26638780.000000 85536.000000 10519.000000
26577570.000000 86031.000000 8853.000000
26750728.000000 86171.000000 9093.000000
26297463.000000 84749.000000 8825.000000
26062831.000000 84456.000000 11068.000000
26343433.000000 84428.000000 8927.000000
26619016.000000 86086.000000 9191.000000
26556178.000000 83309.000000 10781.000000
26497764.000000 86333.000000 10880.000000
26466496.000000 85893.000000 9272.000000
26529939.000000 85385.000000 9449.000000
26734099.000000 86021.000000 9475.000000
26560227.000000 85224.000000 10612.000000
26620465.000000 85675.000000 9774.000000
26297234.000000 86157.000000 12647.000000
26595338.000000 85583.000000 10337.000000
26576044.000000 85606.000000 10391.000000
26568786.000000 86464.000000 10447.000000
26555591.000000 87591.000000 9765.000000
26566704.000000 85596.000000 11004.000000
26504501.000000 85705.000000 9233.000000
26589376.000000 85783.000000 10267.000000
26678507.000000 88491.000000 9177.000000
26623204.000000 85697.000000 10090.000000
26680191.000000 86511.000000 8815.000000
26679169.000000 86013.000000 9258.000000
26591223.000000 85665.000000 9642.000000
26709593.000000 85716.000000 9053.000000
26456181.000000 85668.000000 8957.000000
26656583.000000 85513.000000 10391.000000
26699429.000000 85409.000000 9205.000000
26642930.000000 85350.000000 8720.000000
26557048.000000 85604.000000 10111.000000
26676767.000000 85723.000000 9188.000000
26534446.000000 86921.000000 10197.000000
26642299.000000 85988.000000 8889.000000
26697850.000000 85283.000000 9356.000000
26666659.000000 85913.000000 9095.000000
26658526.000000 85617.000000 8937.000000
26419434.000000 86326.000000 12237.000000
26592112.000000 87546.000000 10121.000000
26823544.000000 85321.000000 8891.000000
26627488.000000 85688.000000 9984.000000
26680407.000000 85992.000000 9267.000000
26628385.000000 86224.000000 8707.000000
26750705.000000 86043.000000 9071.000000
26673150.000000 88648.000000 10100.000000
26625749.000000 88178.000000 10380.000000
26506963.000000 87062.000000 9033.000000
26444728.000000 84904.000000 10576.000000
26586132.000000 85238.000000 10225.000000
26575732.000000 85233.000000 10659.000000
26361335.000000 86177.000000 12401.000000
26516365.000000 85277.000000 10747.000000
26760116.000000 85980.000000 9134.000000
26727017.000000 85989.000000 9509.000000
26576377.000000 87913.000000 10702.000000
26592202.000000 85699.000000 10100.000000
26457015.000000 85076.000000 9417.000000
26374669.000000 84198.000000 10435.000000
26796487.000000 85399.000000 9444.000000
26521459.000000 85573.000000 9630.000000
26564712.000000 85803.000000 10788.000000
26537116.000000 83534.000000 10777.000000
26632360.000000 83776.000000 9514.000000
26735645.000000 86166.000000 9265.000000
26694884.000000 85107.000000 9038.000000
26495819.000000 85883.000000 9493.000000
26450704.000000 85561.000000 9360.000000
26253888.000000 85274.000000 8844.000000
26782175.000000 86130.000000 8970.000000
26438738.000000 85841.000000 9128.000000
26591902.000000 83822.000000 10812.000000
26746674.000000 85195.000000 8943.000000
26593520.000000 86359.000000 10008.000000
26745528.000000 85536.000000 9083.000000
26511763.000000 85259.000000 9158.000000
26633328.000000 83556.000000 9472.000000
26624365.000000 85972.000000 10277.000000
26651378.000000 85474.000000 10088.000000
26592083.000000 88492.000000 8897.000000
25206034.000000 80400.000000 9376.000000
26380188.000000 85338.000000 12274.000000
