29741187.000000 65867.000000 126.000000
29753978.000000 65239.000000 229.000000
29700235.000000 65639.000000 162.000000
29664916.000000 66234.000000 73.000000
29649048.000000 64822.000000 370.000000
29638021.000000 65586.000000 282.000000
29787047.000000 65424.000000 109.000000
29694109.000000 65680.000000 180.000000
29751438.000000 64638.000000 223.000000
29750445.000000 64843.000000 179.000000
29748126.000000 65111.000000 141.000000
29703754.000000 65432.000000 309.000000
29706215.000000 65993.000000 157.000000
29814070.000000 66363.000000 240.000000
29720606.000000 65523.000000 141.000000
29534760.000000 64538.000000 140.000000
29433623.000000 64964.000000 202.000000
29424500.000000 63788.000000 363.000000
29711115.000000 66362.000000 176.000000
29627032.000000 65974.000000 114.000000
29632568.000000 64797.000000 176.000000
29749587.000000 65344.000000 97.000000
29627070.000000 65611.000000 117.000000
29769633.000000 64959.000000 155.000000
29669361.000000 65474.000000 121.000000
29704104.000000 64681.000000 181.000000
29735544.000000 65156.000000 494.000000
29670810.000000 65456.000000 185.000000
29763397.000000 65127.000000 169.000000
29689689.000000 65763.000000 377.000000
29189973.000000 64693.000000 373.000000
29724342.000000 65392.000000 144.000000
29667608.000000 65332.000000 207.000000
29549723.000000 64617.000000 311.000000
28742737.000000 61245.000000 198.000000
29648121.000000 64879.000000 411.000000
29775292.000000 65743.000000 186.000000
29786782.000000 65283.000000 294.000000
28927218.000000 62548.000000 158.000000
29690993.000000 65482.000000 271.000000
29656634.000000 65603.000000 218.000000
29775686.000000 65642.000000 162.000000
29663488.000000 65093.000000 163.000000
29689520.000000 65332.000000 161.000000
29575882.000000 64513.000000 133.000000
29733666.000000 65011.000000 271.000000
29711797.000000 64940.000000 298.000000
29771700.000000 65569.000000 115.000000
29561933.000000 64725.000000 94.000000
29324191.000000 64346.000000 130.000000
29654468.000000 66224.000000 254.000000
29665945.000000 65300.000000 213.000000
29681993.000000 65837.000000 263.000000
29616564.000000 64896.000000 362.000000
29645474.000000 66326.000000 326.000000
29657572.000000 65597.000000 115.000000
29584693.000000 64672.000000 113.000000
29766640.000000 65527.000000 115.000000
29576993.000000 64503.000000 300.000000
29726748.000000 64993.000000 227.000000
29783926.000000 65628.000000 154.000000
29764350.000000 65645.000000 137.000000
29688516.000000 65047.000000 517.000000
29653689.000000 65205.000000 96.000000
29361986.000000 65018.000000 89.000000
29747749.000000 65751.000000 280.000000
29757476.000000 66397.000000 137.000000
29617116.000000 64891.000000 148.000000
29698235.000000 66467.000000 160.000000
29708060.000000 65727.000000 286.000000
29694596.000000 65750.000000 227.000000
29761299.000000 65192.000000 138.000000
29745327.000000 64749.000000 280.000000
29794552.000000 65181.000000 477.000000
29737843.000000 65262.000000 97.000000
29804231.000000 65632.000000 210.000000
29740101.000000 65600.000000 364.000000
29851294.000000 65243.000000 113.000000
29802480.000000 65191.000000 353.000000
29595424.000000 65369.000000 125.000000
29782656.000000 65333.000000 94.000000
29787430.000000 65137.000000 169.000000
29742961.000000 65748.000000 141.000000
29742938.000000 65265.000000 357.000000
29638625.000000 64712.000000 119.000000
29654201.000000 64900.000000 239.000000
29747591.000000 65435.000000 145.000000
29755452.000000 65572.000000 136.000000
29653015.000000 64864.000000 355.000000
29769388.000000 65752.000000 109.000000
29630490.000000 65560.000000 217.000000
29624606.000000 64544.000000 444.000000
29741504.000000 65266.000000 132.000000
29790504.000000 65719.000000 243.000000
29523248.000000 64883.000000 161.000000
29674914.000000 65003.000000 139.000000
29468294.000000 65431.000000 1426.000000
29642825.000000 65037.000000 228.000000
29647069.000000 65831.000000 361.000000
29691000.000000 66399.000000 212.000000
