27651073.000000 88994.000000 2876.000000
27642914.000000 89540.000000 2803.000000
27707672.000000 89453.000000 2570.000000
27709545.000000 86317.000000 2656.000000
27663781.000000 89112.000000 2807.000000
27649287.000000 89167.000000 2766.000000
27658772.000000 89851.000000 2804.000000
27596245.000000 90464.000000 2764.000000
27655109.000000 88918.000000 2911.000000
27640327.000000 90134.000000 2793.000000
27584863.000000 90002.000000 2849.000000
27708894.000000 86150.000000 2729.000000
27357617.000000 89538.000000 2790.000000
27653349.000000 86582.000000 2752.000000
27733223.000000 89091.000000 2802.000000
27629638.000000 89549.000000 2726.000000
27155171.000000 89188.000000 2579.000000
27679456.000000 89307.000000 2951.000000
27669301.000000 90447.000000 2748.000000
27719816.000000 89181.000000 2870.000000
27644030.000000 89935.000000 2837.000000
27638745.000000 88370.000000 2909.000000
27658219.000000 90321.000000 2841.000000
27669801.000000 89857.000000 2691.000000
27314091.000000 87887.000000 2704.000000
27625525.000000 85899.000000 2787.000000
27665143.000000 86225.000000 2702.000000
27695660.000000 89287.000000 2795.000000
27586649.000000 89614.000000 2903.000000
27650380.000000 89427.000000 2806.000000
27693831.000000 85529.000000 2854.000000
27680351.000000 89496.000000 2993.000000
27678818.000000 88277.000000 2694.000000
26638412.000000 85859.000000 2531.000000
27655439.000000 89175.000000 2520.000000
27724195.000000 90405.000000 2754.000000
27622730.000000 86424.000000 2768.000000
27610652.000000 89537.000000 2621.000000
27702447.000000 86225.000000 2667.000000
27465127.000000 84842.000000 2845.000000
27630830.000000 88374.000000 2488.000000
27709087.000000 88716.000000 2630.000000
27666118.000000 89551.000000 2667.000000
27652576.000000 86579.000000 2835.000000
27652550.000000 88425.000000 3012.000000
27613929.000000 89865.000000 2902.000000
27573883.000000 89936.000000 2737.000000
27644123.000000 89240.000000 2843.000000
27665187.000000 86166.000000 2748.000000
27747860.000000 86411.000000 2826.000000
27642858.000000 86187.000000 2776.000000
27331999.000000 87579.000000 2841.000000
27619960.000000 89183.000000 2863.000000
27516013.000000 87718.000000 2773.000000
27656616.000000 90223.000000 2861.000000
27735703.000000 86771.000000 3060.000000
27487446.000000 89146.000000 3008.000000
27691452.000000 90009.000000 3004.000000
27678523.000000 89564.000000 3013.000000
27697540.000000 89458.000000 3029.000000
27691025.000000 88899.000000 3132.000000
27595409.000000 90908.000000 2950.000000
27686356.000000 89768.000000 2859.000000
27607185.000000 90450.000000 2904.000000
27618663.000000 89369.000000 2884.000000
27692270.000000 86180.000000 2833.000000
27617559.000000 90214.000000 2952.000000
27611406.000000 90227.000000 2973.000000
27563447.000000 88371.000000 2534.000000
27553819.000000 85048.000000 2885.000000
27694206.000000 85230.000000 2773.000000
27752016.000000 86092.000000 2698.000000
27725320.000000 89718.000000 2713.000000
27678733.000000 88956.000000 2756.000000
27668655.000000 89613.000000 2829.000000
27651315.000000 89763.000000 2765.000000
27737205.000000 86434.000000 2710.000000
27620519.000000 86299.000000 2679.000000
27689542.000000 89176.000000 2609.000000
27730186.000000 90020.000000 2699.000000
27626266.000000 88109.000000 2621.000000
27620410.000000 89572.000000 2696.000000
27664719.000000 88929.000000 2838.000000
27744312.000000 89253.000000 2695.000000
27683685.000000 86145.000000 2626.000000
27711984.000000 86109.000000 2640.000000
27620471.000000 90520.000000 2651.000000
27608534.000000 89522.000000 2595.000000
27514172.000000 88009.000000 2746.000000
27731026.000000 89695.000000 2732.000000
27664329.000000 89024.000000 2804.000000
27676565.000000 90055.000000 2804.000000
27548809.000000 86131.000000 2595.000000
27568001.000000 89048.000000 2607.000000
27637382.000000 90259.000000 2730.000000
27695070.000000 88926.000000 2809.000000
27688562.000000 87273.000000 2779.000000
27758457.000000 90424.000000 2477.000000
27620196.000000 88038.000000 2530.000000
27660802.000000 86424.000000 2714.000000
