30412223.000000 38401.000000 307.000000
30479880.000000 38693.000000 419.000000
30500380.000000 38429.000000 445.000000
29837847.000000 38227.000000 454.000000
30374335.000000 38358.000000 273.000000
30445047.000000 38479.000000 227.000000
30498815.000000 38619.000000 408.000000
30177159.000000 37641.000000 355.000000
30407243.000000 38763.000000 322.000000
30476054.000000 38901.000000 162.000000
30377952.000000 38102.000000 329.000000
30595403.000000 37795.000000 275.000000
30523356.000000 38655.000000 420.000000
30423479.000000 38523.000000 227.000000
30499000.000000 38387.000000 420.000000
30362809.000000 39126.000000 307.000000
30453666.000000 38843.000000 480.000000
30548635.000000 38527.000000 164.000000
30451447.000000 38550.000000 501.000000
30343163.000000 37921.000000 292.000000
30467547.000000 38148.000000 533.000000
30436543.000000 37649.000000 405.000000
30468057.000000 38151.000000 471.000000
30537500.000000 37970.000000 327.000000
30407199.000000 38609.000000 528.000000
30486955.000000 38473.000000 342.000000
30475795.000000 37854.000000 138.000000
30424363.000000 38264.000000 198.000000
30249990.000000 37833.000000 282.000000
30115564.000000 38116.000000 233.000000
30442664.000000 38344.000000 231.000000
28526692.000000 36109.000000 194.000000
30430978.000000 38430.000000 273.000000
30457167.000000 38136.000000 160.000000
30283162.000000 37772.000000 476.000000
30480179.000000 38719.000000 229.000000
30558957.000000 38163.000000 381.000000
30259490.000000 38036.000000 426.000000
30488429.000000 38156.000000 240.000000
30415076.000000 38291.000000 335.000000
30426005.000000 39032.000000 125.000000
30423153.000000 38101.000000 429.000000
30430387.000000 38583.000000 187.000000
30407733.000000 37743.000000 259.000000
30545550.000000 39184.000000 367.000000
30360944.000000 38974.000000 339.000000
30557226.000000 39151.000000 464.000000
30507314.000000 38258.000000 345.000000
30477254.000000 38403.000000 360.000000
30446831.000000 38404.000000 235.000000
30450051.000000 38442.000000 527.000000
30387100.000000 38617.000000 230.000000
30525650.000000 38305.000000 349.000000
30432152.000000 37931.000000 291.000000
30533090.000000 38383.000000 391.000000
30394517.000000 38307.000000 312.000000
30383936.000000 38695.000000 169.000000
30381961.000000 37670.000000 322.000000
30488885.000000 38653.000000 276.000000
30522227.000000 38450.000000 381.000000
29849029.000000 38473.000000 244.000000
30401331.000000 38237.000000 539.000000
30469820.000000 38376.000000 218.000000
30483029.000000 38165.000000 345.000000
30425138.000000 38493.000000 305.000000
30427761.000000 38165.000000 200.000000
30450933.000000 37777.000000 330.000000
30392098.000000 38678.000000 347.000000
28791441.000000 36806.000000 250.000000
30064922.000000 38385.000000 379.000000
30474322.000000 38694.000000 103.000000
30441725.000000 38143.000000 225.000000
30443156.000000 38468.000000 399.000000
30462289.000000 38627.000000 296.000000
30353416.000000 38192.000000 343.000000
30538439.000000 38047.000000 298.000000
30387917.000000 38819.000000 324.000000
30409871.000000 38038.000000 403.000000
30443130.000000 38245.000000 204.000000
30565064.000000 37995.000000 186.000000
30519853.000000 38015.000000 183.000000
30524353.000000 38581.000000 311.000000
30456356.000000 38546.000000 368.000000
30484610.000000 38924.000000 292.000000
30455347.000000 38771.000000 403.000000
29314844.000000 37193.000000 659.000000
30519591.000000 37991.000000 334.000000
30505106.000000 38094.000000 471.000000
30499554.000000 38399.000000 235.000000
30405037.000000 38693.000000 280.000000
30398766.000000 38214.000000 199.000000
30275081.000000 38377.000000 458.000000
30291296.000000 38635.000000 300.000000
30467638.000000 38385.000000 396.000000
30163725.000000 38274.000000 401.000000
30489483.000000 39044.000000 427.000000
30404312.000000 38291.000000 327.000000
30202011.000000 38670.000000 299.000000
30516399.000000 38295.000000 161.000000
29289903.000000 37532.000000 411.000000
