27301977.000000 83781.000000 7774.000000
27281843.000000 82179.000000 7802.000000
26732658.000000 81281.000000 7700.000000
27085111.000000 82437.000000 7950.000000
27401364.000000 83410.000000 8371.000000
27395985.000000 79881.000000 8381.000000
27355854.000000 82676.000000 8525.000000
27257328.000000 82195.000000 8210.000000
27318788.000000 83282.000000 8520.000000
27048527.000000 83364.000000 7982.000000
27007539.000000 81881.000000 8263.000000
27414489.000000 80069.000000 8186.000000
27303190.000000 82653.000000 8124.000000
27388365.000000 83814.000000 8180.000000
27273972.000000 81756.000000 8616.000000
27278422.000000 82846.000000 8681.000000
27352086.000000 82665.000000 8242.000000
26975323.000000 78991.000000 8086.000000
27126288.000000 82818.000000 7940.000000
27299802.000000 81763.000000 8211.000000
27379585.000000 82596.000000 8439.000000
27383469.000000 83264.000000 7683.000000
27319882.000000 82968.000000 8314.000000
27188183.000000 82176.000000 8137.000000
27323510.000000 82618.000000 8027.000000
27306795.000000 82219.000000 8887.000000
27277377.000000 83156.000000 8000.000000
27148547.000000 83073.000000 8148.000000
27388861.000000 80257.000000 8372.000000
27457881.000000 82613.000000 8353.000000
27144046.000000 83401.000000 8088.000000
27294335.000000 84150.000000 8110.000000
27391750.000000 80057.000000 8051.000000
27321367.000000 82660.000000 8318.000000
27267819.000000 84581.000000 8154.000000
25804099.000000 77741.000000 7126.000000
27336495.000000 83506.000000 8128.000000
27407614.000000 83052.000000 8447.000000
27374767.000000 83168.000000 8064.000000
27316984.000000 83431.000000 8185.000000
27318851.000000 83453.000000 8325.000000
27325510.000000 84067.000000 8144.000000
27405258.000000 80461.000000 8276.000000
27354316.000000 82514.000000 8271.000000
27404250.000000 82461.000000 8052.000000
27444617.000000 80479.000000 7954.000000
27381088.000000 82479.000000 8592.000000
27394608.000000 82165.000000 8710.000000
27098314.000000 79854.000000 8011.000000
27337045.000000 83678.000000 8312.000000
27334503.000000 83091.000000 8307.000000
27379638.000000 79686.000000 8396.000000
27198102.000000 84689.000000 8343.000000
27244809.000000 82138.000000 7881.000000
27396535.000000 83382.000000 8220.000000
27443090.000000 79910.000000 7983.000000
26462085.000000 80115.000000 7514.000000
27223506.000000 82727.000000 7766.000000
27358185.000000 80131.000000 8074.000000
27410974.000000 80219.000000 8033.000000
27297363.000000 82332.000000 7960.000000
27312462.000000 84300.000000 7696.000000
27442096.000000 82385.000000 8178.000000
27418302.000000 82911.000000 8197.000000
27369949.000000 82904.000000 8042.000000
27352423.000000 83744.000000 8189.000000
27295164.000000 82446.000000 8206.000000
27254682.000000 84800.000000 8308.000000
27360302.000000 83377.000000 8103.000000
27120518.000000 82139.000000 8063.000000
27360566.000000 83035.000000 8216.000000
27322908.000000 83270.000000 7824.000000
27319832.000000 83213.000000 8191.000000
26825259.000000 81443.000000 7509.000000
27316167.000000 83302.000000 8313.000000
27351849.000000 84169.000000 7967.000000
26979058.000000 81902.000000 7851.000000
27334256.000000 83140.000000 8167.000000
27432695.000000 82628.000000 8200.000000
27306507.000000 84266.000000 7913.000000
27252839.000000 82366.000000 8089.000000
27456152.000000 82307.000000 8167.000000
27207377.000000 81834.000000 7899.000000
27482050.000000 79905.000000 8209.000000
27368146.000000 83273.000000 8111.000000
27148275.000000 81930.000000 7792.000000
27329859.000000 82244.000000 8438.000000
27150777.000000 83945.000000 7862.000000
27403614.000000 83282.000000 8169.000000
27437506.000000 83172.000000 8037.000000
27177641.000000 82732.000000 7821.000000
27360803.000000 82538.000000 8210.000000
27243425.000000 83109.000000 8152.000000
27384226.000000 82717.000000 8266.000000
27356201.000000 80106.000000 8236.000000
27233797.000000 83111.000000 8239.000000
27271078.000000 82661.000000 8347.000000
27461479.000000 82476.000000 8288.000000
27355339.000000 82883.000000 8043.000000
27126428.000000 83326.000000 7859.000000
