27281808.000000 84232.000000 7745.000000
27463326.000000 82746.000000 7637.000000
27504102.000000 83729.000000 7881.000000
27436735.000000 83769.000000 7763.000000
27495040.000000 80140.000000 7912.000000
27408344.000000 83409.000000 7599.000000
27496989.000000 83320.000000 7806.000000
27501074.000000 82531.000000 7919.000000
27350940.000000 83154.000000 7853.000000
27447784.000000 82432.000000 7588.000000
27411468.000000 84377.000000 7944.000000
27435413.000000 83865.000000 7781.000000
27499615.000000 79462.000000 7830.000000
27541620.000000 80337.000000 7835.000000
27368111.000000 83278.000000 7542.000000
27412838.000000 83067.000000 7412.000000
27314934.000000 80747.000000 7647.000000
27519369.000000 83646.000000 7793.000000
27485658.000000 83060.000000 7906.000000
27445605.000000 83639.000000 7853.000000
27537278.000000 83105.000000 7827.000000
26926138.000000 79464.000000 7243.000000
27195197.000000 78685.000000 7428.000000
27465703.000000 83176.000000 7755.000000
27280625.000000 83521.000000 7453.000000
27435446.000000 83321.000000 7737.000000
27388017.000000 83021.000000 7750.000000
27388914.000000 83551.000000 7776.000000
27451892.000000 83643.000000 7782.000000
27432586.000000 82499.000000 7764.000000
27422155.000000 83797.000000 7821.000000
27211543.000000 79118.000000 7668.000000
27316034.000000 82716.000000 7492.000000
27440960.000000 83947.000000 7704.000000
27476367.000000 83177.000000 7601.000000
27452942.000000 83586.000000 7604.000000
27392149.000000 83118.000000 7467.000000
27394356.000000 82308.000000 7312.000000
27491765.000000 83624.000000 7753.000000
27286824.000000 81976.000000 7229.000000
27419033.000000 83577.000000 7561.000000
27515787.000000 82600.000000 7635.000000
27307289.000000 84679.000000 7630.000000
27149918.000000 82406.000000 7584.000000
27374324.000000 83186.000000 7765.000000
27455023.000000 83898.000000 7839.000000
27529129.000000 83780.000000 7534.000000
27452401.000000 82036.000000 7984.000000
27482330.000000 83906.000000 7706.000000
27444226.000000 84320.000000 7834.000000
27530749.000000 82866.000000 7445.000000
27411056.000000 84080.000000 7815.000000
27428518.000000 79943.000000 7848.000000
27364615.000000 83070.000000 7508.000000
27368107.000000 84515.000000 7659.000000
27450677.000000 82415.000000 7821.000000
27449967.000000 83900.000000 7769.000000
27488327.000000 82280.000000 7406.000000
27315848.000000 82920.000000 7468.000000
27349912.000000 79331.000000 7440.000000
27475325.000000 84200.000000 7902.000000
27424827.000000 82355.000000 7527.000000
27332595.000000 83659.000000 7816.000000
27250834.000000 79730.000000 7331.000000
27427674.000000 83196.000000 7834.000000
27456139.000000 83600.000000 7908.000000
27471466.000000 82232.000000 7933.000000
27495533.000000 83490.000000 7769.000000
27528936.000000 83794.000000 7841.000000
27469167.000000 83804.000000 7802.000000
27447088.000000 84236.000000 7760.000000
27381811.000000 83196.000000 7930.000000
27356475.000000 82512.000000 7688.000000
27456815.000000 79430.000000 8042.000000
27396621.000000 83247.000000 7726.000000
27535343.000000 83774.000000 7893.000000
27341494.000000 83045.000000 7734.000000
27410925.000000 83410.000000 7964.000000
27527247.000000 82991.000000 8005.000000
27411040.000000 84395.000000 7658.000000
27448537.000000 82244.000000 7552.000000
27070891.000000 82277.000000 7540.000000
27418425.000000 80462.000000 7761.000000
27594703.000000 84167.000000 7257.000000
27462991.000000 82656.000000 7832.000000
27472348.000000 83115.000000 7809.000000
26988932.000000 82020.000000 7317.000000
27443876.000000 83534.000000 7666.000000
27480908.000000 79563.000000 7973.000000
27368933.000000 83857.000000 7724.000000
27394976.000000 82629.000000 7491.000000
27385926.000000 83049.000000 7795.000000
26809732.000000 80344.000000 7402.000000
27429722.000000 83959.000000 7642.000000
27404079.000000 82665.000000 7450.000000
26971309.000000 82095.000000 7435.000000
27544487.000000 83786.000000 7953.000000
27360997.000000 82695.000000 7526.000000
27452694.000000 83590.000000 7818.000000
27528768.000000 82732.000000 7866.000000
