27774886.000000 88121.000000 3001.000000
27886243.000000 87040.000000 2935.000000
27675928.000000 87129.000000 3569.000000
27692400.000000 84431.000000 3589.000000
27776555.000000 83565.000000 3444.000000
27789696.000000 83496.000000 3161.000000
27751344.000000 83936.000000 3174.000000
27851673.000000 83869.000000 3396.000000
27607673.000000 87158.000000 3856.000000
27783055.000000 87894.000000 3275.000000
27791715.000000 84231.000000 3263.000000
27855171.000000 87653.000000 3385.000000
27693231.000000 85242.000000 3457.000000
27817308.000000 84251.000000 3307.000000
27561152.000000 86963.000000 3346.000000
27869631.000000 87772.000000 3055.000000
27876763.000000 86718.000000 2871.000000
27831387.000000 84394.000000 3389.000000
27775828.000000 87141.000000 2983.000000
27769465.000000 84605.000000 3401.000000
27569335.000000 87213.000000 4069.000000
27785616.000000 87505.000000 3131.000000
27751874.000000 84686.000000 3138.000000
27431289.000000 85757.000000 2860.000000
27802471.000000 84203.000000 3334.000000
27882271.000000 86227.000000 2873.000000
27841917.000000 86594.000000 3149.000000
28014148.000000 87149.000000 3215.000000
28045364.000000 87391.000000 3031.000000
27777834.000000 84384.000000 3098.000000
27614667.000000 88719.000000 3352.000000
27702793.000000 84006.000000 3277.000000
27616944.000000 91787.000000 3368.000000
27776209.000000 83816.000000 3382.000000
27738485.000000 84341.000000 3637.000000
27790936.000000 84208.000000 3675.000000
27917318.000000 87165.000000 3066.000000
27682477.000000 84590.000000 3307.000000
27950715.000000 88141.000000 3078.000000
27729026.000000 91767.000000 3454.000000
26822931.000000 80868.000000 3129.000000
27695790.000000 84876.000000 3573.000000
27700213.000000 87235.000000 3450.000000
27803759.000000 86946.000000 3223.000000
27783046.000000 86843.000000 3460.000000
27776786.000000 86955.000000 3122.000000
27733123.000000 84236.000000 3607.000000
27569759.000000 92139.000000 3512.000000
28040117.000000 87093.000000 3180.000000
27824531.000000 85861.000000 3470.000000
27602070.000000 92410.000000 3614.000000
27626250.000000 86540.000000 3647.000000
27792205.000000 85893.000000 3128.000000
27630770.000000 91753.000000 3477.000000
27861706.000000 87532.000000 2890.000000
27678149.000000 83428.000000 3419.000000
27810927.000000 87684.000000 3496.000000
27811886.000000 87760.000000 3222.000000
27704608.000000 83659.000000 3344.000000
27755093.000000 87058.000000 3039.000000
27812295.000000 86601.000000 3397.000000
27833362.000000 83578.000000 3568.000000
27785803.000000 84495.000000 3329.000000
27664183.000000 86185.000000 3296.000000
27605453.000000 88199.000000 3629.000000
27825916.000000 87215.000000 3360.000000
27725682.000000 84473.000000 3687.000000
27888118.000000 88101.000000 3238.000000
27898659.000000 88182.000000 3214.000000
27738636.000000 84846.000000 3429.000000
27879706.000000 83699.000000 3560.000000
27729896.000000 85779.000000 3272.000000
27735328.000000 87230.000000 3229.000000
27565154.000000 86592.000000 3176.000000
27871022.000000 84315.000000 3260.000000
27964827.000000 87185.000000 3269.000000
27766446.000000 84257.000000 3566.000000
27790181.000000 86596.000000 3421.000000
27848141.000000 86345.000000 3128.000000
27604593.000000 88041.000000 3607.000000
28055751.000000 87332.000000 3029.000000
27870363.000000 86881.000000 3248.000000
27849071.000000 84295.000000 3291.000000
27822972.000000 86849.000000 3132.000000
27151075.000000 84515.000000 2962.000000
27777186.000000 87666.000000 3201.000000
27847953.000000 87449.000000 3031.000000
27726055.000000 84001.000000 3229.000000
27948972.000000 87039.000000 2964.000000
27864465.000000 87506.000000 3042.000000
27932476.000000 87308.000000 2948.000000
26043381.000000 82028.000000 2593.000000
27644306.000000 87734.000000 3474.000000
27790424.000000 84362.000000 3326.000000
27893441.000000 87173.000000 3209.000000
27724659.000000 87495.000000 2975.000000
27770101.000000 83923.000000 3310.000000
28071281.000000 88421.000000 3040.000000
27748652.000000 85109.000000 3852.000000
27749289.000000 88403.000000 3240.000000
