28901168.000000 75768.000000 157.000000
29054255.000000 77560.000000 123.000000
28814093.000000 76518.000000 413.000000
28958261.000000 76093.000000 655.000000
28146187.000000 75637.000000 4976.000000
28953417.000000 75962.000000 256.000000
28940575.000000 77367.000000 73.000000
28947411.000000 75259.000000 259.000000
28933645.000000 75580.000000 223.000000
29023573.000000 78235.000000 407.000000
29020017.000000 77536.000000 160.000000
28950174.000000 76681.000000 145.000000
28972637.000000 76463.000000 166.000000
28976661.000000 77600.000000 265.000000
28671594.000000 76796.000000 137.000000
28988165.000000 79182.000000 176.000000
28328502.000000 74700.000000 272.000000
28988125.000000 77740.000000 146.000000
28808659.000000 77100.000000 477.000000
29016010.000000 76353.000000 114.000000
33051950.000000 77141.000000 167.000000
29056879.000000 76640.000000 303.000000
28870491.000000 77143.000000 510.000000
28867492.000000 76471.000000 468.000000
28949338.000000 76640.000000 341.000000
28955242.000000 76022.000000 147.000000
28980112.000000 77041.000000 490.000000
28972761.000000 77433.000000 112.000000
28770701.000000 75949.000000 591.000000
28914727.000000 76563.000000 219.000000
28892011.000000 76041.000000 350.000000
28786561.000000 75788.000000 272.000000
29023047.000000 77608.000000 313.000000
28536595.000000 75866.000000 1338.000000
28928525.000000 76242.000000 122.000000
29043556.000000 77684.000000 109.000000
29004037.000000 76208.000000 126.000000
28960194.000000 76155.000000 362.000000
29018890.000000 77485.000000 169.000000
28970484.000000 76641.000000 138.000000
28904297.000000 77868.000000 175.000000
28873939.000000 75275.000000 122.000000
29057539.000000 76161.000000 147.000000
28942838.000000 77329.000000 277.000000
28872321.000000 75285.000000 117.000000
29034475.000000 77825.000000 314.000000
28935256.000000 76395.000000 283.000000
28924994.000000 75954.000000 652.000000
28997351.000000 75688.000000 86.000000
28931044.000000 76916.000000 180.000000
28885619.000000 75797.000000 399.000000
29021268.000000 76707.000000 381.000000
29005684.000000 75928.000000 182.000000
28959460.000000 77224.000000 339.000000
28936863.000000 76017.000000 144.000000
28812467.000000 75178.000000 239.000000
28975739.000000 78270.000000 249.000000
28961273.000000 76287.000000 188.000000
28920433.000000 77577.000000 406.000000
28866963.000000 76043.000000 676.000000
28766941.000000 75923.000000 370.000000
28926039.000000 76379.000000 300.000000
28865450.000000 75749.000000 394.000000
28954493.000000 77918.000000 365.000000
28942595.000000 77950.000000 380.000000
28869757.000000 75166.000000 272.000000
29091098.000000 77120.000000 180.000000
29018997.000000 78104.000000 294.000000
29115830.000000 76812.000000 363.000000
28922189.000000 76455.000000 168.000000
28961437.000000 76518.000000 155.000000
28936454.000000 77372.000000 258.000000
28892516.000000 76244.000000 245.000000
29048716.000000 77570.000000 298.000000
28731994.000000 75727.000000 282.000000
28830222.000000 76871.000000 195.000000
28859754.000000 77939.000000 777.000000
28999413.000000 76820.000000 215.000000
28994982.000000 76842.000000 174.000000
29018767.000000 77634.000000 550.000000
28913292.000000 76005.000000 297.000000
28919135.000000 76399.000000 234.000000
28957638.000000 78084.000000 343.000000
28292937.000000 73697.000000 297.000000
28908434.000000 75917.000000 314.000000
29006737.000000 77606.000000 235.000000
28992599.000000 77556.000000 200.000000
28835625.000000 76883.000000 446.000000
28819687.000000 75052.000000 521.000000
28976224.000000 76770.000000 165.000000
29019700.000000 77750.000000 151.000000
28794815.000000 76160.000000 277.000000
28887262.000000 76724.000000 391.000000
28704909.000000 75575.000000 341.000000
28989827.000000 76834.000000 456.000000
28996253.000000 76543.000000 344.000000
28882768.000000 75963.000000 323.000000
29042632.000000 77391.000000 541.000000
28990399.000000 77230.000000 194.000000
29007950.000000 77368.000000 311.000000
