28932537.000000 76767.000000 477.000000
28912617.000000 78651.000000 786.000000
28522014.000000 76432.000000 411.000000
28822575.000000 76008.000000 433.000000
28479994.000000 76528.000000 529.000000
28910752.000000 76240.000000 421.000000
28807420.000000 75720.000000 846.000000
28901173.000000 78003.000000 585.000000
28795944.000000 75711.000000 814.000000
28910392.000000 76642.000000 649.000000
28947206.000000 78038.000000 676.000000
28969983.000000 77568.000000 479.000000
28796640.000000 77466.000000 659.000000
28842519.000000 75850.000000 627.000000
28942569.000000 76967.000000 600.000000
28941322.000000 77879.000000 495.000000
28950395.000000 76048.000000 625.000000
28860439.000000 75528.000000 717.000000
28620164.000000 75295.000000 535.000000
28931497.000000 76206.000000 824.000000
28870788.000000 76256.000000 834.000000
28610490.000000 74876.000000 661.000000
29007091.000000 77212.000000 547.000000
28927456.000000 76033.000000 695.000000
28990837.000000 77120.000000 467.000000
28975133.000000 76280.000000 337.000000
28875533.000000 76779.000000 379.000000
28867436.000000 76259.000000 773.000000
28862159.000000 75917.000000 403.000000
28858339.000000 76350.000000 507.000000
28915489.000000 75946.000000 510.000000
28824984.000000 75245.000000 520.000000
28838412.000000 75828.000000 301.000000
28952681.000000 77572.000000 407.000000
28893596.000000 76112.000000 661.000000
28945905.000000 76558.000000 646.000000
28923683.000000 75893.000000 622.000000
28979378.000000 75743.000000 586.000000
28873209.000000 76543.000000 506.000000
28614259.000000 76607.000000 693.000000
28917135.000000 77392.000000 532.000000
28903781.000000 78130.000000 678.000000
28851785.000000 77558.000000 664.000000
28972354.000000 77541.000000 507.000000
29010521.000000 77099.000000 568.000000
28528401.000000 75571.000000 564.000000
29019983.000000 77222.000000 488.000000
28861422.000000 76068.000000 819.000000
28938174.000000 75698.000000 723.000000
28870155.000000 75890.000000 457.000000
28944224.000000 76424.000000 681.000000
29013268.000000 77657.000000 677.000000
28919227.000000 76438.000000 623.000000
28864278.000000 78305.000000 524.000000
28910169.000000 76002.000000 590.000000
28209713.000000 74376.000000 390.000000
28868960.000000 76159.000000 336.000000
28795678.000000 75868.000000 633.000000
28907543.000000 76423.000000 558.000000
28928309.000000 76303.000000 770.000000
28841471.000000 76360.000000 854.000000
28930580.000000 76388.000000 682.000000
28779528.000000 76530.000000 428.000000
28827162.000000 75981.000000 552.000000
28992533.000000 77623.000000 557.000000
28917529.000000 76841.000000 275.000000
28920828.000000 79356.000000 528.000000
28760797.000000 74902.000000 528.000000
28892920.000000 76194.000000 760.000000
28969057.000000 76713.000000 814.000000
28628757.000000 74239.000000 596.000000
28847993.000000 76101.000000 670.000000
28899093.000000 76739.000000 685.000000
28925801.000000 76525.000000 574.000000
28924364.000000 77407.000000 788.000000
28878678.000000 76562.000000 753.000000
28906523.000000 76236.000000 386.000000
28939893.000000 75520.000000 339.000000
28902862.000000 75897.000000 477.000000
28927651.000000 76676.000000 554.000000
28881296.000000 76611.000000 713.000000
28815123.000000 76548.000000 661.000000
28905484.000000 75585.000000 398.000000
28951218.000000 76813.000000 486.000000
28860998.000000 77189.000000 370.000000
28870324.000000 76691.000000 586.000000
28719479.000000 75210.000000 872.000000
28965751.000000 75757.000000 614.000000
28884926.000000 76035.000000 344.000000
28884921.000000 77676.000000 630.000000
28872805.000000 75896.000000 404.000000
28733171.000000 75079.000000 418.000000
28932164.000000 77457.000000 631.000000
28980141.000000 76584.000000 465.000000
27611671.000000 71362.000000 829.000000
28807352.000000 75152.000000 681.000000
28956056.000000 76047.000000 689.000000
29012123.000000 78176.000000 376.000000
28776789.000000 75979.000000 491.000000
28893685.000000 78322.000000 530.000000
