30545991.000000 38784.000000 101.000000
30481522.000000 38466.000000 41.000000
30425817.000000 38329.000000 116.000000
30473238.000000 38414.000000 222.000000
30424862.000000 38004.000000 352.000000
30500590.000000 38516.000000 200.000000
30413803.000000 38055.000000 168.000000
30541821.000000 38283.000000 199.000000
30498581.000000 38351.000000 392.000000
30495972.000000 38887.000000 90.000000
30388205.000000 38445.000000 53.000000
30404034.000000 38100.000000 181.000000
30427384.000000 38005.000000 75.000000
30453074.000000 38801.000000 131.000000
30482684.000000 37618.000000 312.000000
30320347.000000 37954.000000 460.000000
30497325.000000 37864.000000 204.000000
30218920.000000 38197.000000 466.000000
30364797.000000 38350.000000 199.000000
30590387.000000 38355.000000 98.000000
30431357.000000 38484.000000 147.000000
30468553.000000 38224.000000 60.000000
30450556.000000 37707.000000 60.000000
29493207.000000 37641.000000 283.000000
30128400.000000 37592.000000 152.000000
30577054.000000 38005.000000 135.000000
30419984.000000 38282.000000 60.000000
30507052.000000 38199.000000 9.000000
30392456.000000 38044.000000 261.000000
30472350.000000 38579.000000 47.000000
30428348.000000 38310.000000 73.000000
30482227.000000 37968.000000 45.000000
30424308.000000 38421.000000 85.000000
30507174.000000 37949.000000 95.000000
29942305.000000 38496.000000 325.000000
29966116.000000 38441.000000 136.000000
30370804.000000 38587.000000 299.000000
29321025.000000 36930.000000 179.000000
30193573.000000 37616.000000 141.000000
30457053.000000 38365.000000 182.000000
30460773.000000 37581.000000 214.000000
29994760.000000 37928.000000 48.000000
30476350.000000 38051.000000 115.000000
30481075.000000 38402.000000 73.000000
30388786.000000 38215.000000 262.000000
30391738.000000 37786.000000 102.000000
30416957.000000 38645.000000 153.000000
30386078.000000 38377.000000 107.000000
30556852.000000 38762.000000 111.000000
30101043.000000 37588.000000 217.000000
30542014.000000 38740.000000 188.000000
30583551.000000 38326.000000 202.000000
30514704.000000 38161.000000 45.000000
30454871.000000 38237.000000 210.000000
30438356.000000 38131.000000 129.000000
30502058.000000 38350.000000 128.000000
30430211.000000 38187.000000 89.000000
30423032.000000 38493.000000 252.000000
30403820.000000 38178.000000 145.000000
30386694.000000 38448.000000 348.000000
30449615.000000 37902.000000 253.000000
30200035.000000 37866.000000 68.000000
30486831.000000 38386.000000 174.000000
30517948.000000 38738.000000 201.000000
30366833.000000 37788.000000 166.000000
30517525.000000 38844.000000 156.000000
30226948.000000 38152.000000 53.000000
30410089.000000 38362.000000 170.000000
30590363.000000 37839.000000 204.000000
30438411.000000 38150.000000 112.000000
30542763.000000 37848.000000 218.000000
30245921.000000 38826.000000 10.000000
30377506.000000 37850.000000 203.000000
30507508.000000 37763.000000 282.000000
30528056.000000 38520.000000 21.000000
30413166.000000 38693.000000 260.000000
30510164.000000 37758.000000 194.000000
30473489.000000 38859.000000 235.000000
30467174.000000 38399.000000 69.000000
30430710.000000 38209.000000 40.000000
30566487.000000 37881.000000 47.000000
30336781.000000 37734.000000 227.000000
30529940.000000 38732.000000 125.000000
29037825.000000 37031.000000 25.000000
30390043.000000 38418.000000 157.000000
30497671.000000 38275.000000 151.000000
30335835.000000 37768.000000 17.000000
30430118.000000 38118.000000 221.000000
30512723.000000 38796.000000 176.000000
30409249.000000 38084.000000 91.000000
30363142.000000 37671.000000 100.000000
30487803.000000 38514.000000 275.000000
30417599.000000 37336.000000 61.000000
30542809.000000 38158.000000 279.000000
30475842.000000 38365.000000 148.000000
30490582.000000 38284.000000 306.000000
30362986.000000 38407.000000 136.000000
30123860.000000 38347.000000 402.000000
30456272.000000 38557.000000 145.000000
30438713.000000 38642.000000 176.000000
