27651040.000000 82600.000000 6228.000000
27685129.000000 84030.000000 6157.000000
27731150.000000 84641.000000 6150.000000
27366363.000000 82989.000000 5788.000000
27643325.000000 84044.000000 6268.000000
27511474.000000 82874.000000 5955.000000
27601047.000000 83376.000000 5939.000000
27742440.000000 80373.000000 6156.000000
27768296.000000 84360.000000 6162.000000
27494510.000000 86633.000000 5836.000000
27662438.000000 84553.000000 6152.000000
27623555.000000 83958.000000 5830.000000
27747509.000000 83164.000000 6110.000000
27677473.000000 85033.000000 6154.000000
27718426.000000 82615.000000 6231.000000
27556222.000000 84352.000000 5984.000000
27634291.000000 83962.000000 6082.000000
27667553.000000 83781.000000 6190.000000
27604665.000000 82445.000000 5802.000000
27538615.000000 85000.000000 6194.000000
27768154.000000 83280.000000 6183.000000
27695952.000000 83959.000000 5970.000000
27596463.000000 84497.000000 6165.000000
27670398.000000 84528.000000 6119.000000
27681741.000000 84437.000000 6083.000000
27697778.000000 84357.000000 6016.000000
27767175.000000 83714.000000 6181.000000
27528193.000000 80693.000000 5917.000000
27697632.000000 83336.000000 6104.000000
27592828.000000 83863.000000 5901.000000
27783723.000000 83803.000000 6042.000000
27682843.000000 83152.000000 5874.000000
27649713.000000 85324.000000 6096.000000
27781989.000000 83748.000000 6170.000000
27650733.000000 84291.000000 6170.000000
27674128.000000 83164.000000 5792.000000
27669138.000000 83667.000000 6132.000000
27574298.000000 84147.000000 5970.000000
27731787.000000 82718.000000 6362.000000
27669508.000000 84146.000000 5993.000000
27757736.000000 84734.000000 6046.000000
27394515.000000 85440.000000 5892.000000
27717290.000000 82623.000000 5911.000000
27725381.000000 84336.000000 6117.000000
27707049.000000 83599.000000 6004.000000
27648783.000000 82617.000000 5770.000000
27716044.000000 79832.000000 5903.000000
27225289.000000 82223.000000 5598.000000
27639453.000000 83691.000000 5625.000000
27738018.000000 79639.000000 6053.000000
27702862.000000 83255.000000 6301.000000
27706300.000000 85541.000000 6001.000000
27784131.000000 83357.000000 5945.000000
27609629.000000 84414.000000 5790.000000
27784325.000000 82661.000000 5764.000000
27736907.000000 83294.000000 5803.000000
27698227.000000 83495.000000 6044.000000
27749892.000000 84046.000000 5804.000000
26982658.000000 80609.000000 5515.000000
27690749.000000 81265.000000 5977.000000
27721013.000000 79438.000000 6121.000000
27651198.000000 84773.000000 6155.000000
27704364.000000 84653.000000 5956.000000
27634984.000000 83736.000000 5945.000000
27632856.000000 83626.000000 5761.000000
27414225.000000 87077.000000 5676.000000
27754054.000000 84468.000000 6021.000000
27784608.000000 83187.000000 6067.000000
27695764.000000 82939.000000 6117.000000
27703461.000000 83496.000000 6276.000000
27766672.000000 83387.000000 6181.000000
27407643.000000 81634.000000 5688.000000
27582696.000000 79672.000000 5888.000000
27657746.000000 80492.000000 5994.000000
27730063.000000 83442.000000 6033.000000
27569403.000000 84457.000000 5695.000000
27675496.000000 85354.000000 5876.000000
27688684.000000 79795.000000 6152.000000
27731891.000000 80373.000000 6192.000000
27708107.000000 80935.000000 6029.000000
26285578.000000 78160.000000 5206.000000
27721534.000000 81163.000000 6064.000000
27264473.000000 81574.000000 5917.000000
27613373.000000 84153.000000 6107.000000
27657299.000000 84179.000000 6164.000000
27488073.000000 83527.000000 6014.000000
27776929.000000 83232.000000 6208.000000
27791736.000000 83407.000000 6058.000000
27742718.000000 84256.000000 6002.000000
27712290.000000 83872.000000 6256.000000
27710947.000000 84081.000000 5962.000000
27535080.000000 83744.000000 5938.000000
27643312.000000 80318.000000 6142.000000
27708937.000000 84208.000000 6088.000000
27660589.000000 84349.000000 6085.000000
27692945.000000 80244.000000 6268.000000
27714626.000000 81134.000000 6073.000000
27718344.000000 84787.000000 6103.000000
27740882.000000 82640.000000 5932.000000
27699008.000000 83515.000000 5951.000000
