29319454.000000 38705.000000 7417.000000
29357544.000000 37965.000000 6882.000000
29287538.000000 38209.000000 7068.000000
29362812.000000 38071.000000 7237.000000
29398502.000000 37657.000000 6880.000000
29447339.000000 38391.000000 6364.000000
29525972.000000 38507.000000 6425.000000
29336947.000000 38101.000000 7502.000000
29283122.000000 38150.000000 7315.000000
29334211.000000 38362.000000 6515.000000
29505715.000000 38795.000000 6590.000000
29205633.000000 37894.000000 7663.000000
29453634.000000 37987.000000 6721.000000
29210431.000000 38373.000000 7191.000000
29467870.000000 37803.000000 6978.000000
29463533.000000 38733.000000 6611.000000
29328854.000000 38796.000000 6283.000000
29352958.000000 37675.000000 6989.000000
29334981.000000 38277.000000 7155.000000
27530883.000000 35314.000000 6015.000000
29140097.000000 37562.000000 7014.000000
29395697.000000 38516.000000 6702.000000
29369716.000000 37922.000000 7217.000000
29255641.000000 37839.000000 7204.000000
28471487.000000 37189.000000 14103.000000
29455136.000000 37490.000000 6371.000000
29358348.000000 38848.000000 6550.000000
29206443.000000 38251.000000 7096.000000
29562878.000000 37962.000000 6392.000000
29477113.000000 37845.000000 6583.000000
29618095.000000 38682.000000 6269.000000
29270005.000000 38692.000000 7439.000000
29370713.000000 38393.000000 6795.000000
29494277.000000 38512.000000 6332.000000
29419387.000000 38746.000000 6416.000000
29457055.000000 38028.000000 6875.000000
29394777.000000 39093.000000 6864.000000
29517244.000000 37857.000000 6984.000000
29302978.000000 38115.000000 6556.000000
29363187.000000 37810.000000 7470.000000
29540573.000000 38107.000000 7047.000000
29084575.000000 38628.000000 8519.000000
29470999.000000 38793.000000 6650.000000
29265581.000000 38587.000000 7269.000000
29379908.000000 38028.000000 6751.000000
29274362.000000 37437.000000 7295.000000
29231397.000000 38687.000000 7936.000000
29228170.000000 38625.000000 7472.000000
29431162.000000 38541.000000 7025.000000
29165507.000000 38022.000000 6907.000000
28792051.000000 38356.000000 9335.000000
29412718.000000 38318.000000 7408.000000
29341110.000000 38162.000000 7109.000000
29330080.000000 38465.000000 7643.000000
29315869.000000 38711.000000 7904.000000
29286576.000000 38070.000000 7985.000000
29431977.000000 37603.000000 7355.000000
29200813.000000 38106.000000 7961.000000
29237252.000000 38048.000000 7696.000000
29509057.000000 38119.000000 6178.000000
29140451.000000 37343.000000 6662.000000
29159963.000000 38180.000000 6712.000000
29409532.000000 38159.000000 7273.000000
29393572.000000 37411.000000 6864.000000
29447865.000000 38182.000000 7289.000000
29403732.000000 38529.000000 7235.000000
29438636.000000 38163.000000 7083.000000
29394166.000000 38380.000000 7148.000000
29486969.000000 37960.000000 7103.000000
29072319.000000 37540.000000 7599.000000
29326367.000000 37604.000000 7698.000000
29320437.000000 38207.000000 7632.000000
29205103.000000 37694.000000 7397.000000
29379613.000000 37911.000000 7517.000000
29310062.000000 37320.000000 7264.000000
29243764.000000 38176.000000 7431.000000
29360082.000000 38451.000000 7329.000000
29490769.000000 38773.000000 6192.000000
29476460.000000 38289.000000 6998.000000
29350171.000000 38000.000000 7494.000000
29571731.000000 38054.000000 6623.000000
29399217.000000 37801.000000 7329.000000
28979919.000000 37794.000000 6727.000000
29471066.000000 38123.000000 6579.000000
29408273.000000 37683.000000 7173.000000
29484071.000000 38564.000000 6380.000000
29569073.000000 38220.000000 6618.000000
29409410.000000 38442.000000 6771.000000
29294346.000000 38485.000000 8009.000000
29318806.000000 38921.000000 7395.000000
29416093.000000 38273.000000 6851.000000
28704493.000000 38296.000000 8786.000000
29423751.000000 38968.000000 7077.000000
29292467.000000 37783.000000 7275.000000
29262336.000000 38654.000000 7382.000000
29342567.000000 37551.000000 7471.000000
29344914.000000 37945.000000 7346.000000
29345277.000000 38066.000000 7168.000000
29293548.000000 37760.000000 7991.000000
29220862.000000 37575.000000 7510.000000
