22931368.000000 19757.000000 0.000000
20823984.000000 15394.000000 0.000000
20721720.000000 16318.000000 0.000000
25200725.000000 19794.000000 0.000000
26123657.000000 19911.000000 0.000000
20704606.000000 15924.000000 0.000000
20750532.000000 15899.000000 0.000000
20472940.000000 16740.000000 0.000000
30044804.000000 19842.000000 0.000000
20816249.000000 15526.000000 0.000000
21107127.000000 15542.000000 0.000000
31160580.000000 19989.000000 0.000000
23236188.000000 20097.000000 0.000000
30863001.000000 19748.000000 0.000000
20613398.000000 16605.000000 0.000000
22064347.000000 20273.000000 0.000000
30125283.000000 19765.000000 0.000000
31304012.000000 19964.000000 0.000000
20670334.000000 16026.000000 0.000000
31578631.000000 20036.000000 0.000000
20830607.000000 16570.000000 0.000000
22328416.000000 20282.000000 0.000000
24495343.000000 19741.000000 0.000000
23364011.000000 19724.000000 0.000000
28990879.000000 19651.000000 0.000000
31941427.000000 20100.000000 0.000000
24364547.000000 19747.000000 0.000000
20264074.000000 16649.000000 0.000000
21352949.000000 15567.000000 0.000000
22407665.000000 20216.000000 0.000000
26081050.000000 19778.000000 0.000000
21235607.000000 17660.000000 0.000000
20496847.000000 15358.000000 0.000000
26646519.000000 19721.000000 0.000000
21965787.000000 20155.000000 0.000000
22440322.000000 19749.000000 0.000000
21828103.000000 19390.000000 0.000000
20489553.000000 16186.000000 0.000000
23907402.000000 19757.000000 0.000000
29112990.000000 19836.000000 0.000000
20418172.000000 16741.000000 0.000000
31462717.000000 19871.000000 0.000000
30689180.000000 19913.000000 0.000000
31096036.000000 19842.000000 0.000000
27480615.000000 19859.000000 0.000000
29974990.000000 19887.000000 0.000000
21962334.000000 19792.000000 0.000000
27873514.000000 19880.000000 0.000000
20449257.000000 16617.000000 0.000000
31437020.000000 19898.000000 0.000000
22338266.000000 20011.000000 0.000000
29815068.000000 19988.000000 0.000000
20352701.000000 16341.000000 0.000000
22053842.000000 18808.000000 0.000000
20519697.000000 17085.000000 0.000000
28007174.000000 19818.000000 0.000000
21414699.000000 17453.000000 0.000000
21288838.000000 18075.000000 0.000000
23397581.000000 19778.000000 0.000000
22521512.000000 19480.000000 0.000000
26799620.000000 19888.000000 0.000000
30171462.000000 20080.000000 0.000000
20873671.000000 16473.000000 0.000000
22409909.000000 19641.000000 0.000000
26197641.000000 19792.000000 0.000000
21215188.000000 18273.000000 0.000000
27432248.000000 19849.000000 0.000000
20701237.000000 16446.000000 0.000000
20647131.000000 17339.000000 0.000000
20700824.000000 15295.000000 0.000000
21524486.000000 19230.000000 0.000000
25449064.000000 19907.000000 0.000000
29323211.000000 19877.000000 0.000000
20594373.000000 15668.000000 0.000000
20446891.000000 15387.000000 0.000000
21016104.000000 16602.000000 0.000000
29437170.000000 19771.000000 0.000000
28658121.000000 19814.000000 0.000000
29793622.000000 19824.000000 0.000000
24041019.000000 19751.000000 0.000000
27380931.000000 19917.000000 0.000000
26915134.000000 19823.000000 0.000000
25376592.000000 19779.000000 0.000000
20712023.000000 17182.000000 0.000000
27963229.000000 19768.000000 0.000000
25812572.000000 19789.000000 0.000000
27304705.000000 19729.000000 0.000000
30951065.000000 20158.000000 0.000000
21251444.000000 18164.000000 0.000000
27980923.000000 19935.000000 0.000000
26054557.000000 19852.000000 0.000000
21094749.000000 16818.000000 0.000000
21202486.000000 18266.000000 0.000000
27521090.000000 19889.000000 0.000000
21565153.000000 17790.000000 0.000000
20840794.000000 16843.000000 0.000000
20570715.000000 15510.000000 0.000000
22098447.000000 19640.000000 0.000000
23240748.000000 19716.000000 0.000000
30750448.000000 20062.000000 0.000000
