25847078.000000 83500.000000 16415.000000
25638953.000000 82114.000000 16028.000000
25960946.000000 84033.000000 15755.000000
25950804.000000 83973.000000 16273.000000
25980972.000000 83169.000000 15860.000000
25878264.000000 83604.000000 16425.000000
25884106.000000 79232.000000 15941.000000
25960295.000000 80145.000000 16006.000000
25912097.000000 84215.000000 16450.000000
25886802.000000 83491.000000 16219.000000
25906476.000000 83150.000000 15601.000000
25814101.000000 79403.000000 16109.000000
25887168.000000 83979.000000 16347.000000
25932137.000000 83442.000000 16159.000000
25992474.000000 83347.000000 15462.000000
25842919.000000 81481.000000 16079.000000
25880697.000000 83945.000000 16559.000000
25874695.000000 79458.000000 16069.000000
25879994.000000 83756.000000 16240.000000
25904258.000000 84313.000000 16252.000000
25931060.000000 79585.000000 16057.000000
25741370.000000 83501.000000 16449.000000
25927300.000000 84248.000000 15597.000000
25892570.000000 84008.000000 16234.000000
25951100.000000 84082.000000 15770.000000
25883076.000000 79456.000000 16209.000000
25871355.000000 83286.000000 16390.000000
25729448.000000 83632.000000 15472.000000
25689554.000000 83019.000000 15793.000000
25908108.000000 84129.000000 16357.000000
26090552.000000 83409.000000 15368.000000
25874468.000000 83417.000000 16580.000000
25964399.000000 82573.000000 15764.000000
25848704.000000 83207.000000 16090.000000
25842160.000000 84007.000000 16063.000000
25935463.000000 83338.000000 15859.000000
25995698.000000 83004.000000 15803.000000
25849313.000000 84522.000000 16691.000000
25913017.000000 84576.000000 15445.000000
25913271.000000 83470.000000 16352.000000
25979794.000000 83341.000000 15633.000000
26006618.000000 83163.000000 15828.000000
25924244.000000 83769.000000 16204.000000
25903899.000000 83778.000000 16207.000000
25999249.000000 83317.000000 15829.000000
25906343.000000 87491.000000 16378.000000
25931869.000000 83581.000000 16111.000000
25874145.000000 83353.000000 16290.000000
25976616.000000 79631.000000 15997.000000
25914312.000000 79958.000000 16296.000000
25972334.000000 79119.000000 16395.000000
25843320.000000 83243.000000 16046.000000
25941764.000000 84268.000000 15821.000000
25881810.000000 83524.000000 16198.000000
25835812.000000 84068.000000 16450.000000
25901334.000000 83713.000000 16303.000000
25922560.000000 83343.000000 16483.000000
25853332.000000 83460.000000 16401.000000
25946374.000000 87378.000000 15482.000000
25554930.000000 79211.000000 16152.000000
25830125.000000 78858.000000 16026.000000
26000289.000000 83778.000000 15779.000000
25947810.000000 80157.000000 15972.000000
25903442.000000 83910.000000 16337.000000
25909730.000000 83774.000000 16208.000000
25807342.000000 82965.000000 16313.000000
26038237.000000 79459.000000 16171.000000
25908463.000000 83462.000000 16405.000000
26024810.000000 84097.000000 15894.000000
25953338.000000 82385.000000 15953.000000
25922562.000000 83629.000000 16538.000000
25922095.000000 79268.000000 16082.000000
25915492.000000 86777.000000 15779.000000
26057909.000000 82539.000000 15575.000000
25859459.000000 80529.000000 16087.000000
25945341.000000 83701.000000 16194.000000
25969566.000000 86166.000000 15595.000000
25862763.000000 84139.000000 16431.000000
25914308.000000 84272.000000 16319.000000
25933785.000000 79737.000000 15954.000000
25851908.000000 83164.000000 16410.000000
25940427.000000 83422.000000 16313.000000
25846325.000000 82944.000000 15496.000000
25864157.000000 84335.000000 16314.000000
25853774.000000 79466.000000 16192.000000
25899424.000000 84226.000000 16462.000000
25980736.000000 86692.000000 15761.000000
25978178.000000 83131.000000 15751.000000
26009074.000000 82577.000000 15765.000000
25881303.000000 83125.000000 16627.000000
26085654.000000 83173.000000 15043.000000
25934483.000000 83551.000000 15660.000000
26002774.000000 83057.000000 15848.000000
25910560.000000 79931.000000 16251.000000
25983116.000000 82938.000000 15730.000000
25970006.000000 83315.000000 16517.000000
25995911.000000 82598.000000 15442.000000
25892394.000000 84661.000000 16346.000000
25854803.000000 83569.000000 16420.000000
26007168.000000 83109.000000 15610.000000
