24765961.000000 52844.000000 31429.000000
24564987.000000 53244.000000 31247.000000
23113783.000000 52070.000000 31742.000000
24986790.000000 53919.000000 30158.000000
25423270.000000 54585.000000 30416.000000
25490369.000000 55223.000000 30667.000000
25065521.000000 53674.000000 30610.000000
25334922.000000 54393.000000 31021.000000
25468224.000000 54308.000000 29870.000000
24907198.000000 53361.000000 30919.000000
24484639.000000 51836.000000 29412.000000
25189420.000000 54069.000000 30112.000000
25589996.000000 55071.000000 30256.000000
23443966.000000 53764.000000 33653.000000
25167045.000000 53641.000000 30415.000000
25134037.000000 53150.000000 30249.000000
25283775.000000 54260.000000 30537.000000
23808319.000000 65702.000000 43825.000000
23380949.000000 53930.000000 31295.000000
25112197.000000 53627.000000 31453.000000
24599217.000000 54224.000000 31380.000000
25302776.000000 54154.000000 31324.000000
25206785.000000 55271.000000 31990.000000
24603612.000000 53818.000000 31147.000000
24834299.000000 54461.000000 31310.000000
25312870.000000 54528.000000 30919.000000
25357978.000000 54405.000000 30249.000000
25043782.000000 53508.000000 30898.000000
24883079.000000 52872.000000 28774.000000
25212996.000000 54372.000000 31575.000000
25208316.000000 54573.000000 31089.000000
25476948.000000 54298.000000 30601.000000
23574343.000000 52623.000000 31331.000000
24882378.000000 54387.000000 30552.000000
24086926.000000 57441.000000 35486.000000
25322996.000000 54598.000000 31038.000000
23507612.000000 53329.000000 31389.000000
25369196.000000 54454.000000 30808.000000
25083915.000000 53865.000000 30758.000000
25504238.000000 54240.000000 30096.000000
25126367.000000 54155.000000 31575.000000
23799092.000000 59468.000000 38275.000000
25246141.000000 54737.000000 31281.000000
25246714.000000 54013.000000 31742.000000
23374269.000000 52606.000000 31275.000000
24564402.000000 53713.000000 31098.000000
24580799.000000 54781.000000 31481.000000
25322475.000000 54399.000000 30868.000000
24236380.000000 53294.000000 31903.000000
22689013.000000 52215.000000 31783.000000
23576040.000000 52437.000000 32583.000000
25335992.000000 54595.000000 30739.000000
25187155.000000 54076.000000 30378.000000
23016460.000000 54912.000000 32644.000000
25041064.000000 53548.000000 31383.000000
25405742.000000 54656.000000 31627.000000
25099828.000000 54168.000000 30453.000000
24037379.000000 54929.000000 32239.000000
25123606.000000 53857.000000 32263.000000
25348821.000000 55025.000000 30124.000000
24555305.000000 53090.000000 30765.000000
25450933.000000 54405.000000 30889.000000
22580114.000000 52062.000000 31679.000000
25134796.000000 53392.000000 31059.000000
25423060.000000 54409.000000 31112.000000
23636993.000000 53994.000000 32200.000000
25115201.000000 53382.000000 31372.000000
25177564.000000 54362.000000 29831.000000
13105497.000000 67865.000000 48942.000000
24353109.000000 53503.000000 31534.000000
25485075.000000 54617.000000 30763.000000
25232438.000000 54264.000000 31123.000000
25154434.000000 55212.000000 31976.000000
25067202.000000 54700.000000 30877.000000
22944810.000000 53324.000000 32553.000000
25378582.000000 54610.000000 31161.000000
24869270.000000 53735.000000 31015.000000
25483908.000000 54165.000000 30940.000000
21343419.000000 53929.000000 34856.000000
25125456.000000 53852.000000 31105.000000
24417181.000000 54548.000000 31684.000000
25330527.000000 54243.000000 30603.000000
24863694.000000 54681.000000 31027.000000
25331993.000000 53884.000000 30482.000000
25021269.000000 54386.000000 30436.000000
24909755.000000 53237.000000 30357.000000
25496360.000000 54971.000000 30616.000000
22767154.000000 54516.000000 33706.000000
5919347.000000 59598.000000 44532.000000
23734700.000000 52717.000000 31373.000000
25426533.000000 54446.000000 29939.000000
24700725.000000 54176.000000 30832.000000
23804833.000000 54421.000000 32967.000000
25090258.000000 53870.000000 31710.000000
25433073.000000 54386.000000 30425.000000
25097984.000000 53799.000000 29604.000000
25083383.000000 53110.000000 31103.000000
24596088.000000 53150.000000 31025.000000
23073840.000000 51973.000000 31038.000000
23487520.000000 52371.000000 31489.000000
