24400157.000000 76518.000000 30052.000000
24413014.000000 74885.000000 32478.000000
24399906.000000 77005.000000 29074.000000
24420978.000000 73251.000000 33129.000000
24402424.000000 75979.000000 28695.000000
24446061.000000 72924.000000 32526.000000
24396324.000000 76140.000000 29148.000000
24467894.000000 75135.000000 32271.000000
24433263.000000 74735.000000 28592.000000
24236345.000000 73428.000000 32931.000000
24376788.000000 73256.000000 31151.000000
24318965.000000 75319.000000 28894.000000
24525205.000000 75898.000000 29171.000000
24634440.000000 74348.000000 28370.000000
24562726.000000 76057.000000 28722.000000
24529302.000000 73365.000000 28249.000000
24367657.000000 75973.000000 28825.000000
24592296.000000 75805.000000 28354.000000
24557792.000000 73249.000000 28376.000000
24653882.000000 76058.000000 28055.000000
24326161.000000 75435.000000 28181.000000
24461187.000000 74723.000000 30452.000000
24332948.000000 73451.000000 32282.000000
24478961.000000 75081.000000 28529.000000
24365079.000000 75791.000000 28323.000000
24481926.000000 73348.000000 30695.000000
24274946.000000 76578.000000 29032.000000
24347749.000000 73476.000000 32386.000000
24316208.000000 75624.000000 31618.000000
24302762.000000 73181.000000 32681.000000
24401634.000000 73228.000000 32314.000000
24644001.000000 75869.000000 28702.000000
24085705.000000 74896.000000 33130.000000
24292004.000000 76517.000000 28208.000000
24338319.000000 72680.000000 31982.000000
24559966.000000 75310.000000 29150.000000
24372870.000000 73413.000000 32496.000000
24471934.000000 73381.000000 31149.000000
24486813.000000 73927.000000 28446.000000
24568833.000000 73383.000000 28175.000000
24516098.000000 73140.000000 30663.000000
24497746.000000 73403.000000 30737.000000
24405624.000000 73258.000000 31987.000000
24433339.000000 72822.000000 30988.000000
24539243.000000 75427.000000 28739.000000
24356887.000000 76018.000000 29289.000000
24386273.000000 75861.000000 28999.000000
24641613.000000 76618.000000 29033.000000
24448891.000000 75935.000000 29020.000000
24587326.000000 76596.000000 28909.000000
24462370.000000 75679.000000 29558.000000
24344445.000000 75171.000000 33077.000000
24418185.000000 75431.000000 29351.000000
24578138.000000 76028.000000 28520.000000
24554583.000000 75953.000000 27831.000000
24427253.000000 76070.000000 32176.000000
24520536.000000 75732.000000 28951.000000
24436655.000000 73174.000000 32049.000000
24404678.000000 76006.000000 28928.000000
24669767.000000 73451.000000 28252.000000
24420517.000000 72755.000000 31127.000000
24649868.000000 72540.000000 28804.000000
24354483.000000 76830.000000 29060.000000
24568800.000000 73273.000000 28612.000000
24534827.000000 75274.000000 28840.000000
24438471.000000 75663.000000 32812.000000
24385587.000000 75093.000000 28523.000000
24293717.000000 75361.000000 29631.000000
24342533.000000 76366.000000 29384.000000
24469156.000000 76414.000000 29352.000000
24509750.000000 73777.000000 28620.000000
24289728.000000 76675.000000 29310.000000
24446445.000000 76065.000000 28976.000000
24614773.000000 72921.000000 29240.000000
24557681.000000 73247.000000 28404.000000
24521232.000000 75989.000000 28838.000000
24456739.000000 72725.000000 28444.000000
24543506.000000 72868.000000 28381.000000
24480802.000000 75505.000000 28547.000000
24478112.000000 75656.000000 28830.000000
24184613.000000 74925.000000 29127.000000
24428761.000000 75793.000000 29180.000000
24346237.000000 75229.000000 32851.000000
24372336.000000 75302.000000 31831.000000
24587977.000000 75584.000000 28803.000000
24300956.000000 75286.000000 33129.000000
24545917.000000 76014.000000 28526.000000
24549253.000000 72723.000000 29340.000000
24400971.000000 75421.000000 31956.000000
24621962.000000 76690.000000 28715.000000
24654918.000000 73795.000000 28632.000000
24616310.000000 76312.000000 28797.000000
24492458.000000 75694.000000 32716.000000
24356618.000000 75473.000000 32643.000000
24330791.000000 76079.000000 29149.000000
24304672.000000 75874.000000 29475.000000
24506596.000000 73354.000000 32611.000000
24414048.000000 73301.000000 32144.000000
24609502.000000 75393.000000 28660.000000
24535616.000000 75380.000000 28054.000000
