24528053.000000 75173.000000 28669.000000
24416427.000000 72121.000000 29597.000000
24560020.000000 75553.000000 30273.000000
24501389.000000 75827.000000 28094.000000
24100122.000000 73044.000000 29374.000000
24579225.000000 75259.000000 30088.000000
24577294.000000 75696.000000 28485.000000
24535279.000000 74710.000000 28774.000000
24499294.000000 77756.000000 29031.000000
24492716.000000 76053.000000 28517.000000
24610495.000000 75178.000000 30264.000000
24607574.000000 76400.000000 29082.000000
24556253.000000 75457.000000 28677.000000
24516777.000000 75095.000000 28297.000000
24555325.000000 75302.000000 30325.000000
24109709.000000 73415.000000 31653.000000
24526687.000000 76109.000000 28610.000000
24363343.000000 73125.000000 30767.000000
24635063.000000 75174.000000 28856.000000
24508452.000000 74927.000000 28826.000000
24592397.000000 75344.000000 28326.000000
24597869.000000 75208.000000 29085.000000
24233477.000000 74626.000000 32747.000000
24555805.000000 75906.000000 28486.000000
24584135.000000 76208.000000 28501.000000
24519985.000000 74925.000000 28913.000000
24478190.000000 75317.000000 28069.000000
24329240.000000 74933.000000 31688.000000
24565194.000000 75156.000000 28628.000000
24247885.000000 74615.000000 27615.000000
24533831.000000 75730.000000 28084.000000
24431284.000000 75420.000000 31659.000000
24585849.000000 75056.000000 28153.000000
24627645.000000 74745.000000 28966.000000
24536085.000000 75276.000000 28411.000000
24515895.000000 75070.000000 28689.000000
24557922.000000 75143.000000 28852.000000
24643129.000000 75279.000000 28463.000000
24631022.000000 75588.000000 28061.000000
24564671.000000 75524.000000 28204.000000
24443803.000000 75150.000000 28443.000000
24540698.000000 75329.000000 28548.000000
24626170.000000 75694.000000 28216.000000
24343616.000000 75255.000000 30849.000000
24529198.000000 74984.000000 28320.000000
24432205.000000 75004.000000 29103.000000
24513454.000000 75596.000000 28533.000000
24500183.000000 74947.000000 28020.000000
24493657.000000 76113.000000 28690.000000
24606365.000000 75101.000000 28815.000000
24535474.000000 75034.000000 28549.000000
24526219.000000 75129.000000 28482.000000
24262679.000000 75446.000000 32786.000000
24235375.000000 74955.000000 32343.000000
24579894.000000 75392.000000 28662.000000
24539697.000000 75422.000000 28749.000000
24438419.000000 75151.000000 29122.000000
24528931.000000 75264.000000 27721.000000
24624444.000000 75720.000000 28482.000000
24558417.000000 75151.000000 28849.000000
24585321.000000 75346.000000 28593.000000
24510729.000000 75418.000000 28693.000000
24587113.000000 74958.000000 28848.000000
24569962.000000 74986.000000 28294.000000
24592091.000000 75428.000000 28394.000000
24511659.000000 74588.000000 28740.000000
24580141.000000 75635.000000 28112.000000
24555614.000000 75286.000000 28378.000000
24562564.000000 74911.000000 28591.000000
24653155.000000 75216.000000 28243.000000
24589341.000000 74855.000000 30283.000000
24560448.000000 75698.000000 28521.000000
24534532.000000 74568.000000 28609.000000
24572748.000000 74957.000000 27993.000000
24576210.000000 75512.000000 28014.000000
24577715.000000 75565.000000 28557.000000
24496917.000000 75659.000000 29108.000000
24594261.000000 76044.000000 28502.000000
24683447.000000 75167.000000 28924.000000
24199511.000000 73953.000000 31094.000000
24630109.000000 74996.000000 30486.000000
24553439.000000 75383.000000 28785.000000
24596359.000000 75025.000000 28656.000000
24517019.000000 75738.000000 28383.000000
24493694.000000 75350.000000 28130.000000
24430543.000000 75028.000000 28649.000000
24523229.000000 75349.000000 28703.000000
24514717.000000 75674.000000 28258.000000
24452005.000000 74966.000000 28716.000000
24563578.000000 75047.000000 30851.000000
24249608.000000 73854.000000 30042.000000
24485202.000000 74991.000000 29079.000000
24561731.000000 75655.000000 30074.000000
24695425.000000 75058.000000 30617.000000
24506233.000000 75089.000000 28423.000000
24509624.000000 75595.000000 31079.000000
24524527.000000 75254.000000 28709.000000
24550088.000000 75330.000000 28336.000000
23926546.000000 73313.000000 27857.000000
24378248.000000 74543.000000 31256.000000
