28089008.000000 87800.000000 1473.000000
28199398.000000 86963.000000 1575.000000
27833805.000000 85940.000000 1337.000000
28211526.000000 87093.000000 1668.000000
28155664.000000 87042.000000 1706.000000
27981279.000000 86045.000000 1585.000000
28120701.000000 87188.000000 1410.000000
28197362.000000 87301.000000 1531.000000
27938144.000000 85102.000000 1651.000000
27861503.000000 86287.000000 1949.000000
28034165.000000 87666.000000 1580.000000
28205110.000000 88095.000000 1688.000000
28292022.000000 87490.000000 1722.000000
27946387.000000 87286.000000 1512.000000
28169152.000000 86982.000000 1585.000000
28145302.000000 87301.000000 1658.000000
28117754.000000 86671.000000 1705.000000
28240949.000000 87402.000000 1675.000000
27979539.000000 86769.000000 1474.000000
27212246.000000 84337.000000 1410.000000
28040065.000000 86527.000000 1542.000000
28114667.000000 86313.000000 1591.000000
28085698.000000 86089.000000 1712.000000
28165179.000000 86425.000000 1644.000000
28209327.000000 87329.000000 1419.000000
28196952.000000 87097.000000 1568.000000
28127681.000000 86583.000000 1556.000000
28041794.000000 86238.000000 1702.000000
27584197.000000 85187.000000 1515.000000
27901457.000000 87243.000000 1768.000000
28057439.000000 86875.000000 1620.000000
27661654.000000 84747.000000 1811.000000
28164695.000000 86440.000000 1590.000000
27914346.000000 83575.000000 1879.000000
27974968.000000 86585.000000 1634.000000
28059562.000000 86592.000000 1716.000000
28123105.000000 86619.000000 1580.000000
28093138.000000 87307.000000 1649.000000
28143278.000000 86351.000000 1740.000000
28002134.000000 86600.000000 1754.000000
28071087.000000 86623.000000 1580.000000
28115346.000000 86830.000000 1823.000000
27990949.000000 86640.000000 1814.000000
28045344.000000 86711.000000 1591.000000
28103119.000000 86262.000000 1687.000000
28060217.000000 86929.000000 1630.000000
27846315.000000 89540.000000 1886.000000
27258027.000000 84352.000000 6847.000000
28098857.000000 87103.000000 1556.000000
26831168.000000 81817.000000 1371.000000
28146821.000000 86672.000000 1571.000000
27971071.000000 85948.000000 1370.000000
28051718.000000 87532.000000 1658.000000
28084503.000000 86980.000000 1658.000000
28170241.000000 87955.000000 1740.000000
28327454.000000 86832.000000 1632.000000
27742214.000000 86460.000000 1909.000000
28175167.000000 86170.000000 1542.000000
28181879.000000 87674.000000 1750.000000
28010293.000000 87130.000000 1692.000000
28074941.000000 87007.000000 1726.000000
28047763.000000 86358.000000 1659.000000
26443204.000000 82420.000000 12352.000000
28028753.000000 86053.000000 1508.000000
28124764.000000 85853.000000 1541.000000
28109331.000000 87165.000000 1756.000000
27888520.000000 87083.000000 1605.000000
28075440.000000 85822.000000 1653.000000
28234438.000000 86926.000000 1576.000000
28208984.000000 86487.000000 1493.000000
28053775.000000 86926.000000 1459.000000
28171036.000000 87184.000000 2116.000000
27911640.000000 88418.000000 1732.000000
28104855.000000 86659.000000 1392.000000
28178046.000000 86138.000000 1537.000000
28102285.000000 86340.000000 1486.000000
27688463.000000 86856.000000 1765.000000
28151958.000000 86436.000000 1454.000000
28237122.000000 86973.000000 1721.000000
28049153.000000 86405.000000 1624.000000
27655084.000000 87929.000000 1750.000000
27905520.000000 83915.000000 1803.000000
27944009.000000 86787.000000 1473.000000
28113217.000000 87310.000000 1692.000000
27966644.000000 84194.000000 1834.000000
27719492.000000 84914.000000 1510.000000
28088606.000000 86756.000000 1691.000000
28077625.000000 86366.000000 1462.000000
28135734.000000 87088.000000 1566.000000
27218899.000000 83813.000000 1343.000000
28138550.000000 86460.000000 1683.000000
28069146.000000 86361.000000 1477.000000
27982144.000000 86167.000000 1614.000000
28266841.000000 87858.000000 1553.000000
28170162.000000 86550.000000 1444.000000
28212163.000000 86557.000000 1472.000000
27953347.000000 86021.000000 1610.000000
27870610.000000 83905.000000 1837.000000
27722776.000000 86832.000000 1930.000000
28311914.000000 87516.000000 1648.000000
