26758673.000000 42617.000000 22371.000000
25768981.000000 42874.000000 22602.000000
25085401.000000 43059.000000 23976.000000
26912407.000000 42989.000000 21356.000000
26972510.000000 42645.000000 21873.000000
25981860.000000 44999.000000 24940.000000
25063674.000000 57368.000000 33532.000000
26781133.000000 42781.000000 22235.000000
26901995.000000 43284.000000 21875.000000
26884171.000000 43573.000000 21807.000000
26795659.000000 42359.000000 22568.000000
24404701.000000 43205.000000 24030.000000
26698740.000000 42812.000000 21520.000000
26440657.000000 43326.000000 23187.000000
22674448.000000 45132.000000 27810.000000
26874366.000000 42964.000000 21604.000000
22632786.000000 45159.000000 27673.000000
26900047.000000 42646.000000 21600.000000
26819564.000000 42557.000000 22074.000000
26584600.000000 42225.000000 21745.000000
27047360.000000 42687.000000 20958.000000
22512965.000000 42457.000000 25586.000000
26648981.000000 43310.000000 22276.000000
26698468.000000 42648.000000 22041.000000
26525198.000000 43473.000000 23486.000000
26781832.000000 43142.000000 22127.000000
25660106.000000 42693.000000 22438.000000
26524983.000000 42530.000000 21693.000000
26537560.000000 43898.000000 22828.000000
26721355.000000 42738.000000 21423.000000
26744828.000000 43224.000000 22139.000000
26657362.000000 42973.000000 22387.000000
26663804.000000 43861.000000 22053.000000
24284234.000000 55310.000000 36257.000000
26582689.000000 42552.000000 21097.000000
26726025.000000 43425.000000 22483.000000
26877432.000000 42869.000000 22055.000000
26481779.000000 44241.000000 23539.000000
26613496.000000 43073.000000 22190.000000
26763698.000000 43084.000000 22522.000000
26803291.000000 42720.000000 22182.000000
26398770.000000 43427.000000 23186.000000
26826074.000000 43016.000000 22435.000000
24178990.000000 40070.000000 21488.000000
26669477.000000 43896.000000 23040.000000
26765135.000000 42576.000000 22383.000000
25808647.000000 42986.000000 23401.000000
16232885.000000 63986.000000 46375.000000
26328314.000000 41431.000000 21099.000000
25201332.000000 43074.000000 23758.000000
26754929.000000 43357.000000 23245.000000
26760246.000000 42995.000000 22373.000000
26867538.000000 42935.000000 21981.000000
26310923.000000 43608.000000 23357.000000
26842902.000000 42768.000000 21688.000000
24193370.000000 44908.000000 25526.000000
26694289.000000 43250.000000 21656.000000
26630016.000000 42958.000000 22070.000000
26436746.000000 42564.000000 21881.000000
26988230.000000 42459.000000 21832.000000
22559650.000000 44938.000000 28051.000000
26747303.000000 42793.000000 22425.000000
26930235.000000 43150.000000 20984.000000
26545743.000000 43056.000000 23053.000000
26993823.000000 42841.000000 21077.000000
26220722.000000 43275.000000 23221.000000
26876521.000000 43189.000000 21409.000000
26627825.000000 42927.000000 22717.000000
26844086.000000 43166.000000 22212.000000
26459075.000000 41430.000000 21185.000000
26806276.000000 43229.000000 22876.000000
26893809.000000 42783.000000 21705.000000
26543420.000000 42703.000000 22381.000000
25138682.000000 42772.000000 23121.000000
26615743.000000 43292.000000 23429.000000
25070668.000000 45007.000000 25289.000000
24918836.000000 43199.000000 24107.000000
23115225.000000 47509.000000 28010.000000
26909024.000000 42839.000000 21822.000000
26659330.000000 42118.000000 21430.000000
26815445.000000 42699.000000 21939.000000
23703468.000000 46512.000000 28251.000000
26660146.000000 43182.000000 22795.000000
26827102.000000 42895.000000 21980.000000
26664729.000000 42901.000000 22839.000000
24479019.000000 43164.000000 22981.000000
26591850.000000 43352.000000 22057.000000
26865472.000000 43420.000000 22445.000000
26754168.000000 43159.000000 22108.000000
24230269.000000 42912.000000 23836.000000
26748224.000000 43250.000000 21934.000000
26519695.000000 43078.000000 22362.000000
26793085.000000 42999.000000 21971.000000
26759644.000000 43296.000000 22042.000000
26628132.000000 42675.000000 21139.000000
26917584.000000 42537.000000 21650.000000
26000276.000000 43133.000000 22481.000000
26909760.000000 42670.000000 21891.000000
26879982.000000 43299.000000 21974.000000
26632249.000000 43606.000000 21933.000000
