24751613.000000 79557.000000 23324.000000
24712774.000000 78371.000000 24928.000000
24804735.000000 80244.000000 25781.000000
24867190.000000 81439.000000 25923.000000
24855329.000000 79735.000000 23779.000000
24840970.000000 79358.000000 23775.000000
25009905.000000 79439.000000 23845.000000
24808795.000000 79350.000000 25675.000000
28218438.000000 79411.000000 25954.000000
24738392.000000 79726.000000 23791.000000
24846792.000000 79975.000000 23736.000000
24864079.000000 80546.000000 23517.000000
24804087.000000 79888.000000 23524.000000
24929574.000000 80962.000000 23443.000000
24893826.000000 78448.000000 23317.000000
24762026.000000 79160.000000 23595.000000
24771057.000000 79820.000000 25849.000000
24796152.000000 79873.000000 25385.000000
24809024.000000 79582.000000 26232.000000
24866990.000000 81835.000000 24854.000000
24963729.000000 79846.000000 23732.000000
24796314.000000 81496.000000 25197.000000
24746202.000000 78930.000000 23387.000000
24932284.000000 80036.000000 23610.000000
24866080.000000 79442.000000 23680.000000
24792126.000000 79981.000000 24850.000000
24781601.000000 79902.000000 26108.000000
24985639.000000 80023.000000 23926.000000
25038810.000000 79652.000000 23761.000000
24828924.000000 79915.000000 25706.000000
24849740.000000 80713.000000 23928.000000
24924692.000000 79540.000000 23557.000000
24623090.000000 78337.000000 24815.000000
24781254.000000 79205.000000 23629.000000
24779660.000000 79821.000000 25782.000000
24871239.000000 80389.000000 23730.000000
24864526.000000 77011.000000 25103.000000
24920918.000000 80046.000000 23758.000000
24685410.000000 79581.000000 26583.000000
25042705.000000 80387.000000 24005.000000
24904698.000000 79122.000000 23907.000000
24843329.000000 79884.000000 23756.000000
24944532.000000 80090.000000 23653.000000
24789333.000000 79372.000000 26604.000000
24991499.000000 80495.000000 23720.000000
24959405.000000 79764.000000 23474.000000
24792846.000000 77888.000000 25419.000000
24798484.000000 80082.000000 26617.000000
24985400.000000 80662.000000 23854.000000
25117090.000000 79717.000000 23682.000000
24885829.000000 77679.000000 24979.000000
24856694.000000 77143.000000 24970.000000
24942443.000000 79596.000000 23387.000000
24771971.000000 80287.000000 25194.000000
25019124.000000 79395.000000 23766.000000
24878230.000000 79817.000000 23909.000000
24911588.000000 76872.000000 25048.000000
24937446.000000 78907.000000 23323.000000
24909140.000000 79972.000000 23616.000000
25000619.000000 80166.000000 23803.000000
25010329.000000 79804.000000 23855.000000
24765322.000000 80229.000000 26172.000000
24793557.000000 80536.000000 25737.000000
24838999.000000 81310.000000 25342.000000
24859334.000000 79614.000000 23851.000000
24904442.000000 77757.000000 25393.000000
24797606.000000 79301.000000 23459.000000
24945352.000000 79963.000000 23720.000000
24776392.000000 80538.000000 25380.000000
24890004.000000 77157.000000 25573.000000
24806075.000000 80096.000000 25674.000000
24886943.000000 77626.000000 25103.000000
24922847.000000 80698.000000 23227.000000
24926760.000000 79181.000000 23571.000000
24764520.000000 79480.000000 23669.000000
25042772.000000 79693.000000 23777.000000
24857287.000000 80336.000000 26433.000000
25127958.000000 79753.000000 23347.000000
24891374.000000 79780.000000 23782.000000
24977791.000000 80361.000000 23837.000000
24883048.000000 80705.000000 23776.000000
24891050.000000 77416.000000 24953.000000
24856402.000000 79724.000000 25896.000000
24871883.000000 77573.000000 25290.000000
24841188.000000 80634.000000 23889.000000
24797604.000000 80056.000000 25422.000000
24798258.000000 80098.000000 25576.000000
24765819.000000 79056.000000 26502.000000
24847448.000000 77044.000000 25418.000000
24796874.000000 80732.000000 26190.000000
24834217.000000 80094.000000 25701.000000
24880998.000000 77810.000000 25375.000000
24731650.000000 79371.000000 25960.000000
24722447.000000 79429.000000 25878.000000
25020310.000000 79542.000000 24224.000000
24795474.000000 78656.000000 25958.000000
24889588.000000 78094.000000 25262.000000
24782616.000000 79511.000000 23550.000000
24849779.000000 80658.000000 23620.000000
24644013.000000 79891.000000 23622.000000
