10315549.000000 112451.000000 95417.000000
10190764.000000 112345.000000 94980.000000
3220278.000000 103692.000000 93791.000000
10197414.000000 110895.000000 95387.000000
10420413.000000 111262.000000 96375.000000
10370668.000000 113602.000000 95417.000000
840511.000000 123276.000000 96132.000000
10269196.000000 110336.000000 96046.000000
814325.000000 119574.000000 78570.000000
5806689.000000 82569.000000 74981.000000
14485548.000000 99108.000000 89936.000000
10437977.000000 111285.000000 94705.000000
10977400.000000 76162.000000 53105.000000
10180009.000000 110762.000000 96099.000000
19046330.000000 76568.000000 45886.000000
817506.000000 116108.000000 86511.000000
4913899.000000 60289.000000 47369.000000
5789079.000000 82766.000000 74179.000000
793246.000000 118398.000000 92113.000000
8700207.000000 115843.000000 93232.000000
