27144468.000000 52961.000000 18715.000000
27237520.000000 52724.000000 18474.000000
27139696.000000 52698.000000 18470.000000
25450621.000000 48668.000000 16608.000000
27132468.000000 52897.000000 18391.000000
27171929.000000 52917.000000 18261.000000
27234385.000000 52604.000000 18416.000000
27120114.000000 52581.000000 18513.000000
26915234.000000 52766.000000 18140.000000
27091073.000000 52521.000000 18063.000000
27173843.000000 52960.000000 18282.000000
27072856.000000 52089.000000 18150.000000
27208644.000000 52955.000000 18225.000000
27100839.000000 52861.000000 18522.000000
27054879.000000 52991.000000 18316.000000
27130445.000000 52393.000000 18562.000000
27137785.000000 52670.000000 18182.000000
27135041.000000 53333.000000 18476.000000
27037449.000000 52416.000000 18300.000000
27196519.000000 52750.000000 18355.000000
27094176.000000 52841.000000 18485.000000
27064830.000000 53276.000000 18322.000000
27068605.000000 52247.000000 18369.000000
26897859.000000 51940.000000 18782.000000
27042349.000000 53201.000000 18579.000000
27054359.000000 52728.000000 18851.000000
27033721.000000 52767.000000 18113.000000
27132405.000000 52584.000000 18919.000000
27139119.000000 53186.000000 18892.000000
27251711.000000 52653.000000 18076.000000
27030188.000000 53062.000000 18763.000000
26851649.000000 51412.000000 17489.000000
27127992.000000 53107.000000 18177.000000
27196230.000000 52954.000000 18759.000000
27270694.000000 53680.000000 16351.000000
27141963.000000 53013.000000 18931.000000
26997565.000000 52395.000000 18969.000000
27089536.000000 52505.000000 18846.000000
27160982.000000 52329.000000 18406.000000
27145808.000000 52281.000000 18775.000000
26994687.000000 52273.000000 18383.000000
27156484.000000 52312.000000 18785.000000
27097243.000000 52593.000000 18548.000000
27115123.000000 52248.000000 18576.000000
27129317.000000 52913.000000 18712.000000
26990386.000000 52003.000000 19049.000000
27132401.000000 52455.000000 18384.000000
27034463.000000 52723.000000 18231.000000
27163508.000000 53271.000000 18775.000000
27270368.000000 52743.000000 18477.000000
26884856.000000 51864.000000 17902.000000
27152418.000000 52338.000000 18345.000000
27169871.000000 52832.000000 18251.000000
26995260.000000 51799.000000 18442.000000
27039637.000000 52449.000000 18567.000000
27026389.000000 52844.000000 18868.000000
27246134.000000 53300.000000 16727.000000
27099417.000000 52772.000000 18320.000000
27159468.000000 52736.000000 18634.000000
27203975.000000 52532.000000 18361.000000
27087239.000000 52805.000000 18546.000000
27234697.000000 52920.000000 18566.000000
27227560.000000 52933.000000 18340.000000
27120077.000000 53118.000000 17987.000000
27109933.000000 52791.000000 18584.000000
26944977.000000 51815.000000 17919.000000
27146844.000000 53008.000000 18105.000000
27064317.000000 52921.000000 18975.000000
26164540.000000 51161.000000 17216.000000
27201888.000000 52646.000000 18445.000000
27002735.000000 52697.000000 18060.000000
27132907.000000 52863.000000 18377.000000
27219315.000000 52247.000000 18214.000000
27254752.000000 52930.000000 18880.000000
27066891.000000 52481.000000 18522.000000
26993590.000000 52884.000000 18921.000000
27164371.000000 52971.000000 18271.000000
27080238.000000 52353.000000 18099.000000
27093700.000000 52460.000000 18199.000000
27128393.000000 52483.000000 18966.000000
27034750.000000 52336.000000 19027.000000
27164363.000000 52512.000000 18998.000000
27120899.000000 52470.000000 18418.000000
27111292.000000 52227.000000 18437.000000
27121080.000000 52781.000000 18717.000000
26977151.000000 51963.000000 18844.000000
26997843.000000 52679.000000 18440.000000
27166908.000000 52849.000000 18685.000000
27093845.000000 52579.000000 18914.000000
26651385.000000 51208.000000 17520.000000
26473719.000000 51169.000000 18318.000000
27104205.000000 52922.000000 18658.000000
27127650.000000 52923.000000 18686.000000
27084978.000000 52178.000000 18578.000000
27096313.000000 53087.000000 18600.000000
27127702.000000 52335.000000 18393.000000
27215230.000000 52936.000000 18189.000000
27106928.000000 52678.000000 18229.000000
27135459.000000 52722.000000 18413.000000
27101358.000000 52845.000000 17974.000000
