28194642.000000 85209.000000 1682.000000
26733398.000000 78566.000000 1564.000000
28249908.000000 85530.000000 1831.000000
28098760.000000 88761.000000 1890.000000
28215888.000000 85549.000000 1938.000000
28024112.000000 82439.000000 1937.000000
28216489.000000 86270.000000 1835.000000
28195126.000000 86399.000000 1934.000000
28249706.000000 85287.000000 1822.000000
28273851.000000 85049.000000 1869.000000
28231183.000000 85350.000000 1909.000000
28259795.000000 87045.000000 1799.000000
28213876.000000 86556.000000 1829.000000
28290879.000000 86114.000000 1900.000000
28278754.000000 86318.000000 1804.000000
28090824.000000 81719.000000 1879.000000
28228380.000000 86102.000000 1820.000000
28233146.000000 86471.000000 1805.000000
28187123.000000 82263.000000 1610.000000
27916690.000000 84984.000000 1749.000000
28049302.000000 82031.000000 1784.000000
28273978.000000 85688.000000 1714.000000
28298395.000000 85563.000000 1681.000000
28260890.000000 85830.000000 1551.000000
28345474.000000 86709.000000 1585.000000
28339772.000000 85412.000000 1653.000000
28181595.000000 86384.000000 1576.000000
28184185.000000 86353.000000 1554.000000
28196604.000000 86998.000000 1716.000000
28299011.000000 85111.000000 1773.000000
28272270.000000 85562.000000 1696.000000
28332339.000000 86254.000000 1742.000000
28148267.000000 86016.000000 1724.000000
28272237.000000 85705.000000 1678.000000
28226432.000000 85271.000000 1812.000000
28106319.000000 85803.000000 1869.000000
28205069.000000 86254.000000 1779.000000
28047664.000000 83144.000000 1854.000000
28178693.000000 86505.000000 1719.000000
28209607.000000 85928.000000 1892.000000
28292832.000000 83487.000000 1844.000000
28259326.000000 85681.000000 1800.000000
28198002.000000 86228.000000 1998.000000
28193225.000000 84626.000000 1883.000000
28185714.000000 86215.000000 1975.000000
28235082.000000 86198.000000 1937.000000
28262836.000000 85984.000000 2070.000000
28273588.000000 86109.000000 2021.000000
28237449.000000 85451.000000 2013.000000
28304663.000000 85395.000000 1793.000000
28222752.000000 84975.000000 1941.000000
28188904.000000 86564.000000 1850.000000
28240373.000000 85494.000000 1942.000000
28175360.000000 82479.000000 1796.000000
27419900.000000 79418.000000 1589.000000
28290158.000000 86082.000000 1775.000000
28219226.000000 86182.000000 1866.000000
28220501.000000 86056.000000 1931.000000
28207044.000000 86903.000000 1818.000000
28169500.000000 86466.000000 1852.000000
28246482.000000 85929.000000 1912.000000
28318979.000000 87118.000000 1972.000000
28147650.000000 86482.000000 1927.000000
28159821.000000 85936.000000 1995.000000
28219867.000000 86048.000000 1980.000000
28237514.000000 86219.000000 1812.000000
28314407.000000 87003.000000 1852.000000
28184026.000000 85846.000000 1935.000000
28276384.000000 85753.000000 1754.000000
28038164.000000 82148.000000 1890.000000
28302876.000000 86284.000000 1627.000000
28221334.000000 85984.000000 1744.000000
28312019.000000 86169.000000 1754.000000
28285543.000000 85794.000000 1673.000000
28283523.000000 85051.000000 1768.000000
28313995.000000 85240.000000 1732.000000
28250359.000000 86018.000000 1802.000000
28206094.000000 85980.000000 1728.000000
28237273.000000 87096.000000 1785.000000
28115153.000000 82729.000000 1807.000000
28326586.000000 85455.000000 1710.000000
28264824.000000 86823.000000 1834.000000
28276990.000000 85826.000000 1741.000000
28250167.000000 86436.000000 1643.000000
28277977.000000 86858.000000 1733.000000
28296738.000000 85252.000000 1785.000000
28351709.000000 85148.000000 1648.000000
28304101.000000 86628.000000 1587.000000
28289755.000000 85314.000000 1599.000000
28022625.000000 85293.000000 1649.000000
27927238.000000 83735.000000 1828.000000
28276749.000000 85843.000000 1807.000000
28246660.000000 85380.000000 1680.000000
28266301.000000 86357.000000 1664.000000
28245126.000000 86685.000000 1678.000000
28252959.000000 85792.000000 1649.000000
28277366.000000 85124.000000 1828.000000
27946374.000000 86309.000000 1841.000000
28195936.000000 85516.000000 1774.000000
28216548.000000 85817.000000 1885.000000
