27647133.000000 87435.000000 2775.000000
27756252.000000 88764.000000 2651.000000
27610268.000000 88253.000000 2798.000000
27644711.000000 93318.000000 2676.000000
27725654.000000 89591.000000 2797.000000
27662427.000000 88675.000000 2489.000000
27636170.000000 85905.000000 2795.000000
27647765.000000 85333.000000 2678.000000
27452468.000000 85251.000000 2547.000000
27716785.000000 85198.000000 2719.000000
27740250.000000 87643.000000 2694.000000
27731049.000000 84898.000000 2773.000000
27347654.000000 86954.000000 2583.000000
27661906.000000 85573.000000 2654.000000
27750779.000000 89670.000000 2903.000000
27733497.000000 88478.000000 2705.000000
27720421.000000 88329.000000 2584.000000
27512874.000000 87899.000000 2615.000000
27748863.000000 89530.000000 2611.000000
27621275.000000 89818.000000 2794.000000
27679091.000000 88607.000000 2642.000000
27670953.000000 88550.000000 2800.000000
27709172.000000 93603.000000 2639.000000
27453869.000000 87547.000000 2445.000000
27686279.000000 85324.000000 2586.000000
27665068.000000 85142.000000 2760.000000
27671533.000000 85475.000000 2761.000000
27633432.000000 89365.000000 2667.000000
27671264.000000 88074.000000 2799.000000
27708724.000000 88450.000000 2751.000000
27711764.000000 90203.000000 2744.000000
27635230.000000 84847.000000 2700.000000
27755076.000000 89977.000000 2542.000000
27647834.000000 89376.000000 2746.000000
27729273.000000 88385.000000 2528.000000
27742865.000000 88113.000000 2639.000000
27712036.000000 89923.000000 2817.000000
27476372.000000 87564.000000 2630.000000
27740769.000000 89138.000000 2718.000000
27766133.000000 90172.000000 2867.000000
27692206.000000 88535.000000 2793.000000
27699367.000000 89432.000000 2757.000000
27618866.000000 88554.000000 2841.000000
27642136.000000 92882.000000 2614.000000
27718382.000000 89425.000000 2571.000000
27750167.000000 89699.000000 2655.000000
27603742.000000 85490.000000 2737.000000
27730792.000000 89728.000000 2830.000000
27626009.000000 85861.000000 2706.000000
27658012.000000 85416.000000 2714.000000
27477404.000000 87572.000000 2679.000000
27719582.000000 89345.000000 2611.000000
27714992.000000 89245.000000 2648.000000
27483308.000000 91420.000000 2509.000000
27723092.000000 89497.000000 2777.000000
27620870.000000 88821.000000 2761.000000
27632007.000000 85728.000000 2812.000000
27730837.000000 88228.000000 2538.000000
27705593.000000 89963.000000 2602.000000
27760708.000000 90722.000000 2796.000000
27712962.000000 93028.000000 2601.000000
27746450.000000 90471.000000 2814.000000
27701741.000000 88113.000000 2654.000000
27757785.000000 88756.000000 2628.000000
27713168.000000 89623.000000 2542.000000
27574142.000000 85335.000000 2762.000000
27623425.000000 89615.000000 2750.000000
27739883.000000 89113.000000 2819.000000
27712216.000000 90023.000000 2492.000000
27667777.000000 89305.000000 2597.000000
27713385.000000 88900.000000 2499.000000
27381706.000000 89277.000000 2588.000000
27614531.000000 88993.000000 2569.000000
27760974.000000 89629.000000 2764.000000
27741055.000000 89399.000000 2659.000000
27760583.000000 90064.000000 2770.000000
27751259.000000 90050.000000 2880.000000
27653565.000000 85523.000000 2688.000000
27712423.000000 88709.000000 2639.000000
27727558.000000 90151.000000 2715.000000
27649720.000000 93903.000000 2579.000000
27669066.000000 89379.000000 2518.000000
27719844.000000 89933.000000 2889.000000
27495146.000000 92479.000000 2509.000000
27609848.000000 89732.000000 2592.000000
27613614.000000 85241.000000 2611.000000
27654270.000000 85849.000000 2494.000000
27725724.000000 90335.000000 2752.000000
27754693.000000 88782.000000 2579.000000
27747769.000000 89674.000000 2835.000000
27784465.000000 89275.000000 2427.000000
27657630.000000 85115.000000 2688.000000
27783624.000000 89415.000000 2719.000000
27543800.000000 88127.000000 2515.000000
27689773.000000 89710.000000 2744.000000
27706583.000000 88940.000000 2668.000000
27674576.000000 84893.000000 2708.000000
27443405.000000 87814.000000 2512.000000
27521257.000000 87740.000000 2504.000000
27588008.000000 85059.000000 2651.000000
