30021922.000000 62474.000000 267.000000
29980162.000000 62504.000000 150.000000
29935586.000000 61899.000000 175.000000
29972914.000000 61234.000000 181.000000
30009525.000000 62155.000000 506.000000
30040055.000000 61713.000000 72.000000
29894839.000000 61687.000000 117.000000
29938343.000000 61722.000000 328.000000
29975354.000000 62587.000000 151.000000
29945795.000000 61966.000000 126.000000
29766614.000000 60694.000000 301.000000
30005836.000000 62581.000000 85.000000
29994653.000000 61932.000000 124.000000
29952210.000000 62709.000000 243.000000
29825752.000000 61290.000000 97.000000
30030965.000000 62020.000000 126.000000
29944148.000000 62233.000000 224.000000
30028770.000000 61675.000000 231.000000
29924612.000000 61734.000000 94.000000
29835303.000000 61926.000000 238.000000
29887493.000000 61982.000000 378.000000
29888010.000000 61739.000000 554.000000
29895745.000000 61778.000000 175.000000
29894931.000000 61888.000000 58.000000
30023925.000000 62506.000000 131.000000
29379360.000000 59563.000000 352.000000
29981782.000000 61760.000000 117.000000
29979952.000000 61777.000000 209.000000
29975540.000000 61635.000000 387.000000
29956643.000000 61666.000000 179.000000
29930999.000000 61812.000000 395.000000
29929052.000000 61810.000000 305.000000
29968100.000000 62430.000000 109.000000
29903415.000000 62860.000000 477.000000
29937862.000000 62234.000000 356.000000
30043479.000000 61704.000000 253.000000
29888207.000000 62104.000000 615.000000
29988129.000000 62622.000000 331.000000
30023731.000000 61297.000000 576.000000
29725659.000000 60629.000000 551.000000
29915084.000000 61969.000000 503.000000
29975379.000000 61788.000000 155.000000
29992688.000000 61684.000000 642.000000
29970105.000000 61641.000000 308.000000
29935961.000000 61448.000000 346.000000
30036635.000000 61756.000000 268.000000
29920014.000000 61998.000000 330.000000
29846199.000000 62048.000000 248.000000
29868078.000000 61131.000000 175.000000
29903163.000000 62103.000000 176.000000
30001873.000000 61346.000000 342.000000
29914817.000000 62165.000000 330.000000
29959540.000000 61495.000000 490.000000
29567037.000000 60066.000000 585.000000
29806022.000000 61665.000000 209.000000
30003857.000000 62352.000000 374.000000
29832101.000000 61332.000000 323.000000
29991650.000000 61747.000000 321.000000
29784174.000000 60841.000000 237.000000
29718765.000000 60919.000000 317.000000
29972880.000000 61656.000000 271.000000
30038458.000000 61974.000000 354.000000
29942676.000000 61612.000000 409.000000
29975611.000000 61789.000000 235.000000
29860940.000000 61402.000000 450.000000
29872086.000000 61544.000000 247.000000
29877345.000000 62422.000000 175.000000
29745197.000000 61705.000000 311.000000
30027436.000000 61987.000000 281.000000
29870821.000000 60919.000000 649.000000
29875305.000000 62451.000000 409.000000
30084035.000000 61384.000000 367.000000
29897680.000000 61001.000000 262.000000
30014464.000000 62210.000000 407.000000
30000018.000000 61776.000000 429.000000
29900041.000000 61181.000000 199.000000
29991346.000000 61536.000000 179.000000
29874264.000000 61806.000000 430.000000
29951446.000000 61676.000000 416.000000
30008086.000000 61827.000000 177.000000
29936720.000000 61573.000000 340.000000
29928201.000000 61970.000000 544.000000
29951715.000000 61531.000000 522.000000
29949034.000000 61657.000000 546.000000
30007774.000000 61663.000000 570.000000
29824873.000000 61708.000000 647.000000
29886690.000000 61953.000000 768.000000
29984311.000000 61723.000000 458.000000
29078504.000000 59383.000000 321.000000
29858226.000000 61632.000000 151.000000
29968834.000000 61713.000000 332.000000
29914994.000000 61522.000000 263.000000
29933230.000000 61888.000000 224.000000
29266077.000000 59905.000000 515.000000
29907502.000000 61818.000000 486.000000
29881824.000000 60922.000000 242.000000
29952939.000000 61106.000000 287.000000
29819220.000000 60652.000000 207.000000
29846647.000000 60719.000000 478.000000
25666657.000000 60123.000000 349.000000
