29372863.000000 47249.000000 5491.000000
29480341.000000 46783.000000 5392.000000
29284430.000000 47500.000000 5579.000000
28841783.000000 45400.000000 5210.000000
29505666.000000 46886.000000 5095.000000
29456287.000000 47093.000000 5631.000000
29435060.000000 47282.000000 5366.000000
27958507.000000 44281.000000 5140.000000
28510842.000000 44933.000000 5094.000000
29547774.000000 46980.000000 5316.000000
29562586.000000 47730.000000 5243.000000
29447954.000000 46816.000000 5415.000000
29211429.000000 46170.000000 5266.000000
29496578.000000 47177.000000 5317.000000
29551692.000000 46901.000000 5346.000000
29473032.000000 47075.000000 5374.000000
29536147.000000 46864.000000 5550.000000
29321982.000000 46581.000000 5505.000000
29310477.000000 46696.000000 5607.000000
29494795.000000 46669.000000 5288.000000
29544676.000000 47373.000000 5230.000000
29590398.000000 46784.000000 5176.000000
29513490.000000 47183.000000 5383.000000
29377599.000000 46657.000000 5272.000000
29560482.000000 47575.000000 5508.000000
29591448.000000 47353.000000 5306.000000
29509199.000000 47234.000000 5559.000000
29571087.000000 46821.000000 5268.000000
29360295.000000 46916.000000 5483.000000
29595503.000000 47435.000000 5147.000000
29556424.000000 47681.000000 5592.000000
29498824.000000 46814.000000 5213.000000
29537745.000000 46764.000000 5539.000000
29314285.000000 46940.000000 5284.000000
29530014.000000 46935.000000 5443.000000
29539105.000000 47429.000000 5439.000000
29441508.000000 47081.000000 4880.000000
29270275.000000 46684.000000 5319.000000
29368566.000000 46502.000000 5548.000000
29520605.000000 47054.000000 5131.000000
29531205.000000 47118.000000 5555.000000
29396692.000000 46492.000000 5694.000000
29506043.000000 46921.000000 5487.000000
29480055.000000 47216.000000 5405.000000
29369022.000000 46908.000000 5339.000000
29486632.000000 47085.000000 5309.000000
29427521.000000 46668.000000 5362.000000
29384681.000000 46822.000000 5042.000000
29394096.000000 46658.000000 5183.000000
29334905.000000 47179.000000 5310.000000
29572717.000000 47105.000000 5103.000000
29406258.000000 46776.000000 5101.000000
29495445.000000 47383.000000 5507.000000
29496006.000000 47474.000000 4995.000000
29492369.000000 46797.000000 5001.000000
29451751.000000 47787.000000 5505.000000
29526462.000000 46688.000000 5566.000000
29340706.000000 46831.000000 5156.000000
29396955.000000 46844.000000 5425.000000
29527366.000000 46628.000000 5378.000000
29485687.000000 47031.000000 5234.000000
29573022.000000 47366.000000 5283.000000
29470516.000000 46512.000000 5195.000000
29548438.000000 47537.000000 5366.000000
29268649.000000 47000.000000 5007.000000
29407714.000000 46410.000000 5310.000000
29510376.000000 46946.000000 5120.000000
29328862.000000 46791.000000 5595.000000
27714320.000000 42521.000000 4651.000000
29296830.000000 46690.000000 5564.000000
29379060.000000 46982.000000 5380.000000
29530416.000000 47235.000000 5648.000000
29324018.000000 46845.000000 5033.000000
29501596.000000 47661.000000 5680.000000
29529615.000000 46925.000000 5609.000000
29545398.000000 47248.000000 5370.000000
29543643.000000 47008.000000 4895.000000
28165737.000000 44051.000000 4681.000000
29388253.000000 46654.000000 5081.000000
29568880.000000 47372.000000 4986.000000
29567237.000000 47244.000000 5239.000000
29510754.000000 46978.000000 5329.000000
29290229.000000 46202.000000 5564.000000
29538086.000000 47218.000000 5702.000000
29523790.000000 46983.000000 5506.000000
29477377.000000 46767.000000 5374.000000
29415290.000000 47118.000000 5376.000000
29289105.000000 47172.000000 5587.000000
29462690.000000 46593.000000 5747.000000
29257923.000000 46617.000000 5557.000000
28561645.000000 44835.000000 5076.000000
29558440.000000 47451.000000 5424.000000
29369559.000000 47256.000000 5500.000000
29476943.000000 47221.000000 5556.000000
29500869.000000 46880.000000 5809.000000
28759254.000000 45675.000000 5608.000000
29365559.000000 46859.000000 5761.000000
29510924.000000 46835.000000 5415.000000
28424766.000000 44767.000000 4936.000000
29283717.000000 46684.000000 5225.000000
