27058209.000000 77740.000000 11246.000000
26623289.000000 74306.000000 11492.000000
26985811.000000 75536.000000 11625.000000
27022886.000000 81702.000000 11607.000000
26878177.000000 77738.000000 11614.000000
26990953.000000 77650.000000 11143.000000
27034307.000000 74681.000000 11749.000000
27087984.000000 75170.000000 11597.000000
27000532.000000 75941.000000 11608.000000
26967916.000000 77913.000000 11166.000000
27004601.000000 81338.000000 11405.000000
26643053.000000 74009.000000 11060.000000
26983965.000000 75291.000000 11603.000000
27027079.000000 75132.000000 11768.000000
27011350.000000 78449.000000 11386.000000
27033792.000000 74963.000000 11469.000000
26992549.000000 75956.000000 11613.000000
27043897.000000 79840.000000 11468.000000
26986712.000000 76005.000000 11752.000000
27023900.000000 78359.000000 11485.000000
26915213.000000 74853.000000 11808.000000
26921640.000000 78157.000000 11261.000000
27017521.000000 80381.000000 11566.000000
27036245.000000 76791.000000 11706.000000
26998507.000000 75500.000000 11659.000000
26756803.000000 76807.000000 10976.000000
27050520.000000 78314.000000 11538.000000
27025526.000000 80855.000000 11279.000000
26940305.000000 79250.000000 11443.000000
26828275.000000 74444.000000 11375.000000
26973512.000000 78927.000000 11687.000000
26982198.000000 76723.000000 11986.000000
26971989.000000 74392.000000 11875.000000
27001498.000000 78467.000000 11803.000000
26992526.000000 75405.000000 11568.000000
27000635.000000 75244.000000 11626.000000
27026968.000000 75314.000000 11495.000000
26998771.000000 75541.000000 11388.000000
27039921.000000 75166.000000 11584.000000
27022410.000000 75189.000000 11870.000000
26886394.000000 78690.000000 11506.000000
27029168.000000 75019.000000 11823.000000
27120280.000000 74916.000000 11472.000000
27160424.000000 75566.000000 11507.000000
27023577.000000 78528.000000 11510.000000
26901171.000000 77159.000000 11192.000000
27003714.000000 77125.000000 11220.000000
27047825.000000 77261.000000 11441.000000
27033237.000000 78651.000000 11482.000000
27087389.000000 75318.000000 11763.000000
26313962.000000 76272.000000 10824.000000
26900136.000000 78252.000000 11772.000000
27095779.000000 75571.000000 11695.000000
27062746.000000 75726.000000 11588.000000
27062289.000000 79021.000000 11455.000000
26986571.000000 78340.000000 11470.000000
26978644.000000 75106.000000 11540.000000
26955285.000000 76314.000000 11701.000000
27026832.000000 75970.000000 11742.000000
27044662.000000 74972.000000 11680.000000
27011213.000000 75279.000000 11736.000000
27137410.000000 78822.000000 11410.000000
27011454.000000 74783.000000 11760.000000
27010467.000000 78759.000000 11513.000000
27007381.000000 76371.000000 11642.000000
26996466.000000 75287.000000 12041.000000
26949051.000000 75501.000000 11686.000000
26994290.000000 77373.000000 11134.000000
27050562.000000 79326.000000 11342.000000
27191334.000000 75103.000000 11573.000000
27037813.000000 74968.000000 11708.000000
26973227.000000 77939.000000 11468.000000
27046255.000000 74484.000000 11727.000000
27141586.000000 75302.000000 11556.000000
26975746.000000 75265.000000 11706.000000
27119622.000000 75572.000000 11576.000000
27007971.000000 75975.000000 11588.000000
27063270.000000 75439.000000 11414.000000
27056569.000000 74956.000000 11883.000000
26928228.000000 78489.000000 11525.000000
26995636.000000 75128.000000 11589.000000
26987337.000000 75334.000000 11818.000000
27005718.000000 76188.000000 11564.000000
27060361.000000 74922.000000 11512.000000
26989494.000000 78962.000000 11253.000000
27012634.000000 78430.000000 11441.000000
27158010.000000 77272.000000 11560.000000
27094934.000000 78161.000000 11464.000000
26934593.000000 78244.000000 11018.000000
27271601.000000 77709.000000 11493.000000
27021723.000000 75621.000000 11591.000000
26769635.000000 73637.000000 11197.000000
26836720.000000 78123.000000 12013.000000
26984692.000000 74983.000000 11894.000000
26972765.000000 75472.000000 12193.000000
26948688.000000 74461.000000 11829.000000
26976605.000000 75317.000000 11931.000000
27081465.000000 78759.000000 11401.000000
26893465.000000 81311.000000 11697.000000
26900613.000000 78664.000000 11563.000000
