26408371.000000 85425.000000 10837.000000
26425734.000000 85352.000000 11984.000000
26470092.000000 85462.000000 12028.000000
26483155.000000 85660.000000 11946.000000
26443333.000000 85755.000000 11966.000000
26488061.000000 86131.000000 10791.000000
26441572.000000 85708.000000 10827.000000
26500113.000000 85506.000000 10843.000000
26493669.000000 85732.000000 10805.000000
26487253.000000 85389.000000 11633.000000
26324640.000000 84769.000000 11647.000000
26557544.000000 85323.000000 10669.000000
26518050.000000 85697.000000 11588.000000
26442842.000000 85085.000000 11043.000000
26443033.000000 85841.000000 11759.000000
26205770.000000 83627.000000 11102.000000
26328569.000000 84686.000000 11677.000000
26393838.000000 81589.000000 11349.000000
26457269.000000 85631.000000 10825.000000
26625345.000000 85444.000000 10925.000000
26467166.000000 85091.000000 12359.000000
26459066.000000 86693.000000 10912.000000
26593375.000000 86237.000000 10529.000000
26352104.000000 82667.000000 11390.000000
25781098.000000 82654.000000 10467.000000
26449011.000000 86424.000000 10849.000000
26362422.000000 86589.000000 11524.000000
26449989.000000 86638.000000 11693.000000
26411464.000000 85474.000000 11642.000000
26431733.000000 85482.000000 10734.000000
26427508.000000 85462.000000 10571.000000
26421320.000000 85465.000000 11783.000000
26452342.000000 85886.000000 10805.000000
26425387.000000 86049.000000 10801.000000
26443170.000000 86165.000000 10863.000000
26466104.000000 86394.000000 10678.000000
26418467.000000 85495.000000 10784.000000
26441397.000000 85277.000000 10631.000000
26392966.000000 82065.000000 11217.000000
26489253.000000 85119.000000 10615.000000
26398270.000000 85813.000000 11709.000000
26379056.000000 85970.000000 10695.000000
26377004.000000 81493.000000 11527.000000
26415159.000000 86123.000000 10594.000000
26421954.000000 85243.000000 11575.000000
26323048.000000 82508.000000 11568.000000
26293155.000000 84365.000000 10999.000000
26506373.000000 85064.000000 10746.000000
26452704.000000 86050.000000 10670.000000
26458774.000000 85145.000000 12159.000000
26274975.000000 84559.000000 11084.000000
26579743.000000 86730.000000 10951.000000
26514782.000000 85794.000000 10670.000000
26386377.000000 85681.000000 12041.000000
26449083.000000 86623.000000 10903.000000
26490897.000000 86234.000000 10811.000000
26341115.000000 85184.000000 12036.000000
26468730.000000 85028.000000 10898.000000
26431598.000000 86230.000000 10842.000000
26434540.000000 85238.000000 10907.000000
26436858.000000 87021.000000 10666.000000
26521167.000000 85848.000000 11887.000000
26286811.000000 84194.000000 10772.000000
26303557.000000 85636.000000 11638.000000
26450970.000000 85711.000000 10819.000000
26412047.000000 86191.000000 10629.000000
26465522.000000 86145.000000 11696.000000
26397794.000000 85046.000000 10820.000000
26465251.000000 85027.000000 10881.000000
26462823.000000 85662.000000 11628.000000
26368207.000000 87818.000000 11742.000000
26422225.000000 86712.000000 10808.000000
26472501.000000 85561.000000 10864.000000
24937155.000000 80474.000000 23099.000000
26449599.000000 85874.000000 10681.000000
26421999.000000 85447.000000 11115.000000
26460131.000000 85123.000000 12306.000000
26462094.000000 84739.000000 10827.000000
26426663.000000 85013.000000 10876.000000
26431357.000000 82148.000000 11316.000000
26058602.000000 81512.000000 11494.000000
26436416.000000 86546.000000 10930.000000
26302450.000000 84724.000000 11011.000000
26391704.000000 84791.000000 12058.000000
26533252.000000 85660.000000 10759.000000
26460029.000000 86005.000000 10904.000000
26475762.000000 86274.000000 10994.000000
26463705.000000 85309.000000 10605.000000
26484843.000000 85208.000000 10727.000000
26390971.000000 85834.000000 11746.000000
26473958.000000 85926.000000 10830.000000
26434034.000000 84921.000000 10903.000000
26021986.000000 84543.000000 11623.000000
26487752.000000 85552.000000 10836.000000
26439843.000000 85619.000000 10517.000000
26468979.000000 86203.000000 11743.000000
26450863.000000 86230.000000 11701.000000
26430837.000000 85778.000000 11797.000000
26040357.000000 84139.000000 11859.000000
26417676.000000 85331.000000 10923.000000
