30479971.000000 37486.000000 64.000000
30485682.000000 37936.000000 60.000000
30399846.000000 37918.000000 174.000000
30412808.000000 38466.000000 218.000000
30518647.000000 38564.000000 148.000000
30531502.000000 38699.000000 113.000000
28868628.000000 36538.000000 65.000000
30449240.000000 38001.000000 81.000000
30510752.000000 38375.000000 203.000000
30328008.000000 38869.000000 243.000000
30366873.000000 38714.000000 77.000000
30310555.000000 37614.000000 51.000000
30516014.000000 38514.000000 79.000000
30447730.000000 38265.000000 129.000000
30471177.000000 38332.000000 129.000000
30490480.000000 37715.000000 183.000000
30385714.000000 37506.000000 59.000000
30388807.000000 37896.000000 176.000000
30378824.000000 37806.000000 250.000000
30318360.000000 38408.000000 127.000000
30622597.000000 38217.000000 182.000000
30443018.000000 39008.000000 179.000000
30405252.000000 38709.000000 392.000000
30385440.000000 38254.000000 302.000000
30509362.000000 38439.000000 139.000000
30450208.000000 38012.000000 101.000000
30375108.000000 38648.000000 175.000000
30526685.000000 37990.000000 44.000000
30560101.000000 38767.000000 53.000000
30337350.000000 38617.000000 31.000000
30508290.000000 38164.000000 190.000000
30445676.000000 38744.000000 141.000000
30441725.000000 37866.000000 131.000000
30551982.000000 38099.000000 118.000000
30459287.000000 39095.000000 199.000000
30488200.000000 38274.000000 120.000000
30432698.000000 38052.000000 157.000000
30481749.000000 38494.000000 182.000000
29764940.000000 38010.000000 49.000000
30493153.000000 38109.000000 24.000000
30471015.000000 38419.000000 26.000000
30541398.000000 38118.000000 61.000000
30589012.000000 38556.000000 111.000000
29610094.000000 38252.000000 83.000000
30146612.000000 38132.000000 40.000000
30591695.000000 39112.000000 131.000000
30477285.000000 37528.000000 119.000000
30575378.000000 38110.000000 109.000000
30473088.000000 38659.000000 97.000000
30523963.000000 38094.000000 15.000000
30480294.000000 38311.000000 163.000000
30587046.000000 38804.000000 144.000000
30317623.000000 38272.000000 293.000000
30439537.000000 38152.000000 111.000000
30500377.000000 38686.000000 119.000000
30374592.000000 38778.000000 196.000000
30488551.000000 38556.000000 105.000000
30411129.000000 38249.000000 235.000000
30472971.000000 37815.000000 253.000000
30488943.000000 38865.000000 158.000000
30537987.000000 38294.000000 206.000000
30541705.000000 38284.000000 61.000000
30535906.000000 38538.000000 119.000000
30382994.000000 38467.000000 172.000000
30328604.000000 37964.000000 182.000000
30551622.000000 38753.000000 90.000000
30463378.000000 38294.000000 133.000000
30486640.000000 38425.000000 148.000000
30408297.000000 37674.000000 211.000000
30152134.000000 38174.000000 93.000000
30534904.000000 37950.000000 90.000000
30366407.000000 38604.000000 138.000000
28446853.000000 37040.000000 187.000000
30514378.000000 38071.000000 125.000000
30479274.000000 38328.000000 134.000000
30563536.000000 38460.000000 175.000000
30534582.000000 37684.000000 156.000000
30116774.000000 38822.000000 68.000000
30406104.000000 37949.000000 324.000000
30559271.000000 37899.000000 72.000000
30548086.000000 38262.000000 279.000000
30324122.000000 38102.000000 81.000000
30409303.000000 37487.000000 150.000000
30435081.000000 38122.000000 152.000000
30463245.000000 37701.000000 167.000000
30382074.000000 38136.000000 217.000000
30544898.000000 38564.000000 78.000000
30471937.000000 38357.000000 128.000000
30386465.000000 38129.000000 287.000000
30428351.000000 37929.000000 102.000000
30405111.000000 38778.000000 248.000000
30478353.000000 38297.000000 144.000000
30678711.000000 39037.000000 83.000000
29267452.000000 37449.000000 66.000000
30452155.000000 38902.000000 186.000000
30494034.000000 38042.000000 117.000000
30548922.000000 38730.000000 184.000000
30502631.000000 38430.000000 164.000000
30447499.000000 37834.000000 66.000000
30403370.000000 38217.000000 253.000000
