21782367.000000 18269.000000 0.000000
22808740.000000 19701.000000 0.000000
20689668.000000 15477.000000 0.000000
29253213.000000 19917.000000 0.000000
28638816.000000 19877.000000 0.000000
20660311.000000 15430.000000 0.000000
31068961.000000 20064.000000 0.000000
26433682.000000 19942.000000 0.000000
22055560.000000 18694.000000 0.000000
25206701.000000 19670.000000 0.000000
20977390.000000 18049.000000 0.000000
21526600.000000 16510.000000 0.000000
22871612.000000 19645.000000 0.000000
21152745.000000 18939.000000 0.000000
20544308.000000 17524.000000 0.000000
21386107.000000 18108.000000 0.000000
28389556.000000 19921.000000 0.000000
21984263.000000 19921.000000 0.000000
20428000.000000 17481.000000 0.000000
20881550.000000 17890.000000 0.000000
24100608.000000 19678.000000 0.000000
21451583.000000 17916.000000 0.000000
19991276.000000 16690.000000 0.000000
21496465.000000 18282.000000 0.000000
28544252.000000 19819.000000 0.000000
22124014.000000 18969.000000 0.000000
21880850.000000 18870.000000 0.000000
28868110.000000 19934.000000 0.000000
29133230.000000 19952.000000 0.000000
22259023.000000 19645.000000 0.000000
37013789.000000 17986.000000 0.000000
28575735.000000 19836.000000 0.000000
21137077.000000 17673.000000 0.000000
20449174.000000 17389.000000 0.000000
21388735.000000 18136.000000 0.000000
25072086.000000 19711.000000 0.000000
24328874.000000 19644.000000 0.000000
24895886.000000 19767.000000 0.000000
20371780.000000 17231.000000 0.000000
30592708.000000 19737.000000 0.000000
21047055.000000 17438.000000 0.000000
20126297.000000 17486.000000 0.000000
25777258.000000 19891.000000 0.000000
21031755.000000 16255.000000 0.000000
27760821.000000 19781.000000 0.000000
22564492.000000 20220.000000 0.000000
26450807.000000 19809.000000 0.000000
21038283.000000 16226.000000 0.000000
21093580.000000 15840.000000 0.000000
22068991.000000 19922.000000 0.000000
26874269.000000 19831.000000 0.000000
26349350.000000 19833.000000 0.000000
22496123.000000 20086.000000 0.000000
27051816.000000 20083.000000 0.000000
25208498.000000 19683.000000 0.000000
25311751.000000 19925.000000 0.000000
23737281.000000 19820.000000 0.000000
24182983.000000 19757.000000 0.000000
20759885.000000 16791.000000 0.000000
27671817.000000 19823.000000 0.000000
20262190.000000 17790.000000 0.000000
20730360.000000 17209.000000 0.000000
20510748.000000 16010.000000 0.000000
20921256.000000 16610.000000 0.000000
21696308.000000 18431.000000 0.000000
20539529.000000 17592.000000 0.000000
20805104.000000 16757.000000 0.000000
30795349.000000 19899.000000 0.000000
21840315.000000 19390.000000 0.000000
22360159.000000 20062.000000 0.000000
20994962.000000 15348.000000 0.000000
24108455.000000 19806.000000 0.000000
26475594.000000 19867.000000 0.000000
21036413.000000 16706.000000 0.000000
26097882.000000 19971.000000 0.000000
23700824.000000 19842.000000 0.000000
20366544.000000 16096.000000 0.000000
30036046.000000 17919.000000 0.000000
20718618.000000 16738.000000 0.000000
22705003.000000 19772.000000 0.000000
21550441.000000 18060.000000 0.000000
20377651.000000 16054.000000 0.000000
20496335.000000 17161.000000 0.000000
21676889.000000 18507.000000 0.000000
30488734.000000 19842.000000 0.000000
30607668.000000 20102.000000 0.000000
23388557.000000 19735.000000 0.000000
20554663.000000 16120.000000 0.000000
15911647.000000 1711.000000 13918.000000
22575618.000000 20042.000000 0.000000
31942300.000000 20185.000000 0.000000
20199919.000000 16298.000000 0.000000
22209769.000000 19816.000000 0.000000
22225486.000000 18485.000000 0.000000
23238826.000000 19627.000000 0.000000
20715014.000000 15468.000000 0.000000
23147646.000000 19723.000000 0.000000
31773761.000000 20018.000000 0.000000
20233967.000000 15481.000000 0.000000
19997149.000000 16045.000000 0.000000
