27217189.000000 85910.000000 7226.000000
27237773.000000 82589.000000 7288.000000
27076080.000000 82175.000000 7279.000000
27138971.000000 82302.000000 7432.000000
26833838.000000 89123.000000 7390.000000
27232576.000000 82326.000000 7221.000000
27246826.000000 82339.000000 7173.000000
27229232.000000 82503.000000 7382.000000
27196994.000000 82098.000000 7330.000000
27216702.000000 82666.000000 7215.000000
27076494.000000 86165.000000 7193.000000
27217149.000000 87349.000000 6877.000000
27132074.000000 82386.000000 7281.000000
26795150.000000 81645.000000 7333.000000
27081209.000000 81942.000000 7567.000000
27271592.000000 86184.000000 7072.000000
27241697.000000 86721.000000 7183.000000
27172477.000000 82975.000000 7282.000000
27152494.000000 81603.000000 7315.000000
26886772.000000 89601.000000 7464.000000
27256528.000000 86130.000000 7059.000000
27169199.000000 82773.000000 7216.000000
27189366.000000 83310.000000 7123.000000
27137204.000000 82361.000000 7239.000000
27231650.000000 82750.000000 7466.000000
27226046.000000 82566.000000 7209.000000
27255842.000000 86227.000000 6761.000000
27114134.000000 82229.000000 7209.000000
27069942.000000 81992.000000 7175.000000
27136089.000000 82385.000000 6945.000000
27192324.000000 82841.000000 7056.000000
27094484.000000 82001.000000 7384.000000
27002788.000000 85432.000000 7165.000000
27300045.000000 86588.000000 7038.000000
27217697.000000 82087.000000 7136.000000
27258082.000000 86480.000000 7170.000000
27272843.000000 82828.000000 7235.000000
27134007.000000 82789.000000 7267.000000
26846441.000000 82087.000000 7205.000000
27248049.000000 86368.000000 7050.000000
27255186.000000 86597.000000 6964.000000
26371372.000000 80564.000000 6910.000000
27257764.000000 86700.000000 6848.000000
26788305.000000 81535.000000 7246.000000
27043307.000000 85054.000000 6881.000000
27239230.000000 82012.000000 7164.000000
27128941.000000 82515.000000 7219.000000
27153521.000000 82791.000000 7371.000000
27143640.000000 82806.000000 7225.000000
27224349.000000 82274.000000 7065.000000
26884284.000000 85721.000000 6773.000000
27233892.000000 82175.000000 7130.000000
27058995.000000 86099.000000 7156.000000
26745387.000000 85076.000000 6800.000000
27004896.000000 85184.000000 6500.000000
27248316.000000 82591.000000 7111.000000
27215557.000000 83003.000000 7005.000000
27152985.000000 82306.000000 7052.000000
27383101.000000 86223.000000 6722.000000
27067665.000000 87159.000000 6948.000000
27144419.000000 87399.000000 6928.000000
27223855.000000 86709.000000 7078.000000
27163044.000000 81907.000000 7259.000000
27167976.000000 85685.000000 7173.000000
27084601.000000 82363.000000 7295.000000
27293174.000000 86821.000000 6943.000000
27226459.000000 81890.000000 7233.000000
26541898.000000 84007.000000 12304.000000
27208272.000000 82420.000000 7332.000000
27127625.000000 82837.000000 7365.000000
27298452.000000 86317.000000 7094.000000
27067430.000000 81998.000000 7272.000000
27345715.000000 86712.000000 6941.000000
27315206.000000 86769.000000 6951.000000
27202376.000000 86449.000000 7042.000000
26851970.000000 86033.000000 6847.000000
26801982.000000 89879.000000 7181.000000
27137721.000000 82552.000000 7042.000000
27222062.000000 82979.000000 7109.000000
27249819.000000 86482.000000 7025.000000
27122567.000000 81691.000000 7306.000000
27095225.000000 86720.000000 7190.000000
27168195.000000 82695.000000 7221.000000
26735566.000000 81436.000000 7303.000000
27032591.000000 90694.000000 7221.000000
27070797.000000 82401.000000 7415.000000
27191624.000000 86508.000000 7095.000000
26975622.000000 85103.000000 7055.000000
27176995.000000 82418.000000 7273.000000
27115753.000000 82472.000000 7173.000000
27013869.000000 85768.000000 6840.000000
27249226.000000 86200.000000 7050.000000
27014079.000000 81683.000000 7259.000000
27310631.000000 86625.000000 6844.000000
27177932.000000 86718.000000 7115.000000
27315609.000000 87017.000000 6900.000000
27227107.000000 81872.000000 7196.000000
27274420.000000 86754.000000 6668.000000
27214458.000000 82283.000000 7304.000000
27073789.000000 82279.000000 7476.000000
