29350223.000000 65053.000000 496.000000
29437223.000000 65930.000000 858.000000
29575557.000000 63946.000000 548.000000
29531626.000000 65118.000000 547.000000
29692896.000000 65446.000000 360.000000
29732407.000000 65377.000000 460.000000
29687679.000000 64976.000000 403.000000
29683985.000000 65692.000000 581.000000
29572410.000000 66156.000000 390.000000
29108225.000000 64577.000000 427.000000
29663731.000000 65667.000000 590.000000
29540921.000000 64964.000000 625.000000
29597053.000000 65516.000000 737.000000
29726113.000000 66217.000000 395.000000
29625075.000000 65132.000000 783.000000
29295168.000000 65267.000000 502.000000
29704590.000000 65557.000000 573.000000
29697322.000000 64937.000000 319.000000
29596451.000000 64922.000000 690.000000
29665515.000000 65074.000000 411.000000
29513395.000000 65225.000000 718.000000
29669315.000000 65639.000000 371.000000
28978116.000000 62892.000000 467.000000
29720429.000000 65747.000000 610.000000
29575758.000000 65232.000000 759.000000
29685530.000000 65431.000000 423.000000
29613639.000000 65623.000000 558.000000
29533718.000000 65421.000000 628.000000
29555193.000000 65573.000000 726.000000
29581464.000000 65403.000000 684.000000
29685835.000000 65765.000000 540.000000
29339732.000000 65088.000000 393.000000
29653280.000000 65429.000000 610.000000
29668523.000000 65196.000000 606.000000
29754363.000000 65440.000000 478.000000
29634904.000000 65230.000000 662.000000
29607593.000000 65488.000000 506.000000
29571739.000000 65161.000000 485.000000
29565116.000000 65407.000000 720.000000
29112377.000000 62992.000000 505.000000
29645009.000000 65552.000000 482.000000
29565401.000000 65293.000000 612.000000
29639073.000000 65426.000000 500.000000
29626156.000000 65303.000000 493.000000
29546196.000000 65682.000000 786.000000
29600292.000000 65369.000000 394.000000
29614769.000000 65230.000000 861.000000
22243426.000000 66010.000000 664.000000
29616636.000000 65231.000000 818.000000
29626846.000000 65767.000000 548.000000
29610343.000000 65114.000000 724.000000
29635963.000000 65816.000000 381.000000
29674942.000000 65323.000000 507.000000
29647777.000000 65180.000000 650.000000
29595502.000000 65643.000000 488.000000
29649891.000000 65355.000000 580.000000
29661665.000000 65930.000000 571.000000
29657901.000000 65753.000000 485.000000
29644926.000000 64952.000000 653.000000
29696994.000000 65682.000000 659.000000
29573545.000000 65561.000000 582.000000
29617318.000000 65122.000000 528.000000
29484726.000000 65296.000000 312.000000
29590735.000000 65872.000000 903.000000
29682368.000000 65344.000000 390.000000
29646914.000000 65216.000000 677.000000
29646387.000000 65158.000000 707.000000
29681361.000000 65834.000000 394.000000
29608547.000000 65083.000000 607.000000
29743973.000000 64971.000000 561.000000
29722736.000000 65363.000000 541.000000
29658034.000000 65434.000000 454.000000
29562511.000000 64949.000000 462.000000
29594082.000000 65364.000000 638.000000
29643558.000000 66296.000000 273.000000
29602160.000000 65689.000000 717.000000
29627587.000000 64791.000000 533.000000
29763662.000000 65686.000000 573.000000
29758279.000000 65316.000000 609.000000
29667117.000000 64814.000000 416.000000
29767481.000000 65424.000000 465.000000
29676983.000000 64923.000000 707.000000
29608506.000000 65240.000000 428.000000
29682860.000000 65254.000000 345.000000
29567265.000000 64969.000000 521.000000
29573012.000000 65104.000000 768.000000
29682397.000000 65166.000000 266.000000
29710103.000000 65155.000000 383.000000
29673897.000000 65683.000000 400.000000
29658270.000000 65713.000000 798.000000
29669334.000000 64707.000000 456.000000
29708448.000000 65485.000000 457.000000
29676694.000000 65127.000000 762.000000
29626785.000000 65438.000000 456.000000
29661198.000000 64910.000000 301.000000
29648589.000000 64658.000000 667.000000
29712671.000000 65124.000000 482.000000
29663400.000000 65415.000000 664.000000
29312818.000000 65471.000000 1010.000000
29549179.000000 65188.000000 768.000000
