12765158.000000 137137.000000 106138.000000
12768896.000000 137482.000000 105416.000000
12773797.000000 137526.000000 105077.000000
12728402.000000 138653.000000 105828.000000
12742302.000000 137700.000000 106085.000000
12742739.000000 137148.000000 105411.000000
12762290.000000 137697.000000 105858.000000
12675626.000000 137610.000000 105326.000000
12762205.000000 137241.000000 106000.000000
12676601.000000 137526.000000 105382.000000
12745331.000000 136962.000000 106223.000000
12716014.000000 137212.000000 106199.000000
12738074.000000 137875.000000 105170.000000
12595912.000000 138414.000000 105057.000000
12747472.000000 137610.000000 105871.000000
12747377.000000 136857.000000 106100.000000
12648158.000000 137156.000000 105836.000000
12758775.000000 137602.000000 105550.000000
12765797.000000 137797.000000 106059.000000
12834120.000000 137375.000000 105680.000000
12683037.000000 137849.000000 106129.000000
12726781.000000 137791.000000 105218.000000
12777587.000000 137341.000000 105898.000000
7995952.000000 197881.000000 144493.000000
20367154.000000 153740.000000 84115.000000
12719433.000000 137416.000000 105222.000000
12629266.000000 138414.000000 105918.000000
12756260.000000 137131.000000 105603.000000
12733153.000000 137731.000000 105989.000000
12729738.000000 137620.000000 105990.000000
12663942.000000 137671.000000 105430.000000
12792250.000000 140181.000000 104563.000000
12714671.000000 137351.000000 106242.000000
12712748.000000 137660.000000 105808.000000
12697071.000000 137219.000000 106278.000000
12727029.000000 137037.000000 106134.000000
12759710.000000 137793.000000 105896.000000
12641910.000000 137884.000000 105971.000000
12751358.000000 137727.000000 105850.000000
12703839.000000 137566.000000 105863.000000
12680053.000000 138018.000000 105842.000000
12687648.000000 138795.000000 105496.000000
12632359.000000 138341.000000 105812.000000
12717271.000000 137764.000000 105911.000000
13040812.000000 140389.000000 103883.000000
12714380.000000 137321.000000 106200.000000
12749585.000000 137939.000000 105947.000000
12720986.000000 138106.000000 105621.000000
12739120.000000 137408.000000 106117.000000
12752395.000000 137680.000000 105948.000000
12781733.000000 137589.000000 105750.000000
12725487.000000 137160.000000 106016.000000
12800045.000000 137050.000000 105976.000000
12675876.000000 137360.000000 105431.000000
12717032.000000 137364.000000 106184.000000
12752611.000000 138626.000000 105652.000000
12700654.000000 137170.000000 106383.000000
12729514.000000 137619.000000 106197.000000
12755708.000000 137760.000000 105993.000000
12753480.000000 137170.000000 106266.000000
12772413.000000 137700.000000 105867.000000
12787618.000000 137568.000000 106093.000000
12747512.000000 137720.000000 105936.000000
12755555.000000 137580.000000 106200.000000
12811824.000000 137661.000000 105909.000000
12773139.000000 138460.000000 105182.000000
15504811.000000 175744.000000 84977.000000
12708671.000000 137499.000000 105896.000000
12721380.000000 137501.000000 106166.000000
12764833.000000 136979.000000 105680.000000
12724439.000000 137756.000000 106101.000000
12756168.000000 137520.000000 105914.000000
12727287.000000 137955.000000 105144.000000
1980316.000000 288721.000000 153367.000000
12782765.000000 137646.000000 105942.000000
12626613.000000 137405.000000 105781.000000
12811530.000000 137249.000000 105941.000000
12812796.000000 137338.000000 105936.000000
12760712.000000 138332.000000 105678.000000
12750719.000000 137528.000000 105565.000000
12747532.000000 137737.000000 105756.000000
12731751.000000 137214.000000 105457.000000
12715500.000000 137473.000000 106094.000000
12671897.000000 137567.000000 105245.000000
12655151.000000 138811.000000 105507.000000
12675825.000000 137651.000000 105395.000000
12763366.000000 138397.000000 105874.000000
12751270.000000 137616.000000 105549.000000
12720646.000000 137404.000000 105509.000000
12726984.000000 137002.000000 106137.000000
12782757.000000 137810.000000 105937.000000
12745154.000000 137172.000000 106268.000000
12765982.000000 137549.000000 105873.000000
12687431.000000 137618.000000 105424.000000
12774069.000000 137197.000000 105790.000000
12716490.000000 137741.000000 106098.000000
12761350.000000 137470.000000 105941.000000
12768897.000000 137792.000000 105233.000000
12792932.000000 138509.000000 105672.000000
12764643.000000 137773.000000 105747.000000
