25753433.000000 66291.000000 25783.000000
25631271.000000 66059.000000 25414.000000
25748206.000000 65385.000000 25880.000000
25684853.000000 65829.000000 26001.000000
25725575.000000 65590.000000 25834.000000
25644624.000000 65998.000000 26030.000000
25511187.000000 66540.000000 25704.000000
25695794.000000 66249.000000 26005.000000
25639536.000000 65372.000000 25825.000000
25724663.000000 66083.000000 25739.000000
25754320.000000 65709.000000 26072.000000
25722623.000000 65540.000000 25763.000000
25755024.000000 66406.000000 25669.000000
25764214.000000 65825.000000 25910.000000
25823681.000000 66509.000000 25264.000000
25771291.000000 65982.000000 25113.000000
25729652.000000 65817.000000 25113.000000
25826058.000000 66101.000000 24875.000000
25668186.000000 66580.000000 25484.000000
25699456.000000 65779.000000 26380.000000
25747535.000000 66789.000000 25544.000000
25659227.000000 65834.000000 26085.000000
25710543.000000 66152.000000 25399.000000
25689448.000000 65535.000000 25427.000000
25653617.000000 65780.000000 25777.000000
25544492.000000 65352.000000 24750.000000
25810573.000000 66275.000000 24734.000000
25845657.000000 66234.000000 25462.000000
25809383.000000 66419.000000 25556.000000
25699566.000000 65591.000000 26249.000000
25658956.000000 65902.000000 25613.000000
25740830.000000 65637.000000 25705.000000
25581128.000000 65581.000000 25268.000000
25777946.000000 65874.000000 25215.000000
25756661.000000 66309.000000 25595.000000
25560651.000000 66521.000000 25336.000000
25511440.000000 65242.000000 26601.000000
25401923.000000 65184.000000 25290.000000
25779057.000000 66813.000000 25994.000000
25743930.000000 66782.000000 25900.000000
25831307.000000 66889.000000 25417.000000
25741844.000000 66065.000000 26153.000000
25689444.000000 66182.000000 25839.000000
25785589.000000 66893.000000 25580.000000
25655888.000000 65795.000000 25820.000000
25705673.000000 66000.000000 25367.000000
25790558.000000 66768.000000 25893.000000
25574340.000000 65797.000000 25337.000000
25719692.000000 66536.000000 25736.000000
25626681.000000 66392.000000 25595.000000
25807106.000000 65925.000000 25177.000000
25839132.000000 65887.000000 25338.000000
25847578.000000 66338.000000 25277.000000
25721155.000000 65683.000000 25970.000000
25769579.000000 65901.000000 25482.000000
25646939.000000 65673.000000 26565.000000
25676478.000000 66149.000000 26758.000000
25860838.000000 66932.000000 25685.000000
25565151.000000 66606.000000 25654.000000
25611819.000000 66180.000000 25651.000000
25564924.000000 65238.000000 25817.000000
25419855.000000 65270.000000 25348.000000
25836587.000000 65518.000000 25010.000000
25765406.000000 66679.000000 25748.000000
25828782.000000 66665.000000 25530.000000
25680175.000000 65615.000000 26412.000000
25649003.000000 66520.000000 25898.000000
25848771.000000 66732.000000 25452.000000
25554424.000000 65474.000000 25273.000000
25686704.000000 65943.000000 24973.000000
25710929.000000 65941.000000 26533.000000
25562944.000000 65868.000000 25884.000000
25755123.000000 65912.000000 25948.000000
25763276.000000 66002.000000 24863.000000
25795839.000000 66352.000000 25534.000000
25736829.000000 65749.000000 25654.000000
25608577.000000 65636.000000 25775.000000
25778733.000000 66677.000000 25461.000000
25751237.000000 66585.000000 25749.000000
25703408.000000 65688.000000 26026.000000
25668243.000000 65583.000000 25735.000000
25650597.000000 65376.000000 25994.000000
25732298.000000 66187.000000 25612.000000
25744661.000000 65871.000000 25360.000000
25655000.000000 65503.000000 25703.000000
25725044.000000 65923.000000 25803.000000
25700911.000000 65786.000000 25659.000000
25508796.000000 65178.000000 25199.000000
25636286.000000 65796.000000 25608.000000
25668277.000000 65375.000000 25747.000000
25723885.000000 65708.000000 25854.000000
25655668.000000 65895.000000 25527.000000
25800736.000000 65996.000000 25082.000000
25769908.000000 66426.000000 25290.000000
25619795.000000 66036.000000 24994.000000
25728687.000000 66473.000000 25191.000000
25766842.000000 66814.000000 25759.000000
25683218.000000 65016.000000 25032.000000
25641585.000000 65859.000000 24837.000000
25769196.000000 66407.000000 25150.000000
