28132340.000000 48873.000000 481.000000
29808941.000000 52654.000000 837.000000
29783411.000000 52470.000000 391.000000
29779883.000000 52016.000000 946.000000
29867086.000000 52776.000000 676.000000
29904994.000000 52695.000000 629.000000
29747175.000000 52429.000000 712.000000
29808488.000000 52828.000000 573.000000
29648157.000000 52498.000000 888.000000
29966042.000000 52676.000000 262.000000
29717641.000000 53270.000000 756.000000
29886750.000000 52512.000000 636.000000
29917055.000000 52857.000000 353.000000
29865424.000000 52289.000000 497.000000
29905798.000000 53149.000000 1087.000000
29752850.000000 52396.000000 722.000000
29833295.000000 53163.000000 349.000000
29930869.000000 52626.000000 484.000000
29958062.000000 53258.000000 274.000000
29929869.000000 52543.000000 536.000000
29862606.000000 53470.000000 697.000000
29944740.000000 52921.000000 632.000000
29847494.000000 52633.000000 563.000000
29177053.000000 51943.000000 437.000000
29918035.000000 52727.000000 712.000000
29750218.000000 52446.000000 598.000000
29785689.000000 52440.000000 804.000000
29883315.000000 52347.000000 664.000000
29950721.000000 52870.000000 627.000000
29835165.000000 53304.000000 938.000000
29738581.000000 52507.000000 1112.000000
29607579.000000 52217.000000 731.000000
29835813.000000 52871.000000 594.000000
29742859.000000 51899.000000 515.000000
29933377.000000 52311.000000 525.000000
29605831.000000 52332.000000 475.000000
29894708.000000 52632.000000 532.000000
29901931.000000 52587.000000 336.000000
29751407.000000 52734.000000 882.000000
29935284.000000 53120.000000 532.000000
29864344.000000 52863.000000 544.000000
29875080.000000 52968.000000 990.000000
29997222.000000 52741.000000 573.000000
29927372.000000 52598.000000 607.000000
29754772.000000 52284.000000 648.000000
29745643.000000 52340.000000 589.000000
29783658.000000 52408.000000 962.000000
29767228.000000 52105.000000 643.000000
29909231.000000 52808.000000 719.000000
29732423.000000 52602.000000 227.000000
29908294.000000 52508.000000 298.000000
29887608.000000 53067.000000 605.000000
29866038.000000 52322.000000 869.000000
29952389.000000 52823.000000 105.000000
29941326.000000 52794.000000 697.000000
29619034.000000 51897.000000 813.000000
29774011.000000 52411.000000 1003.000000
29874521.000000 52673.000000 89.000000
29932772.000000 52834.000000 923.000000
29690837.000000 52373.000000 743.000000
29760921.000000 52382.000000 383.000000
29787630.000000 52441.000000 346.000000
29808381.000000 52499.000000 244.000000
29916483.000000 52502.000000 838.000000
29918296.000000 53055.000000 507.000000
29976212.000000 52708.000000 130.000000
29977982.000000 53000.000000 441.000000
29954777.000000 53056.000000 801.000000
29953665.000000 53193.000000 286.000000
29795642.000000 52313.000000 152.000000
29605814.000000 52406.000000 507.000000
29807511.000000 52489.000000 356.000000
29887879.000000 52905.000000 554.000000
29534044.000000 52475.000000 480.000000
29882419.000000 53394.000000 539.000000
29725225.000000 53195.000000 1083.000000
29945335.000000 52915.000000 550.000000
29874651.000000 52593.000000 533.000000
29930351.000000 52608.000000 354.000000
29699109.000000 52312.000000 803.000000
29834201.000000 52828.000000 531.000000
29696176.000000 52466.000000 344.000000
29593403.000000 52396.000000 719.000000
29930427.000000 53071.000000 366.000000
29726953.000000 52165.000000 1065.000000
29767431.000000 52921.000000 828.000000
29919168.000000 52979.000000 415.000000
29968722.000000 52765.000000 511.000000
29838861.000000 52470.000000 408.000000
29987036.000000 52862.000000 362.000000
29748614.000000 51942.000000 689.000000
29796921.000000 53006.000000 376.000000
29824339.000000 53065.000000 701.000000
29956425.000000 53201.000000 556.000000
29969966.000000 52778.000000 619.000000
29904677.000000 53157.000000 509.000000
29891609.000000 52786.000000 521.000000
29908268.000000 53231.000000 621.000000
29783186.000000 52442.000000 698.000000
29776790.000000 52467.000000 603.000000
