27964658.000000 79168.000000 5207.000000
27947256.000000 79494.000000 4946.000000
27917568.000000 79645.000000 5037.000000
27849925.000000 77976.000000 4943.000000
27832338.000000 78356.000000 5236.000000
27924246.000000 79754.000000 5118.000000
26722723.000000 74430.000000 4500.000000
27939130.000000 78951.000000 4874.000000
27961858.000000 78905.000000 5122.000000
27684821.000000 76441.000000 5133.000000
27979913.000000 79361.000000 4901.000000
27844508.000000 79676.000000 5209.000000
27873246.000000 78326.000000 4888.000000
26909757.000000 75774.000000 4699.000000
27773997.000000 79595.000000 5066.000000
27820930.000000 79198.000000 4969.000000
27426400.000000 75072.000000 5271.000000
27915697.000000 78801.000000 4933.000000
27723147.000000 77213.000000 5196.000000
27747240.000000 76532.000000 5348.000000
27886391.000000 79505.000000 5078.000000
27936774.000000 79145.000000 5106.000000
27944979.000000 79357.000000 5048.000000
27860403.000000 79817.000000 5138.000000
27938492.000000 78686.000000 4846.000000
27621704.000000 77930.000000 5654.000000
27880987.000000 78971.000000 5182.000000
27910732.000000 79746.000000 5155.000000
27909274.000000 78390.000000 5078.000000
27879647.000000 79953.000000 5033.000000
27938882.000000 79271.000000 5089.000000
27867009.000000 78982.000000 5026.000000
27883387.000000 79827.000000 5022.000000
27899495.000000 78641.000000 5051.000000
27853861.000000 78870.000000 5162.000000
27846890.000000 78775.000000 5117.000000
27616190.000000 77911.000000 5152.000000
27944145.000000 79189.000000 5078.000000
27819458.000000 77801.000000 5426.000000
27983066.000000 79828.000000 4906.000000
27854831.000000 79240.000000 5364.000000
27935392.000000 79486.000000 4970.000000
27941472.000000 78829.000000 5099.000000
27985439.000000 78763.000000 5217.000000
27869232.000000 78505.000000 5037.000000
27879428.000000 79191.000000 5081.000000
27848692.000000 78831.000000 5041.000000
27929439.000000 78790.000000 4928.000000
27949095.000000 78469.000000 4814.000000
27883875.000000 79361.000000 5081.000000
27835133.000000 77864.000000 4949.000000
27888751.000000 79504.000000 4931.000000
27934046.000000 79868.000000 4917.000000
27978722.000000 79436.000000 5001.000000
27844206.000000 79539.000000 4859.000000
27794662.000000 79131.000000 5175.000000
27748570.000000 76986.000000 5192.000000
27951123.000000 79491.000000 4768.000000
27948310.000000 78604.000000 4844.000000
27727197.000000 76535.000000 5348.000000
27852042.000000 78345.000000 5046.000000
27807921.000000 76763.000000 5144.000000
27902751.000000 80199.000000 4898.000000
27679003.000000 76873.000000 5226.000000
27814840.000000 75953.000000 5026.000000
27889181.000000 79531.000000 4997.000000
27799795.000000 79106.000000 4937.000000
27831394.000000 75832.000000 5308.000000
27767653.000000 77467.000000 4799.000000
27929619.000000 79690.000000 5017.000000
27976859.000000 79524.000000 4814.000000
27886982.000000 80112.000000 5018.000000
27982186.000000 78519.000000 4892.000000
27813031.000000 78891.000000 4991.000000
27892820.000000 78398.000000 5195.000000
27921667.000000 78609.000000 4765.000000
27932405.000000 79422.000000 4920.000000
27904636.000000 78771.000000 5194.000000
27908281.000000 76451.000000 5133.000000
27806523.000000 79676.000000 5180.000000
27723634.000000 77314.000000 5337.000000
27927439.000000 78666.000000 4838.000000
27913650.000000 79304.000000 4842.000000
28004541.000000 78951.000000 4732.000000
27895428.000000 79273.000000 5056.000000
27917285.000000 79214.000000 4928.000000
27999300.000000 78523.000000 4869.000000
28048720.000000 78231.000000 4734.000000
27932777.000000 78496.000000 4703.000000
27239879.000000 73796.000000 5001.000000
27904969.000000 80253.000000 4951.000000
27996119.000000 78927.000000 4644.000000
28045676.000000 78892.000000 4858.000000
27819501.000000 76150.000000 5135.000000
27876749.000000 78688.000000 4984.000000
27870234.000000 78780.000000 4675.000000
27933936.000000 79399.000000 4786.000000
27747194.000000 76464.000000 5354.000000
27959520.000000 79153.000000 4819.000000
27957703.000000 79595.000000 4934.000000
