28879615.000000 75678.000000 511.000000
28882842.000000 78251.000000 695.000000
28981866.000000 75973.000000 283.000000
28807620.000000 75964.000000 389.000000
28327243.000000 74297.000000 710.000000
28249441.000000 73950.000000 344.000000
28893026.000000 77665.000000 715.000000
28784890.000000 76095.000000 491.000000
28857162.000000 76471.000000 316.000000
28811249.000000 75992.000000 482.000000
28914487.000000 77115.000000 632.000000
28800635.000000 78100.000000 530.000000
28898941.000000 75948.000000 394.000000
28867525.000000 77193.000000 520.000000
28795233.000000 76159.000000 778.000000
28955340.000000 78064.000000 689.000000
28878401.000000 77230.000000 676.000000
28614913.000000 74897.000000 534.000000
28833208.000000 77450.000000 613.000000
28801813.000000 76156.000000 292.000000
29015078.000000 77170.000000 690.000000
28825315.000000 76332.000000 574.000000
28900508.000000 77381.000000 547.000000
28785179.000000 76286.000000 666.000000
28696467.000000 75616.000000 484.000000
28853047.000000 77081.000000 335.000000
28886188.000000 76143.000000 366.000000
28835986.000000 76207.000000 604.000000
28827537.000000 76365.000000 570.000000
28920549.000000 77338.000000 375.000000
28980804.000000 77544.000000 330.000000
28877321.000000 75864.000000 356.000000
28931480.000000 78230.000000 389.000000
28904852.000000 76078.000000 533.000000
29002713.000000 77714.000000 222.000000
28958916.000000 77115.000000 536.000000
28891832.000000 75232.000000 297.000000
28942602.000000 77406.000000 457.000000
28914381.000000 76843.000000 663.000000
28979261.000000 77419.000000 358.000000
28822483.000000 76215.000000 638.000000
29035216.000000 76679.000000 362.000000
28950267.000000 78110.000000 464.000000
28051111.000000 74804.000000 335.000000
28928938.000000 75915.000000 428.000000
28777338.000000 76170.000000 310.000000
29018031.000000 76909.000000 449.000000
28924772.000000 78058.000000 360.000000
28968550.000000 77851.000000 466.000000
28956121.000000 77171.000000 353.000000
29014352.000000 77415.000000 408.000000
29053005.000000 77271.000000 220.000000
28941209.000000 77315.000000 353.000000
28931882.000000 77258.000000 288.000000
28566266.000000 75170.000000 525.000000
28886944.000000 76240.000000 656.000000
28957839.000000 76452.000000 395.000000
28922518.000000 75793.000000 318.000000
28965192.000000 77730.000000 545.000000
28955282.000000 76400.000000 297.000000
28837800.000000 76298.000000 501.000000
28896580.000000 76445.000000 526.000000
28840045.000000 76658.000000 709.000000
28857538.000000 77054.000000 491.000000
28979588.000000 77057.000000 529.000000
28631381.000000 74548.000000 415.000000
28944761.000000 76186.000000 326.000000
28977191.000000 76219.000000 328.000000
28932718.000000 77751.000000 364.000000
28980210.000000 76900.000000 327.000000
28897736.000000 75832.000000 542.000000
28935813.000000 78278.000000 443.000000
28915622.000000 77135.000000 275.000000
28902195.000000 76310.000000 475.000000
28713438.000000 75711.000000 371.000000
28966296.000000 76281.000000 602.000000
28925848.000000 76596.000000 652.000000
28821876.000000 75529.000000 579.000000
28882120.000000 76372.000000 675.000000
28933709.000000 77174.000000 687.000000
28983812.000000 77554.000000 635.000000
28932801.000000 76910.000000 644.000000
28855033.000000 76310.000000 350.000000
28973578.000000 76027.000000 304.000000
28794258.000000 77235.000000 341.000000
28061431.000000 73730.000000 695.000000
28970331.000000 76509.000000 502.000000
28849749.000000 76386.000000 383.000000
29007558.000000 76289.000000 302.000000
28885816.000000 76816.000000 676.000000
28970157.000000 77656.000000 586.000000
28870941.000000 76355.000000 470.000000
28937863.000000 77647.000000 737.000000
28936594.000000 76407.000000 419.000000
28930866.000000 77101.000000 501.000000
28978808.000000 77688.000000 525.000000
28503352.000000 77693.000000 404.000000
28870250.000000 76104.000000 255.000000
28857783.000000 76266.000000 726.000000
28034731.000000 73851.000000 339.000000
