28773505.000000 75767.000000 569.000000
28861626.000000 75574.000000 792.000000
28968034.000000 74985.000000 247.000000
29021466.000000 75586.000000 458.000000
28999610.000000 76000.000000 264.000000
29104580.000000 75634.000000 306.000000
28407147.000000 74389.000000 4414.000000
29005850.000000 75954.000000 366.000000
28912560.000000 77066.000000 285.000000
29077771.000000 76085.000000 147.000000
28947238.000000 75904.000000 247.000000
28965805.000000 76122.000000 429.000000
29014980.000000 76180.000000 340.000000
29039698.000000 75900.000000 296.000000
29045863.000000 75748.000000 209.000000
28944891.000000 76325.000000 121.000000
28972900.000000 76468.000000 322.000000
29003243.000000 75531.000000 343.000000
29022418.000000 76058.000000 212.000000
29060412.000000 75623.000000 398.000000
29044970.000000 76295.000000 190.000000
28871518.000000 76862.000000 268.000000
29070565.000000 76221.000000 229.000000
28949445.000000 76551.000000 441.000000
28791897.000000 76889.000000 311.000000
28856711.000000 75348.000000 151.000000
29028164.000000 76208.000000 408.000000
28915674.000000 75390.000000 212.000000
28950895.000000 75771.000000 207.000000
29027033.000000 76366.000000 235.000000
28495750.000000 74839.000000 342.000000
29047313.000000 76334.000000 132.000000
28763137.000000 76313.000000 277.000000
28888402.000000 76533.000000 204.000000
29021880.000000 75655.000000 166.000000
28975200.000000 75834.000000 173.000000
28967809.000000 76436.000000 311.000000
29007794.000000 76781.000000 122.000000
29000957.000000 75876.000000 148.000000
29005532.000000 76936.000000 173.000000
29018619.000000 76177.000000 151.000000
28960821.000000 75908.000000 351.000000
28740834.000000 75879.000000 168.000000
29044435.000000 76334.000000 141.000000
28914592.000000 76464.000000 124.000000
28974626.000000 77834.000000 130.000000
29042130.000000 76026.000000 205.000000
29072854.000000 76040.000000 215.000000
29054135.000000 75714.000000 146.000000
28939137.000000 75712.000000 486.000000
28946213.000000 75587.000000 648.000000
29132859.000000 76202.000000 163.000000
28995562.000000 76468.000000 414.000000
28999419.000000 75771.000000 185.000000
28949016.000000 75887.000000 395.000000
28944369.000000 75419.000000 243.000000
28961317.000000 75914.000000 211.000000
28944746.000000 75669.000000 476.000000
28876861.000000 75494.000000 242.000000
28987448.000000 76158.000000 151.000000
28984230.000000 76154.000000 314.000000
29025056.000000 75733.000000 320.000000
28775564.000000 76471.000000 241.000000
28334104.000000 74992.000000 335.000000
28996467.000000 75927.000000 213.000000
28982704.000000 75541.000000 479.000000
28569441.000000 75032.000000 227.000000
29012275.000000 75845.000000 454.000000
28988929.000000 76382.000000 479.000000
28954333.000000 76845.000000 550.000000
28763107.000000 77847.000000 233.000000
29041767.000000 75676.000000 183.000000
28990450.000000 76402.000000 284.000000
28965851.000000 75739.000000 465.000000
29019009.000000 76061.000000 164.000000
29047342.000000 75657.000000 315.000000
28981443.000000 76171.000000 171.000000
29028597.000000 75993.000000 422.000000
29078801.000000 75349.000000 239.000000
29014230.000000 75433.000000 394.000000
28975404.000000 75209.000000 660.000000
29009023.000000 76010.000000 194.000000
29021717.000000 76330.000000 389.000000
29023876.000000 75905.000000 371.000000
28864359.000000 76541.000000 181.000000
29024187.000000 76935.000000 298.000000
29067735.000000 76351.000000 247.000000
28962878.000000 75662.000000 509.000000
29032203.000000 75629.000000 382.000000
28965655.000000 75936.000000 173.000000
29064301.000000 75851.000000 195.000000
28367510.000000 74645.000000 428.000000
28977360.000000 75840.000000 213.000000
28935830.000000 75927.000000 352.000000
28989414.000000 75714.000000 204.000000
28587227.000000 75243.000000 236.000000
28967106.000000 75559.000000 418.000000
29024210.000000 75367.000000 311.000000
29022489.000000 75959.000000 166.000000
28965564.000000 75850.000000 288.000000
