30395429.000000 44066.000000 77.000000
29264338.000000 41596.000000 233.000000
30287896.000000 43775.000000 155.000000
30265046.000000 44024.000000 116.000000
30422500.000000 44086.000000 225.000000
30363481.000000 43782.000000 186.000000
30376375.000000 44516.000000 115.000000
30415279.000000 44223.000000 76.000000
30376800.000000 43760.000000 295.000000
30165399.000000 43699.000000 307.000000
30286697.000000 43841.000000 251.000000
30305253.000000 43750.000000 92.000000
30438952.000000 43149.000000 248.000000
30368551.000000 44348.000000 185.000000
30313138.000000 44009.000000 290.000000
30291043.000000 43903.000000 214.000000
30400725.000000 44077.000000 146.000000
30244207.000000 43577.000000 58.000000
30342892.000000 43880.000000 65.000000
30353891.000000 44334.000000 155.000000
30282235.000000 43850.000000 185.000000
30436943.000000 43247.000000 74.000000
30455455.000000 43836.000000 159.000000
30378304.000000 44232.000000 273.000000
30371437.000000 44406.000000 198.000000
30318149.000000 43953.000000 155.000000
30322969.000000 43805.000000 199.000000
30355049.000000 44614.000000 108.000000
30349932.000000 44017.000000 120.000000
30293877.000000 43765.000000 136.000000
29900952.000000 43307.000000 267.000000
30393288.000000 44120.000000 149.000000
30376625.000000 44027.000000 55.000000
30318641.000000 44314.000000 142.000000
30417317.000000 44151.000000 54.000000
30191787.000000 43510.000000 145.000000
30289278.000000 43540.000000 175.000000
30429522.000000 43833.000000 87.000000
30410064.000000 44217.000000 218.000000
30366477.000000 44021.000000 156.000000
30403664.000000 43940.000000 86.000000
30417360.000000 43839.000000 228.000000
30376062.000000 44200.000000 338.000000
30277014.000000 43441.000000 225.000000
30467489.000000 44780.000000 43.000000
30325280.000000 44255.000000 245.000000
30369616.000000 43723.000000 201.000000
30233055.000000 43415.000000 141.000000
30306825.000000 44194.000000 228.000000
30280874.000000 44138.000000 190.000000
30464545.000000 44084.000000 192.000000
30323315.000000 43976.000000 124.000000
29753749.000000 43210.000000 34.000000
30396598.000000 43757.000000 339.000000
30342005.000000 44024.000000 229.000000
30406573.000000 43944.000000 113.000000
30380997.000000 43803.000000 390.000000
30324433.000000 43551.000000 139.000000
30327684.000000 43363.000000 172.000000
30481732.000000 43972.000000 227.000000
30426606.000000 43680.000000 125.000000
30432574.000000 44171.000000 122.000000
30401175.000000 44240.000000 126.000000
30169229.000000 43460.000000 185.000000
30351799.000000 43910.000000 153.000000
30261327.000000 44274.000000 251.000000
30164900.000000 43520.000000 119.000000
30184697.000000 43760.000000 189.000000
30432205.000000 43971.000000 111.000000
30383324.000000 44274.000000 160.000000
30332887.000000 44164.000000 169.000000
30185957.000000 44026.000000 174.000000
30332524.000000 44101.000000 15.000000
30138143.000000 44122.000000 253.000000
30439309.000000 43563.000000 245.000000
30383786.000000 44035.000000 170.000000
30237808.000000 43952.000000 142.000000
30487283.000000 43586.000000 64.000000
30413954.000000 43707.000000 73.000000
30310247.000000 43733.000000 209.000000
30365771.000000 44476.000000 37.000000
30329355.000000 43966.000000 188.000000
30266005.000000 43829.000000 301.000000
30420800.000000 43767.000000 155.000000
30357811.000000 43825.000000 149.000000
30426843.000000 44046.000000 157.000000
27887846.000000 39318.000000 143.000000
30363466.000000 44015.000000 132.000000
30292587.000000 43943.000000 14.000000
30283214.000000 44119.000000 41.000000
30374730.000000 43957.000000 93.000000
30434857.000000 43738.000000 117.000000
30379459.000000 43818.000000 135.000000
30327480.000000 44097.000000 229.000000
30321000.000000 44027.000000 149.000000
30306036.000000 44213.000000 58.000000
30220867.000000 43267.000000 196.000000
30355268.000000 43775.000000 170.000000
30026635.000000 43664.000000 59.000000
30252088.000000 43637.000000 166.000000
