21074258.000000 61619.000000 23482.000000
20970832.000000 61274.000000 23435.000000
21926131.000000 60776.000000 23460.000000
21332180.000000 61894.000000 23420.000000
21406905.000000 60787.000000 23293.000000
21111376.000000 61719.000000 23563.000000
21309195.000000 62097.000000 23503.000000
21382138.000000 62778.000000 23621.000000
21691121.000000 61931.000000 23443.000000
21417678.000000 62008.000000 23634.000000
21273022.000000 61171.000000 23466.000000
21683848.000000 61450.000000 23275.000000
21772116.000000 62447.000000 23600.000000
20868639.000000 61920.000000 23261.000000
21877871.000000 62318.000000 23159.000000
20665693.000000 60875.000000 23641.000000
21880995.000000 64956.000000 23549.000000
21138936.000000 62168.000000 23538.000000
21916612.000000 61585.000000 23539.000000
21975384.000000 62421.000000 23269.000000
20959711.000000 61614.000000 23219.000000
21779054.000000 63849.000000 23581.000000
21825062.000000 63607.000000 23575.000000
21609418.000000 62568.000000 23166.000000
21869208.000000 60083.000000 23412.000000
21044791.000000 62629.000000 23621.000000
21927294.000000 64343.000000 23737.000000
22034257.000000 61189.000000 23420.000000
21150988.000000 61318.000000 23473.000000
20729148.000000 60187.000000 23079.000000
21584759.000000 61763.000000 23328.000000
21289544.000000 61396.000000 23673.000000
21248590.000000 61974.000000 23607.000000
21087206.000000 61642.000000 23557.000000
21484186.000000 61678.000000 23532.000000
20795348.000000 60818.000000 23177.000000
21208744.000000 61723.000000 23590.000000
21432681.000000 62145.000000 23690.000000
20382777.000000 62150.000000 23136.000000
20701583.000000 60445.000000 23336.000000
21737462.000000 62053.000000 23394.000000
21763664.000000 61567.000000 23475.000000
20642273.000000 61420.000000 23144.000000
21328792.000000 62248.000000 23543.000000
21880658.000000 62047.000000 23606.000000
21043035.000000 61562.000000 23451.000000
20938337.000000 61478.000000 23548.000000
21099181.000000 61627.000000 23425.000000
20371550.000000 59708.000000 23202.000000
21480874.000000 61741.000000 23474.000000
21148215.000000 61357.000000 23492.000000
21097996.000000 61459.000000 23616.000000
22007498.000000 64244.000000 23552.000000
21010044.000000 61057.000000 23330.000000
21690462.000000 63860.000000 23561.000000
21710603.000000 62489.000000 23410.000000
20937956.000000 61065.000000 23234.000000
21373309.000000 63021.000000 23473.000000
21312273.000000 63374.000000 23375.000000
21661621.000000 60699.000000 23122.000000
21295727.000000 61967.000000 23636.000000
21560197.000000 62037.000000 23219.000000
21714027.000000 62785.000000 23207.000000
20880824.000000 60554.000000 23652.000000
21893694.000000 60239.000000 23266.000000
22011992.000000 61822.000000 23563.000000
21794704.000000 60441.000000 23430.000000
21855533.000000 62670.000000 23557.000000
21624301.000000 61743.000000 23547.000000
21198066.000000 61619.000000 23426.000000
20431584.000000 62277.000000 23150.000000
20877609.000000 60772.000000 23456.000000
21677030.000000 60369.000000 23464.000000
22090695.000000 64790.000000 23552.000000
20933121.000000 62112.000000 23593.000000
21010927.000000 62888.000000 23229.000000
21106694.000000 59847.000000 23454.000000
22516105.000000 65328.000000 23558.000000
21736376.000000 62339.000000 23344.000000
20761298.000000 61688.000000 23140.000000
21402698.000000 61357.000000 23505.000000
21259216.000000 61645.000000 23654.000000
21139352.000000 61675.000000 23575.000000
21209924.000000 61168.000000 23445.000000
20699880.000000 60411.000000 23634.000000
21271446.000000 62233.000000 23523.000000
21609478.000000 61093.000000 23517.000000
21256923.000000 61638.000000 23619.000000
21804783.000000 60136.000000 23420.000000
21130077.000000 61808.000000 23479.000000
20738074.000000 61092.000000 23512.000000
21143886.000000 60520.000000 23579.000000
21423658.000000 62232.000000 23134.000000
21251665.000000 61089.000000 23580.000000
21817267.000000 62574.000000 23450.000000
20942185.000000 61774.000000 23321.000000
21391257.000000 62098.000000 23142.000000
21196671.000000 61554.000000 23615.000000
21054026.000000 60300.000000 23514.000000
20881880.000000 61487.000000 23374.000000
