27817475.000000 89097.000000 1914.000000
27535572.000000 89741.000000 1940.000000
27902512.000000 88598.000000 2071.000000
27552816.000000 90104.000000 1975.000000
27760288.000000 88516.000000 1955.000000
27509654.000000 88544.000000 1843.000000
27570716.000000 88679.000000 2134.000000
27799923.000000 88779.000000 1930.000000
27653430.000000 91997.000000 2246.000000
27715265.000000 88955.000000 2256.000000
27778435.000000 88725.000000 2045.000000
27807294.000000 88837.000000 2172.000000
27848181.000000 88982.000000 2154.000000
27789807.000000 89590.000000 2236.000000
27876246.000000 90875.000000 1986.000000
27801661.000000 89575.000000 1984.000000
27783889.000000 89126.000000 2023.000000
27774420.000000 88436.000000 2065.000000
27804894.000000 88088.000000 1980.000000
27779100.000000 89013.000000 2068.000000
27821728.000000 89514.000000 2041.000000
27790678.000000 88195.000000 1990.000000
27773338.000000 90190.000000 2016.000000
27847615.000000 88325.000000 2088.000000
27772801.000000 89653.000000 2229.000000
27783512.000000 88480.000000 2007.000000
27845519.000000 89188.000000 2037.000000
27829439.000000 88165.000000 1953.000000
27818964.000000 89578.000000 1928.000000
31576956.000000 90666.000000 2148.000000
27867834.000000 88400.000000 1893.000000
27776879.000000 88616.000000 1944.000000
27760557.000000 89248.000000 2008.000000
27849315.000000 88858.000000 2036.000000
27625563.000000 88834.000000 2045.000000
27808188.000000 88625.000000 2171.000000
27766543.000000 88368.000000 2135.000000
27791871.000000 89179.000000 2157.000000
27794608.000000 89282.000000 2029.000000
27806532.000000 88355.000000 2055.000000
27776302.000000 88739.000000 2087.000000
27803361.000000 89118.000000 2212.000000
27793503.000000 89839.000000 2220.000000
27823219.000000 88761.000000 2134.000000
27672524.000000 88656.000000 2105.000000
27793255.000000 88179.000000 2060.000000
27811059.000000 89214.000000 2001.000000
27798914.000000 89380.000000 1959.000000
27780325.000000 88675.000000 2042.000000
27683024.000000 88941.000000 2114.000000
27760869.000000 89439.000000 2057.000000
27592908.000000 88535.000000 2256.000000
27759098.000000 89609.000000 2064.000000
27746788.000000 88281.000000 1951.000000
27810627.000000 89024.000000 1947.000000
27818892.000000 89190.000000 2168.000000
27729358.000000 88643.000000 2159.000000
27821344.000000 88550.000000 2140.000000
27521316.000000 88355.000000 2111.000000
27845843.000000 88139.000000 2086.000000
27753296.000000 89825.000000 2014.000000
27762578.000000 88408.000000 2085.000000
27693593.000000 89522.000000 2041.000000
27816849.000000 88866.000000 2109.000000
27767719.000000 88685.000000 2068.000000
27675282.000000 89110.000000 2217.000000
27775453.000000 88974.000000 2218.000000
27745670.000000 89843.000000 2086.000000
25665183.000000 84142.000000 1814.000000
27795257.000000 87855.000000 2150.000000
27707268.000000 88768.000000 2192.000000
27858073.000000 89022.000000 2226.000000
27778041.000000 88775.000000 1993.000000
27709124.000000 89705.000000 2159.000000
27844550.000000 90121.000000 2252.000000
27789941.000000 89136.000000 1994.000000
27820322.000000 88448.000000 1839.000000
27805292.000000 88186.000000 2097.000000
27639277.000000 89078.000000 2148.000000
27742386.000000 89663.000000 2053.000000
27818548.000000 87736.000000 1956.000000
27796644.000000 89032.000000 2068.000000
27775973.000000 88600.000000 2150.000000
27794807.000000 88393.000000 2128.000000
27778989.000000 88590.000000 2030.000000
27741011.000000 88279.000000 1999.000000
27813242.000000 88818.000000 2076.000000
27789735.000000 88099.000000 2020.000000
27606318.000000 89268.000000 2201.000000
27566822.000000 91240.000000 2040.000000
27849009.000000 88456.000000 2106.000000
27661582.000000 89573.000000 2257.000000
27819198.000000 89164.000000 1921.000000
27724849.000000 88529.000000 2054.000000
27835115.000000 88550.000000 2075.000000
27663598.000000 88768.000000 2220.000000
27808881.000000 90531.000000 1993.000000
27743888.000000 88302.000000 2031.000000
27795644.000000 89136.000000 2147.000000
27799949.000000 89601.000000 2046.000000
