29918264.000000 38025.000000 139.000000
30474212.000000 38024.000000 51.000000
30421227.000000 37622.000000 101.000000
30507546.000000 38096.000000 203.000000
30497028.000000 39017.000000 42.000000
30261016.000000 38436.000000 4.000000
30124767.000000 38201.000000 1711.000000
30524824.000000 37756.000000 205.000000
30434497.000000 38165.000000 27.000000
30452595.000000 37390.000000 88.000000
30407970.000000 37769.000000 128.000000
30509880.000000 37864.000000 160.000000
30632559.000000 38274.000000 17.000000
30577128.000000 38886.000000 13.000000
30500602.000000 38452.000000 62.000000
30250172.000000 38505.000000 70.000000
30528359.000000 37594.000000 193.000000
30284161.000000 37825.000000 91.000000
30514987.000000 38720.000000 95.000000
30623710.000000 38171.000000 8.000000
30479876.000000 38166.000000 47.000000
30540020.000000 38584.000000 6.000000
30443756.000000 38597.000000 60.000000
30521854.000000 38185.000000 74.000000
30407706.000000 37605.000000 98.000000
30433808.000000 37955.000000 106.000000
30533292.000000 38507.000000 59.000000
29112734.000000 36583.000000 36.000000
30512539.000000 38481.000000 26.000000
30503574.000000 38487.000000 31.000000
30528569.000000 37965.000000 41.000000
30322014.000000 37804.000000 10.000000
30423508.000000 37921.000000 2.000000
30473931.000000 37760.000000 42.000000
30483388.000000 38302.000000 125.000000
30425023.000000 37661.000000 112.000000
30574104.000000 38603.000000 152.000000
30520380.000000 38557.000000 63.000000
30499011.000000 38526.000000 89.000000
30596873.000000 38232.000000 29.000000
30277994.000000 38483.000000 112.000000
30351333.000000 37490.000000 90.000000
30600188.000000 38135.000000 9.000000
30536448.000000 37747.000000 43.000000
30607077.000000 38048.000000 33.000000
30458425.000000 38735.000000 93.000000
30559675.000000 37537.000000 103.000000
30236568.000000 38327.000000 102.000000
30588129.000000 38005.000000 154.000000
30357563.000000 37786.000000 52.000000
30318497.000000 37539.000000 58.000000
30516932.000000 38402.000000 20.000000
30536869.000000 38028.000000 48.000000
30504316.000000 38141.000000 60.000000
30519462.000000 37750.000000 105.000000
30420303.000000 38434.000000 12.000000
28860833.000000 37199.000000 116.000000
30654741.000000 37941.000000 71.000000
30129727.000000 38618.000000 53.000000
30599750.000000 38350.000000 15.000000
30618588.000000 37891.000000 4.000000
30309754.000000 38317.000000 21.000000
30445749.000000 37801.000000 41.000000
30484905.000000 37635.000000 14.000000
30442306.000000 38515.000000 98.000000
30384179.000000 38426.000000 95.000000
30446698.000000 38954.000000 34.000000
30542853.000000 38154.000000 91.000000
30391161.000000 38375.000000 21.000000
30382541.000000 38025.000000 33.000000
30584281.000000 38217.000000 86.000000
30484536.000000 38205.000000 36.000000
30476749.000000 37909.000000 45.000000
30512886.000000 38527.000000 118.000000
30320358.000000 38794.000000 116.000000
30428737.000000 37953.000000 70.000000
30523930.000000 38364.000000 144.000000
30580060.000000 38118.000000 60.000000
30532730.000000 38113.000000 163.000000
30512330.000000 38261.000000 107.000000
29965707.000000 38542.000000 185.000000
30551375.000000 38046.000000 184.000000
30481185.000000 37809.000000 133.000000
30441414.000000 38346.000000 60.000000
30585757.000000 37840.000000 106.000000
30242800.000000 37851.000000 12.000000
30418776.000000 37907.000000 281.000000
30476658.000000 37713.000000 57.000000
30537931.000000 37871.000000 165.000000
30515929.000000 38008.000000 179.000000
30510582.000000 39171.000000 201.000000
30584648.000000 38727.000000 183.000000
30566168.000000 38277.000000 95.000000
30403597.000000 38330.000000 61.000000
30475025.000000 37969.000000 80.000000
30538303.000000 37882.000000 280.000000
30351298.000000 37501.000000 16.000000
30615478.000000 38275.000000 21.000000
30566611.000000 37520.000000 70.000000
30572700.000000 38161.000000 57.000000
