28130322.000000 53797.000000 8405.000000
28126022.000000 53421.000000 8442.000000
28490627.000000 54748.000000 8467.000000
28397699.000000 54531.000000 8532.000000
28326767.000000 54241.000000 8389.000000
28045531.000000 53840.000000 8533.000000
28351501.000000 54053.000000 8473.000000
28491296.000000 54400.000000 8424.000000
28326832.000000 53884.000000 8521.000000
28372251.000000 54052.000000 8844.000000
28329333.000000 53872.000000 8800.000000
28325411.000000 53978.000000 8592.000000
28367571.000000 54924.000000 8666.000000
28480539.000000 53727.000000 8838.000000
28122411.000000 54039.000000 8264.000000
28383491.000000 54267.000000 8771.000000
28352058.000000 54080.000000 8772.000000
28408397.000000 54121.000000 8814.000000
28310846.000000 54191.000000 8809.000000
28481232.000000 54059.000000 8848.000000
28403761.000000 54887.000000 8833.000000
28444211.000000 54171.000000 8837.000000
28414776.000000 54016.000000 8577.000000
28294051.000000 53972.000000 8605.000000
28288100.000000 53858.000000 8960.000000
28423364.000000 54053.000000 8858.000000
28388459.000000 53578.000000 8804.000000
28288528.000000 54420.000000 8820.000000
28520891.000000 54133.000000 8796.000000
28511949.000000 54023.000000 9228.000000
26494967.000000 49026.000000 8064.000000
28297193.000000 54279.000000 8978.000000
28114991.000000 53566.000000 8563.000000
28610732.000000 53909.000000 8541.000000
26655269.000000 50666.000000 7786.000000
28466720.000000 54031.000000 9351.000000
28368754.000000 54497.000000 8771.000000
28416434.000000 53755.000000 9050.000000
28287083.000000 53945.000000 8807.000000
28405706.000000 53781.000000 9149.000000
28426574.000000 54027.000000 8754.000000
28410234.000000 54128.000000 8862.000000
28466166.000000 54310.000000 8822.000000
28244223.000000 54508.000000 8530.000000
28303055.000000 54361.000000 8835.000000
28534243.000000 53811.000000 8683.000000
28441874.000000 53877.000000 9140.000000
28394385.000000 54584.000000 8469.000000
28400313.000000 54863.000000 8577.000000
28444660.000000 53993.000000 8672.000000
28487411.000000 53984.000000 9085.000000
28292668.000000 54411.000000 8700.000000
27811276.000000 52717.000000 9140.000000
28394295.000000 53614.000000 9147.000000
28407072.000000 53796.000000 9329.000000
28582113.000000 54331.000000 8644.000000
28456484.000000 53698.000000 8710.000000
28415004.000000 54453.000000 8807.000000
28435232.000000 54405.000000 8433.000000
28315872.000000 54058.000000 8988.000000
28389717.000000 54591.000000 8875.000000
28568626.000000 53518.000000 8724.000000
28371021.000000 53490.000000 8636.000000
28437525.000000 54397.000000 9088.000000
28462047.000000 53802.000000 8877.000000
28482952.000000 54010.000000 8750.000000
28359964.000000 54514.000000 8928.000000
28461556.000000 54621.000000 8940.000000
28419766.000000 54318.000000 8504.000000
28264665.000000 54110.000000 8842.000000
28135298.000000 53772.000000 8655.000000
28255260.000000 54032.000000 8961.000000
28417978.000000 54235.000000 9049.000000
28340623.000000 54115.000000 8465.000000
28522377.000000 54153.000000 8821.000000
28429242.000000 53996.000000 8206.000000
28205297.000000 54418.000000 8878.000000
28296394.000000 54056.000000 8848.000000
28415617.000000 54017.000000 9210.000000
28366554.000000 54202.000000 8850.000000
28450507.000000 54674.000000 8956.000000
28330802.000000 54019.000000 8765.000000
28328607.000000 54329.000000 8600.000000
28338542.000000 53723.000000 8275.000000
28527404.000000 55084.000000 8772.000000
28456051.000000 54814.000000 8985.000000
28432079.000000 54990.000000 8857.000000
28342789.000000 54011.000000 8402.000000
28347777.000000 54016.000000 8761.000000
28434499.000000 54056.000000 8736.000000
28322069.000000 53918.000000 8998.000000
28334813.000000 54456.000000 8487.000000
28253345.000000 53911.000000 8657.000000
28468234.000000 54162.000000 8930.000000
28476495.000000 54191.000000 8849.000000
28290836.000000 54407.000000 8923.000000
28435120.000000 54133.000000 8673.000000
28330977.000000 54616.000000 8590.000000
28415330.000000 54740.000000 8508.000000
28428663.000000 54223.000000 8325.000000
