29569245.000000 65425.000000 346.000000
29635824.000000 64992.000000 559.000000
29631670.000000 65508.000000 625.000000
29669719.000000 65545.000000 293.000000
29703310.000000 64839.000000 313.000000
29181662.000000 64656.000000 291.000000
29579970.000000 65574.000000 418.000000
29431429.000000 65512.000000 636.000000
29729995.000000 65342.000000 381.000000
29591072.000000 65383.000000 429.000000
29658221.000000 64878.000000 445.000000
29640218.000000 64714.000000 336.000000
29601919.000000 65644.000000 378.000000
29597922.000000 66307.000000 673.000000
29618464.000000 65693.000000 651.000000
29712608.000000 65537.000000 520.000000
29724725.000000 65389.000000 572.000000
29568059.000000 66239.000000 544.000000
29633421.000000 65559.000000 518.000000
29704966.000000 65138.000000 254.000000
29631646.000000 65481.000000 502.000000
29275056.000000 64929.000000 391.000000
29666707.000000 65063.000000 365.000000
29666694.000000 66041.000000 290.000000
29639140.000000 66648.000000 463.000000
29634899.000000 65142.000000 595.000000
29462997.000000 65746.000000 358.000000
29692900.000000 64920.000000 546.000000
29583780.000000 64838.000000 306.000000
29679920.000000 65641.000000 602.000000
29616121.000000 65615.000000 172.000000
29685654.000000 65753.000000 366.000000
29616454.000000 65176.000000 558.000000
29082711.000000 64128.000000 279.000000
29723453.000000 65079.000000 428.000000
29662866.000000 66056.000000 499.000000
29738427.000000 65267.000000 342.000000
29673688.000000 65145.000000 525.000000
29690676.000000 65313.000000 621.000000
29659439.000000 65788.000000 368.000000
29711825.000000 64973.000000 137.000000
29520269.000000 64950.000000 423.000000
29630675.000000 65360.000000 371.000000
29667621.000000 65493.000000 231.000000
29335448.000000 64195.000000 486.000000
29679749.000000 65450.000000 377.000000
29740543.000000 65799.000000 421.000000
29636931.000000 65226.000000 540.000000
29649267.000000 65862.000000 394.000000
29359005.000000 65197.000000 245.000000
29482247.000000 64196.000000 449.000000
29553549.000000 64831.000000 754.000000
29678678.000000 65196.000000 441.000000
29554724.000000 64620.000000 300.000000
29493201.000000 64546.000000 420.000000
29629374.000000 65223.000000 651.000000
29666916.000000 64777.000000 378.000000
29521212.000000 65314.000000 549.000000
29709520.000000 65683.000000 344.000000
29489662.000000 66093.000000 629.000000
29580589.000000 66339.000000 714.000000
29741603.000000 65123.000000 330.000000
29343095.000000 64561.000000 151.000000
29068138.000000 63730.000000 271.000000
29700991.000000 65119.000000 352.000000
29718030.000000 65334.000000 498.000000
29368684.000000 64510.000000 694.000000
29482005.000000 65251.000000 638.000000
29631460.000000 65198.000000 487.000000
29564068.000000 65109.000000 390.000000
29071267.000000 64025.000000 673.000000
29805899.000000 65153.000000 208.000000
29673088.000000 64412.000000 428.000000
29551740.000000 65396.000000 302.000000
29541624.000000 65657.000000 135.000000
29621034.000000 65838.000000 337.000000
29694158.000000 65230.000000 311.000000
29664132.000000 65248.000000 242.000000
29589589.000000 65835.000000 316.000000
29652631.000000 65835.000000 436.000000
29439423.000000 64333.000000 159.000000
29646667.000000 66640.000000 457.000000
29647090.000000 65538.000000 457.000000
29660646.000000 64991.000000 539.000000
29128947.000000 63836.000000 246.000000
29695933.000000 66167.000000 276.000000
29298253.000000 64227.000000 292.000000
29572687.000000 64866.000000 264.000000
29584813.000000 65623.000000 739.000000
29689844.000000 65946.000000 321.000000
29732060.000000 65375.000000 818.000000
29073780.000000 63685.000000 625.000000
29677106.000000 65372.000000 400.000000
29622001.000000 65818.000000 381.000000
29638528.000000 65202.000000 681.000000
29698916.000000 65577.000000 398.000000
29648240.000000 65459.000000 497.000000
29649049.000000 65536.000000 300.000000
29442481.000000 65512.000000 367.000000
29729287.000000 65155.000000 225.000000
