26231056.000000 73150.000000 17931.000000
26285969.000000 76004.000000 17859.000000
26122655.000000 75560.000000 17890.000000
26261343.000000 73017.000000 18225.000000
26204511.000000 72610.000000 18027.000000
26257260.000000 75234.000000 17432.000000
26175045.000000 72485.000000 17231.000000
25518222.000000 69967.000000 16877.000000
26113437.000000 73185.000000 17986.000000
26171671.000000 73273.000000 18071.000000
26204446.000000 75672.000000 17649.000000
26100743.000000 75848.000000 17795.000000
26159486.000000 76161.000000 17783.000000
26167021.000000 76939.000000 17706.000000
26139224.000000 75451.000000 17798.000000
26012648.000000 71623.000000 17617.000000
26024717.000000 73546.000000 17865.000000
26280625.000000 72677.000000 18195.000000
26154115.000000 72965.000000 18029.000000
26212574.000000 72611.000000 17969.000000
26172491.000000 72976.000000 18254.000000
25920035.000000 73694.000000 17240.000000
26130948.000000 72450.000000 17932.000000
26189849.000000 72410.000000 18539.000000
26150757.000000 78883.000000 17942.000000
26164104.000000 75834.000000 17776.000000
26119966.000000 73260.000000 17926.000000
26173941.000000 72596.000000 17896.000000
26225495.000000 75374.000000 17464.000000
26108648.000000 76061.000000 17835.000000
26107858.000000 76131.000000 17267.000000
26250297.000000 72540.000000 18351.000000
26204074.000000 76389.000000 17705.000000
26067335.000000 74889.000000 17322.000000
26100608.000000 75819.000000 17827.000000
26238394.000000 73180.000000 17744.000000
26101130.000000 74953.000000 17349.000000
26137456.000000 73821.000000 18007.000000
26231236.000000 75978.000000 17643.000000
26088115.000000 71799.000000 17923.000000
26217557.000000 72448.000000 17545.000000
26178256.000000 75948.000000 17465.000000
19668373.000000 76680.000000 18052.000000
26170352.000000 72706.000000 17942.000000
26109589.000000 76012.000000 17832.000000
26243769.000000 72805.000000 17792.000000
26128555.000000 76540.000000 18214.000000
26170542.000000 76177.000000 18027.000000
26202218.000000 72845.000000 17723.000000
26135365.000000 75519.000000 17958.000000
26170733.000000 76496.000000 17839.000000
26105385.000000 75273.000000 17490.000000
26191060.000000 72848.000000 17986.000000
26118372.000000 72967.000000 18313.000000
26192411.000000 75837.000000 17991.000000
26179476.000000 76160.000000 17596.000000
26157213.000000 75102.000000 17374.000000
26123457.000000 72321.000000 18305.000000
26266603.000000 72912.000000 17885.000000
26000622.000000 74270.000000 17560.000000
26167252.000000 72879.000000 18497.000000
26219420.000000 73689.000000 17979.000000
26162326.000000 75438.000000 18000.000000
26335238.000000 72429.000000 18553.000000
26169947.000000 73159.000000 18226.000000
26143544.000000 73226.000000 18357.000000
25947904.000000 71150.000000 18032.000000
26244846.000000 72819.000000 18378.000000
26107600.000000 75752.000000 17415.000000
26280155.000000 77130.000000 17562.000000
26027030.000000 71943.000000 17609.000000
26226195.000000 72778.000000 17813.000000
26190719.000000 72767.000000 17907.000000
26180936.000000 73370.000000 17897.000000
26149343.000000 77840.000000 18152.000000
26191492.000000 72600.000000 17872.000000
26220553.000000 76025.000000 17695.000000
26141258.000000 76647.000000 18039.000000
26237305.000000 73666.000000 17893.000000
26287364.000000 73165.000000 17669.000000
26059012.000000 75719.000000 17189.000000
26048940.000000 75902.000000 17122.000000
26077595.000000 75239.000000 17311.000000
26009116.000000 75501.000000 18147.000000
26209668.000000 76503.000000 17726.000000
26150569.000000 72176.000000 18334.000000
26199526.000000 75671.000000 17861.000000
26227155.000000 72931.000000 18313.000000
26199119.000000 75698.000000 17777.000000
26245609.000000 73710.000000 17770.000000
26229343.000000 76553.000000 17614.000000
26193528.000000 72737.000000 17529.000000
26190140.000000 72712.000000 18019.000000
26259598.000000 73018.000000 17524.000000
26228373.000000 72485.000000 17443.000000
26237504.000000 73009.000000 18076.000000
26193670.000000 75922.000000 17184.000000
26232022.000000 76565.000000 17485.000000
26273797.000000 75907.000000 17588.000000
26155537.000000 73311.000000 17725.000000
