16593508.000000 11234.000000 3955.000000
15931083.000000 18967.000000 439.000000
13075157.000000 17018.000000 82.000000
13489141.000000 16831.000000 0.000000
13999954.000000 16993.000000 0.000000
14687322.000000 18656.000000 472.000000
17762978.000000 12918.000000 2743.000000
16387770.000000 19239.000000 411.000000
13541549.000000 16674.000000 0.000000
16670949.000000 11284.000000 3904.000000
14327903.000000 11275.000000 4115.000000
13674915.000000 13372.000000 2541.000000
13453897.000000 16746.000000 0.000000
16280396.000000 19270.000000 434.000000
13682857.000000 16920.000000 0.000000
13450613.000000 17970.000000 481.000000
14777325.000000 11299.000000 4075.000000
13558897.000000 17748.000000 476.000000
14851644.000000 18821.000000 443.000000
13195635.000000 17798.000000 449.000000
12750810.000000 16485.000000 0.000000
13867328.000000 18220.000000 495.000000
17024956.000000 11420.000000 3899.000000
15308127.000000 18782.000000 458.000000
15058622.000000 18726.000000 447.000000
13157502.000000 17939.000000 482.000000
24517675.000000 17579.000000 363.000000
18178565.000000 18877.000000 161.000000
13002154.000000 17861.000000 465.000000
12803930.000000 16564.000000 0.000000
12724475.000000 13950.000000 2210.000000
13814506.000000 17072.000000 165.000000
14915868.000000 10999.000000 4176.000000
16463367.000000 11173.000000 3933.000000
13986252.000000 17053.000000 0.000000
16241060.000000 18054.000000 147.000000
16897967.000000 13623.000000 2288.000000
16014115.000000 13547.000000 2329.000000
17700268.000000 14835.000000 1502.000000
16151984.000000 11216.000000 3976.000000
17150425.000000 18867.000000 96.000000
14120323.000000 11155.000000 4182.000000
16619931.000000 18478.000000 59.000000
17520199.000000 19024.000000 64.000000
17364986.000000 19154.000000 124.000000
14746881.000000 13424.000000 2453.000000
16936307.000000 19236.000000 402.000000
18342717.000000 13024.000000 2608.000000
17630185.000000 18925.000000 65.000000
17529047.000000 18674.000000 68.000000
16213948.000000 11308.000000 3958.000000
13253748.000000 16771.000000 0.000000
26999372.000000 11490.000000 2926.000000
17922834.000000 13487.000000 2179.000000
14330826.000000 18567.000000 468.000000
15289896.000000 13474.000000 2379.000000
14674601.000000 17750.000000 67.000000
16031742.000000 13600.000000 2291.000000
17218900.000000 13555.000000 2231.000000
16613423.000000 18365.000000 120.000000
15088066.000000 17697.000000 75.000000
17364219.000000 18204.000000 231.000000
14464767.000000 13371.000000 2457.000000
15639440.000000 18042.000000 109.000000
15404501.000000 13469.000000 2385.000000
15562322.000000 19275.000000 433.000000
14884793.000000 17812.000000 91.000000
16396198.000000 13487.000000 2227.000000
13048116.000000 13687.000000 2453.000000
16387475.000000 19086.000000 465.000000
15876786.000000 18003.000000 152.000000
14309913.000000 17475.000000 123.000000
15257397.000000 17892.000000 121.000000
13959068.000000 16867.000000 0.000000
14099880.000000 13389.000000 2535.000000
16865322.000000 18542.000000 151.000000
14114033.000000 13463.000000 2464.000000
15038707.000000 17789.000000 156.000000
14031486.000000 13647.000000 2416.000000
15175416.000000 18647.000000 454.000000
14308376.000000 17288.000000 176.000000
15091428.000000 18929.000000 462.000000
14294394.000000 13435.000000 2501.000000
16290133.000000 18102.000000 146.000000
13541899.000000 13451.000000 2538.000000
13989286.000000 13330.000000 2459.000000
16692608.000000 11277.000000 3947.000000
13617382.000000 16881.000000 0.000000
25193657.000000 12574.000000 1980.000000
13744244.000000 11610.000000 3914.000000
14894924.000000 13518.000000 2479.000000
13081810.000000 13810.000000 2249.000000
13514966.000000 17944.000000 481.000000
13704216.000000 11505.000000 3946.000000
13397845.000000 16799.000000 0.000000
16892219.000000 14754.000000 1629.000000
17186950.000000 19109.000000 403.000000
16616353.000000 19136.000000 429.000000
13437190.000000 17013.000000 81.000000
13188530.000000 13674.000000 2453.000000
