31072624.000000 25614.000000 178.000000
31135274.000000 25747.000000 72.000000
31269433.000000 24596.000000 138.000000
31009701.000000 25873.000000 175.000000
31228955.000000 25223.000000 252.000000
30943400.000000 26435.000000 158.000000
31009720.000000 26778.000000 135.000000
31263620.000000 24700.000000 47.000000
31442278.000000 21503.000000 11.000000
31319385.000000 24939.000000 91.000000
31180486.000000 25052.000000 303.000000
31245521.000000 25616.000000 60.000000
30908248.000000 26380.000000 134.000000
31178683.000000 26122.000000 36.000000
31273034.000000 25630.000000 3.000000
30860048.000000 26063.000000 25.000000
31239864.000000 25595.000000 3.000000
31254463.000000 25836.000000 194.000000
31149058.000000 26189.000000 35.000000
30935524.000000 26643.000000 84.000000
31329498.000000 24720.000000 88.000000
31065413.000000 25769.000000 34.000000
31159077.000000 25623.000000 62.000000
31188148.000000 25224.000000 175.000000
31080119.000000 25972.000000 67.000000
31153397.000000 25425.000000 63.000000
30958585.000000 26452.000000 78.000000
31139004.000000 26457.000000 95.000000
31200526.000000 25856.000000 83.000000
31270906.000000 26240.000000 199.000000
31255754.000000 24827.000000 81.000000
31167669.000000 25367.000000 146.000000
31233796.000000 25424.000000 143.000000
31154559.000000 26697.000000 92.000000
31171744.000000 25230.000000 131.000000
29883834.000000 24436.000000 146.000000
31125817.000000 26298.000000 27.000000
31291755.000000 25712.000000 136.000000
31143113.000000 25687.000000 29.000000
30988739.000000 26284.000000 143.000000
31159916.000000 25715.000000 147.000000
31121156.000000 26848.000000 179.000000
31212880.000000 26249.000000 91.000000
31129078.000000 25723.000000 117.000000
31086774.000000 26248.000000 160.000000
31148949.000000 25386.000000 66.000000
30919255.000000 26197.000000 84.000000
31297528.000000 24685.000000 85.000000
31058162.000000 26278.000000 163.000000
31161720.000000 25730.000000 94.000000
30206179.000000 24667.000000 61.000000
31127106.000000 26808.000000 133.000000
31145388.000000 25803.000000 62.000000
31142157.000000 26398.000000 61.000000
31175877.000000 25034.000000 117.000000
31209776.000000 25942.000000 80.000000
31290605.000000 25337.000000 72.000000
31142432.000000 26692.000000 183.000000
31071568.000000 26060.000000 135.000000
31094156.000000 26847.000000 96.000000
29884093.000000 24726.000000 62.000000
31021032.000000 25575.000000 119.000000
31002148.000000 25253.000000 56.000000
31008790.000000 24881.000000 124.000000
31263006.000000 25139.000000 100.000000
31190509.000000 25144.000000 134.000000
31217353.000000 25297.000000 111.000000
31156143.000000 26166.000000 205.000000
31091194.000000 25719.000000 200.000000
31098789.000000 26526.000000 215.000000
31255843.000000 26134.000000 8.000000
31106982.000000 28213.000000 88.000000
31237299.000000 26305.000000 86.000000
31118764.000000 25408.000000 46.000000
30956838.000000 29400.000000 57.000000
31052615.000000 25766.000000 134.000000
30666828.000000 25282.000000 32.000000
31138915.000000 26545.000000 113.000000
31195225.000000 24962.000000 89.000000
31233244.000000 25572.000000 67.000000
31099093.000000 25643.000000 53.000000
31256790.000000 25020.000000 70.000000
30947829.000000 26360.000000 144.000000
31158479.000000 25897.000000 119.000000
31246325.000000 24991.000000 136.000000
31086093.000000 26359.000000 163.000000
31215421.000000 25072.000000 100.000000
31093254.000000 26259.000000 200.000000
31080719.000000 26729.000000 189.000000
30783472.000000 30208.000000 344.000000
31240940.000000 24941.000000 232.000000
31090450.000000 26773.000000 155.000000
31202376.000000 25156.000000 85.000000
31178666.000000 26040.000000 78.000000
31205909.000000 26040.000000 72.000000
31216089.000000 26123.000000 69.000000
31144838.000000 26078.000000 103.000000
31241670.000000 26001.000000 55.000000
31178451.000000 25248.000000 229.000000
31264439.000000 24741.000000 21.000000
