22263196.000000 74755.000000 41992.000000
20699589.000000 72190.000000 41402.000000
21788230.000000 73126.000000 40633.000000
22405202.000000 76013.000000 46434.000000
22355473.000000 75052.000000 44946.000000
21590982.000000 72017.000000 46004.000000
20203273.000000 89425.000000 59071.000000
21923131.000000 75202.000000 47711.000000
22135446.000000 75918.000000 46334.000000
22278880.000000 75512.000000 45161.000000
22576842.000000 74675.000000 40578.000000
20927953.000000 73266.000000 42162.000000
22175600.000000 74441.000000 45324.000000
22489552.000000 74425.000000 40645.000000
19769405.000000 72163.000000 46268.000000
22541002.000000 75392.000000 39655.000000
19887749.000000 72298.000000 43961.000000
22327273.000000 74914.000000 45577.000000
22242928.000000 74683.000000 44616.000000
22135071.000000 74276.000000 41760.000000
22419087.000000 75670.000000 39618.000000
19670544.000000 69944.000000 42962.000000
22390982.000000 75563.000000 44295.000000
22230017.000000 72333.000000 41628.000000
21912126.000000 75076.000000 42245.000000
21879003.000000 76006.000000 41031.000000
22257773.000000 74450.000000 40502.000000
22460902.000000 75341.000000 41371.000000
22132554.000000 72335.000000 41180.000000
22139356.000000 75114.000000 42541.000000
22048770.000000 74318.000000 45272.000000
22142837.000000 75132.000000 41171.000000
21890031.000000 76287.000000 48414.000000
20596692.000000 79406.000000 51667.000000
22226333.000000 73670.000000 40801.000000
22311516.000000 72582.000000 41590.000000
22411659.000000 76429.000000 40301.000000
22021430.000000 75488.000000 42470.000000
22007549.000000 73378.000000 44241.000000
22273905.000000 74719.000000 41126.000000
22295737.000000 75006.000000 44270.000000
21745775.000000 75508.000000 42343.000000
22603984.000000 75759.000000 39620.000000
20143519.000000 71398.000000 42068.000000
22015315.000000 75398.000000 43016.000000
22193781.000000 73864.000000 42881.000000
22329663.000000 75074.000000 45080.000000
13861222.000000 80747.000000 59228.000000
22109947.000000 73021.000000 40193.000000
20831138.000000 73043.000000 42900.000000
22219880.000000 76102.000000 41785.000000
22233243.000000 74660.000000 47303.000000
22512120.000000 73012.000000 41556.000000
21952453.000000 72289.000000 42744.000000
22080961.000000 74513.000000 41600.000000
22499296.000000 74677.000000 42679.000000
22679637.000000 75037.000000 40215.000000
22330838.000000 74377.000000 41996.000000
21726432.000000 74978.000000 40778.000000
22521496.000000 75366.000000 41713.000000
20122323.000000 73336.000000 44408.000000
21933096.000000 74425.000000 47370.000000
22496378.000000 76609.000000 46748.000000
22335821.000000 73453.000000 41318.000000
22449757.000000 75133.000000 40204.000000
21711472.000000 74922.000000 45781.000000
22496749.000000 75593.000000 39347.000000
22256748.000000 72623.000000 41570.000000
21998230.000000 75294.000000 41672.000000
22156271.000000 74301.000000 41544.000000
22132210.000000 72900.000000 41247.000000
22427250.000000 75762.000000 40927.000000
21997026.000000 74658.000000 45050.000000
20287354.000000 72313.000000 48884.000000
22333991.000000 74822.000000 40415.000000
20548538.000000 74297.000000 43181.000000
20322679.000000 71883.000000 41550.000000
17794727.000000 76602.000000 47535.000000
22344212.000000 74580.000000 41201.000000
22422901.000000 74377.000000 39684.000000
22452274.000000 74899.000000 39963.000000
19950091.000000 77350.000000 47252.000000
21956088.000000 74394.000000 47937.000000
22472139.000000 75932.000000 40714.000000
22353771.000000 75348.000000 41161.000000
19545110.000000 71095.000000 41642.000000
22353132.000000 75752.000000 40945.000000
22560931.000000 75428.000000 40665.000000
22328748.000000 75227.000000 44216.000000
19923883.000000 72369.000000 42605.000000
22257627.000000 75025.000000 44593.000000
22624863.000000 72956.000000 40004.000000
22250780.000000 74770.000000 39552.000000
22061979.000000 75063.000000 44455.000000
22448041.000000 72619.000000 40312.000000
22417680.000000 72222.000000 41553.000000
21293995.000000 75302.000000 41870.000000
22314823.000000 74375.000000 45691.000000
22565722.000000 73420.000000 40431.000000
22134833.000000 75448.000000 45170.000000
