29775173.000000 52445.000000 1218.000000
29825881.000000 52728.000000 1309.000000
29841265.000000 52287.000000 1672.000000
29553874.000000 51930.000000 1387.000000
29695582.000000 52182.000000 808.000000
29751989.000000 52141.000000 1278.000000
29731947.000000 52290.000000 1184.000000
29681596.000000 52490.000000 798.000000
29837635.000000 52602.000000 1127.000000
29748544.000000 52561.000000 1286.000000
29814555.000000 52744.000000 1574.000000
29877871.000000 52267.000000 497.000000
29696679.000000 52343.000000 1112.000000
29793438.000000 52544.000000 751.000000
29717912.000000 52630.000000 588.000000
29688740.000000 52441.000000 1262.000000
29735944.000000 52776.000000 1561.000000
29875624.000000 52233.000000 1152.000000
29884744.000000 52431.000000 1009.000000
29739987.000000 52545.000000 1212.000000
29777930.000000 52884.000000 1522.000000
29741059.000000 52282.000000 1200.000000
29832738.000000 52672.000000 1156.000000
29692453.000000 52587.000000 1022.000000
29835574.000000 52825.000000 1219.000000
29537815.000000 52116.000000 1579.000000
29659222.000000 52689.000000 1209.000000
29776924.000000 52735.000000 911.000000
29763234.000000 52710.000000 1339.000000
29671368.000000 51915.000000 1278.000000
29780899.000000 52941.000000 709.000000
29870026.000000 52507.000000 674.000000
29844102.000000 52418.000000 1475.000000
29822789.000000 52303.000000 1687.000000
29771076.000000 52439.000000 1270.000000
29744420.000000 52645.000000 1234.000000
29784343.000000 51966.000000 1220.000000
29662071.000000 52410.000000 1500.000000
29835250.000000 52743.000000 1430.000000
29657589.000000 52318.000000 1468.000000
29811839.000000 52121.000000 1207.000000
29762884.000000 52647.000000 1432.000000
29772153.000000 52163.000000 1078.000000
29814666.000000 52550.000000 1233.000000
29852420.000000 52514.000000 1185.000000
29823973.000000 51806.000000 867.000000
29822171.000000 52288.000000 781.000000
29782122.000000 52486.000000 722.000000
29777632.000000 52407.000000 1343.000000
29768255.000000 52904.000000 544.000000
29828698.000000 52789.000000 1085.000000
29683517.000000 52197.000000 943.000000
29579391.000000 52080.000000 1411.000000
29232724.000000 52087.000000 1254.000000
29678177.000000 52463.000000 1458.000000
29772560.000000 52495.000000 1058.000000
29372986.000000 51652.000000 810.000000
29655956.000000 52104.000000 598.000000
29749259.000000 52486.000000 766.000000
29571257.000000 53116.000000 1480.000000
29399182.000000 51692.000000 1066.000000
29698220.000000 52539.000000 1419.000000
29114911.000000 51811.000000 889.000000
29841570.000000 52465.000000 929.000000
29558671.000000 52109.000000 498.000000
29211206.000000 51915.000000 715.000000
29827392.000000 52418.000000 939.000000
29716487.000000 52575.000000 1724.000000
29667982.000000 52131.000000 1626.000000
29700461.000000 52463.000000 1454.000000
29592903.000000 52030.000000 1154.000000
29778736.000000 52251.000000 1622.000000
29846523.000000 52289.000000 1478.000000
29704788.000000 51885.000000 1114.000000
29501428.000000 52467.000000 1213.000000
29864227.000000 52526.000000 969.000000
29627056.000000 52256.000000 1113.000000
29784729.000000 52934.000000 1228.000000
29626635.000000 52832.000000 1499.000000
29845338.000000 52453.000000 1099.000000
29897039.000000 52724.000000 898.000000
29779070.000000 52431.000000 1175.000000
29821582.000000 52613.000000 1181.000000
29792284.000000 52805.000000 1214.000000
29663961.000000 52191.000000 1131.000000
29777811.000000 52666.000000 1014.000000
29051911.000000 51142.000000 1486.000000
29699685.000000 52309.000000 1308.000000
29758530.000000 52541.000000 1188.000000
29795949.000000 52309.000000 1127.000000
29826135.000000 52676.000000 795.000000
29728707.000000 52511.000000 1018.000000
29852319.000000 52437.000000 1213.000000
29844929.000000 52404.000000 1215.000000
29787067.000000 52114.000000 1845.000000
29724339.000000 52413.000000 1672.000000
29919085.000000 52883.000000 935.000000
28660446.000000 49992.000000 1353.000000
29791546.000000 52530.000000 928.000000
29854832.000000 52962.000000 1059.000000
