26978214.000000 102887.000000 6957.000000
26195456.000000 103456.000000 30577.000000
26955782.000000 89299.000000 5786.000000
26880093.000000 94577.000000 5934.000000
25618086.000000 114106.000000 6611.000000
25686638.000000 124120.000000 6772.000000
26902660.000000 87116.000000 5991.000000
26700092.000000 106754.000000 6597.000000
25233217.000000 122124.000000 6748.000000
26927200.000000 100233.000000 6032.000000
25529790.000000 123880.000000 7138.000000
26907878.000000 86988.000000 6238.000000
26339634.000000 120478.000000 7031.000000
26950936.000000 87131.000000 6380.000000
23878095.000000 139758.000000 8094.000000
27023769.000000 101949.000000 6610.000000
26882260.000000 86566.000000 5932.000000
24702688.000000 132224.000000 5983.000000
26933138.000000 97182.000000 6064.000000
25117900.000000 119671.000000 6583.000000
26211930.000000 103222.000000 26812.000000
26126081.000000 108760.000000 6576.000000
25833586.000000 120663.000000 6872.000000
24742461.000000 136000.000000 13393.000000
25210856.000000 127475.000000 6789.000000
26782821.000000 88418.000000 7847.000000
26948441.000000 102869.000000 6193.000000
26430211.000000 87415.000000 11023.000000
26536689.000000 105595.000000 6411.000000
26980577.000000 86669.000000 6086.000000
26781323.000000 108478.000000 9328.000000
26748259.000000 116252.000000 6908.000000
26875572.000000 87990.000000 5831.000000
25183601.000000 130931.000000 6044.000000
25148655.000000 122629.000000 6892.000000
26957323.000000 87170.000000 6230.000000
25856915.000000 92603.000000 39869.000000
25297437.000000 87799.000000 51220.000000
25796285.000000 123925.000000 7359.000000
25725830.000000 105671.000000 46282.000000
23775909.000000 142008.000000 6211.000000
25313819.000000 127847.000000 5511.000000
26401858.000000 114786.000000 28088.000000
25655855.000000 113156.000000 6439.000000
26384685.000000 115319.000000 27710.000000
24501287.000000 134635.000000 5945.000000
25173357.000000 130358.000000 9025.000000
24369272.000000 132259.000000 5915.000000
26709537.000000 118645.000000 13777.000000
25667552.000000 102966.000000 48161.000000
26891298.000000 93688.000000 5839.000000
26826981.000000 87673.000000 5832.000000
26980781.000000 106885.000000 6982.000000
25434254.000000 125704.000000 36915.000000
26267357.000000 122442.000000 15596.000000
24996341.000000 128175.000000 7421.000000
25936743.000000 95989.000000 36294.000000
24720029.000000 125825.000000 7051.000000
27042220.000000 87483.000000 6148.000000
25475839.000000 127706.000000 14933.000000
26861660.000000 108563.000000 6880.000000
26914357.000000 93609.000000 5929.000000
25513322.000000 120278.000000 6949.000000
25403763.000000 86958.000000 49436.000000
25419296.000000 97720.000000 54256.000000
26940929.000000 95971.000000 5818.000000
26905646.000000 84339.000000 6488.000000
26927185.000000 104051.000000 6741.000000
26117621.000000 100508.000000 31614.000000
24954472.000000 126738.000000 7069.000000
26955608.000000 104722.000000 6148.000000
25997959.000000 117825.000000 41170.000000
26532192.000000 112139.000000 20527.000000
26943271.000000 87545.000000 6107.000000
24285031.000000 133451.000000 6158.000000
26924768.000000 88224.000000 6001.000000
26801400.000000 107681.000000 6801.000000
25317016.000000 116281.000000 6693.000000
24526646.000000 136424.000000 34951.000000
26781094.000000 105858.000000 11352.000000
26787254.000000 86294.000000 6007.000000
25894940.000000 89490.000000 39108.000000
26742381.000000 85390.000000 6118.000000
27021406.000000 109988.000000 7014.000000
26838354.000000 85563.000000 5958.000000
26060782.000000 88082.000000 6815.000000
26839082.000000 101078.000000 6465.000000
26745292.000000 87178.000000 6068.000000
26904171.000000 90482.000000 5833.000000
26430739.000000 117660.000000 6941.000000
26905032.000000 100988.000000 5920.000000
27011092.000000 107903.000000 6777.000000
26975158.000000 96473.000000 5927.000000
26839205.000000 87216.000000 5806.000000
25415154.000000 119785.000000 6767.000000
26592606.000000 111988.000000 16941.000000
26732097.000000 87973.000000 6041.000000
26195868.000000 110129.000000 6634.000000
26947435.000000 92367.000000 5923.000000
26798771.000000 86723.000000 6672.000000
