21795659.000000 68486.000000 39787.000000
22921327.000000 68227.000000 39015.000000
21957091.000000 72399.000000 44655.000000
20943851.000000 65053.000000 44466.000000
22411007.000000 67356.000000 38377.000000
22415370.000000 71404.000000 47523.000000
22886121.000000 70245.000000 40060.000000
22917282.000000 69979.000000 39265.000000
23010293.000000 68088.000000 39913.000000
22386290.000000 68908.000000 43682.000000
22702609.000000 71302.000000 45517.000000
23053091.000000 70418.000000 38923.000000
20871781.000000 69304.000000 43894.000000
22731972.000000 70529.000000 40015.000000
22983103.000000 71192.000000 40345.000000
22694045.000000 67373.000000 41295.000000
20556005.000000 67628.000000 42655.000000
22482613.000000 69697.000000 39667.000000
22281955.000000 72092.000000 45249.000000
22900293.000000 70082.000000 40009.000000
22918646.000000 70301.000000 39649.000000
23082012.000000 70352.000000 38304.000000
23024131.000000 70672.000000 39460.000000
22075728.000000 66568.000000 40303.000000
22854526.000000 70108.000000 40048.000000
22820603.000000 71149.000000 43669.000000
22915278.000000 69885.000000 38763.000000
22667900.000000 72137.000000 40992.000000
22601068.000000 70244.000000 39142.000000
22429600.000000 69839.000000 39526.000000
22741547.000000 70630.000000 44065.000000
22714893.000000 70483.000000 39239.000000
22689833.000000 70347.000000 40102.000000
22788409.000000 70636.000000 40740.000000
22915455.000000 70184.000000 39629.000000
23087906.000000 69910.000000 39655.000000
22680754.000000 70238.000000 40755.000000
23119273.000000 70178.000000 39391.000000
22299200.000000 80101.000000 47365.000000
23117087.000000 70563.000000 38950.000000
21033603.000000 67206.000000 39264.000000
21846660.000000 67031.000000 42676.000000
22988449.000000 68734.000000 40227.000000
22978631.000000 68830.000000 39553.000000
23105955.000000 70840.000000 38458.000000
23138406.000000 70679.000000 41041.000000
22781536.000000 70338.000000 43329.000000
22923005.000000 70581.000000 39516.000000
22158496.000000 67430.000000 40321.000000
22835716.000000 70912.000000 40272.000000
22809804.000000 69971.000000 44766.000000
22962243.000000 70466.000000 39388.000000
22677841.000000 70345.000000 39738.000000
21544891.000000 68770.000000 43470.000000
22575307.000000 71002.000000 39989.000000
23035723.000000 68878.000000 39439.000000
20232334.000000 77909.000000 55539.000000
22846487.000000 71211.000000 39905.000000
22663562.000000 71140.000000 45299.000000
22799944.000000 69508.000000 41569.000000
22737800.000000 70887.000000 45106.000000
22587273.000000 70218.000000 39558.000000
21614585.000000 69483.000000 44423.000000
20538141.000000 65272.000000 37993.000000
22842695.000000 67762.000000 40068.000000
22866322.000000 70285.000000 39680.000000
22775925.000000 70646.000000 41984.000000
22782609.000000 69095.000000 40126.000000
23144684.000000 70875.000000 39511.000000
20505661.000000 69159.000000 41296.000000
22916243.000000 70783.000000 43834.000000
22745090.000000 71023.000000 44901.000000
22520509.000000 69021.000000 39441.000000
20518401.000000 67317.000000 42123.000000
22814000.000000 70633.000000 41997.000000
22499503.000000 69528.000000 39688.000000
22861078.000000 70822.000000 43474.000000
23057704.000000 70368.000000 38470.000000
22710413.000000 69899.000000 42993.000000
23028388.000000 70486.000000 40009.000000
22748746.000000 71169.000000 40855.000000
21464684.000000 68852.000000 41143.000000
22879318.000000 70567.000000 40672.000000
22797402.000000 70391.000000 40027.000000
22727042.000000 70216.000000 38963.000000
23041970.000000 68606.000000 38805.000000
22912610.000000 70312.000000 39455.000000
21010190.000000 68312.000000 39445.000000
22987500.000000 68202.000000 38904.000000
23008523.000000 70123.000000 38870.000000
22992514.000000 70161.000000 39430.000000
23051146.000000 70367.000000 39404.000000
20338011.000000 63092.000000 36676.000000
22462869.000000 69749.000000 40396.000000
21374786.000000 69338.000000 39325.000000
20905205.000000 66781.000000 42768.000000
22969731.000000 69588.000000 38829.000000
22679673.000000 70387.000000 44895.000000
22794472.000000 70776.000000 40232.000000
22668202.000000 70146.000000 45443.000000
