25759604.000000 68206.000000 20459.000000
26151782.000000 69878.000000 20148.000000
25957711.000000 70085.000000 22200.000000
26056840.000000 68313.000000 21375.000000
25958278.000000 69716.000000 21125.000000
26167569.000000 69920.000000 20556.000000
26013915.000000 70016.000000 21483.000000
26094750.000000 68457.000000 21302.000000
26183385.000000 69760.000000 20344.000000
25825007.000000 68366.000000 19669.000000
26138904.000000 70917.000000 20370.000000
25899149.000000 70155.000000 22494.000000
25964143.000000 69393.000000 20454.000000
26120719.000000 70583.000000 21281.000000
26252097.000000 69638.000000 19953.000000
26161073.000000 69513.000000 20444.000000
26155336.000000 68291.000000 20872.000000
26044630.000000 71561.000000 21654.000000
26064292.000000 69430.000000 21700.000000
26103516.000000 68341.000000 21292.000000
25882243.000000 69819.000000 20807.000000
26078113.000000 70981.000000 21139.000000
25963771.000000 69704.000000 22522.000000
26091289.000000 69786.000000 20531.000000
26026273.000000 69965.000000 21191.000000
25889097.000000 68968.000000 20106.000000
26189082.000000 70156.000000 20303.000000
26098282.000000 70623.000000 21449.000000
26039220.000000 69458.000000 20967.000000
26031802.000000 70434.000000 20989.000000
26068841.000000 69337.000000 20236.000000
26123055.000000 71477.000000 20623.000000
26150356.000000 70141.000000 20621.000000
26171350.000000 69793.000000 20027.000000
26102339.000000 69573.000000 21625.000000
25964418.000000 69410.000000 21442.000000
26005684.000000 69308.000000 22367.000000
26218732.000000 70167.000000 19123.000000
26022033.000000 70681.000000 20433.000000
26191531.000000 70590.000000 21565.000000
26140989.000000 69277.000000 21478.000000
26118585.000000 69086.000000 20641.000000
25922903.000000 68781.000000 20285.000000
26129626.000000 70765.000000 19740.000000
26032356.000000 69740.000000 20464.000000
25889782.000000 69853.000000 20507.000000
25981739.000000 69697.000000 21277.000000
26029874.000000 70383.000000 22106.000000
26237773.000000 69936.000000 20330.000000
26073448.000000 69543.000000 21492.000000
26082333.000000 69406.000000 20332.000000
26070231.000000 69483.000000 21468.000000
25918987.000000 68879.000000 19899.000000
26239983.000000 69728.000000 20237.000000
26077902.000000 68104.000000 21398.000000
26020959.000000 70863.000000 21588.000000
26012382.000000 69935.000000 20017.000000
25656892.000000 68407.000000 19996.000000
26011290.000000 69978.000000 20890.000000
26183207.000000 69880.000000 20262.000000
26050883.000000 70462.000000 21656.000000
25987681.000000 69558.000000 20978.000000
26023714.000000 69370.000000 22046.000000
26090272.000000 68841.000000 20381.000000
26180065.000000 71423.000000 21242.000000
25975749.000000 69508.000000 20829.000000
26015041.000000 68050.000000 21019.000000
25984142.000000 69961.000000 22476.000000
25992631.000000 70605.000000 21204.000000
26018277.000000 69592.000000 21801.000000
25999272.000000 70453.000000 21946.000000
26054993.000000 68700.000000 21284.000000
26005831.000000 69670.000000 20888.000000
25972384.000000 69803.000000 20713.000000
26137050.000000 69103.000000 21602.000000
26076612.000000 70595.000000 21285.000000
26068806.000000 69978.000000 20247.000000
25543807.000000 67433.000000 20285.000000
26126439.000000 71585.000000 20933.000000
25948237.000000 69509.000000 20194.000000
26116574.000000 67762.000000 21182.000000
25886151.000000 69274.000000 21668.000000
26110120.000000 69518.000000 20255.000000
26037602.000000 69267.000000 20508.000000
26000436.000000 70636.000000 21645.000000
25987598.000000 69583.000000 22232.000000
26082884.000000 68508.000000 21017.000000
25575966.000000 68287.000000 20079.000000
25347984.000000 67618.000000 19552.000000
25996345.000000 70234.000000 21311.000000
26123917.000000 70131.000000 20751.000000
25970479.000000 69173.000000 20114.000000
25849677.000000 69539.000000 20956.000000
25995892.000000 69033.000000 19914.000000
26024197.000000 69306.000000 22895.000000
25931003.000000 70736.000000 21149.000000
26090884.000000 69360.000000 21980.000000
26139759.000000 69605.000000 20262.000000
26050850.000000 69120.000000 20151.000000
26013205.000000 68886.000000 21285.000000
