28985279.000000 77653.000000 335.000000
28970935.000000 76209.000000 460.000000
28943829.000000 76203.000000 497.000000
28919941.000000 76995.000000 417.000000
28993265.000000 77526.000000 220.000000
28921288.000000 75849.000000 500.000000
28974507.000000 77848.000000 494.000000
28859542.000000 76065.000000 254.000000
28993192.000000 77606.000000 407.000000
28366266.000000 74688.000000 267.000000
29007231.000000 78052.000000 297.000000
28904865.000000 77121.000000 390.000000
28904309.000000 75220.000000 449.000000
28735211.000000 75768.000000 513.000000
28931198.000000 76193.000000 491.000000
28878219.000000 76803.000000 324.000000
28055986.000000 75014.000000 528.000000
28949613.000000 76286.000000 249.000000
28871881.000000 76629.000000 290.000000
28849915.000000 76041.000000 636.000000
28839949.000000 77265.000000 368.000000
28851800.000000 75244.000000 536.000000
28936185.000000 75681.000000 653.000000
28908345.000000 76222.000000 420.000000
28991743.000000 76240.000000 318.000000
28944828.000000 76405.000000 333.000000
28992399.000000 76533.000000 504.000000
29083481.000000 77480.000000 325.000000
28933714.000000 78022.000000 350.000000
28952387.000000 76316.000000 408.000000
28918480.000000 76516.000000 373.000000
28754570.000000 75104.000000 554.000000
28959167.000000 75611.000000 408.000000
28916736.000000 76078.000000 384.000000
28928661.000000 76692.000000 398.000000
28745060.000000 76146.000000 233.000000
28900373.000000 76845.000000 606.000000
28910311.000000 76299.000000 264.000000
27569043.000000 71750.000000 432.000000
28962930.000000 75517.000000 353.000000
28975642.000000 76724.000000 585.000000
28974558.000000 76001.000000 580.000000
29042822.000000 77596.000000 314.000000
28926131.000000 75638.000000 611.000000
28960729.000000 76575.000000 616.000000
28950088.000000 76434.000000 469.000000
28905195.000000 75997.000000 554.000000
28848609.000000 76767.000000 471.000000
29037333.000000 77313.000000 452.000000
28972633.000000 77518.000000 292.000000
28972113.000000 76582.000000 590.000000
28970399.000000 75960.000000 259.000000
28945516.000000 76236.000000 302.000000
28863922.000000 75424.000000 349.000000
28919535.000000 76283.000000 340.000000
28923272.000000 76761.000000 489.000000
28892007.000000 75514.000000 290.000000
28939704.000000 77942.000000 402.000000
28978515.000000 77693.000000 364.000000
28827957.000000 75639.000000 326.000000
28950879.000000 76563.000000 415.000000
28935348.000000 75719.000000 608.000000
28875064.000000 75855.000000 319.000000
29024754.000000 77494.000000 398.000000
28928973.000000 76105.000000 457.000000
28889318.000000 77219.000000 595.000000
28916517.000000 75893.000000 328.000000
28846450.000000 76999.000000 564.000000
28859443.000000 76311.000000 379.000000
28843422.000000 77213.000000 498.000000
28795933.000000 76171.000000 787.000000
28943339.000000 76902.000000 359.000000
28879030.000000 75757.000000 295.000000
28848823.000000 76042.000000 272.000000
28887911.000000 76754.000000 544.000000
28793373.000000 76050.000000 664.000000
28867493.000000 77452.000000 468.000000
28857988.000000 76446.000000 463.000000
28976504.000000 76485.000000 361.000000
28931709.000000 77585.000000 382.000000
28963271.000000 77405.000000 280.000000
28892700.000000 76436.000000 451.000000
27033057.000000 69279.000000 311.000000
28960802.000000 76870.000000 430.000000
28864141.000000 76473.000000 384.000000
28968223.000000 78583.000000 434.000000
28835369.000000 75421.000000 307.000000
28929376.000000 75983.000000 252.000000
28830530.000000 76202.000000 296.000000
28919488.000000 76116.000000 492.000000
28919674.000000 76308.000000 252.000000
29022504.000000 75751.000000 347.000000
28893986.000000 76299.000000 390.000000
28802022.000000 75893.000000 483.000000
28953396.000000 76025.000000 517.000000
28156005.000000 74186.000000 228.000000
28961893.000000 76580.000000 255.000000
28929901.000000 76909.000000 336.000000
29021536.000000 76449.000000 565.000000
28855552.000000 76359.000000 496.000000
