27763051.000000 89197.000000 2625.000000
27668430.000000 90264.000000 2892.000000
27759253.000000 88963.000000 2838.000000
27646659.000000 89781.000000 2761.000000
27700769.000000 89678.000000 2844.000000
27647699.000000 89590.000000 2525.000000
27655513.000000 86763.000000 2686.000000
27675943.000000 91126.000000 2663.000000
25885569.000000 79243.000000 2246.000000
27384238.000000 87098.000000 2380.000000
27646396.000000 89770.000000 2707.000000
27703232.000000 90045.000000 2802.000000
27747030.000000 89035.000000 2688.000000
27728811.000000 90084.000000 2754.000000
27669069.000000 88849.000000 2560.000000
27670917.000000 90265.000000 2767.000000
27646335.000000 85321.000000 2810.000000
27684232.000000 88883.000000 2584.000000
27666703.000000 90732.000000 2758.000000
27744675.000000 89824.000000 2805.000000
27725801.000000 89047.000000 2600.000000
27001230.000000 86372.000000 2622.000000
27725819.000000 90003.000000 2933.000000
27693682.000000 89034.000000 2926.000000
27702567.000000 86184.000000 2751.000000
27707914.000000 85946.000000 2599.000000
27620839.000000 89096.000000 2579.000000
27655661.000000 90622.000000 2831.000000
27712111.000000 88885.000000 2707.000000
27647929.000000 90447.000000 2734.000000
27686205.000000 86213.000000 2728.000000
27697256.000000 89306.000000 2596.000000
27723450.000000 89793.000000 2793.000000
27695040.000000 89912.000000 2704.000000
27697373.000000 88658.000000 2757.000000
27706312.000000 89475.000000 2715.000000
27344950.000000 84700.000000 2742.000000
27219938.000000 87019.000000 2600.000000
27730633.000000 88973.000000 2542.000000
27644313.000000 88702.000000 2519.000000
27642132.000000 88882.000000 2553.000000
27634283.000000 89902.000000 2831.000000
27715333.000000 88671.000000 2697.000000
27740522.000000 89326.000000 2840.000000
27714740.000000 89837.000000 2878.000000
27484786.000000 88211.000000 2715.000000
27652805.000000 89422.000000 2722.000000
27745953.000000 89698.000000 2748.000000
27646192.000000 89350.000000 2581.000000
27679687.000000 89027.000000 2899.000000
27705763.000000 89630.000000 2903.000000
27682648.000000 89737.000000 2853.000000
27680224.000000 89735.000000 2797.000000
27454418.000000 87787.000000 2520.000000
27688254.000000 88692.000000 2538.000000
27292135.000000 87077.000000 2503.000000
27612635.000000 88181.000000 2454.000000
27596692.000000 90466.000000 2780.000000
27681602.000000 90016.000000 2707.000000
27679841.000000 89930.000000 2717.000000
27697474.000000 89122.000000 2904.000000
27714731.000000 89128.000000 2777.000000
27665358.000000 89204.000000 2492.000000
27712153.000000 90302.000000 2684.000000
27680938.000000 88927.000000 2827.000000
27696729.000000 88880.000000 2803.000000
27685849.000000 89639.000000 2737.000000
27720376.000000 88976.000000 2901.000000
27196949.000000 86991.000000 2507.000000
27397410.000000 88746.000000 2769.000000
27689303.000000 89388.000000 2803.000000
27667184.000000 88448.000000 2689.000000
27465792.000000 88176.000000 2888.000000
27612211.000000 85088.000000 2792.000000
27547569.000000 85287.000000 2768.000000
27574993.000000 89989.000000 2688.000000
27699707.000000 89943.000000 3004.000000
27677415.000000 90215.000000 2995.000000
27547594.000000 84937.000000 2852.000000
27719262.000000 90050.000000 3037.000000
27440142.000000 89170.000000 2870.000000
27735684.000000 89970.000000 2954.000000
27710577.000000 90135.000000 2912.000000
27673602.000000 89744.000000 2970.000000
27671552.000000 89502.000000 2721.000000
27643421.000000 88901.000000 2735.000000
27539324.000000 88887.000000 3078.000000
27646615.000000 88751.000000 2535.000000
27692534.000000 88751.000000 2815.000000
27635417.000000 90001.000000 2971.000000
27715798.000000 89814.000000 2956.000000
27726755.000000 89212.000000 2839.000000
27537852.000000 86271.000000 2919.000000
27627036.000000 88631.000000 2950.000000
27735347.000000 89896.000000 2881.000000
27593839.000000 88347.000000 2823.000000
27722276.000000 89259.000000 2790.000000
27731116.000000 90296.000000 2643.000000
27602390.000000 88350.000000 2805.000000
27587356.000000 87910.000000 2574.000000
