27705636.000000 85300.000000 1228.000000
28005239.000000 88834.000000 1101.000000
28070297.000000 88774.000000 1083.000000
28067305.000000 88673.000000 1058.000000
27907668.000000 85666.000000 1261.000000
27742514.000000 90210.000000 1251.000000
27744091.000000 90225.000000 1267.000000
28025458.000000 89718.000000 976.000000
27805389.000000 84958.000000 1078.000000
26909835.000000 84758.000000 984.000000
27576798.000000 86020.000000 1333.000000
27766343.000000 84409.000000 1154.000000
27833269.000000 88936.000000 1159.000000
28006538.000000 89915.000000 1167.000000
28023610.000000 89327.000000 1048.000000
26844375.000000 89374.000000 8346.000000
27889800.000000 85166.000000 1752.000000
27893069.000000 89531.000000 1172.000000
27850845.000000 85458.000000 1191.000000
27868369.000000 86208.000000 1210.000000
28035231.000000 89194.000000 1135.000000
27975506.000000 93928.000000 1368.000000
27921328.000000 89724.000000 1146.000000
28021260.000000 89357.000000 1228.000000
27951075.000000 88750.000000 1118.000000
27602888.000000 85168.000000 1280.000000
27954792.000000 90716.000000 1163.000000
28045760.000000 89403.000000 1066.000000
27911517.000000 85361.000000 1253.000000
28110754.000000 88107.000000 1298.000000
28049990.000000 88874.000000 1154.000000
27873368.000000 86034.000000 1237.000000
27804319.000000 86989.000000 1177.000000
27739946.000000 86209.000000 1145.000000
28000814.000000 88703.000000 974.000000
28015439.000000 87756.000000 1123.000000
28045397.000000 89719.000000 1095.000000
27943853.000000 90249.000000 1155.000000
27591623.000000 86340.000000 1314.000000
27795225.000000 85857.000000 1245.000000
27700791.000000 85462.000000 1289.000000
27549623.000000 90750.000000 1320.000000
28037066.000000 90280.000000 1142.000000
28056013.000000 88708.000000 1101.000000
27730272.000000 89169.000000 1244.000000
27799035.000000 89275.000000 1097.000000
27789193.000000 93904.000000 1172.000000
28018377.000000 89022.000000 1011.000000
28085936.000000 89203.000000 1059.000000
27999725.000000 90620.000000 1230.000000
27956155.000000 92708.000000 1253.000000
27907483.000000 85186.000000 1456.000000
27988793.000000 88238.000000 1073.000000
28040529.000000 90027.000000 1100.000000
27930913.000000 94360.000000 1185.000000
27899589.000000 85223.000000 1193.000000
27728601.000000 85396.000000 1169.000000
27989061.000000 89452.000000 1115.000000
28038365.000000 88620.000000 1150.000000
27973627.000000 93576.000000 1173.000000
28072017.000000 88636.000000 966.000000
27597974.000000 87717.000000 1199.000000
28083998.000000 88703.000000 1123.000000
28030493.000000 90460.000000 1162.000000
27971156.000000 84640.000000 1101.000000
28037202.000000 89046.000000 1093.000000
27865321.000000 88844.000000 1236.000000
27963710.000000 85346.000000 1181.000000
28029047.000000 93426.000000 1247.000000
27998543.000000 88951.000000 1071.000000
28108127.000000 89489.000000 1061.000000
28051970.000000 89823.000000 1162.000000
28012596.000000 93519.000000 1095.000000
27997218.000000 89414.000000 1009.000000
27883782.000000 84799.000000 1103.000000
27948170.000000 85381.000000 1203.000000
28051029.000000 89132.000000 1073.000000
28021406.000000 88799.000000 1126.000000
28023724.000000 94017.000000 1097.000000
28099640.000000 88951.000000 981.000000
27876536.000000 85586.000000 1162.000000
28054219.000000 88491.000000 1206.000000
27881639.000000 94178.000000 1177.000000
27995001.000000 89672.000000 1703.000000
27766728.000000 84671.000000 1232.000000
27861898.000000 93281.000000 1116.000000
28048741.000000 89211.000000 1085.000000
27748971.000000 89573.000000 1212.000000
27644095.000000 84550.000000 1286.000000
28034902.000000 88597.000000 1177.000000
27972331.000000 88463.000000 1109.000000
28005230.000000 94353.000000 1159.000000
26957084.000000 82147.000000 1119.000000
27924037.000000 84468.000000 1244.000000
27692732.000000 85793.000000 1248.000000
27864258.000000 88282.000000 1129.000000
27680268.000000 85908.000000 1311.000000
28014493.000000 90002.000000 1273.000000
27998256.000000 89802.000000 1192.000000
27958132.000000 94120.000000 1175.000000
