15823490.000000 172032.000000 85931.000000
16107271.000000 176030.000000 81551.000000
15929850.000000 173119.000000 82228.000000
16189238.000000 422655.000000 80821.000000
15757887.000000 170440.000000 86066.000000
16035176.000000 176643.000000 82828.000000
11376470.000000 416651.000000 67596.000000
15771709.000000 172373.000000 85118.000000
16009127.000000 176954.000000 82728.000000
16109304.000000 316036.000000 81832.000000
15929512.000000 175456.000000 83688.000000
12629344.000000 410733.000000 73117.000000
16056272.000000 175916.000000 82261.000000
12008222.000000 258412.000000 70137.000000
15910756.000000 175244.000000 84616.000000
15806936.000000 172357.000000 84846.000000
11672615.000000 345338.000000 67930.000000
16034915.000000 175372.000000 83261.000000
15782376.000000 172618.000000 86638.000000
16027119.000000 176594.000000 82924.000000
15719398.000000 172459.000000 87748.000000
15766699.000000 170947.000000 85948.000000
15997724.000000 177355.000000 82767.000000
16564803.000000 179710.000000 79869.000000
16056585.000000 176802.000000 82659.000000
10457489.000000 515827.000000 66303.000000
16094211.000000 253218.000000 81481.000000
14673571.000000 281789.000000 77974.000000
15822432.000000 170743.000000 84759.000000
11910871.000000 482042.000000 73669.000000
15760050.000000 172374.000000 86895.000000
16055847.000000 177496.000000 82170.000000
16096032.000000 177564.000000 82566.000000
15955434.000000 173712.000000 83506.000000
15687784.000000 169504.000000 86227.000000
15961628.000000 173900.000000 84686.000000
16054930.000000 310375.000000 80323.000000
15329146.000000 199454.000000 77396.000000
15721062.000000 170334.000000 87737.000000
15713997.000000 171405.000000 86980.000000
15607133.000000 168982.000000 87857.000000
15721861.000000 169246.000000 87337.000000
16068308.000000 175069.000000 82129.000000
16038632.000000 176851.000000 82864.000000
15772810.000000 170365.000000 87568.000000
15921043.000000 175130.000000 83922.000000
15697273.000000 170737.000000 87977.000000
15945217.000000 174503.000000 83582.000000
15977507.000000 175399.000000 82701.000000
16091104.000000 176237.000000 81686.000000
16045456.000000 433837.000000 81340.000000
14451717.000000 458733.000000 76234.000000
15715373.000000 170384.000000 87492.000000
16026067.000000 174325.000000 82617.000000
15830853.000000 170624.000000 87784.000000
15771957.000000 169931.000000 86454.000000
15504147.000000 170085.000000 85399.000000
15984499.000000 176269.000000 83396.000000
16016266.000000 175964.000000 85066.000000
15749828.000000 171550.000000 86992.000000
15786077.000000 171108.000000 85427.000000
16201871.000000 450084.000000 80411.000000
16115005.000000 177991.000000 82085.000000
15507130.000000 247332.000000 77924.000000
15839465.000000 172686.000000 86563.000000
16174870.000000 383099.000000 81412.000000
16136285.000000 176499.000000 81114.000000
15875000.000000 171478.000000 84144.000000
15874530.000000 171885.000000 85482.000000
15702045.000000 172097.000000 85637.000000
16186649.000000 261160.000000 80732.000000
15807263.000000 171158.000000 87184.000000
16132323.000000 177817.000000 81096.000000
11839987.000000 560270.000000 73452.000000
15979290.000000 175188.000000 83878.000000
15945241.000000 172981.000000 84730.000000
16045338.000000 177480.000000 82687.000000
15853050.000000 171456.000000 83973.000000
15861602.000000 172112.000000 86243.000000
15870956.000000 173403.000000 85935.000000
17470145.000000 364896.000000 52915.000000
15602698.000000 295440.000000 79315.000000
13414250.000000 347961.000000 80519.000000
16019285.000000 177321.000000 82814.000000
10402089.000000 511739.000000 77510.000000
26187773.000000 86965.000000 6201.000000
15844276.000000 171785.000000 84638.000000
16000283.000000 175131.000000 83310.000000
15901791.000000 172720.000000 85054.000000
15810567.000000 171133.000000 86807.000000
16151373.000000 290238.000000 81275.000000
15799180.000000 172682.000000 86693.000000
15825707.000000 173896.000000 84329.000000
15963317.000000 497634.000000 80041.000000
15723828.000000 171138.000000 86381.000000
16158196.000000 175908.000000 81173.000000
16035462.000000 174602.000000 81873.000000
15668239.000000 170855.000000 86173.000000
16226964.000000 437631.000000 80574.000000
15989898.000000 175406.000000 84634.000000
