27683484.000000 83798.000000 712.000000
28339193.000000 86712.000000 680.000000
28402517.000000 86885.000000 734.000000
28417717.000000 87129.000000 797.000000
28330003.000000 86354.000000 612.000000
28477605.000000 86135.000000 665.000000
27989352.000000 84744.000000 744.000000
28310378.000000 87378.000000 695.000000
28206025.000000 87271.000000 678.000000
27907239.000000 85530.000000 572.000000
28165402.000000 85681.000000 671.000000
28285301.000000 86938.000000 672.000000
28241425.000000 86794.000000 622.000000
28344015.000000 87448.000000 584.000000
28382314.000000 86618.000000 604.000000
28400715.000000 86123.000000 658.000000
28282761.000000 86449.000000 519.000000
28201609.000000 89014.000000 695.000000
28429358.000000 86776.000000 729.000000
28411839.000000 86611.000000 686.000000
28096706.000000 86148.000000 725.000000
28365716.000000 86445.000000 661.000000
28401832.000000 86395.000000 569.000000
28417573.000000 87934.000000 656.000000
28378042.000000 86640.000000 650.000000
28528340.000000 86742.000000 591.000000
28363657.000000 87784.000000 550.000000
28303866.000000 87018.000000 587.000000
28310381.000000 87293.000000 578.000000
28338062.000000 87212.000000 525.000000
28349728.000000 87428.000000 506.000000
28331325.000000 86579.000000 656.000000
28339321.000000 86700.000000 643.000000
28218615.000000 86877.000000 599.000000
28378972.000000 86981.000000 613.000000
28326998.000000 86455.000000 648.000000
28421770.000000 86348.000000 564.000000
28256769.000000 86755.000000 611.000000
27567607.000000 84310.000000 593.000000
28118027.000000 85330.000000 733.000000
28267793.000000 86538.000000 629.000000
28428246.000000 86382.000000 628.000000
28353641.000000 86170.000000 571.000000
28345960.000000 86386.000000 644.000000
28345974.000000 87580.000000 649.000000
28513628.000000 87038.000000 686.000000
28340141.000000 86555.000000 737.000000
28398746.000000 86718.000000 691.000000
27538360.000000 83676.000000 682.000000
28347908.000000 87169.000000 671.000000
28399156.000000 86646.000000 712.000000
28302173.000000 86471.000000 661.000000
28407756.000000 87269.000000 617.000000
28288193.000000 86124.000000 595.000000
28478025.000000 86451.000000 608.000000
28425160.000000 86392.000000 627.000000
28385852.000000 86784.000000 972.000000
28315770.000000 83702.000000 686.000000
28193168.000000 87728.000000 569.000000
28266988.000000 86064.000000 534.000000
28333298.000000 87003.000000 577.000000
28415097.000000 86821.000000 645.000000
28339649.000000 87265.000000 637.000000
28520841.000000 86673.000000 585.000000
28312587.000000 86335.000000 602.000000
28179293.000000 85419.000000 693.000000
28404285.000000 85784.000000 645.000000
28287985.000000 87804.000000 590.000000
28424364.000000 86060.000000 652.000000
28229834.000000 86485.000000 794.000000
28414554.000000 86996.000000 626.000000
28111936.000000 86264.000000 613.000000
27978294.000000 85744.000000 653.000000
28411831.000000 86292.000000 752.000000
28390708.000000 87550.000000 637.000000
28222217.000000 86512.000000 680.000000
28284431.000000 86542.000000 695.000000
28238728.000000 87136.000000 632.000000
28276719.000000 86196.000000 509.000000
28267503.000000 87046.000000 615.000000
28385010.000000 86093.000000 622.000000
28351423.000000 86223.000000 643.000000
28324256.000000 86445.000000 594.000000
28358498.000000 87330.000000 545.000000
28396211.000000 86378.000000 624.000000
28370911.000000 86612.000000 632.000000
28250474.000000 88524.000000 756.000000
28432823.000000 86985.000000 564.000000
28433553.000000 86418.000000 554.000000
28427045.000000 86577.000000 569.000000
28331225.000000 86352.000000 593.000000
28366224.000000 87179.000000 559.000000
28410957.000000 87463.000000 650.000000
28334501.000000 86206.000000 584.000000
28304265.000000 86318.000000 511.000000
28438972.000000 86555.000000 659.000000
28330482.000000 85512.000000 528.000000
28489222.000000 86251.000000 569.000000
28332954.000000 86086.000000 642.000000
28279852.000000 86306.000000 619.000000
