29078962.000000 73301.000000 1719.000000
29028892.000000 73858.000000 1723.000000
28917794.000000 74217.000000 1715.000000
28917762.000000 73510.000000 1853.000000
28976092.000000 73917.000000 1782.000000
29016108.000000 73700.000000 1659.000000
29075141.000000 74558.000000 1443.000000
29051852.000000 73282.000000 1633.000000
29058210.000000 73772.000000 1502.000000
29102842.000000 73932.000000 1597.000000
29105299.000000 73557.000000 1596.000000
29063263.000000 73493.000000 1647.000000
29000551.000000 73445.000000 1530.000000
29056428.000000 73988.000000 1421.000000
28134330.000000 69553.000000 1458.000000
29031168.000000 73564.000000 1652.000000
29111682.000000 73789.000000 1602.000000
29029239.000000 73828.000000 1676.000000
29093800.000000 73989.000000 1646.000000
29010550.000000 73387.000000 1409.000000
29072715.000000 74137.000000 1522.000000
29046898.000000 73843.000000 1606.000000
29014771.000000 73937.000000 1379.000000
29125444.000000 73929.000000 1418.000000
28945023.000000 74774.000000 1653.000000
29062059.000000 74149.000000 1596.000000
29081553.000000 74790.000000 1648.000000
29081896.000000 73534.000000 1609.000000
29052775.000000 74296.000000 1616.000000
29037327.000000 73662.000000 1595.000000
29028882.000000 74008.000000 1751.000000
28852624.000000 71832.000000 1476.000000
29077588.000000 74656.000000 1509.000000
28994989.000000 73288.000000 1654.000000
29106521.000000 73526.000000 1550.000000
29162805.000000 73665.000000 1261.000000
29068628.000000 73715.000000 1304.000000
28994949.000000 73351.000000 1451.000000
29017593.000000 74929.000000 1503.000000
29079735.000000 74074.000000 1521.000000
29111689.000000 74506.000000 1608.000000
29029080.000000 74250.000000 1702.000000
28934618.000000 73053.000000 1538.000000
29069100.000000 73648.000000 1557.000000
28975494.000000 74237.000000 1599.000000
28967665.000000 73380.000000 1527.000000
29034087.000000 74051.000000 1298.000000
28981340.000000 74877.000000 1694.000000
29075346.000000 73401.000000 1490.000000
28960771.000000 72790.000000 1628.000000
29017719.000000 72776.000000 1616.000000
29036939.000000 74009.000000 1777.000000
29095718.000000 73449.000000 1630.000000
29055995.000000 73257.000000 1616.000000
29034694.000000 74664.000000 1626.000000
29064919.000000 74244.000000 1469.000000
29067805.000000 74507.000000 1833.000000
28963336.000000 73559.000000 1798.000000
28904408.000000 73394.000000 1425.000000
28975425.000000 73825.000000 1427.000000
29046695.000000 74725.000000 1492.000000
29094853.000000 73862.000000 1616.000000
29066611.000000 73764.000000 1502.000000
29106015.000000 74250.000000 1494.000000
29031785.000000 73730.000000 1824.000000
28975801.000000 72847.000000 1724.000000
29087447.000000 74053.000000 1548.000000
29070384.000000 74024.000000 1522.000000
28882609.000000 73069.000000 1475.000000
29045016.000000 73294.000000 1852.000000
29076463.000000 74103.000000 1606.000000
29057822.000000 74098.000000 1816.000000
29068169.000000 73475.000000 1316.000000
29113591.000000 73997.000000 1599.000000
29014029.000000 73427.000000 1506.000000
28695622.000000 72680.000000 1403.000000
29065189.000000 73584.000000 1444.000000
29071844.000000 73182.000000 1479.000000
29024366.000000 73728.000000 1375.000000
28830998.000000 74009.000000 1729.000000
28925836.000000 74377.000000 1745.000000
29099870.000000 73805.000000 1418.000000
28898752.000000 73135.000000 1410.000000
29002405.000000 73644.000000 1566.000000
28898770.000000 73990.000000 1617.000000
28417934.000000 72836.000000 1637.000000
29071169.000000 74108.000000 1368.000000
29105528.000000 74305.000000 1485.000000
29017313.000000 73730.000000 1401.000000
28955679.000000 73404.000000 1661.000000
29057317.000000 73690.000000 1451.000000
29185107.000000 73373.000000 1560.000000
29097424.000000 73787.000000 1427.000000
29089391.000000 73666.000000 1381.000000
29087699.000000 73466.000000 1395.000000
27683824.000000 69528.000000 1430.000000
29091969.000000 74735.000000 1629.000000
29049580.000000 74010.000000 1485.000000
29084978.000000 73348.000000 1409.000000
29019502.000000 73395.000000 1757.000000
