25819036.000000 69775.000000 21618.000000
25484018.000000 69310.000000 21530.000000
25886513.000000 71652.000000 21249.000000
25878980.000000 72125.000000 21135.000000
25835230.000000 69423.000000 21497.000000
25737298.000000 69227.000000 21362.000000
25897177.000000 72410.000000 20413.000000
25992757.000000 72993.000000 20386.000000
25994366.000000 72108.000000 20413.000000
25904643.000000 70155.000000 21308.000000
25859189.000000 73245.000000 20538.000000
26025758.000000 72372.000000 20284.000000
25889448.000000 71512.000000 20296.000000
25916596.000000 71759.000000 20882.000000
25960192.000000 72090.000000 20604.000000
25404269.000000 70928.000000 20711.000000
25894336.000000 71794.000000 20839.000000
25891155.000000 69948.000000 21314.000000
25774425.000000 69560.000000 21364.000000
25763537.000000 70306.000000 21421.000000
25545269.000000 73440.000000 21400.000000
25975553.000000 72097.000000 20318.000000
25940754.000000 72749.000000 20444.000000
25783646.000000 68719.000000 21486.000000
25890082.000000 71488.000000 19964.000000
26017023.000000 72529.000000 20485.000000
24943203.000000 68300.000000 20309.000000
25712544.000000 69217.000000 21775.000000
25830698.000000 73048.000000 20955.000000
25693489.000000 69238.000000 21861.000000
25794481.000000 69610.000000 21608.000000
25820690.000000 72273.000000 20568.000000
25822444.000000 72150.000000 20889.000000
25961979.000000 71985.000000 20370.000000
25926165.000000 72444.000000 20390.000000
25884351.000000 73392.000000 20580.000000
25768948.000000 72058.000000 20524.000000
25912334.000000 73080.000000 20663.000000
26013588.000000 72808.000000 20537.000000
25725022.000000 71391.000000 20818.000000
25922302.000000 73272.000000 20442.000000
25910838.000000 72271.000000 20484.000000
25860078.000000 73527.000000 20579.000000
25780067.000000 69745.000000 21121.000000
25891317.000000 71941.000000 20798.000000
25888134.000000 72846.000000 20786.000000
24544771.000000 65846.000000 19487.000000
25674980.000000 70068.000000 21465.000000
25959666.000000 72734.000000 20760.000000
25978124.000000 72723.000000 20404.000000
25910072.000000 72482.000000 20705.000000
26004221.000000 72219.000000 20579.000000
25910642.000000 72651.000000 20575.000000
25769854.000000 69784.000000 21521.000000
25886640.000000 72448.000000 20440.000000
25838773.000000 71418.000000 20304.000000
25479601.000000 70297.000000 20895.000000
25932550.000000 71542.000000 20205.000000
25874161.000000 71722.000000 20326.000000
26013895.000000 72163.000000 20409.000000
25908876.000000 72932.000000 20658.000000
25900523.000000 69384.000000 21711.000000
25830919.000000 71737.000000 20803.000000
25721243.000000 69735.000000 21707.000000
25870996.000000 72908.000000 20786.000000
25973851.000000 72448.000000 20255.000000
25757816.000000 71244.000000 21903.000000
25632919.000000 70253.000000 20678.000000
25804197.000000 69215.000000 21467.000000
25742717.000000 69588.000000 22100.000000
26005500.000000 72722.000000 20674.000000
25916678.000000 73492.000000 20394.000000
25805315.000000 70360.000000 21539.000000
25849200.000000 72758.000000 20643.000000
25982491.000000 71993.000000 20304.000000
25595602.000000 70193.000000 21127.000000
25833875.000000 72109.000000 20487.000000
25885032.000000 72470.000000 20621.000000
25754966.000000 69323.000000 21557.000000
25403169.000000 70064.000000 20909.000000
25871010.000000 72444.000000 20575.000000
25989808.000000 73085.000000 20323.000000
25876942.000000 72856.000000 20774.000000
25792014.000000 71588.000000 20823.000000
25907103.000000 71907.000000 20617.000000
25829193.000000 71794.000000 20658.000000
25915677.000000 72335.000000 20841.000000
25962814.000000 72240.000000 20681.000000
25937432.000000 72489.000000 20284.000000
25945755.000000 72135.000000 20668.000000
25694540.000000 68943.000000 21161.000000
25976769.000000 71802.000000 20550.000000
25876813.000000 73531.000000 20701.000000
25891851.000000 71756.000000 20730.000000
25499341.000000 70015.000000 20806.000000
25911750.000000 69186.000000 21499.000000
25839357.000000 69318.000000 21384.000000
25195771.000000 70572.000000 20681.000000
26003547.000000 72209.000000 20046.000000
25949754.000000 72814.000000 20418.000000
