26363101.000000 71816.000000 16578.000000
26436091.000000 73099.000000 16795.000000
25240255.000000 69469.000000 16064.000000
26446226.000000 73545.000000 17065.000000
26289162.000000 72330.000000 17479.000000
26388556.000000 72613.000000 17365.000000
26347864.000000 72972.000000 17274.000000
26309014.000000 74108.000000 17339.000000
26371407.000000 72700.000000 16833.000000
26428148.000000 72910.000000 16920.000000
26158594.000000 72663.000000 16268.000000
26409795.000000 72985.000000 16658.000000
26472382.000000 73021.000000 17063.000000
26230828.000000 70441.000000 17516.000000
26375584.000000 74468.000000 16859.000000
26050239.000000 72227.000000 16355.000000
26345880.000000 72999.000000 16884.000000
26268311.000000 72914.000000 17179.000000
26304406.000000 73126.000000 17409.000000
26335097.000000 73457.000000 16625.000000
26241355.000000 70069.000000 17548.000000
26250373.000000 75201.000000 17491.000000
26370129.000000 72960.000000 16920.000000
26340748.000000 73469.000000 16785.000000
26413448.000000 72812.000000 16677.000000
26352189.000000 72820.000000 16954.000000
26366621.000000 72230.000000 16795.000000
26367302.000000 73061.000000 16559.000000
26256179.000000 73477.000000 17140.000000
26422672.000000 73223.000000 17255.000000
26463618.000000 72677.000000 16398.000000
26457432.000000 73200.000000 16992.000000
26406397.000000 73443.000000 16924.000000
26428918.000000 72600.000000 17093.000000
26375740.000000 73111.000000 16954.000000
26369224.000000 73254.000000 16864.000000
26403724.000000 73498.000000 16911.000000
26251473.000000 73771.000000 17494.000000
26403678.000000 73235.000000 16621.000000
26198721.000000 76509.000000 17469.000000
26485872.000000 73509.000000 16901.000000
26398977.000000 72412.000000 16904.000000
26270472.000000 72916.000000 17069.000000
26325463.000000 73048.000000 17289.000000
26449082.000000 71976.000000 16672.000000
26315583.000000 70933.000000 17508.000000
26273216.000000 72240.000000 17076.000000
26261518.000000 72839.000000 17129.000000
26413983.000000 70172.000000 17473.000000
26257457.000000 73049.000000 17075.000000
26323177.000000 73179.000000 16978.000000
26348502.000000 72600.000000 17321.000000
26342781.000000 72152.000000 16968.000000
26341270.000000 72442.000000 16443.000000
26340116.000000 72646.000000 16919.000000
26420386.000000 73083.000000 16969.000000
26417284.000000 73417.000000 16910.000000
26438888.000000 73184.000000 17117.000000
26423545.000000 74491.000000 16907.000000
26458837.000000 74242.000000 16941.000000
26417691.000000 73258.000000 16702.000000
26497175.000000 72915.000000 16847.000000
26406765.000000 73478.000000 16813.000000
26357440.000000 73360.000000 16353.000000
26461276.000000 73292.000000 17071.000000
26437597.000000 72591.000000 17025.000000
26315860.000000 72485.000000 16674.000000
26407552.000000 73500.000000 16776.000000
26453054.000000 73199.000000 17084.000000
26443338.000000 73034.000000 16708.000000
26315112.000000 72743.000000 16733.000000
26407845.000000 72927.000000 17039.000000
26234155.000000 73479.000000 17802.000000
26279897.000000 72561.000000 16827.000000
26432718.000000 72680.000000 16869.000000
26306505.000000 72047.000000 16789.000000
26261676.000000 73199.000000 16441.000000
25731069.000000 71569.000000 16753.000000
26412001.000000 73426.000000 16708.000000
26374869.000000 72595.000000 17224.000000
26339331.000000 72524.000000 16983.000000
26422486.000000 73591.000000 16914.000000
26482617.000000 73789.000000 17031.000000
26372426.000000 72706.000000 16978.000000
26403993.000000 72846.000000 17281.000000
26445995.000000 74328.000000 17010.000000
26413225.000000 74167.000000 16993.000000
26418147.000000 73398.000000 16861.000000
26413311.000000 73562.000000 16917.000000
26394618.000000 73461.000000 17228.000000
26348853.000000 72050.000000 17030.000000
26196528.000000 69306.000000 17727.000000
26235723.000000 69590.000000 17402.000000
26357913.000000 72932.000000 17021.000000
26339454.000000 74682.000000 17155.000000
26431881.000000 72759.000000 16854.000000
26398562.000000 72631.000000 16925.000000
26444333.000000 71160.000000 17761.000000
26354696.000000 73018.000000 16602.000000
26333487.000000 73032.000000 17344.000000
