28635464.000000 81258.000000 448.000000
28510647.000000 80530.000000 209.000000
28551973.000000 80897.000000 319.000000
28624829.000000 82050.000000 343.000000
28786285.000000 81190.000000 180.000000
28627369.000000 81560.000000 266.000000
28621738.000000 82121.000000 381.000000
28678796.000000 81789.000000 141.000000
28143967.000000 80103.000000 218.000000
28156068.000000 79949.000000 186.000000
28707268.000000 82258.000000 146.000000
28604011.000000 81846.000000 401.000000
28517713.000000 81653.000000 174.000000
28641965.000000 81635.000000 367.000000
28147062.000000 79232.000000 151.000000
28595403.000000 81444.000000 328.000000
28550595.000000 80057.000000 310.000000
28606966.000000 82024.000000 146.000000
28616378.000000 81532.000000 217.000000
28637423.000000 81775.000000 310.000000
28638436.000000 84392.000000 247.000000
28565174.000000 84169.000000 271.000000
28607689.000000 80596.000000 161.000000
28578114.000000 80451.000000 235.000000
28680489.000000 81252.000000 345.000000
28530300.000000 81832.000000 334.000000
28396607.000000 77665.000000 309.000000
28768714.000000 81981.000000 190.000000
28581974.000000 80617.000000 372.000000
28653513.000000 81639.000000 205.000000
28685440.000000 81725.000000 173.000000
28499533.000000 80021.000000 126.000000
28748740.000000 82207.000000 354.000000
28504405.000000 80340.000000 301.000000
28664457.000000 82169.000000 207.000000
28625650.000000 84773.000000 151.000000
28736421.000000 80918.000000 259.000000
28643243.000000 80510.000000 375.000000
28610436.000000 84257.000000 227.000000
28579219.000000 81434.000000 127.000000
28300358.000000 78044.000000 359.000000
28661077.000000 81372.000000 125.000000
28711799.000000 82264.000000 285.000000
28639018.000000 82618.000000 541.000000
28604915.000000 81007.000000 411.000000
28572311.000000 81225.000000 334.000000
28655558.000000 80811.000000 198.000000
28717997.000000 81935.000000 186.000000
28458791.000000 80465.000000 500.000000
28681882.000000 81032.000000 216.000000
28637506.000000 81374.000000 422.000000
28596241.000000 81258.000000 270.000000
28617398.000000 81547.000000 386.000000
28668560.000000 81323.000000 353.000000
28592103.000000 84589.000000 243.000000
28605637.000000 80936.000000 131.000000
28556866.000000 84875.000000 281.000000
28668871.000000 81620.000000 134.000000
28647828.000000 81339.000000 242.000000
28552919.000000 80803.000000 257.000000
28682748.000000 82103.000000 204.000000
28440658.000000 79778.000000 383.000000
28593493.000000 81462.000000 227.000000
28653049.000000 81255.000000 257.000000
28088430.000000 82495.000000 368.000000
28699811.000000 81077.000000 362.000000
28687415.000000 81833.000000 276.000000
28670080.000000 81489.000000 206.000000
28652876.000000 81148.000000 397.000000
28641391.000000 85098.000000 452.000000
28660667.000000 82011.000000 411.000000
28511007.000000 81177.000000 311.000000
28677592.000000 82516.000000 150.000000
28402434.000000 77235.000000 190.000000
28588104.000000 81349.000000 219.000000
28609285.000000 78994.000000 223.000000
28675284.000000 81972.000000 195.000000
28661614.000000 81187.000000 172.000000
28614158.000000 80951.000000 422.000000
28593826.000000 81291.000000 150.000000
28617513.000000 80470.000000 283.000000
28649089.000000 80903.000000 393.000000
28592943.000000 81218.000000 117.000000
28671066.000000 81399.000000 252.000000
28689481.000000 81151.000000 470.000000
28581820.000000 81744.000000 374.000000
28277286.000000 79987.000000 209.000000
28490134.000000 79936.000000 137.000000
28527969.000000 83137.000000 189.000000
28688013.000000 81740.000000 317.000000
28651310.000000 81091.000000 261.000000
28568324.000000 84783.000000 480.000000
28589918.000000 81723.000000 515.000000
28689274.000000 81236.000000 204.000000
28682585.000000 82499.000000 139.000000
28626815.000000 81927.000000 362.000000
28703613.000000 81723.000000 254.000000
28615392.000000 81973.000000 342.000000
28592418.000000 81277.000000 282.000000
28688368.000000 81430.000000 216.000000
