28638662.000000 83342.000000 535.000000
28443890.000000 79568.000000 587.000000
28524847.000000 80190.000000 485.000000
28561118.000000 79761.000000 570.000000
28459381.000000 80406.000000 709.000000
28667798.000000 84281.000000 538.000000
28298259.000000 81130.000000 608.000000
28529531.000000 79284.000000 518.000000
28545805.000000 80058.000000 651.000000
28438154.000000 84866.000000 462.000000
28487050.000000 79350.000000 474.000000
28560565.000000 79979.000000 519.000000
28747811.000000 83865.000000 537.000000
28490573.000000 79574.000000 657.000000
28670076.000000 84574.000000 510.000000
28563942.000000 83227.000000 436.000000
28621838.000000 83313.000000 628.000000
27196472.000000 75453.000000 568.000000
28369682.000000 79813.000000 608.000000
28621457.000000 79437.000000 643.000000
28441620.000000 80465.000000 531.000000
28514101.000000 79982.000000 624.000000
28590848.000000 80073.000000 642.000000
28626230.000000 83172.000000 594.000000
28603082.000000 83336.000000 632.000000
28445885.000000 79264.000000 719.000000
28613965.000000 83599.000000 542.000000
28494620.000000 79321.000000 562.000000
28445690.000000 79946.000000 603.000000
28454053.000000 78752.000000 701.000000
28462614.000000 84437.000000 593.000000
28576171.000000 80257.000000 464.000000
28270502.000000 80998.000000 678.000000
28617224.000000 83728.000000 565.000000
28417406.000000 79260.000000 569.000000
28525720.000000 83810.000000 583.000000
28587821.000000 80325.000000 606.000000
28473416.000000 79591.000000 660.000000
28595401.000000 84507.000000 634.000000
28716762.000000 83736.000000 718.000000
28553867.000000 80126.000000 623.000000
28457524.000000 84876.000000 691.000000
28605739.000000 79737.000000 683.000000
28370408.000000 80127.000000 784.000000
28600780.000000 83866.000000 664.000000
28376538.000000 83605.000000 728.000000
28610649.000000 83481.000000 750.000000
28608317.000000 79799.000000 514.000000
28520382.000000 82709.000000 661.000000
28240276.000000 82551.000000 495.000000
28633964.000000 83268.000000 650.000000
28641925.000000 83623.000000 612.000000
28642227.000000 83565.000000 600.000000
28604542.000000 83190.000000 561.000000
28590632.000000 83890.000000 625.000000
26585425.000000 76534.000000 411.000000
28603681.000000 83799.000000 720.000000
28372717.000000 81177.000000 737.000000
28397881.000000 80230.000000 731.000000
28377642.000000 83592.000000 685.000000
28414059.000000 79779.000000 678.000000
28572230.000000 83881.000000 752.000000
28644724.000000 84406.000000 712.000000
28521685.000000 79555.000000 692.000000
28658971.000000 83479.000000 637.000000
28570750.000000 79932.000000 691.000000
28514458.000000 79594.000000 598.000000
28598139.000000 83837.000000 582.000000
28613803.000000 83898.000000 654.000000
28356264.000000 83141.000000 673.000000
28526236.000000 84000.000000 761.000000
28580454.000000 83809.000000 750.000000
28673629.000000 83661.000000 719.000000
28595713.000000 84236.000000 650.000000
28514254.000000 80178.000000 712.000000
28608257.000000 83704.000000 430.000000
28637206.000000 83606.000000 696.000000
28669815.000000 82947.000000 715.000000
28577965.000000 79415.000000 666.000000
26513099.000000 75898.000000 574.000000
28548873.000000 83293.000000 524.000000
28370656.000000 79721.000000 426.000000
28657668.000000 82937.000000 481.000000
28048552.000000 78390.000000 473.000000
28317851.000000 80111.000000 628.000000
28373005.000000 83471.000000 514.000000
28697190.000000 83880.000000 399.000000
28622844.000000 79657.000000 409.000000
28523144.000000 80259.000000 486.000000
28581049.000000 84310.000000 293.000000
28392795.000000 81127.000000 371.000000
28460855.000000 80344.000000 409.000000
28532727.000000 80164.000000 626.000000
28622743.000000 83904.000000 507.000000
28618929.000000 84351.000000 555.000000
28490841.000000 80576.000000 546.000000
28694643.000000 83427.000000 462.000000
28679020.000000 84336.000000 501.000000
28542000.000000 79673.000000 544.000000
28499477.000000 80498.000000 428.000000
