29526540.000000 65068.000000 1355.000000
29459883.000000 65760.000000 1339.000000
29651480.000000 65173.000000 1046.000000
29428430.000000 64193.000000 2306.000000
29481150.000000 65656.000000 1414.000000
29604640.000000 64708.000000 1411.000000
29568027.000000 65019.000000 1501.000000
29578694.000000 64983.000000 1143.000000
29493701.000000 65421.000000 1415.000000
29553312.000000 65117.000000 1366.000000
29493831.000000 65436.000000 1198.000000
29525249.000000 64629.000000 1073.000000
29623185.000000 65128.000000 1214.000000
29532914.000000 65083.000000 1335.000000
29172460.000000 64626.000000 1435.000000
29536210.000000 65057.000000 1365.000000
29412209.000000 64379.000000 1682.000000
29312094.000000 63756.000000 3230.000000
29384933.000000 64989.000000 1474.000000
29489063.000000 65366.000000 1321.000000
29543218.000000 65248.000000 1240.000000
29580473.000000 64579.000000 989.000000
29562345.000000 64536.000000 1018.000000
29667998.000000 65005.000000 1428.000000
29457745.000000 65450.000000 1371.000000
29361514.000000 65064.000000 1430.000000
29525838.000000 64889.000000 1287.000000
29500309.000000 65100.000000 1499.000000
29570798.000000 65022.000000 1267.000000
29495429.000000 64702.000000 1310.000000
29633144.000000 65093.000000 1372.000000
29484848.000000 64545.000000 1308.000000
29589266.000000 64745.000000 1554.000000
29551729.000000 65324.000000 1417.000000
29545923.000000 65338.000000 1368.000000
29556274.000000 64865.000000 1481.000000
29527668.000000 65268.000000 1718.000000
29570154.000000 65361.000000 1126.000000
29488863.000000 65138.000000 1401.000000
29519390.000000 64538.000000 1385.000000
29406191.000000 64528.000000 1513.000000
29569561.000000 64998.000000 1310.000000
29482208.000000 65132.000000 1573.000000
28841704.000000 61156.000000 1247.000000
29489870.000000 65298.000000 1384.000000
29478167.000000 65214.000000 1262.000000
29432779.000000 64876.000000 1661.000000
29534363.000000 65185.000000 1389.000000
29543004.000000 65394.000000 1461.000000
29495795.000000 65138.000000 1103.000000
29459168.000000 65002.000000 1512.000000
29518494.000000 65686.000000 1324.000000
29529589.000000 65110.000000 1497.000000
29426092.000000 65020.000000 1671.000000
29483577.000000 65349.000000 1503.000000
29555904.000000 65220.000000 1235.000000
29540964.000000 65466.000000 1541.000000
29560414.000000 65136.000000 1423.000000
29530412.000000 65669.000000 1347.000000
29487077.000000 65190.000000 1463.000000
29619197.000000 65258.000000 994.000000
29485351.000000 64879.000000 1671.000000
29486385.000000 64782.000000 1023.000000
29491121.000000 64747.000000 1560.000000
29333531.000000 64437.000000 1647.000000
29452068.000000 64541.000000 1445.000000
29453044.000000 66300.000000 1259.000000
29406044.000000 64261.000000 1256.000000
29477962.000000 64939.000000 1750.000000
29595708.000000 65486.000000 866.000000
29356334.000000 64092.000000 3018.000000
29563978.000000 65506.000000 1351.000000
29578594.000000 65361.000000 1357.000000
29076405.000000 64579.000000 1639.000000
29590185.000000 64675.000000 1521.000000
29550447.000000 64745.000000 1583.000000
29528234.000000 65144.000000 1633.000000
29192899.000000 64062.000000 1354.000000
29478105.000000 65299.000000 1514.000000
29523997.000000 64792.000000 1669.000000
29286326.000000 64549.000000 1175.000000
29571029.000000 64442.000000 1533.000000
29589807.000000 65633.000000 1383.000000
29537235.000000 64701.000000 1398.000000
29513405.000000 65041.000000 1765.000000
28882905.000000 62948.000000 1349.000000
29528693.000000 65527.000000 1384.000000
29506268.000000 64840.000000 1396.000000
29416120.000000 64621.000000 1297.000000
29518693.000000 65228.000000 1507.000000
29513275.000000 64720.000000 1111.000000
29483880.000000 65362.000000 1608.000000
29458005.000000 65802.000000 1330.000000
29485285.000000 64750.000000 1624.000000
29367583.000000 64950.000000 1948.000000
29468861.000000 64763.000000 1465.000000
29430288.000000 65019.000000 1516.000000
29655460.000000 65265.000000 1619.000000
29510982.000000 65241.000000 1517.000000
29437105.000000 65839.000000 1067.000000
