28587702.000000 68494.000000 6270.000000
28582767.000000 68640.000000 6051.000000
28357583.000000 68978.000000 6224.000000
28588268.000000 68286.000000 6222.000000
28573296.000000 67905.000000 6039.000000
28562773.000000 68215.000000 6236.000000
28548513.000000 68737.000000 6187.000000
28487069.000000 67925.000000 6181.000000
28572776.000000 69440.000000 6145.000000
28528800.000000 68345.000000 6280.000000
28527713.000000 67963.000000 6022.000000
28491710.000000 67434.000000 6146.000000
28650134.000000 68272.000000 6093.000000
28607279.000000 68259.000000 6166.000000
28557738.000000 68449.000000 6037.000000
28434504.000000 68159.000000 6089.000000
28599918.000000 68166.000000 6186.000000
28489600.000000 68709.000000 6185.000000
28571534.000000 69112.000000 6139.000000
28473421.000000 68777.000000 6261.000000
27748395.000000 67101.000000 5838.000000
28503943.000000 68548.000000 6211.000000
28429118.000000 67303.000000 6534.000000
28448628.000000 68718.000000 6417.000000
28546248.000000 68585.000000 6141.000000
28543146.000000 68614.000000 6220.000000
28522676.000000 68256.000000 6265.000000
28550070.000000 68591.000000 5982.000000
28354514.000000 68873.000000 6095.000000
28504785.000000 69212.000000 6372.000000
28578574.000000 68841.000000 6149.000000
28563869.000000 68876.000000 6359.000000
28535646.000000 68718.000000 6239.000000
28604674.000000 68688.000000 6248.000000
28528862.000000 68278.000000 6092.000000
28392664.000000 68357.000000 6305.000000
28226984.000000 68079.000000 6166.000000
28482023.000000 68551.000000 6219.000000
28503674.000000 68461.000000 6254.000000
28485196.000000 69039.000000 6127.000000
28509599.000000 68336.000000 6191.000000
28561831.000000 68480.000000 6352.000000
28457170.000000 68897.000000 6403.000000
28331521.000000 69198.000000 6277.000000
28541073.000000 68123.000000 6195.000000
28497661.000000 68727.000000 6448.000000
28336267.000000 68344.000000 6121.000000
28462762.000000 69313.000000 6277.000000
28537580.000000 68787.000000 6357.000000
28466646.000000 68528.000000 6252.000000
28563799.000000 68921.000000 6491.000000
28483003.000000 68865.000000 6543.000000
28491571.000000 68683.000000 6274.000000
28557916.000000 68768.000000 6012.000000
28542853.000000 69073.000000 6244.000000
28216763.000000 68958.000000 6185.000000
28343323.000000 68367.000000 6360.000000
28463494.000000 68410.000000 6264.000000
28553553.000000 69106.000000 6424.000000
28458592.000000 68230.000000 6356.000000
28563833.000000 67311.000000 6319.000000
28225092.000000 67833.000000 6298.000000
28561623.000000 68537.000000 6287.000000
28477650.000000 68486.000000 6274.000000
28488715.000000 67607.000000 6055.000000
28598068.000000 68448.000000 6330.000000
28567942.000000 67894.000000 6211.000000
28583855.000000 68245.000000 6265.000000
28558638.000000 68359.000000 6162.000000
28588570.000000 68396.000000 6188.000000
27962233.000000 66615.000000 6128.000000
28536503.000000 68275.000000 6305.000000
28560151.000000 67925.000000 6098.000000
28301946.000000 67658.000000 6288.000000
28605339.000000 68395.000000 6338.000000
28304044.000000 69471.000000 6075.000000
28575394.000000 68970.000000 6337.000000
28549661.000000 68107.000000 6039.000000
28453166.000000 67616.000000 6407.000000
28562817.000000 68585.000000 6068.000000
28447119.000000 69780.000000 5952.000000
28604303.000000 68762.000000 5901.000000
28540109.000000 68292.000000 6201.000000
28591940.000000 68754.000000 5962.000000
28557220.000000 68028.000000 6103.000000
28638562.000000 69312.000000 6054.000000
28610594.000000 69085.000000 6046.000000
28557636.000000 67607.000000 6058.000000
28523786.000000 68788.000000 6098.000000
28561260.000000 68222.000000 6175.000000
28623400.000000 68612.000000 6131.000000
28642944.000000 68296.000000 6097.000000
28549924.000000 68771.000000 5970.000000
28509385.000000 68736.000000 6038.000000
28459757.000000 67295.000000 6219.000000
28619481.000000 68766.000000 6118.000000
28578912.000000 68087.000000 6083.000000
28558364.000000 69327.000000 6072.000000
28560388.000000 68551.000000 6202.000000
28522512.000000 68735.000000 6131.000000
