30643712.000000 38038.000000 66.000000
30433411.000000 38218.000000 29.000000
30437494.000000 38227.000000 112.000000
30522514.000000 38321.000000 11.000000
30453799.000000 38382.000000 1.000000
30502630.000000 37864.000000 51.000000
30439144.000000 38626.000000 18.000000
30587349.000000 37710.000000 21.000000
30566040.000000 38358.000000 92.000000
30463798.000000 37930.000000 54.000000
30407204.000000 38285.000000 47.000000
30526042.000000 38448.000000 21.000000
30114301.000000 37429.000000 10.000000
30319913.000000 38255.000000 49.000000
30420904.000000 38377.000000 87.000000
30589536.000000 38230.000000 3.000000
29893777.000000 38127.000000 3.000000
30456967.000000 38332.000000 18.000000
30216454.000000 37323.000000 23.000000
30470233.000000 38320.000000 37.000000
30411687.000000 38677.000000 31.000000
30552875.000000 37476.000000 8.000000
30483208.000000 38065.000000 122.000000
30606636.000000 38211.000000 43.000000
30568570.000000 38496.000000 19.000000
30573778.000000 38180.000000 18.000000
30092041.000000 37300.000000 4.000000
30538416.000000 38203.000000 13.000000
30620627.000000 38658.000000 4.000000
30567469.000000 38051.000000 20.000000
30628885.000000 38187.000000 52.000000
30529567.000000 38015.000000 116.000000
30490255.000000 37795.000000 2.000000
28914634.000000 36863.000000 6.000000
30456987.000000 37870.000000 5.000000
30339131.000000 38963.000000 30.000000
30595359.000000 38155.000000 3.000000
30575660.000000 37676.000000 39.000000
30490209.000000 37831.000000 49.000000
30370957.000000 38330.000000 37.000000
30460003.000000 38231.000000 14.000000
29386732.000000 37530.000000 63.000000
30502157.000000 38395.000000 39.000000
30520208.000000 38170.000000 37.000000
30540796.000000 38468.000000 11.000000
30524225.000000 38043.000000 21.000000
30588886.000000 37951.000000 4.000000
30453058.000000 38155.000000 34.000000
30417029.000000 38017.000000 11.000000
30466747.000000 38527.000000 56.000000
30490808.000000 38706.000000 39.000000
30421835.000000 37485.000000 80.000000
30460158.000000 37960.000000 6.000000
29013599.000000 38562.000000 52.000000
30506784.000000 37902.000000 8.000000
30586990.000000 38621.000000 33.000000
30605720.000000 38136.000000 34.000000
30488950.000000 38620.000000 13.000000
30456723.000000 38171.000000 35.000000
30575965.000000 38373.000000 39.000000
30327752.000000 38067.000000 49.000000
30511953.000000 38306.000000 42.000000
30496244.000000 38264.000000 41.000000
30450619.000000 37571.000000 30.000000
30490618.000000 37891.000000 56.000000
30544479.000000 37775.000000 7.000000
30572231.000000 38300.000000 44.000000
30535825.000000 38410.000000 93.000000
29636467.000000 38596.000000 44.000000
30219636.000000 38026.000000 8.000000
30580501.000000 38204.000000 18.000000
30496789.000000 38170.000000 79.000000
30533912.000000 38484.000000 47.000000
30348243.000000 38388.000000 53.000000
30466407.000000 37980.000000 22.000000
30513381.000000 38517.000000 0.000000
30461894.000000 38309.000000 37.000000
30105386.000000 37698.000000 40.000000
30532540.000000 38668.000000 3.000000
30528274.000000 38171.000000 5.000000
30414732.000000 38169.000000 75.000000
30501349.000000 38126.000000 3.000000
30566978.000000 37943.000000 1.000000
30633891.000000 38491.000000 0.000000
29886931.000000 37927.000000 4.000000
30577253.000000 38309.000000 5.000000
30535972.000000 38218.000000 63.000000
30540371.000000 38356.000000 3.000000
30586131.000000 37992.000000 1.000000
30594497.000000 37990.000000 5.000000
30434574.000000 38150.000000 48.000000
30522943.000000 37779.000000 8.000000
30503479.000000 38006.000000 68.000000
30568824.000000 37948.000000 70.000000
30574824.000000 38604.000000 63.000000
30436464.000000 38476.000000 54.000000
30396113.000000 38800.000000 3.000000
30507089.000000 38017.000000 10.000000
30507388.000000 38265.000000 12.000000
30534038.000000 38158.000000 30.000000
