28178744.000000 82432.000000 3267.000000
28171060.000000 86077.000000 3201.000000
28219755.000000 82387.000000 3114.000000
28352157.000000 82027.000000 3021.000000
27919623.000000 77713.000000 3143.000000
28217639.000000 79804.000000 3215.000000
28106375.000000 83010.000000 3382.000000
28050920.000000 86317.000000 3124.000000
28088120.000000 78116.000000 3136.000000
28025254.000000 78313.000000 3110.000000
28080450.000000 82693.000000 3178.000000
28206380.000000 81512.000000 2982.000000
28322817.000000 82559.000000 3050.000000
28268621.000000 82881.000000 2984.000000
28179567.000000 78628.000000 3027.000000
28243473.000000 82188.000000 3100.000000
28241727.000000 82065.000000 3086.000000
27700905.000000 84505.000000 3147.000000
28125207.000000 83818.000000 3370.000000
28224183.000000 83090.000000 3066.000000
28158782.000000 85333.000000 3163.000000
28108814.000000 86368.000000 3264.000000
28131702.000000 86296.000000 3324.000000
28160247.000000 79108.000000 3308.000000
28233756.000000 82779.000000 2875.000000
28265179.000000 82718.000000 2923.000000
28372959.000000 82675.000000 2899.000000
28211580.000000 78709.000000 2921.000000
28068720.000000 86357.000000 3159.000000
28081641.000000 85863.000000 3058.000000
28312250.000000 82755.000000 3038.000000
28019083.000000 82429.000000 3090.000000
28236307.000000 82525.000000 2917.000000
28221311.000000 83062.000000 3031.000000
28249803.000000 82125.000000 3029.000000
28065821.000000 82459.000000 3130.000000
27939413.000000 80614.000000 2926.000000
28219464.000000 83635.000000 3115.000000
27870248.000000 82595.000000 3032.000000
28179528.000000 78657.000000 3398.000000
28209051.000000 83472.000000 3123.000000
28241564.000000 79129.000000 3275.000000
28219547.000000 82813.000000 3225.000000
28027635.000000 82116.000000 3019.000000
26043522.000000 76933.000000 18113.000000
28203625.000000 81925.000000 2996.000000
28201183.000000 82745.000000 3096.000000
28032324.000000 82917.000000 3151.000000
28188072.000000 85833.000000 3139.000000
28159929.000000 82580.000000 3272.000000
28050165.000000 83535.000000 3283.000000
28259590.000000 82384.000000 3202.000000
28088369.000000 83194.000000 3520.000000
28216259.000000 82718.000000 3190.000000
28256720.000000 83102.000000 3191.000000
28190153.000000 82111.000000 3223.000000
28261969.000000 82366.000000 3287.000000
28248000.000000 83086.000000 3165.000000
28187088.000000 82617.000000 3101.000000
28251269.000000 82236.000000 3085.000000
28223210.000000 85476.000000 3285.000000
27933839.000000 85076.000000 2961.000000
28130741.000000 85460.000000 3226.000000
27997715.000000 86168.000000 3100.000000
28231580.000000 82736.000000 3103.000000
28220796.000000 81925.000000 3022.000000
28055082.000000 85782.000000 3087.000000
28237492.000000 82271.000000 3013.000000
28312206.000000 83165.000000 2821.000000
28101808.000000 81541.000000 2840.000000
28240177.000000 82404.000000 3030.000000
28280566.000000 81685.000000 3218.000000
28249124.000000 82316.000000 3038.000000
28095002.000000 77967.000000 3095.000000
28288776.000000 82504.000000 3082.000000
28239593.000000 83004.000000 3189.000000
28200086.000000 83019.000000 3306.000000
28219111.000000 82161.000000 3137.000000
28044031.000000 83091.000000 3081.000000
28225008.000000 82799.000000 3110.000000
28149873.000000 86438.000000 3094.000000
28207349.000000 83057.000000 2768.000000
27999711.000000 85991.000000 3226.000000
28137868.000000 86113.000000 3116.000000
28095144.000000 82770.000000 3233.000000
28184957.000000 83085.000000 2979.000000
28179062.000000 83187.000000 2891.000000
28147797.000000 80017.000000 3156.000000
28303198.000000 82754.000000 2918.000000
28220188.000000 83238.000000 3169.000000
28044875.000000 86469.000000 2953.000000
28005722.000000 82157.000000 3075.000000
28221456.000000 81940.000000 3054.000000
28284714.000000 81717.000000 2923.000000
28368449.000000 82647.000000 2960.000000
28106017.000000 85473.000000 3047.000000
28289320.000000 83070.000000 3054.000000
28253898.000000 83261.000000 3000.000000
28263825.000000 82346.000000 3022.000000
28234689.000000 83536.000000 2996.000000
