28349038.000000 87730.000000 759.000000
28416872.000000 84732.000000 821.000000
28414582.000000 89017.000000 766.000000
28525782.000000 85001.000000 861.000000
28447053.000000 85207.000000 882.000000
28398522.000000 88640.000000 835.000000
28515832.000000 84996.000000 880.000000
28371885.000000 84430.000000 917.000000
28353405.000000 81080.000000 850.000000
28396750.000000 88606.000000 691.000000
28432425.000000 85329.000000 710.000000
28471093.000000 84852.000000 759.000000
28288162.000000 88305.000000 847.000000
28508022.000000 82046.000000 804.000000
28492916.000000 84560.000000 855.000000
27925726.000000 81778.000000 757.000000
28496989.000000 81621.000000 877.000000
28367095.000000 84709.000000 1016.000000
28424567.000000 84617.000000 828.000000
28478897.000000 85368.000000 879.000000
28513123.000000 84568.000000 697.000000
28308868.000000 81071.000000 810.000000
28389471.000000 87387.000000 786.000000
28245529.000000 83800.000000 828.000000
28494799.000000 84921.000000 804.000000
28452935.000000 85363.000000 822.000000
28490689.000000 80219.000000 752.000000
28433796.000000 84776.000000 663.000000
28428912.000000 84898.000000 793.000000
28446981.000000 85129.000000 871.000000
28378618.000000 80240.000000 918.000000
28361948.000000 81616.000000 843.000000
28508028.000000 84945.000000 904.000000
28385876.000000 80799.000000 750.000000
28503994.000000 84897.000000 866.000000
28345576.000000 81283.000000 756.000000
28461348.000000 84904.000000 720.000000
28437611.000000 84870.000000 906.000000
28471388.000000 88725.000000 634.000000
28513042.000000 85183.000000 735.000000
28268594.000000 80690.000000 887.000000
28386922.000000 84787.000000 861.000000
28504170.000000 85158.000000 887.000000
28439385.000000 83571.000000 719.000000
28285503.000000 81675.000000 789.000000
28326559.000000 80906.000000 806.000000
28291922.000000 85211.000000 857.000000
28328491.000000 80041.000000 830.000000
28527235.000000 84193.000000 918.000000
28461908.000000 85100.000000 935.000000
28349830.000000 84845.000000 854.000000
28451698.000000 85455.000000 860.000000
28464384.000000 85144.000000 809.000000
28519992.000000 83707.000000 820.000000
28439152.000000 88485.000000 788.000000
28502760.000000 84718.000000 675.000000
28374963.000000 89398.000000 803.000000
28473941.000000 85978.000000 783.000000
28438472.000000 88264.000000 742.000000
28394982.000000 84653.000000 710.000000
28337637.000000 88391.000000 1089.000000
28241886.000000 84482.000000 869.000000
27120637.000000 81682.000000 10370.000000
28133261.000000 87634.000000 810.000000
28525987.000000 85840.000000 807.000000
28401749.000000 85675.000000 820.000000
28487874.000000 81253.000000 806.000000
28446790.000000 86301.000000 772.000000
28378629.000000 88412.000000 835.000000
28340190.000000 89174.000000 798.000000
28439842.000000 84581.000000 816.000000
28524241.000000 84747.000000 751.000000
28312677.000000 80587.000000 711.000000
28480234.000000 85249.000000 866.000000
28501389.000000 84921.000000 772.000000
28445637.000000 85513.000000 661.000000
28333375.000000 88562.000000 696.000000
28493962.000000 84853.000000 752.000000
28335875.000000 85126.000000 637.000000
28345071.000000 85922.000000 790.000000
28474028.000000 85011.000000 747.000000
28452251.000000 84318.000000 569.000000
28362604.000000 80335.000000 701.000000
28389956.000000 84592.000000 670.000000
28545769.000000 85176.000000 828.000000
28435686.000000 82543.000000 863.000000
28344756.000000 83726.000000 671.000000
28435990.000000 80473.000000 730.000000
28376393.000000 84240.000000 616.000000
28410181.000000 89430.000000 637.000000
28510511.000000 84893.000000 821.000000
28478865.000000 81436.000000 627.000000
28472232.000000 84650.000000 843.000000
27873728.000000 82463.000000 752.000000
28379629.000000 87793.000000 764.000000
28361441.000000 88166.000000 619.000000
28496946.000000 85448.000000 770.000000
28471152.000000 86000.000000 849.000000
28350635.000000 83998.000000 652.000000
28467725.000000 85508.000000 641.000000
