28871993.000000 76421.000000 453.000000
28862573.000000 75832.000000 588.000000
28979851.000000 77326.000000 646.000000
28621665.000000 75735.000000 530.000000
28849912.000000 75826.000000 405.000000
28975359.000000 76468.000000 380.000000
28757271.000000 75454.000000 544.000000
28983506.000000 76942.000000 529.000000
28855115.000000 75984.000000 557.000000
28802653.000000 76246.000000 618.000000
28877452.000000 75689.000000 516.000000
28941257.000000 77206.000000 635.000000
28808260.000000 75643.000000 665.000000
28935938.000000 78109.000000 423.000000
28199056.000000 74146.000000 279.000000
28897840.000000 75426.000000 493.000000
29004771.000000 77819.000000 441.000000
28845744.000000 76428.000000 441.000000
28929431.000000 76984.000000 627.000000
28815756.000000 76537.000000 632.000000
28836991.000000 76246.000000 578.000000
28919477.000000 77680.000000 793.000000
28951575.000000 76697.000000 461.000000
28867028.000000 77070.000000 652.000000
28905933.000000 75692.000000 755.000000
28965334.000000 76433.000000 494.000000
28944296.000000 76204.000000 546.000000
28958570.000000 77191.000000 578.000000
28976381.000000 78260.000000 649.000000
28909102.000000 76505.000000 593.000000
28820476.000000 75637.000000 535.000000
28880368.000000 76228.000000 613.000000
28882713.000000 76021.000000 458.000000
28844362.000000 76240.000000 726.000000
28920893.000000 77166.000000 754.000000
28775523.000000 75838.000000 696.000000
28873986.000000 76511.000000 570.000000
28960447.000000 77064.000000 683.000000
28902899.000000 76673.000000 650.000000
28933464.000000 77565.000000 621.000000
28881574.000000 78029.000000 600.000000
28877562.000000 76688.000000 399.000000
28904109.000000 75310.000000 665.000000
28904207.000000 75902.000000 743.000000
28909389.000000 77267.000000 553.000000
28964997.000000 77795.000000 294.000000
28516911.000000 76446.000000 348.000000
28917695.000000 75963.000000 543.000000
28946457.000000 75756.000000 374.000000
28860029.000000 77132.000000 618.000000
28893571.000000 76006.000000 389.000000
28943179.000000 77576.000000 425.000000
28959566.000000 78020.000000 667.000000
28753288.000000 76025.000000 535.000000
28888590.000000 76772.000000 304.000000
28898838.000000 78076.000000 254.000000
28949168.000000 75666.000000 544.000000
28734423.000000 76043.000000 675.000000
28897401.000000 75479.000000 451.000000
28931331.000000 76579.000000 595.000000
28974122.000000 77621.000000 345.000000
28377923.000000 74369.000000 350.000000
28932007.000000 75989.000000 472.000000
28945610.000000 76633.000000 290.000000
28650895.000000 75401.000000 391.000000
28898132.000000 76698.000000 251.000000
28938398.000000 77766.000000 562.000000
28992916.000000 77414.000000 639.000000
28615884.000000 75849.000000 489.000000
28916893.000000 77603.000000 548.000000
28956645.000000 77513.000000 423.000000
28945519.000000 76055.000000 344.000000
28906824.000000 76438.000000 402.000000
28896615.000000 75806.000000 806.000000
28857129.000000 76435.000000 593.000000
28971985.000000 77335.000000 230.000000
28934912.000000 77508.000000 556.000000
28893413.000000 75500.000000 661.000000
28980712.000000 77323.000000 619.000000
28843970.000000 76131.000000 423.000000
28894348.000000 76421.000000 494.000000
28966780.000000 77372.000000 469.000000
28902557.000000 77612.000000 582.000000
28465262.000000 75281.000000 405.000000
28958038.000000 77238.000000 422.000000
28911673.000000 76052.000000 662.000000
28847194.000000 77668.000000 358.000000
28354208.000000 77238.000000 331.000000
28901764.000000 76137.000000 599.000000
28875996.000000 77274.000000 817.000000
28644609.000000 75118.000000 709.000000
28973390.000000 75811.000000 449.000000
28919894.000000 76419.000000 818.000000
28942229.000000 76058.000000 316.000000
28952663.000000 76116.000000 411.000000
28936929.000000 76279.000000 889.000000
28919911.000000 77429.000000 712.000000
28452583.000000 74829.000000 695.000000
29035691.000000 77634.000000 343.000000
28940820.000000 77533.000000 811.000000
