32528152.000000 111.000000 0.000000
32684208.000000 110.000000 0.000000
32759266.000000 128.000000 0.000000
31920000.000000 111.000000 0.000000
31789676.000000 121.000000 0.000000
32665232.000000 93.000000 0.000000
31884246.000000 107.000000 0.000000
31961754.000000 91.000000 0.000000
32664771.000000 93.000000 0.000000
31733714.000000 85.000000 0.000000
32435315.000000 103.000000 0.000000
32556752.000000 116.000000 0.000000
31710755.000000 97.000000 0.000000
31888380.000000 99.000000 0.000000
32727175.000000 100.000000 0.000000
31905804.000000 168.000000 0.000000
31623115.000000 91.000000 0.000000
32444460.000000 116.000000 0.000000
32088867.000000 100.000000 0.000000
32414817.000000 135.000000 0.000000
32645254.000000 131.000000 0.000000
32619235.000000 118.000000 0.000000
32404569.000000 104.000000 0.000000
31931961.000000 137.000000 0.000000
32007902.000000 123.000000 0.000000
32619799.000000 144.000000 0.000000
31924935.000000 276.000000 0.000000
32629465.000000 90.000000 0.000000
31727686.000000 116.000000 0.000000
32764851.000000 106.000000 0.000000
31970507.000000 147.000000 0.000000
31986991.000000 112.000000 0.000000
31813479.000000 96.000000 0.000000
32026627.000000 96.000000 0.000000
31792409.000000 88.000000 0.000000
31965951.000000 87.000000 3.000000
31979209.000000 134.000000 0.000000
32149242.000000 113.000000 0.000000
32557770.000000 169.000000 0.000000
32288256.000000 106.000000 0.000000
31886688.000000 96.000000 0.000000
31959299.000000 93.000000 0.000000
31736951.000000 110.000000 0.000000
31791948.000000 115.000000 0.000000
32598412.000000 127.000000 0.000000
32668302.000000 101.000000 0.000000
32613500.000000 97.000000 0.000000
31889931.000000 95.000000 0.000000
32630651.000000 89.000000 0.000000
31909298.000000 85.000000 0.000000
32059386.000000 110.000000 0.000000
32468117.000000 97.000000 0.000000
32385424.000000 133.000000 0.000000
31830735.000000 97.000000 0.000000
31761946.000000 100.000000 0.000000
32021471.000000 86.000000 0.000000
32603740.000000 91.000000 0.000000
32458559.000000 163.000000 0.000000
31935211.000000 100.000000 0.000000
31827419.000000 116.000000 0.000000
44379087.000000 141.000000 0.000000
32454896.000000 87.000000 0.000000
31897687.000000 251.000000 0.000000
31793744.000000 167.000000 0.000000
32532559.000000 100.000000 0.000000
32533122.000000 121.000000 0.000000
31827731.000000 103.000000 0.000000
32578718.000000 96.000000 0.000000
31958035.000000 171.000000 0.000000
31891119.000000 85.000000 0.000000
31731300.000000 148.000000 0.000000
32407853.000000 93.000000 0.000000
31882435.000000 120.000000 0.000000
32310449.000000 91.000000 0.000000
31836971.000000 103.000000 0.000000
32446913.000000 130.000000 0.000000
32275230.000000 113.000000 0.000000
32621768.000000 94.000000 0.000000
31593720.000000 113.000000 0.000000
31867809.000000 119.000000 0.000000
32351357.000000 111.000000 0.000000
31683508.000000 107.000000 0.000000
32022947.000000 98.000000 0.000000
32063710.000000 95.000000 0.000000
32325837.000000 119.000000 0.000000
31910289.000000 95.000000 0.000000
31751017.000000 104.000000 0.000000
32600045.000000 90.000000 0.000000
32508994.000000 99.000000 0.000000
32321670.000000 102.000000 0.000000
32006443.000000 93.000000 0.000000
32281651.000000 123.000000 0.000000
31929286.000000 161.000000 0.000000
31925827.000000 85.000000 0.000000
32095572.000000 92.000000 0.000000
32495804.000000 91.000000 0.000000
32570941.000000 115.000000 0.000000
32050982.000000 98.000000 0.000000
32637551.000000 104.000000 0.000000
31814765.000000 105.000000 0.000000
