31139677.000000 23740.000000 958.000000
31105750.000000 25937.000000 725.000000
31030059.000000 24956.000000 485.000000
31101807.000000 23537.000000 890.000000
30066721.000000 21703.000000 385.000000
31007444.000000 25993.000000 624.000000
31199644.000000 24837.000000 1071.000000
30809533.000000 25188.000000 1156.000000
31048153.000000 25347.000000 865.000000
31121514.000000 24846.000000 829.000000
31292844.000000 21532.000000 502.000000
30957446.000000 25700.000000 954.000000
31196133.000000 24509.000000 1023.000000
31074333.000000 23208.000000 701.000000
31302620.000000 23854.000000 649.000000
31009533.000000 25440.000000 952.000000
31222956.000000 24004.000000 879.000000
31138360.000000 24569.000000 465.000000
30594864.000000 23281.000000 419.000000
30976068.000000 25080.000000 877.000000
31181113.000000 24934.000000 848.000000
31179573.000000 24549.000000 526.000000
31008468.000000 24526.000000 867.000000
31137429.000000 23480.000000 653.000000
31089377.000000 24667.000000 1186.000000
31120823.000000 24826.000000 889.000000
31031399.000000 24621.000000 804.000000
31163683.000000 25720.000000 1033.000000
31158914.000000 23790.000000 627.000000
31179065.000000 24844.000000 546.000000
31127492.000000 24933.000000 515.000000
30557323.000000 23797.000000 476.000000
31150522.000000 25151.000000 538.000000
30940055.000000 25776.000000 763.000000
31067446.000000 25150.000000 847.000000
31217162.000000 23796.000000 621.000000
31075227.000000 25874.000000 919.000000
30988604.000000 25695.000000 654.000000
31066746.000000 25226.000000 682.000000
31113563.000000 23854.000000 867.000000
30987211.000000 25367.000000 822.000000
31182122.000000 24570.000000 625.000000
31196991.000000 24123.000000 356.000000
31183842.000000 23710.000000 993.000000
31009121.000000 26231.000000 779.000000
31215265.000000 23900.000000 809.000000
30627756.000000 25642.000000 475.000000
31196559.000000 24704.000000 619.000000
31065989.000000 25012.000000 918.000000
30956933.000000 24488.000000 771.000000
31067314.000000 26125.000000 751.000000
31180473.000000 24429.000000 722.000000
31109840.000000 23768.000000 673.000000
30933372.000000 25729.000000 828.000000
31142423.000000 23329.000000 832.000000
31243284.000000 23016.000000 894.000000
31144730.000000 24527.000000 764.000000
31052787.000000 24459.000000 987.000000
31195273.000000 23132.000000 683.000000
31032670.000000 28052.000000 425.000000
31013900.000000 25090.000000 867.000000
31015868.000000 25902.000000 548.000000
31163899.000000 24298.000000 633.000000
30931843.000000 24853.000000 787.000000
31055326.000000 24533.000000 452.000000
31259381.000000 23656.000000 669.000000
31045201.000000 24702.000000 907.000000
31103177.000000 24091.000000 655.000000
31147234.000000 24333.000000 680.000000
31272545.000000 24930.000000 555.000000
31127475.000000 23874.000000 398.000000
31168240.000000 24012.000000 632.000000
31067645.000000 24858.000000 780.000000
31281934.000000 24240.000000 710.000000
31065101.000000 24472.000000 857.000000
31198685.000000 23180.000000 391.000000
31246695.000000 25226.000000 785.000000
31151111.000000 25132.000000 964.000000
31058866.000000 26176.000000 746.000000
31027078.000000 25385.000000 723.000000
31097105.000000 25891.000000 899.000000
30992821.000000 24104.000000 535.000000
31003423.000000 25121.000000 433.000000
28832291.000000 23000.000000 653.000000
31086858.000000 24439.000000 581.000000
31233851.000000 23724.000000 539.000000
30730824.000000 26570.000000 875.000000
30964860.000000 25026.000000 1002.000000
31014671.000000 25632.000000 747.000000
31158812.000000 24550.000000 1082.000000
31045229.000000 24160.000000 587.000000
31052810.000000 25025.000000 797.000000
30790408.000000 24991.000000 748.000000
30985820.000000 25836.000000 1102.000000
31339212.000000 23983.000000 353.000000
30965272.000000 25525.000000 679.000000
31227480.000000 23900.000000 806.000000
31102985.000000 24212.000000 725.000000
31046697.000000 25251.000000 853.000000
31099142.000000 25844.000000 931.000000
