0,41289028.3904234,4708.83475550956,23.4828967114868,42937890.4,4869,0
0.01,41821936.2641268,4695.51574044584,15.4395248536101,41696257.8429297,4695.29589566022,0
0.02,40596139.0128603,4414.74392831484,12.1402204270689,40524415.6006293,4411.97668722321,0
0.03,41317778.9515849,5084.72715354668,21.4401824076771,39416640.3096567,5156.60677490664,0
0.04,43123464.7690295,4803.27005793896,2.79266942582464,43163794.9910936,4783.21369296827,0
0.05,42043102.9026464,4009.56938287999,2322.35470175639,42045034.5,0,0
0.06,38566984.2750933,0.209773522273137,0.133911638083223,38566985.8555372,0,0
0.07,35620396.0463585,0,0,35620396.0463585,0,0
0.08,35825440.0611193,229.363466930697,173.762530138413,36768997.6777128,0,0
0.09,34311310.9468818,107.725235221061,90.4875932384523,34332138.6895365,0,0
0.1,31418574.8433517,4301.22506197772,4030.95932751077,32198208,0,0
0.11,26778315.4709189,19875.613544481,15978.2791689134,26566171.7527093,18726.557341368,17373.462941294
0.12,23475227.1496852,47354.5771105859,34287.591725366,24524690.4024686,57580.1521363749,34843.3843512106
0.13,20485954.1447844,77029.620067644,50181.4612673197,20244066.5500509,78736.3218093471,34940.3798536375
0.14,17379966.6293491,105291.628190165,64711.321049659,18895647.2536404,101002.626735867,52556.8753309543
0.15,14485838.6077363,125598.869260376,78964.0408747682,15501186.4,124468.8,70272
0.16,16923354.9059397,113831.001606415,69301.2906614627,17359453.980431,120569.764984638,52865.7301566597
0.17,20225733.2266219,93345.8572299445,58922.7981975175,22541647.3671228,97422.9899707348,53028.4559552531
0.18,24178198.7034593,69847.3916076225,47244.1109942159,29358153.3474757,75640.8815018397,53192.1866182124
0.19,28128331.2860253,50707.5055394308,33209.7313606418,34854143.2731806,55106.2101736869,35571.2876548156
0.2,32806630.3025246,45046.3238630129,26174.4893610171,47646480,35714.8,17840.9
0.21,34832528.2350482,39042.4101874056,22122.0901760293,42888965.5101237,35994.0634502841,17858.6887687482
0.22,36185663.4615424,37600.8531835961,21757.5242540966,42896101.394,36277.7285878155,17876.5130464814
0.23,36521167.2368549,37612.4023628043,22009.0527597379,42903239.6528142,36565.9003068499,17894.3729396273
0.24,35630063.2585223,35984.1147350189,21168.8481870974,42910380.287752,36858.6868612352,17912.2685550397
0.25,33780032.1475765,36064.6006663737,21330.6421603861,47686137,37156.2,17930.2
0.26,35866918.0806595,32712.4583814772,19933.812691812,42866997.5442189,37148.3934448485,17918.2281109289
0.27,37409685.526791,32576.6273767315,20514.6694439203,42816590.6140328,37140.5901693382,17906.2721983103
0.28,37573088.9413518,33549.1618762341,21016.1875950752,42766302.090756,37132.7901714027,17894.3322301846
0.29,36441501.9788547,33911.5089746567,21151.2929250026,42716131.5576677,37124.9934489776,17882.4081746777
0.3,34259386.444712,31169.5471757634,21940.2394999367,47406754,37117.2,17870.5
0.31,35863425.4983698,41891.3010304583,20528.8135527013,42297024.4904736,39779.6747631233,17998.1268611363
0.32,35742002.5740913,65375.2120022791,19792.3708051925,41934300.1365297,42853.632817176,18127.5897964592
0.33,33733387.923812,102016.465865524,18258.7265867549,36957994.7355984,116106.13609571,18258.9287144176
0.34,31281144.7675934,125053.211982528,17476.2225914294,41227200.2980347,50687.3159198061,18392.1846884881
0.35,30229785.8773581,122643.342918461,22178.8315875785,40882518,27893.1,18527.4
0.36,31340178.0185807,131285.879120706,19616.6913440379,41876048.5177863,52462.3254362529,18431.4319851118
0.37,34162302.324531,114981.158226788,19667.1658561269,38150285.8108816,99024.5334945611,18336.4530351312
0.38,37122538.4924932,76506.3067998588,19294.1287945128,44015379.7103608,46876.3200174224,18242.447938205
0.39,37681361.4005014,61720.2360806689,21998.1974832689,45169163.3592146,22253.4263983079,0
0.4,36587766.4890358,61311.4206607806,27124.0946635072,51538960,21182.7,0
0.41,38790408.0708084,53786.3328694051,22544.3473038192,46372276.0334008,21335.1794665004,0
0.42,39897570.6753472,47135.2130644679,19766.7029241366,46359495.115925,21489.8700356059,0
0.43,40117351.2445531,42120.7416861066,17474.125394052,51496356.9352728,21646.8201533259,0
0.44,38967460.6527599,33557.3183197902,13149.3942793593,46333954.4050419,21806.0796913734,0
0.45,36705334.6705372,32081.1487514115,14521.0019511449,51467994,21967.7,0
0.46,38892307.3592282,35962.6396168812,8851.78344560922,46178972.2613963,22895.1794180117,0
0.47,39187193.9733788,60707.7811764547,7459.23534052108,46037620.5945998,23904.4277573599,0
0.48,36891285.0780711,99206.5990383223,6661.62188988978,35697769.0445851,125033.785499583,0
0.49,33678328.8693138,127869.050103591,6046.10083731679,30504998.3266637,183509.668876312,0
0.5,32922718.1975309,119245.75348767,9683.64871123788,50687456,27547.4,0
0.51,31519150.1277,120170.386897948,7933.3273817879,40283211.6274288,27401.9934153267,17824.5695168447
0.52,27447430.0361127,95558.9983922448,11328.6568098501,30014958.8451885,54516.2276059911,17862.9032091566
0.53,19537011.8739729,66877.8961226902,14863.525684745,19880048.6910211,27115.7372356268,0
0.54,16521317.470483,68273.1621913319,22071.0282754174,9875900.55722765,26974.84028316,0
0.55,17870829.7103805,94243.05826444,36666.0717500846,0,0,0
0.56,14805768.0637684,71706.7853419759,22639.1124040092,0,0,0
0.57,12627906.558009,57351.6300399532,17681.6215277568,0,0,0
0.58,10434373.0257142,41454.5222153473,13250.9840309891,5042811.87368678,26082.869654541,0
0.59,10603202.718234,34189.3538935746,12790.9002483904,5090019.97365987,0,0
0.6,13734037.2997159,46010.1032780951,16179.608957541,0,0,0
0.61,9942498.84202423,28791.0837727039,12106.4369176961,0,0,0
0.62,7961937.52087458,20592.7723394385,9252.17092259294,0,0,0
0.63,7152716.40055736,16953.2858397528,8021.17421926903,0,0,0
0.64,7618792.33394633,15380.2117435467,7295.99852676783,0,0,0
0.65,10697908.0302577,18115.942310476,9165.59018522136,0,0,0
0.66,7204378.98230732,15735.9060716309,7519.64834862103,0,0,0
0.67,5608380.87535087,13734.8212450769,6448.28925112435,0,0,0
0.68,5663292.52598711,12059.2971692237,5584.76434073722,0,0,0
0.69,6350233.09216385,11807.597945933,5643.81385056721,0,0,0
0.7,9379493.10697799,16714.6350016009,8425.52998996652,0,0,0
0.71,6571903.93392989,11775.4241432367,4609.82148172142,0,0,0
0.72,4986667.64080921,8028.06124990686,2905.10356071426,0,0,0
0.73,4415054.5162763,6738.33855074338,2390.3233373581,0,0,0
0.74,4341993.15426287,4944.63766350869,2310.71300071193,0,0,0
0.75,6278194.71759316,10533.0856132843,3515.65903063163,0,0,0
0.76,3925015.48633473,4471.02848651319,1880.6109324435,0,0,0
0.77,2953932.33906084,4715.81433207309,1518.73922238443,0,0,0
0.78,2694598.30246524,5053.67025362626,1510.4798403962,0,0,0
0.79,3290845.44792998,7015.98859139278,2007.56364093015,0,0,0
0.8,4900953.58080592,10837.5226695987,3605.8863301702,0,0,0
0.81,3366008.14861074,5311.7175964184,1847.34770363623,0,0,0
0.82,3014322.87431563,3225.5144031195,1314.16881813448,0,0,0
0.83,3317194.78895385,2861.49285933575,1273.67544734784,0,0,0
0.84,4560167.08729174,3344.82965302353,1623.78935676777,0,0,0
0.85,7786150.58356626,6329.96156960511,3056.82692275946,0,0,0
0.86,4833114.84147167,2848.25403756138,1528.07953056495,0,0,0
0.87,4061212.3779379,2130.78810621347,1119.53145113608,0,0,0
0.88,4028168.86699369,1987.83003653739,1068.02676916806,0,0,0
0.89,5033741.58386419,2481.70286275543,1474.03133331446,0,0,0
0.9,8215486.88732319,4537.79945686336,2803.30800208647,0,0,0
0.91,5044661.9909477,2480.9556056524,1478.49379163206,0,0,0
0.92,4104369.55462223,1505.03563409398,1071.34471620673,0,0,0
0.93,4009970.8977903,1239.57317860121,1000.23408341516,0,0,0
0.94,4979444.85003721,446.886844478464,1408.69558669663,0,0,0
0.95,7816478.46692883,7456.7777268719,2697.18972286558,0,0,0
0.96,5139890.1510956,1498.83592655325,1467.08128547274,0,0,0
0.97,3618003.6625359,960.823401177351,1058.42731737849,0,0,0
0.98,3197596.55599244,991.887196361973,1045.86589410617,0,0,0
0.99,3372917.23899601,2605.26921263802,1581.35760835932,0,0,0
1,5350807.90908607,8117.87895536271,2974.34018380054,0,0,0
1.01,3221705.272409,2670.91735525436,1750.14736140102,0,0,0
1.02,2317655.8752974,2054.4639469824,1217.79902758434,0,0,0
1.03,2329308.01294933,2228.59998490415,1224.48273462979,0,0,0
1.04,2716485.65193682,3080.512101102,1566.04381614948,0,0,0
1.05,4440088.59017602,5012.07064872544,2666.61058523975,0,0,0
1.06,2109792.56611428,2814.78581343056,1487.23508039508,0,0,0
1.07,1309704.88602376,2002.10553010246,1098.65728942416,0,0,0
1.08,1142592.58126958,2033.34779636705,1092.62743182626,0,0,0
1.09,1433718.96158007,2724.52506935524,1549.20877070538,0,0,0
1.1,2898437.39560818,6223.11736797813,2847.4092386777,0,0,0
1.11,1587200.01948115,3396.5650232097,1564.51601136987,0,0,0
1.12,1661578.14774761,2401.84045458828,1163.69272498886,0,0,0
1.13,1944293.89959008,2099.61371545066,1079.81370658359,0,0,0
1.14,2456728.47999385,2715.52612243523,1502.61588978568,0,0,0
1.15,3027683.90613733,5172.39138222045,2689.24937209643,0,0,0
1.16,2578106.78199942,2501.01442870723,1409.34608864123,0,0,0
1.17,2324125.69918785,1556.25585550423,934.219799291394,0,0,0
1.18,2377002.27618673,1303.22459654806,812.663896824819,0,0,0
1.19,3513196.54623828,1886.80173773072,1196.83684797675,0,0,0
1.2,6408255.1092829,3585.71290857437,2295.97348357499,0,0,0
1.21,4125933.7495728,1766.59549332998,1120.08000312057,0,0,0
1.22,2983873.92484435,1299.92534762991,736.736695289006,0,0,0
1.23,2675133.29900213,1431.71568685939,664.179622421099,0,0,0
1.24,3879631.35647281,2374.61687444548,1082.08951179228,0,0,0
1.25,6325904.92180619,4370.55198175372,2198.08363017846,0,0,0
1.26,3934052.42404871,2442.74414654632,1057.64503659116,0,0,0
1.27,2748223.48389213,1785.0501367701,682.190671565221,0,0,0
1.28,2657602.56938743,1929.57176452711,662.838770767447,0,0,0
1.29,4061920.76067689,2772.99060187923,1077.82955491738,0,0,0
1.3,6516236.84407198,4788.16815026758,2228.71116373843,0,0,0
1.31,4054234.93256902,3107.8096229049,1114.39181613004,0,0,0
1.32,2212254.19606837,2760.87405589132,794.405632809571,0,0,0
1.33,1307737.36295399,2864.72121416841,775.654422235254,0,0,0
1.34,882354.208588096,5071.64936093868,1243.33306728337,0,0,0
1.35,1749507.39592226,9631.6366521588,2504.5628772298,0,0,0
1.36,133452.482558042,5603.77967121937,1279.2677522153,0,0,0
1.37,45483.0936268287,3573.66122660746,886.371068666238,0,0,0
1.38,22650.0976432419,2900.14138616138,855.532451390746,0,0,0
1.39,78733.0681714283,3853.14064277079,1421.80875940151,0,0,0
1.4,1522545.01051648,6026.53441618191,2652.18582926372,0,0,0
1.41,688145.829622482,3852.43876973816,1474.28724663675,0,0,0
1.42,1578257.80719896,2716.88761114122,1048.3886070121,0,0,0
1.43,2575036.03537785,2264.21380616848,947.546282516404,0,0,0
1.44,4064252.08872484,3035.74592319222,1377.37121011374,0,0,0
1.45,6007718.06026724,5555.5998958408,2537.30265754183,0,0,0
1.46,3682294.29105865,3088.91611300802,1289.7871913775,0,0,0
1.47,2313778.30270451,2427.00888077341,899.10735208036,0,0,0
1.48,2387509.40685617,2547.21213306341,899.698530333788,0,0,0
1.49,3307444.99483046,3783.00896772819,1380.88388486925,0,0,0
1.5,5244144.36328169,5922.83950270907,2521.02778701983,0,0,0
1.51,3245473.54729487,3537.40165782732,1341.42747506865,0,0,0
1.52,2408652.67442768,2324.70529161143,914.270256685055,0,0,0
1.53,2664293.64373744,1989.37471297869,924.518146046855,0,0,0
1.54,3718810.53185025,2631.69796617623,1405.05731454183,0,0,0
1.55,5474686.73160404,4593.80291001968,2580.91918080532,0,0,0
1.56,3484015.44571778,2525.4868365741,1361.98981328176,0,0,0
1.57,2523099.1580222,1564.24451124977,862.391426365878,0,0,0
1.58,2587804.18280164,1053.83703644112,721.26526194217,0,0,0
1.59,3423868.52839304,1195.50452664216,1008.52638895931,0,0,0
1.6,5220609.86003485,2766.64122380779,2101.04627856747,0,0,0
1.61,3603709.59682705,981.573601859146,1054.49399837773,0,0,0
1.62,2535138.96416617,333.136790906834,532.757487121894,0,0,0
1.63,1748504.26264775,131.197658375921,182.400200779728,0,0,0
1.64,1872413.98219896,148.396986339792,212.245874813801,0,0,0
1.65,2931145.85142447,5654.21412095796,2928.16628008931,0,0,0
1.66,1974357.55135052,3110.12326738867,1865.19653758303,0,0,0
1.67,1330395.32055586,3073.34291508992,1866.55424583107,0,0,0
1.68,1410873.69229712,3112.03221913279,1912.01657824808,0,0,0
1.69,2145849.17577836,3275.10532543754,2063.81859432797,0,0,0
1.7,3540064.97006662,3480.36255552783,2207.04183620326,0,0,0
1.71,1950196.47883856,2355.81302017192,1546.9700648331,0,0,0
1.72,1126792.76117802,1829.16410946629,1165.29757349878,0,0,0
1.73,928367.594117247,1895.11743500101,1141.87312978435,0,0,0
1.74,1356608.64375195,2692.61263963411,1560.73731916653,0,0,0
1.75,2474950.62321988,3879.11475131504,2128.61153887835,0,0,0
1.76,1214192.43989702,2707.8708151093,1511.24556737,0,0,0
1.77,540503.880064655,2044.04026882212,1126.2561163915,0,0,0
1.78,287158.468232126,2060.21354382242,1091.86781643437,0,0,0
1.79,543960.51250214,2891.82654654447,1508.75144309688,0,0,0
1.8,1575082.65896652,4222.58374713295,2055.17352215818,0,0,0
1.81,259377.688199594,3142.1628429216,1560.28727795478,0,0,0
1.82,77216.0977055453,2281.72681824248,1141.90497576894,0,0,0
1.83,114375.175007818,1768.26266235921,923.42182240826,0,0,0
1.84,576993.690742984,1921.93635078991,1068.04534587209,0,0,0
1.85,1727895.99839318,2619.37008866966,1374.16460433404,0,0,0
1.86,270411.599042774,1620.19118534389,885.446200745902,0,0,0
1.87,50695.8725938889,905.155682132325,523.463760538755,0,0,0
1.88,59535.4254013215,840.945244453625,507.481894028978,0,0,0
1.89,321802.081452005,1362.53154482025,811.355533920158,0,0,0
1.9,1633170.68172351,2589.62186030493,1377.6914585453,0,0,0
1.91,241915.753864194,1424.26902640553,805.800743974761,0,0,0
1.92,8252.26547279149,676.176528509323,407.002091921059,0,0,0
1.93,2780.11539803924,695.088905139912,395.764958141258,0,0,0
1.94,630.072047921901,1516.89314462286,758.371076384876,0,0,0
1.95,751915.629704988,3215.84661474635,1435.89970823042,0,0,0
1.96,1191.4310930146,1522.41838593867,780.898496307712,0,0,0
1.97,15459.6483625995,827.719676030721,464.888764487232,0,0,0
1.98,65158.4483839049,1020.12937516109,606.528232169212,0,0,0
1.99,439991.117705382,1689.16040351144,1029.89182349313,0,0,0
