0,39959303.4975628,4659.13180812872,39.7556417422913,37570654.1,4869,0
0.01,41325647.2025066,4695.38955762904,29.8588767046286,41696257.8429297,4695.29589566022,0
0.02,40544631.8276433,4414.9932122323,51.5356147608619,40524415.6006293,4411.97668722321,36.279734192291
0.03,40747158.1986919,5091.56213220253,44.1413691239002,39416640.3096567,5156.60677490664,0
0.04,43127289.1323708,4801.38338934906,5.21730400563485,43163794.9910936,4783.21369296827,0
0.05,42186153.8018216,4121.04827502046,2386.53715646818,42045034.5,0,0
0.06,38566983.7243496,1.65548824906803,1.0577800654119,38566985.8555372,0,0
0.07,35620396.0463585,0,0,35620396.0463585,0,0
0.08,35993246.4226329,360.965736307843,273.4625547541,36768997.6777128,0,0
0.09,34282978.9781803,254.219398795487,213.552953275985,34332138.6895365,0,0
0.1,31381710.442402,4427.99218175259,4117.16630667016,32198208,0,0
0.11,26373952.7641128,17903.5962749234,15029.4439391345,26566171.7527093,18726.557341368,17373.462941294
0.12,21067985.9676842,32402.0513327,27703.8577129087,21799724.8021943,38386.7680909166,34843.3843512106
0.13,15507534.2097502,42652.6459520806,39210.4527828882,12652541.5937818,19684.0804523368,17470.1899268188
0.14,11500959.9647807,59532.3470353065,54448.2325750683,7085867.72011514,20200.5253471734,17518.9584436514
0.15,9829527.47073838,84128.8007830577,71886.1416918809,4428910.4,41489.6,35136
0.16,10463660.513519,67787.6402624012,59014.759550324,7439765.99161327,40189.9216615459,35243.8201044398
0.17,11593617.0039713,62196.8664263849,50956.6093014688,8453117.76267106,58453.7939824409,35352.3039701687
0.18,12675627.8868995,63022.331781422,48595.1419889608,13048068.1544336,75640.8815018397,53192.1866182124
0.19,14815962.199369,60846.4693577457,44485.9516817827,7745365.1718179,36737.4734491246,35571.2876548156
0.2,19650570.0270288,64692.6323314828,43293.9031230966,4764648,17857.4,17840.9
0.21,18806669.1026064,53695.014627459,35827.2235578352,9530881.22447192,35994.0634502841,17858.6887687482
0.22,19859710.9888059,49353.2160441947,31828.4924466688,19064933.9528889,54416.5928817233,35753.0260929627
0.23,20943103.2780184,48114.2303154201,29543.4144113067,19068106.5123619,54848.8504602748,35788.7458792546
0.24,21302645.5626413,48708.5849472886,28459.4479119208,9535640.06394489,18429.3434306176,17912.2685550397
0.25,22406184.8047015,55382.1767490226,30961.2620821164,4768613.7,18578.1,17930.2
0.26,21332274.6963882,47203.1605040849,27429.6419396007,9525999.45427086,18574.1967224242,17918.2281109289
0.27,22713533.8750514,40981.7415756383,25475.0270918796,23786994.7855738,37140.5901693382,17906.2721983103
0.28,24428413.7576328,34187.7698242288,23212.2379387979,23759056.7170867,37132.7901714027,17894.3322301846
0.29,24221815.6858347,28486.4076028389,21425.6837060401,9492473.6794817,18562.4967244888,17882.4081746777
0.3,25491507.5999876,26886.0678372424,22536.8378300223,42666078.6,37117.2,17870.5
0.31,24363519.1864493,33295.1982155229,20912.5465103572,14099008.1634912,19889.8373815616,17998.1268611363
0.32,25251329.9986874,40085.8979673416,21197.2108522484,23296833.4091832,21426.816408588,18127.5897964592
0.33,25633353.3608685,47440.0248784741,21308.5488366041,27718496.0516988,23221.2272191419,18258.9287144176
0.34,24283388.9041929,60344.9292307705,21201.668644029,13742400.0993449,25343.6579599031,18392.1846884881
0.35,24965648.8258934,77503.2161261888,23679.680493999,40882518,27893.1,37054.8
0.36,24089559.6154894,66022.8395637145,22941.8814790636,13958682.8392621,26231.1627181264,18431.4319851118
0.37,24923694.5668516,61660.4947659073,25801.4792250134,23843928.631801,24756.1333736403,18336.4530351312
0.38,25101232.3911959,66052.531883509,28930.6527121789,24452988.7279782,46876.3200174224,18242.447938205
0.39,25010265.933175,70665.3091523067,33755.6392902224,15056387.7864049,22253.4263983079,18149.4017928345
0.4,26252808.3305631,72990.0018484825,40599.3000393475,41231168,21182.7,18057.3
0.41,25357752.8356132,64538.7770367535,34158.5760507361,20609900.4592893,21335.1794665004,18604.332188324
0.42,25238605.7998094,56894.9938323972,30339.2091339404,25755275.0644028,21489.8700356059,19185.5436614289
0.43,23885953.0019285,54222.6838475588,29012.2390030713,20598542.7741091,43293.6403066517,19804.2410707162
0.44,22491771.375085,53621.2112682732,28992.6199629431,10296434.3122315,21806.0796913734,20464.1718137706
0.45,23065225.5709018,59286.1304008023,32766.149661846,5146799.4,21967.7,21169.6
0.46,22563163.3585295,52573.5308971975,24713.2540223853,10261993.8358658,22895.1794180117,20393.7690347852
0.47,24608166.4058078,51075.4225939693,21325.511950331,25576455.8858888,47808.8555147198,19672.7935597669
0.48,26474998.1005346,50097.2917457132,18330.9001253745,25498406.460418,25006.7570999166,19001.0543551981
0.49,25938767.4846823,60599.0077601787,17304.977629813,15252499.1633319,26215.6669823303,18373.6743467025
0.5,25914493.9212184,77010.8054219828,18648.8978577721,45618710.4,27547.4,17786.4
0.51,25103083.6544923,63401.6220588234,17493.3536256388,35247810.1740002,27401.9934153267,17824.5695168447
0.52,25099152.4661386,54699.3337160068,17648.4895204718,30014958.8451885,54516.2276059911,17862.9032091566
0.53,25145131.3592141,56611.6900416989,18002.8100022371,24850060.8637764,27115.7372356268,17901.4021384507
0.54,24619341.8537524,69157.7496129847,22714.8674219068,14813850.8358415,26974.84028316,17940.067375413
0.55,24908899.1846922,89338.7669977766,32775.3514331223,39250395.2,26835.4,17978.9
0.56,24093544.2268805,69686.9478260496,21795.5519099689,24754874.301617,26579.7777012693,15351.4859399595
0.57,22374173.3346245,57218.5585549426,19691.7900553945,19985885.6119058,26328.979344499,13394.0902658161
0.58,20258614.6997556,54410.7047912061,19992.269558501,15128435.6210603,26082.869654541,11879.4034749588
0.59,20491520.0869976,58045.7544330859,21373.7355160227,10180039.9473197,25841.3183673347,10672.4919047888
0.6,23328171.2948441,75944.8003428838,23920.1109522607,5138120.3,25604.2,9688.20000000001
0.61,20159410.8344752,51640.2910269849,19988.4794907841,10276946.5259725,20950.3196500601,8970.91079656437
0.62,16875342.213058,39951.895412584,17161.9740601777,10277652.5489387,17728.0306014235,8352.51243647235
0.63,14205262.9840752,37385.3068130329,16744.8776408908,10278358.6689187,15364.8252240932,7813.87300906612
0.64,13898994.7223559,40006.3486565621,18669.9574976143,5139532.44296623,13557.5577354373,7340.4967640233
0.65,16914175.3652453,38192.8400331952,19063.0598741431,0,12130.7,6921.2
0.66,13271510.9595163,41991.5332664625,20129.690623451,5137586.9754417,13128.4231172179,7333.09564133728
0.67,11133572.5149513,34946.7912625561,16588.7705856251,5135290.40591474,14304.9755680654,7797.11913228935
0.68,11108515.1122904,27399.6427215594,13337.0745790632,5132995.88866447,15713.1696937999,8323.83458379778
0.69,11423107.6974647,27917.3360557737,14017.1991765834,5130703.42094116,17428.8840647397,8926.86743913651
0.7,15441167.274152,39116.3800275592,19554.736873859,0,0,0
0.71,11407117.8571635,31395.4954934408,12273.21955141,5127223.37721013,20756.6222183045,7618.63453851988
0.72,9262833.51236689,24825.2539059449,8919.55638169075,5126034.30619882,22102.5566897924,6304.83580018794
0.73,8296259.78286202,18023.7604662856,7453.29832798054,5124845.78658227,0,5377.50893829658
0.74,8306873.94554788,14474.6787977489,7314.86208679008,0,0,0
0.75,11947202.5051523,18995.821530702,8943.33503093573,0,0,0
0.76,7946996.1902379,12437.5325336338,6390.55563222796,0,0,0
0.77,6807892.99120959,12520.5908914155,5481.80031944849,4673388.25985686,0,4132.04810763063
0.78,7874724.10698007,13814.6841434706,5537.94268948656,4477135.15537004,0,4120.56864073723
0.79,10385484.5323415,16404.8669559398,6928.33281141747,0,0,0
0.8,14227216.0638609,21000.9301142074,9557.92643844181,0,0,0
0.81,10743832.1381628,12839.717662769,6761.28826908685,0,0,0
0.82,8879595.24589601,9314.35126347392,5155.63358712488,8963365.66707297,9437.95830057674,4125.67268915276
0.83,9461987.36963652,8841.93142237695,5034.90307224445,9361650.38828731,8551.1971915291,4139.75170869325
0.84,12110302.4321995,9837.8389217087,6177.97640740002,0,0,0
0.85,17075444.7951263,12768.9090004504,8903.77637853818,0,0,0
0.86,12645848.5195013,8610.1522468645,5984.99989093686,0,0,0
0.87,10534027.5589635,7124.53994935066,4798.60561649342,10273957.465281,6728.15706624202,4108.21237610658
0.88,10441898.0747809,7073.94604877237,4738.22060569218,5136777.37264238,6515.30523741016,4078.86143259001
0.89,12443156.1078898,8392.7041987072,5938.83566333783,0,0,0
0.9,16739560.5226708,11195.8177387011,8564.43264613765,0,0,0
0.91,12456533.2041829,8983.33733841726,5861.57314052279,0,0,0
0.92,10448026.7290999,7511.91217712795,4644.99400448069,10226199.5324698,8816.19902727925,3891.60639778919
0.93,9935249.46555435,5819.96929952672,4466.02514803504,0,0,0
0.94,11374504.0700161,5440.74345887374,5057.19670505103,0,0,0
0.95,15616231.1217117,13183.5305852375,7902.01947994569,0,0,0
0.96,11845762.1752158,7526.23248221255,5438.94308006858,0,0,0
0.97,9391334.4984333,6640.022738311,4454.16174705453,5073958.98102814,0,3771.43249723931
0.98,8790001.20277107,7367.13972771096,4441.08083232583,5071651.52389269,0,3801.92063399507
0.99,10059374.3379657,9486.45626727839,5778.65242425448,0,0,0
1,13511231.8558749,15099.8848921765,8506.07278958997,0,0,0
1.01,10001639.3924489,8253.39135882651,5998.43061480042,0,0,0
1.02,7656820.07440399,7299.52289307585,4753.16717025769,5067555.30226356,8994.49501930815,3842.41395725135
1.03,7197225.99613271,8267.52989588231,4737.15826532483,5067811.54225963,7651.5581061303,3831.51448498412
1.04,8252135.93190783,10278.6390403024,5907.17467065733,0,0,0
1.05,11381305.4477653,13276.0206000498,8482.54954189468,0,0,0
1.06,7509874.81892126,9575.61313078686,5894.15076202361,0,0,0
1.07,5597854.5339511,7615.87241782247,4621.0478214534,5051780.69621189,6390.14348720441,3796.71187688314
1.08,5145221.05004711,7383.69918908321,4637.79270273203,5043549.42754606,6672.13225304296,3790.15199458489
1.09,5942105.39547141,9159.55856976228,5876.17883369004,0,0,0
1.1,8756985.27049619,14917.6041510806,8768.22039665168,0,0,0
1.11,4851456.61422442,10207.0444147978,5928.79584554421,0,0,0
1.12,4771751.35509922,8225.34467741177,4804.2401442882,2937609.48668663,6717.15567042587,3810.64703377655
1.13,6315707.28818877,7852.36085728888,4907.53856585268,2432145.1460773,6452.27372977308,3827.64501325077
1.14,7704095.25811701,9450.35988992816,6208.19102980868,0,0,0
1.15,7438341.72340208,13748.4059336847,8235.7630954632,0,0,0
1.16,7841262.27387091,8899.04483676059,6037.49220034944,0,0,0
1.17,7054829.21491168,6736.18953489848,4557.37484887211,0,0,0
1.18,6970217.95423684,6155.52992432552,3960.30773339548,5858845.79686844,5925.05823883711,3840.2378066213
1.19,9846013.66912021,7547.11583996861,4894.72977604887,0,0,0
1.2,16393586.2420722,10466.8438821176,7391.63039246729,0,0,0
1.21,12205285.690745,7400.47043331988,4975.25130977522,0,0,0
1.22,9027379.37827656,6130.05927189795,3868.51259447378,0,0,0
1.23,8072037.1892885,6684.52730964192,3695.97511616792,4986274.06642081,5970.80770602565,3831.0152561317
1.24,10325036.2872731,9286.63411187479,4777.40749214054,0,0,0
1.25,13357325.0833342,12867.3997166276,6753.22571153002,0,0,0
1.26,10281600.6456189,9358.84870777536,4718.13168056563,0,0,0
1.27,7756924.56668482,7597.69223522875,3810.49991220832,0,0,0
1.28,7585726.05777644,7870.56403644632,3735.75634352339,0,0,0
1.29,10212352.213204,10350.8473672781,4785.04541261645,0,0,0
1.3,13295686.6336393,14232.2220227147,6764.31027286628,0,0,0
1.31,10702468.7438989,11375.2591735675,4923.63703750366,0,0,0
1.32,6648320.75358421,9909.64257441665,4023.30663983187,0,0,0
1.33,4088229.46893615,10432.6477345941,3968.432857003,0,0,0
1.34,3508881.92950034,15384.4541479108,5132.50022723703,0,0,0
1.35,4487335.31661621,25037.9310875346,7671.65850022074,0,0,0
1.36,2630753.76049057,16292.7969938052,5050.93456883449,0,0,0
1.37,1742110.06637275,11003.4542392525,3950.87066503353,0,0,0
1.38,1527050.97827725,10321.509829963,4088.89640264031,0,0,0
1.39,2097301.03643795,11569.5859861721,5042.96766969531,0,0,0
1.4,3685730.9897618,17887.2185137959,8266.50816074216,0,0,0
1.41,2863662.13661283,12621.9519480836,5586.8156381583,0,0,0
1.42,4692205.68884458,10013.8825145288,4574.28950083012,0,0,0
1.43,8629250.10099685,9038.96893297749,4548.73799402784,0,0,0
1.44,12953279.1488467,11043.4532150234,5650.59884794412,0,0,0
1.45,14156940.746584,15809.8295927683,7609.42050162085,0,0,0
1.46,11050718.5163884,11277.9109616634,5481.84774535131,0,0,0
1.47,7375327.19728424,8812.73199029158,4219.18803005797,4608393.35260259,6975.32235190408,3852.3568583255
1.48,7328341.04054258,9787.95629140087,4410.56672600795,0,0,0
1.49,10135287.0105123,12965.7050349859,5868.38639288511,0,0,0
1.5,12837632.0611085,16889.3804453025,7809.23115474518,0,0,0
1.51,9961413.92302963,11893.2652019513,5712.82593377779,0,0,0
1.52,7360583.81282932,8486.64758242307,4319.62596722016,4070213.68497424,5892.85732715014,3856.47258528246
1.53,8315855.53100877,7809.08899794524,4478.08081198959,3947837.83738622,5891.23732788493,3860.6725554259
1.54,11667838.6449007,9522.46271599832,5934.1904193593,0,0,0
1.55,13857211.335052,12998.9570994191,7940.33621212881,0,0,0
1.56,10775704.8067531,9496.20305842784,5918.53985746033,0,0,0
1.57,7844605.18327672,6785.97152855447,4314.93518221207,0,0,0
1.58,7957302.5637778,5239.55715624313,3743.41706030987,0,0,0
1.59,10199097.0370228,5444.36488179412,4325.86214680363,0,0,0
1.6,12926943.5919902,7472.51309672251,6040.42040214194,0,0,0
1.61,11383225.6351449,6369.03758583247,5250.73851540093,0,0,0
1.62,7800137.20205148,4812.10609905861,3905.06643962484,0,0,0
1.63,4845748.77263492,3305.48907498383,2489.94309943224,0,0,0
1.64,4241936.66248007,3604.69843793614,2387.62274235077,0,0,0
1.65,5813985.03513443,11980.3732650626,6624.81027447047,0,0,0
1.66,5262358.18577161,5654.84190697022,3509.46846338951,0,0,0
1.67,4224981.63337852,7355.84404857425,4541.49744024974,0,0,0
1.68,5115797.32352357,10651.8921228115,6505.82231784672,0,0,0
1.69,6965181.21831522,11706.0849903696,7081.14741560898,0,0,0
1.7,9110531.76558912,8566.92637727809,5426.10753673749,0,0,0
1.71,6523499.99598753,7859.93112623643,4981.84364773873,0,0,0
1.72,4309548.59447212,5951.30612222849,3680.63384029081,0,0,0
1.73,3625066.66172054,6199.46410588849,3600.93751034665,0,0,0
1.74,4630125.44154093,8997.27600154966,4989.49256038354,0,0,0
1.75,6334587.7897716,9758.25537349966,5362.42678407029,0,0,0
1.76,4384585.47529852,9116.71666678017,4895.31251610668,0,0,0
1.77,2795417.51290873,6554.2036001963,3493.01571676372,0,0,0
1.78,2118625.83048828,6549.92161471411,3365.24262082454,0,0,0
1.79,2567667.27306834,9134.740494396,4555.60279905927,0,0,0
1.8,3476946.72291481,10398.1256577825,4922.41517773639,0,0,0
1.81,2143811.26605809,10377.9570782595,4988.54988518606,0,0,0
1.82,1708059.40551041,7579.87533321539,3738.53631546331,0,0,0
1.83,1595914.22486998,4855.60927012606,2506.50598684876,0,0,0
1.84,2623830.79920018,5165.57676747857,2826.29300964047,0,0,0
1.85,3442870.73096637,5519.39904959022,2950.68933856991,0,0,0
1.86,2152555.09153787,5006.09792035515,2673.25840512989,0,0,0
1.87,1465801.78778774,3150.71576716787,1706.26530529538,0,0,0
1.88,1258422.46743948,2742.42630791903,1525.49586644675,0,0,0
1.89,1962874.06401441,4037.3360401782,2276.04003971024,0,0,0
1.9,3686217.63185893,6805.91638658064,3598.64229161413,0,0,0
1.91,1971251.20545036,4487.65426894577,2413.43455123052,0,0,0
1.92,1071470.09236306,2513.15265317071,1338.98751958708,0,0,0
1.93,404812.441406963,2255.51570943993,1136.0001205592,0,0,0
1.94,296322.598991371,2938.14619655867,1422.90371359063,0,0,0
1.95,1656410.9767077,7915.3363892829,3553.04563255598,0,0,0
1.96,268800.319927123,2971.75616463784,1478.69233646559,0,0,0
1.97,543776.917683686,2496.73451763074,1322.05607554487,0,0,0
1.98,1553384.92521497,3525.76077299946,2007.74880028299,0,0,0
1.99,2748902.73057666,5395.58054060956,3232.42338292042,0,0,0
