0,7417251.81069454,6314.15045830318,743.314717448059,6071784.9,6140.5,564
0.01,8434844.37149586,6838.93258580652,816.314285271387,9311999.4386745,7040.98925827931,944.744782214156
0.02,11012775.4713911,7726.30212766867,979.659880669885,10958365.7473041,8250.9744104583,1069.58649030435
0.03,14999031.6519995,8836.30187492409,1188.22331666702,13311920.0927749,7970.49991902371,1232.44598993785
0.04,20736351.3082764,10394.4923036531,1457.70321274913,21191180.4865988,10057.5258874584,1453.80869261651
0.05,30352210.2510134,13424.3370022269,1901.56698628941,29169511,10218.9,1772.1
0.06,30051726.9504156,12667.4813931354,1819.68984416783,29473571.9400177,12737.9218614703,1760.2724475962
0.07,30100366.6687131,12564.8074126458,1794.06900570109,29784038.6734703,11959.1382870801,1748.60173003211
0.08,29951463.0526649,12568.7713160594,1762.10266788878,30101115.7861605,11270.0960862248,1737.08474837913
0.09,29254758.7146191,12147.9673678112,1692.7452536971,30425016.6696141,13320.1607271106,1725.7184848175
0.1,28314023.239102,11410.4286672523,1674.95362294975,24604771.2,10105.6,1714.5
0.11,28659850.6775805,11503.7900668796,1645.47764298637,31098386.1682268,12627.3932897825,1742.85180888264
0.12,28973079.3404372,11404.3858782515,1646.4022704988,31448518.9110352,12622.789938343,1772.15706310438
0.13,28907544.7784305,11137.1188915687,1623.08900434904,25445300.5049238,10094.5519536078,1802.46468043397
0.14,28472466.0981781,10837.2904631838,1579.78440894147,25738385.4936439,10090.8746376926,1222.55132216911
0.15,28149538.7899429,10679.7354779081,1630.36443793052,26038300.8,10087.2,1244.2
0.16,28920787.4151267,11193.0297621846,1619.40044480925,26380137.6854474,10804.1972278666,1845.94947156517
0.17,29494923.2300441,11550.2734780804,1647.2199075797,26731069.3986221,11630.9220757795,1826.03796880186
0.18,29527393.5312651,11628.3648410762,1641.08873927995,27091463.795172,9445.9877659856,1806.55143654572
0.19,29284910.2283056,11731.171720085,1631.02258076676,27461708.8399176,10299.3861109708,1787.47641325536
0.2,29307715.4293171,12425.4317863576,1754.53071649662,27842214,11322.3,1768.8
0.21,30016534.2306779,12920.6394330796,1692.04611935539,28299024.1525406,11548.1220905567,1777.85087719298
0.22,30935964.6865548,13821.4107627028,1731.93819342886,28771074.2129261,11783.1354969524,1786.994856723
0.23,31458997.6199292,14584.945000484,1760.90562075026,29259139.7594921,12027.9130279097,1796.23338257016
0.24,31456958.6048433,15053.2335759256,1769.04619714557,29764049.9056235,12283.0760989652,1805.56792873051
0.25,31746767.2327459,15957.4184403225,1926.01612403161,30286692,12549.3,1815
0.26,31938917.4830985,15928.7446984196,1789.42598489747,29958080.3033166,12282.8642411416,1274.71025414479
0.27,32537885.4610165,16534.691639499,1789.05709133448,29636522.96404,16036.675653711,2020.09938502087
0.28,32851714.7852891,17126.6643321682,1819.26031322063,29321795.2390186,15710.0675029482,1427.38171448525
0.29,32626060.4081589,17365.080012045,1792.9944459165,29013681.8315044,15396.4974300456,1518.3050637613
0.3,32558552.0382076,17640.317842643,1905.53260639729,35889970.5,18869,1621.6
0.31,32912163.3517527,17799.9248844771,1770.68054329535,36309552.2950147,19467.3714033188,1698.56442845723
0.32,33570792.7871781,18272.9747419299,1783.27114494144,36739060.6168669,20104.9366783115,1783.19865729571
0.33,33971195.1810361,18764.5115693294,1810.02821846511,37178851.947217,20785.677063776,1876.70929565025
0.34,33921930.6703302,19009.6199543328,1771.3230563717,30103440.0350684,17211.3055235933,1980.5700570896
0.35,33818468.0090844,19184.1414960816,1899.71507522765,30472637.6,17836.4,2096.6
0.36,34174493.0482696,19244.7397027498,1762.65991236702,36823936.4545292,21401.1362796484,2050.98865592401
0.37,34459917.0950639,19322.3789400355,1768.63799948597,35638632.3705839,20575.7584294965,2007.31959892831
0.38,34321361.0469475,19290.5525917813,1744.19417780231,34527254.8240549,19811.6811136113,1965.47135163066
0.39,33865207.5075791,19120.1892517977,1704.55912050057,33483096.8539949,19102.3196963503,1925.3323599268
0.4,33537786.5521314,18943.7375040908,1863.04006857827,32500239,18442,1886.8
0.41,33733080.3741291,19047.075688426,1704.63849133014,33227575.1911677,18545.522167331,1893.27002049095
0.42,33984699.3987571,19041.211864152,1687.08505661751,33988211.3258857,18650.2131164144,1899.78456632118
0.43,33864090.9382405,18838.3913855935,1674.02296650289,34784487.8594989,18756.0927532192,1906.34409869889
0.44,33261096.321816,18510.5961366646,1632.70361221524,35618969.8380162,18863.1814383299,1912.94908522415
0.45,32689939.9382132,18248.6811216428,1776.87223217621,29195579.6,18971.5,1919.6
0.46,33036371.634199,18367.0504706725,1642.91580921588,29236122.2626116,15707.4574466638,1691.1774005044
0.47,33439585.9892627,18516.2412996254,1640.65555889514,29276777.6815538,16276.1082930038,1511.33611851689
0.48,33449789.2138192,18537.1613292738,1594.01590594234,29317546.3278747,16887.4789908592,1366.06732584716
0.49,32972720.4482983,18264.4163265243,1586.81291404278,29358428.6752496,17546.5714112045,1246.27596835974
0.5,32598616.1836023,17958.5628691317,1761.78841168917,29399425.2,18259.2,1718.7
0.51,33109418.4822843,18112.4824718858,1595.1159002511,34766626.3693834,17338.9727714954,1250.5104210503
0.52,33455065.7348578,18225.0726072381,1558.47578943064,32986952.1227049,16507.0503856737,1376.28391390196
0.53,33174533.6980466,18093.9447446831,1582.62167772376,31380605.4287965,15751.3041981119,1530.18660053663
0.54,32653564.6644839,17862.1402044443,1537.4493360058,29923440.7897543,18827.1618488386,1722.84321503769
0.55,32299012.996497,17644.0160586236,1688.05484463131,34314718.2,18037.5,985.5
0.56,32659576.2033516,17849.0629723047,1515.42877494542,35677404.5244182,18725.0924459773,1872.57237466826
0.57,33281616.3177864,18117.407940053,1514.49385251092,30960662.4306026,19467.1847064685,1783.50772227633
0.58,33634596.0369013,18272.9493455276,1488.62450230797,32296228.9183849,16216.4190416122,1702.53071525026
0.59,33389930.0483111,18185.2029408205,1480.48953223576,33752216.1363974,16914.4147107508,1628.58758258513
0.6,33023525.6673704,18083.8624377457,1695.56483287604,28276543.6,17675.2,1560.8
0.61,33343204.6643014,18220.6225677541,1489.28306266773,33476843.6445538,16932.706295333,1596.45445230998
0.62,33501976.6343898,18294.2512426567,1460.02836146994,31795705.9182511,16250.078598898,1633.77594547578
0.63,33131562.9590083,18114.861735273,1458.38422510618,36330409.2245468,19525.4464320549,1672.88419306037
0.64,32524507.7099379,17843.1447453274,1421.63585314682,34672486.2596051,18797.0259256129,1713.91065223369
0.65,32087248.1233109,17583.3234527953,1624.95935972501,33159276.6,18121,878.5
0.66,32573854.957935,17829.6487990871,1437.29588975104,35042323.5972311,18808.3564660943,925.291846570041
0.67,33223556.4926604,18043.0579039902,1417.52433869364,30960096.416812,15639.9310039461,977.348705624101
0.68,33557139.5821785,18112.5488023571,1448.30037470076,32943526.2948913,16281.8767475787,1035.61217942291
0.69,33325356.8132981,17954.647440538,1427.63198815723,35198484.5819404,16978.7757840191,1101.26263380101
0.7,32958437.1316709,17749.7577902598,1650.10225850851,30227860.8,17738,1175.8
0.71,31781166.3796993,17219.681715597,1422.29232418365,28290259.4305605,16850.2406612501,1259.68362385433
0.72,31848556.2290334,17310.3126581901,1375.36107848105,33232618.4044136,16047.1078474331,1356.45552835844
0.73,32687529.2531288,17882.3813470101,1411.32150083469,31344472.2894159,19146.314267368,1469.33321517695
0.74,32427735.9336704,17993.2985345135,1395.66502695744,35591214.5171948,18313.1645362601,1602.70237708594
0.75,31379102.3619206,17718.6638899782,1690.86523970619,33775397.4,17549.5,1762.7
0.76,30303548.2832998,16987.9563313979,1328.95635974063,28521709.1267627,17981.8393997298,1744.86636287438
0.77,29741765.3653611,16575.1771187504,1248.10319871783,28907410.8020418,18436.0185614299,1727.38996540601
0.78,30136061.6692016,16742.291148315,1260.43633497933,29303687.2386881,18913.7352299189,1710.26017981741
0.79,30623017.0430179,17151.7244952907,1291.51450024128,29710979.3727267,15533.4942398678,1693.46679575609
0.8,31326638.9753614,17925.0304160766,1624.46861320194,30129753,15958,1677
0.81,29298234.5662087,16581.717445424,1215.96043377562,29613926.3091447,16120.7576493443,1313.90005341167
0.82,28376653.7676189,15879.434729727,1204.22734566899,29115464.4178907,16286.8694798822,1080.05021678283
0.83,28575104.3084743,15932.428242703,1228.11573954438,28633504.9877088,16456.4402578086,916.865216175923
0.84,28861458.8609596,16205.4068369229,1266.17701535783,28167241.8487672,16629.5791583166,796.519002711782
0.85,29785526.2851663,17252.0384761867,1479.51440915229,33259104.6,16806.4,704.1
0.86,28550069.2818557,15892.6020381597,1207.91022917015,27636267.9552564,16025.9930914591,699.944145611025
0.87,28359220.7963268,15633.2998207929,1186.2351043243,27557071.9240643,15314.8466172957,1391.67412417621
0.88,28801755.0365474,16051.8463272601,1215.4667264651,32973994.1916075,18330.1651637693,1383.5557918331
0.89,29481645.5054858,16675.3300647746,1267.78012791968,32880040.5519204,17583.0756045241,687.765813382092
0.9,30606671.1473121,17324.8382280928,1555.64738184166,32786620.8,16894.5,1367.6
0.91,27064831.378583,15986.791103043,1341.38665595198,30003843.3950196,17221.8902648779,781.97225750218
0.92,24680136.5295602,14601.608053948,1237.07312452288,23047073.3640674,14049.77595884,913.058912474557
0.93,23755697.7916837,13928.4985599688,1173.56677688857,29924736.3069072,17916.271621138,1096.94658515284
0.94,23574133.4561424,14555.4665914444,1110.14596026736,27900329.4718098,14627.9138056976,1373.58250218723
0.95,22534671.156953,15776.4619891407,1449.50795980954,29865679.2,14935.2,1836.8
0.96,22772891.8328172,13910.6028910916,979.291624987784,27309030.0212356,14634.3694391387,1172.58689397975
0.97,22135508.6456279,12741.2175791852,1013.35526687868,24511311.4386289,14345.4184851064,861.174058495549
0.98,22473402.4053418,13119.036003401,1085.60211849552,25724088.4431729,14067.6570856284,680.459298191374
0.99,24395739.1701109,14535.2399916236,1176.77223597448,27063124.7252618,13800.4476174881,1124.86838305756
1,26737209.8196604,15909.9984519646,1342.99531642431,28549219.8,16929,958.6
1.01,23141571.9649004,13687.6434246312,1172.88320256127,26440975.1042434,13035.7876462038,1115.79537134079
1.02,19977650.0875759,11812.1225013084,1041.3205002593,16415125.9167101,9423.76788309699,667.329214679466
1.03,18689672.8382135,11294.8379433488,960.160354066087,11519195.3509264,6063.53824767152,830.166153944754
1.04,19594523.5569878,12701.2820384092,866.406079789199,25253251.977691,14648.2872128665,1098.12212111792
1.05,18990530.3434382,13366.0130220969,1211.14437617331,0,0,0
1.06,19291669.8761919,12091.3881142146,751.5211047015,25113354.2129944,14021.8765534687,1023.98286594855
1.07,17770224.7323511,10280.4741757444,754.157064394675,15178932.7721616,8325.51535108465,748.253896581711
1.08,17542953.7266356,10188.853017755,821.966775055582,12081666.5900082,8239.71064041254,589.51465137115
1.09,20250715.0947732,11836.0588619873,956.155008132318,21450289.386219,13592.7608907962,972.679096798508
1.1,23507657.9809015,13133.3381480708,1096.02805809662,0,0,0
1.11,20803143.9140345,11585.0497096033,851.973753604357,22762890.7628147,13437.099900615,815.46628436844
1.12,17578255.9495222,9665.80803439194,740.246644036695,13548455.6852423,8051.25003358059,401.747351427707
1.13,17580730.8165981,9558.02353736229,740.048863188534,13440911.7626005,8040.27015627212,395.934768557649
1.14,20724479.1317148,11258.3626504964,868.08362916301,22225102.8380365,13382.2003095883,780.575965496961
1.15,22852405.1196581,12691.7857324924,1097.00948401901,0,0,0
1.16,18647025.2996006,11197.4678499427,974.844050047124,20031354.1280901,13678.7614206317,913.076126030873
1.17,14533964.5920508,8945.90922206702,864.79453029952,14680254.3724724,8405.22455835907,561.153643718119
1.18,13144449.0202803,7844.51723684668,805.702047883196,10157749.909952,5741.98580268867,727.967124673354
1.19,13708998.8999171,8329.98318862987,789.690992425763,0,0,0
1.2,13375366.7881323,9408.12808615248,1434.9233022836,0,0,0
1.21,12628338.6954747,7614.44483393326,793.187695833058,0,0,0
1.22,10890225.4748243,6310.0438803398,588.117697151762,0,0,0
1.23,10752663.7790566,6376.11100639399,517.997352425708,0,0,0
1.24,12201072.7622031,7587.90871055246,556.908000819266,0,0,0
1.25,12059500.3976875,7504.83691718554,601.671593531006,0,0,0
1.26,11945474.5124443,6926.86013762058,456.011305786303,0,0,0
1.27,10585816.022714,5914.93760223022,489.53229989461,0,0,0
1.28,11105481.2751772,6264.62360893892,537.977798214993,0,0,0
1.29,13200171.9321436,7692.96130755032,671.337686465859,0,0,0
1.3,12428890.255318,7176.30376533939,667.84564560053,0,0,0
1.31,12998867.6573899,7474.61319735565,595.723831777906,0,0,0
1.32,11485318.9843154,6285.80361155045,509.566391455583,0,0,0
1.33,11356975.8490772,6080.17830337477,515.899012901095,0,0,0
1.34,13062794.733749,7251.31315890831,610.787702911594,0,0,0
1.35,12803833.0298559,7516.58966339429,744.220881427476,0,0,0
1.36,13197926.1861183,8053.03696307872,762.688425660705,0,0,0
1.37,11146877.1830123,6900.35900842546,764.295758547836,0,0,0
1.38,6650946.04599738,4444.40238465068,683.751151304092,0,0,0
1.39,2477530.54503715,1952.60607845823,430.223321322901,0,0,0
1.4,1401666.77135227,1218.66710429058,581.420291819813,0,0,0
1.41,0.0132900675633224,0.015228625634486,0.00767704090677102,0,0,0
1.42,0.00327001909199225,0.00358622984432136,0.00123867794295773,0,0,0
1.43,0.000792352695937853,0.000752083435339736,0.000613308780078558,0,0,0
1.44,1.63753849905282e-08,1.67033833717534e-08,1.57245222546571e-08,0,0,0
1.45,0.00520084786591132,0.00520084786591132,0.00520084786591132,0,0,0
1.46,0.00520084786591133,0.00520084786591133,0.00520084786591133,0,0,0
1.47,0.00520084786591132,0.00520084786591132,0.00520084786591132,0,0,0
1.48,0.00520084786591132,0.00520084786591132,0.00520084786591132,0,0,0
1.49,0.00520084786591132,0.00520084786591133,0.00520084786591132,0,0,0
