0,8314309.27600599,6765.53584873485,847.957089425445,6071784.9,6140.5,846
0.01,9730360.71728062,7428.11872728973,944.895288111086,9311999.4386745,7040.98925827931,944.744782214156
0.02,12523391.2929612,8463.32846761878,1118.40633426882,10958365.7473041,8250.9744104583,1069.58649030435
0.03,16590894.7415697,9772.21185267188,1353.01894059987,16639900.1159687,9963.12489877964,1232.44598993785
0.04,22578750.9581493,11613.3892264321,1675.69343733457,21191180.4865988,10057.5258874584,1453.80869261651
0.05,32867509.3819422,15049.8343814801,2176.79710998768,35003413.2,13625.2,2362.8
0.06,32517600.409663,14180.6415898989,2085.25769742191,29473571.9400177,12737.9218614703,1760.2724475962
0.07,32344858.1768496,13713.4571929227,2019.00865707557,29784038.6734703,11959.1382870801,1748.60173003211
0.08,31890417.8177801,13223.9856715613,1965.03770667151,30101115.7861605,11270.0960862248,1737.08474837913
0.09,31024295.4398295,12445.6495475195,1901.23025549838,30425016.6696141,13320.1607271106,1725.7184848175
0.1,30161451.0695329,11666.285616525,1893.74450765514,30755964,10105.6,1714.5
0.11,30425768.8055996,11753.4009774356,1864.51049820366,31098386.1682268,12627.3932897825,1742.85180888264
0.12,30810680.6342274,11821.4381019993,1855.16885808013,31448518.9110352,12622.789938343,1772.15706310438
0.13,30809926.377888,11737.5171316434,1845.62046202932,31806625.6311548,12618.1899420097,1802.46468043397
0.14,30445813.5927856,11543.4445744118,1836.85231757187,25738385.4936439,10090.8746376926,1833.82698325367
0.15,30247183.9116975,11423.4953105579,1897.23584409284,26038300.8,10087.2,1866.3
0.16,30955755.8065992,11985.6519706339,1891.74639511387,26380137.6854474,10804.1972278666,1845.94947156517
0.17,31710313.5814897,12543.9194195302,1910.99894209352,33413836.7482776,11630.9220757795,1826.03796880186
0.18,31968269.4784614,12841.8081900406,1922.50051108728,33864329.743965,12594.6503546475,1806.55143654572
0.19,31833503.4259567,13055.6089640052,1942.79278985181,27461708.8399176,10299.3861109708,1787.47641325536
0.2,32054972.7883321,13904.4188324026,2076.28583984627,27842214,11322.3,1768.8
0.21,32706953.4776427,14445.1700645998,2017.91171381828,28299024.1525406,11548.1220905567,1777.85087719298
0.22,33677160.3485354,15514.254713822,2036.44142782551,35963842.7661576,15710.8473292698,1786.994856723
0.23,34275521.5459565,16455.8317226209,2073.50576994095,36573924.6993651,16037.2173705463,1796.23338257016
0.24,34459310.9622784,17120.3806151525,2123.73061937329,37205062.3820293,20471.7934982754,2407.42390497402
0.25,34877012.3583395,18027.2687205471,2284.49403438038,37858365,20915.5,2420
0.26,34953392.3901657,17983.4287752076,2169.57045584867,37447600.3791458,20471.4404019027,2549.42050828959
0.27,35295308.2416336,18303.7775856931,2120.42218980513,37045653.7050501,20045.8445671387,2020.09938502087
0.28,35461838.7433307,18690.1354938166,2117.29043440199,36652244.0487733,19637.5843786853,2141.07257172787
0.29,35253093.7931781,18893.0905309599,2117.14110076518,36267102.2893805,19245.6217875569,2277.45759564195
0.3,35235541.6697286,19138.0429216807,2245.49178527547,35889970.5,18869,2432.4
0.31,35519150.2145151,19307.0802480594,2130.7343635866,36309552.2950147,19467.3714033188,2547.84664268585
0.32,36010723.8618022,19608.8251684877,2096.21411440389,36739060.6168669,20104.9366783115,1783.19865729571
0.33,36303844.5573628,19916.5950331281,2095.10963598956,37178851.947217,20785.677063776,1876.70929565025
0.34,36255262.8280071,20110.162791655,2088.20154950749,37629300.0438355,21514.1319044916,1980.5700570896
0.35,36260004.4017418,20321.5220770112,2233.91700855557,30472637.6,17836.4,2096.6
0.36,36454057.7696086,20316.2284485871,2098.33977365478,36823936.4545292,21401.1362796484,2050.98865592401
0.37,36673527.2568441,20338.0703183552,2059.63339931355,35638632.3705839,20575.7584294965,2007.31959892831
0.38,36500352.5071154,20228.2890746054,2043.5702244932,34527254.8240549,19811.6811136113,1965.47135163066
0.39,36049523.9504895,20023.4490105214,2043.80958200103,33483096.8539949,19102.3196963503,1925.3323599268
0.4,35759128.4791036,19842.3716499597,2197.40882933879,32500239,18442,1886.8
0.41,35912780.7047502,19937.2095014075,2045.76732791098,33227575.1911677,18545.522167331,1893.27002049095
0.42,36170814.9731291,20005.4649693666,1987.83844418159,33988211.3258857,18650.2131164144,1899.78456632118
0.43,36098655.5242768,19907.3978546156,1970.42866734581,34784487.8594989,18756.0927532192,1906.34409869889
0.44,35525723.3939864,19604.3033440497,1960.12098696295,35618969.8380162,18863.1814383299,1912.94908522415
0.45,35115858.9009731,19393.1993795363,2105.86758131118,36494474.5,18971.5,1919.6
0.46,35321402.2414342,19483.0053674272,1951.23233469316,36545152.8282645,19634.3218083297,1691.1774005044
0.47,35707426.5859734,19636.3941175542,1914.76934392913,36595972.1019423,20345.1353662548,2267.00417777533
0.48,35770902.3794956,19650.3060257085,1894.93301864053,36646932.9098433,21109.348738574,2049.10098877074
0.49,35359352.3017997,19388.0208447614,1921.15530685541,29358428.6752496,17546.5714112045,1869.41395253961
0.5,35107908.4194861,19166.6606041912,2072.77655560883,29399425.2,18259.2,1718.7
0.51,35383083.8861009,19210.4071651486,1936.10140501709,34766626.3693834,17338.9727714954,1875.76563157545
0.52,35695175.1055879,19289.8097496379,1866.07437948065,39584342.5472459,20633.8129820921,2064.42587085294
0.53,35532422.5353796,19159.3265610958,1862.87069312035,37656726.5145558,19689.1302476398,1530.18660053663
0.54,35054586.7987722,18889.662192157,1845.67592421763,35908128.9477052,18827.1618488386,1722.84321503769
0.55,34648350.0222292,18660.802984545,2032.41817523956,34314718.2,18037.5,1971
0.56,35074052.3744663,18884.6707400957,1855.47039123388,35677404.5244182,18725.0924459773,1872.57237466826
0.57,35582707.8178307,19151.9369778585,1810.97764638316,37152794.9167231,19467.1847064685,1783.50772227633
0.58,35789425.5573471,19302.7645514899,1791.54952067246,38755474.7020619,20270.5238020152,1702.53071525026
0.59,35582973.8807242,19253.6171087793,1822.9729294989,33752216.1363974,16914.4147107508,1628.58758258513
0.6,35400699.3661139,19241.4804594166,2033.48787282735,35345679.5,17675.2,1560.8
0.61,35510712.3621546,19296.5889429285,1838.32541484358,33476843.6445538,16932.706295333,1596.45445230998
0.62,35625569.9513445,19353.8043740775,1765.94687997653,38154847.1019013,20312.5982486225,1633.77594547578
0.63,35312347.5977126,19156.4423709014,1744.74604012362,36330409.2245468,19525.4464320549,1672.88419306037
0.64,34734144.4609901,18859.4207059821,1730.69419805007,34672486.2596051,18797.0259256129,1713.91065223369
0.65,34178659.1978524,18586.242612106,1936.86911195855,33159276.6,18121,1757
0.66,34828347.1641361,18870.0932834655,1777.67716861363,35042323.5972311,18808.3564660943,1850.58369314008
0.67,35513934.304297,19150.4003074008,1733.46289178904,37152115.7001745,19549.9137549326,1954.6974112482
0.68,35804012.926573,19248.2967926176,1741.92364689095,39532231.5538695,20352.3459344734,2071.22435884582
0.69,35586757.2903405,19084.9312114368,1744.08330339133,35198484.5819404,16978.7757840191,1101.26263380101
0.7,35499014.9975931,18979.2245385275,1985.13928655254,30227860.8,17738,1175.8
0.71,33839116.1644982,18240.1068150482,1779.5815219651,35362824.2882006,16850.2406612501,1259.68362385433
0.72,33127420.8393163,17952.9358331488,1694.94904130005,33232618.4044136,20058.8848092914,1356.45552835844
0.73,33642318.6454614,18282.0655537501,1681.8146400809,37613366.7472991,19146.314267368,1469.33321517695
0.74,33674663.1907076,18534.9943770514,1677.89038548399,35591214.5171948,18313.1645362601,1602.70237708594
0.75,32569160.2893963,18285.7125806623,1970.1489143913,33775397.4,17549.5,1762.7
0.76,31272196.4385411,17399.7320639992,1614.9083917488,34226050.9521153,17981.8393997298,1744.86636287438
0.77,29481705.7104074,16364.6745964813,1479.72844182625,28907410.8020418,18436.0185614299,1727.38996540601
0.78,29271600.1717575,16261.5439598383,1491.25648153123,35164424.6864257,18913.7352299189,1710.26017981741
0.79,30599227.2832404,17108.3978137403,1568.81013331793,35653175.2472721,19416.8677998347,1693.46679575609
0.8,31984121.4156312,18294.6162202651,1909.31967337378,36155703.6,19947.5,1677
0.81,29277328.1286304,16555.0227410495,1427.12943865546,29613926.3091447,16120.7576493443,1313.90005341167
0.82,26980816.9033276,15097.5255485416,1336.54107906165,29115464.4178907,16286.8694798822,1080.05021678283
0.83,27279710.1969062,15097.8520533574,1403.69312619801,28633504.9877088,16456.4402578086,1833.73043235185
0.84,28778402.6721109,15955.1210103925,1506.60461458712,28167241.8487672,16629.5791583166,1593.03800542356
0.85,30120084.9593975,17300.0085193987,1710.50970888684,33259104.6,16806.4,1408.2
0.86,28275327.9954994,15526.47618075,1420.05984859377,27636267.9552564,16025.9930914591,1399.88829122205
0.87,26782175.6630439,14601.0622625714,1314.10794502985,27557071.9240643,15314.8466172957,1391.67412417621
0.88,27407529.1994089,15179.2368371629,1359.84542655444,32973994.1916075,18330.1651637693,1383.5557918331
0.89,29497432.6415962,16538.0588013618,1511.77391363686,32880040.5519204,17583.0756045241,1375.53162676418
0.9,31023536.0640515,17417.9187171429,1827.56532298771,32786620.8,16894.5,1367.6
0.91,26981212.0520356,15860.2021165183,1622.97092757803,30003843.3950196,17221.8902648779,1563.94451500436
0.92,23015423.5078936,13679.5464242234,1427.63328603711,18437658.6912539,10537.33196913,913.058912474557
0.93,21508575.6569625,12551.5363678474,1249.38315518266,17099849.3182327,10749.7629726828,1096.94658515284
0.94,22007273.9064275,13472.5906866437,1198.80865976971,27900329.4718098,14627.9138056976,1373.58250218723
0.95,21653898.7969653,15081.8693122491,1587.99006051186,29865679.2,18669,1836.8
0.96,21330703.3974807,12901.6937325787,1054.93070135627,27309030.0212356,14634.3694391387,1172.58689397975
0.97,19826173.0358624,11259.3974304809,1035.26976114997,16340874.2924192,7172.70924255319,861.174058495549
0.98,20194613.9555307,11682.7005090367,1167.69881755545,12862044.2215864,7033.82854281422,680.459298191374
0.99,23272791.7125368,13750.8767979737,1358.35119195533,27063124.7252618,13800.4476174881,1124.86838305756
1,26074731.2915482,15409.8294606716,1517.49444785625,28549219.8,16929,1437.9
1.01,22148320.2391186,12976.2212235634,1357.77773568739,22034145.9202028,13035.7876462038,1115.79537134079
1.02,18076992.678292,10562.6852686478,1141.5730529995,16415125.9167101,9423.76788309699,667.329214679466
1.03,16627709.1489186,9906.29126349884,984.526414405772,11519195.3509264,6063.53824767152,830.166153944754
1.04,17397342.8368519,11086.0585768949,907.711495965892,3607607.42538443,2929.6574425733,0
1.05,17313358.1670793,11991.1156542661,1275.95746465627,0,0,0
1.06,17206196.697598,10637.6788862314,799.825124952124,0,0,0
1.07,15693782.4464099,8998.71741737894,769.309133593664,15178932.7721616,8325.51535108465,748.253896581711
1.08,15507043.3742098,8899.38105836182,848.42946026621,12081666.5900082,5493.14042694169,589.51465137115
1.09,18273859.4210245,10600.2648368662,1035.36445615429,4290057.8772438,2718.55217815924,0
1.1,21694763.4814804,12068.9904530252,1171.44537315066,0,0,0
1.11,18735789.8111445,10361.4489842481,920.349522208492,0,0,0
1.12,15359242.3270637,8388.7667677479,751.782813371938,9032303.79016152,5367.50002238706,401.747351427707
1.13,15408794.9652094,8328.19225437001,749.009104694778,8960607.84173368,5360.18010418142,395.934768557649
1.14,18691023.42359,10048.6008841847,942.982462144101,0,0,0
1.15,21128587.4648819,11631.8550279288,1177.81266453846,0,0,0
1.16,16994220.8988924,10081.8557848118,1079.20969353468,0,0,0
1.17,12997810.527019,7937.92052701632,924.934464267406,11010190.7793543,5603.48303890605,561.153643718119
1.18,11477800.0177832,6945.82101127526,827.472489851744,0,0,0
1.19,11448025.885917,6951.71995932831,815.45163711781,0,0,0
1.2,11582150.2965933,8009.06100290411,1466.64533479904,0,0,0
1.21,10635706.6061557,6453.55445072217,843.324255469454,0,0,0
1.22,9387335.256752,5588.26594712412,637.85599466624,0,0,0
1.23,9293494.28237669,5479.33626624734,525.270112436301,0,0,0
1.24,10084847.0994758,6188.73287118727,535.598330934697,0,0,0
1.25,10190863.7066621,6234.84697272024,558.445273053917,0,0,0
1.26,9964036.49299175,5739.10170102791,452.317648949532,0,0,0
1.27,9202599.5914019,5152.62563096139,489.27022627309,0,0,0
1.28,9695540.83158574,5414.19637398908,528.288192165426,0,0,0
1.29,11055540.8863185,6351.90687915111,649.395040556961,0,0,0
1.3,10540188.5017555,5988.79472337645,622.158920671478,0,0,0
1.31,10950216.4685934,6198.17129570724,589.35435396814,0,0,0
1.32,10097301.3368369,5433.13492080144,508.900261282824,0,0,0
1.33,10005219.8884519,5319.18327619127,516.432726307234,0,0,0
1.34,10987331.4613781,5967.0967176382,602.565785115678,0,0,0
1.35,10896007.9511203,6197.13413274181,698.299559442327,0,0,0
1.36,10947365.2420645,6534.37909659642,756.378815811338,0,0,0
1.37,9741598.43563939,5977.4836755595,787.499515272062,0,0,0
1.38,5950000.57469641,3968.74052462852,653.603439708308,0,0,0
1.39,2403827.79261176,1910.89660825891,422.66035882519,0,0,0
1.4,1440354.95526402,1252.57796860192,593.733451517863,0,0,0
1.41,0.0143638057706271,0.0161631077179762,0.00831040452972302,0,0,0
1.42,0.00395390156297023,0.00432850671528237,0.00177268543000644,0,0,0
1.43,0.000875806562372819,0.000852062871287812,0.000714014978623032,0,0,0
1.44,4.46062133469899e-08,4.49115715184259e-08,4.39807577764796e-08,0,0,0
1.45,0.00520084786591133,0.00520084786591133,0.00520084786591133,0,0,0
1.46,0.00520084786591132,0.00520084786591132,0.00520084786591132,0,0,0
1.47,0.00520084786591132,0.00520084786591133,0.00520084786591132,0,0,0
1.48,0.00520084786591132,0.00520084786591132,0.00520084786591132,0,0,0
1.49,0.00520084786591132,0.00520084786591132,0.00520084786591132,0,0,0
